       0.1000000000000000   1.0000000000000000E+30
       0.2000000000000000   1.0000000000000000E+30
       0.3000000000000000   1.0000000000000000E+30
       0.4000000000000000   1.0000000000000000E+30
       0.5000000000000000   1.0000000000000000E+30
       0.6000000000000000   1.0000000000000000E+30
       0.7000000000000000   1.0000000000000000E+30
       0.7999999999999999   1.0000000000000000E+30
       0.8999999999999999   1.0000000000000000E+30
       0.9999999999999999   1.0000000000000000E+30
       2.0000000000000000   1.0000000000000000E+30
       3.0000000000000000   1.0000000000000000E+30
       4.0000000000000000   1.0000000000000000E+30
       5.0000000000000000   1.0000000000000000E+30
       6.0000000000000000   1.0000000000000000E+30
       7.0000000000000000   1.0000000000000000E+30
       8.0000000000000000   1.0000000000000000E+30
       9.0000000000000000   1.0000000000000000E+30
      10.0000000000000000   1.0000000000000000E+30
      11.0000000000000000   1.0000000000000000E+30
      12.0000000000000000   1.0000000000000000E+30
      13.0000000000000000   1.0000000000000000E+30
      14.0000000000000000   1.0000000000000000E+30
      15.0000000000000000   1.0000000000000000E+30
      16.0000000000000000   1.0000000000000000E+30
      17.0000000000000000   1.0000000000000000E+30
      18.0000000000000000   1.0000000000000000E+30
      19.0000000000000000   1.0000000000000000E+30
      20.0000000000000000   1.0000000000000000E+30
      21.0000000000000000   1.0000000000000000E+30
      22.0000000000000000   1.0000000000000000E+30
      23.0000000000000000   1.0000000000000000E+30
      24.0000000000000000   1.0000000000000000E+30
      25.0000000000000000   1.0000000000000000E+30
      26.0000000000000000   1.0000000000000000E+30
      27.0000000000000000   1.0000000000000000E+30
      28.0000000000000000   1.0000000000000000E+30
      29.0000000000000000   1.0000000000000000E+30
      30.0000000000000000   1.0000000000000000E+30
      31.0000000000000000   1.0000000000000000E+30
      32.0000000000000000   1.0000000000000000E+30
      33.0000000000000000   1.0000000000000000E+30
      34.0000000000000000   1.0000000000000000E+30
      35.0000000000000000   1.0000000000000000E+30
      36.0000000000000000   1.0000000000000000E+30
      37.0000000000000000   1.0000000000000000E+30
      38.0000000000000000   1.0000000000000000E+30
      39.0000000000000000   1.0000000000000000E+30
      40.0000000000000000   1.0000000000000000E+30
      41.0000000000000000   1.0000000000000000E+30
      42.0000000000000000   1.0000000000000000E+30
      43.0000000000000000   1.0000000000000000E+30
      44.0000000000000000   1.0000000000000000E+30
      44.9990000000000023   1.0000000000000000E+30
      45.0000000000000000   1.0000000000000000E+30
      45.0009999999999977   3.8142789793165667E+02
      46.0000000000000000   3.7941388556289593E+02
      46.9990000000000023   3.7742103022320561E+02
      47.0000000000000000   3.7741904586131494E+02
      47.0009999999999977   3.7741706152029053E+02
      48.0000000000000000   3.7544507293687582E+02
      49.0000000000000000   3.7349164108153099E+02
      50.0000000000000000   3.7160164313393813E+02
      51.0000000000000000   3.7513222263692398E+02
      52.0000000000000000   3.8809302468588146E+02
      53.0000000000000000   4.0252893583427459E+02
      54.0000000000000000   4.2000777971022831E+02
      55.0000000000000000   4.3979911937171516E+02
      55.9990000000000023   4.6152506234891570E+02
      56.0000000000000000   4.6154788549748525E+02
      56.0009999999999977   4.6157071090344846E+02
      57.0000000000000000   4.8603986102270790E+02
      58.0000000000000000   5.1313865599765199E+02
      59.0000000000000000   5.4035071876420454E+02
      60.0000000000000000   5.7203344396926127E+02
      61.0000000000000000   6.0295875911572489E+02
      62.0000000000000000   6.3824124310066327E+02
      63.0000000000000000   6.7335649817629769E+02
      64.0000000000000000   7.1342914594389913E+02
      65.0000000000000000   7.5344668826211159E+02
      66.0000000000000000   7.9446065561047590E+02
      67.0000000000000000   8.3877150371377297E+02
      68.0000000000000000   8.9051128409888076E+02
      69.0000000000000000   9.3658504576488417E+02
      70.0000000000000000   9.8568168320562324E+02
      71.0000000000000000   1.0374529387961529E+03
      72.0000000000000000   1.0887215291394070E+03
      73.0000000000000000   1.1488374304321671E+03
      74.0000000000000000   1.2056142199554561E+03
      75.0000000000000000   1.2648402962522266E+03
      76.0000000000000000   1.3247970457555605E+03
      77.0000000000000000   1.3951668871305001E+03
      78.0000000000000000   1.4573427022407614E+03
      79.0000000000000000   1.5220348945486264E+03
      80.0000000000000000   1.5963803045241241E+03
      81.0000000000000000   1.6634075653374291E+03
      82.0000000000000000   1.7453283459153274E+03
      83.0000000000000000   1.8136756835614692E+03
      84.0000000000000000   1.8843044461250890E+03
      85.0000000000000000   1.9588056265907821E+03
      85.9989999999999952   2.0439799163484745E+03
      86.0000000000000000   2.0440688870915133E+03
      86.0010000000000048   2.0441578655803601E+03
      87.0000000000000000   2.1206880757254726E+03
      88.0000000000000000   2.2126318556778392E+03
      89.0000000000000000   2.2825899765999125E+03
      90.0000000000000000   2.3764178558581143E+03
      91.0000000000000000   2.4544582047691551E+03
      92.0000000000000000   2.5537517718365848E+03
      93.0000000000000000   2.6221147721926459E+03
      94.0000000000000000   2.7210034314815994E+03
      95.0000000000000000   2.8004408846303090E+03
      96.0000000000000000   2.9029347564988752E+03
      97.0000000000000000   2.9734530785400493E+03
      98.0000000000000000   3.0730217201117530E+03
      99.0000000000000000   3.1566827899490104E+03
     100.0000000000000000   3.2587173584320640E+03
     110.0000000000000000   4.2087357185318824E+03
     120.0000000000000000   5.1025899349520050E+03
     130.0000000000000000   5.9960080286224620E+03
     140.0000000000000000   6.7451583084647864E+03
     150.0000000000000000   7.4690014205186671E+03
     160.0000000000000000   8.1290968362454560E+03
     170.0000000000000000   8.7223220061547308E+03
     180.0000000000000000   9.3009432484325953E+03
     190.0000000000000000   9.8989945759229577E+03
     200.0000000000000000   1.0351260839839599E+04
     210.0000000000000000   1.0850298629925308E+04
     220.0000000000000000   1.1350697685006517E+04
     230.0000000000000000   1.1853718801642512E+04
     240.0000000000000000   1.2337505356192403E+04
     250.0000000000000000   1.2827412459829337E+04
     260.0000000000000000   1.3322917724519875E+04
     263.9990000000000236   1.3532889074616989E+04
     264.0009999999999764   1.3532995742390845E+04
     270.0000000000000000   1.3860695869710495E+04
     277.9990000000000236   1.4229484724249569E+04
     278.0009999999999764   1.4229593386316190E+04
     280.0000000000000000   1.4339037291058876E+04
     290.0000000000000000   1.4808426665732735E+04
     300.0000000000000000   1.5326992029907626E+04
     310.0000000000000000   1.5895436598342170E+04
     320.0000000000000000   1.6372039393230565E+04
     330.0000000000000000   1.6961985185902282E+04
     340.0000000000000000   1.7409429796864508E+04
     350.0000000000000000   1.7960310432091348E+04
     360.0000000000000000   1.8569285292621251E+04
     370.0000000000000000   1.9065973454312261E+04
     380.0000000000000000   1.9693238019435488E+04
     390.0000000000000000   2.0161821880112173E+04
     400.0000000000000000   2.0739530165420671E+04
     410.0000000000000000   2.1378431772258318E+04
     420.0000000000000000   2.1897497015793364E+04
     430.0000000000000000   2.2546934657392580E+04
     440.0000000000000000   2.3049658827754844E+04
     449.9990000000000236   2.3693492062203932E+04
     450.0000000000000000   2.3693558250714486E+04
     450.0009999999999764   2.3693624439594845E+04
     460.0000000000000000   2.4309075946101129E+04
     470.0000000000000000   2.4996958730848539E+04
     480.0000000000000000   2.5544880700732123E+04
     490.0000000000000000   2.6241346653656517E+04
     500.0000000000000000   2.6774755617450457E+04
     510.0000000000000000   2.7464028304313073E+04
     520.0000000000000000   2.8109870884559081E+04
     521.9990000000000236   2.8252161520293204E+04
     522.0009999999999764   2.8252304603462249E+04
     530.0000000000000000   2.8836399765017810E+04
     540.0000000000000000   2.9601480858282524E+04
     550.0000000000000000   3.0129439297563222E+04
     560.0000000000000000   3.0887290201576143E+04
     570.0000000000000000   3.1420995192707989E+04
     580.0000000000000000   3.2154305798737783E+04
     590.0000000000000000   3.2834169746187174E+04
     600.0000000000000000   3.3592027536924208E+04
     610.0000000000000000   3.4385696703468944E+04
     620.0000000000000000   3.4974244243226261E+04
     628.9990000000000236   3.5676085820347645E+04
     629.0009999999999764   3.5676244933336704E+04
     630.0000000000000000   3.5755899675656365E+04
     640.0000000000000000   3.6573292982070117E+04
     650.0000000000000000   3.7133102793168298E+04
     660.0000000000000000   3.7918677976072417E+04
     670.0000000000000000   3.8738210261897635E+04
     680.0000000000000000   3.9448848054536851E+04
     690.0000000000000000   4.0286311374742181E+04
     700.0000000000000000   4.0995695291291508E+04
     710.0000000000000000   4.1835996188569829E+04
     720.0000000000000000   4.2711465740452208E+04
     730.0000000000000000   4.3360141741125313E+04
     740.0000000000000000   4.4229264045516516E+04
     750.0000000000000000   4.4891178289719486E+04
     760.0000000000000000   4.5738541763240544E+04
     770.0000000000000000   4.6618510262427691E+04
     780.0000000000000000   4.7398395775835939E+04
     790.0000000000000000   4.8297551393213325E+04
     800.0000000000000000   4.9231480947605851E+04
     810.0000000000000000   5.0202241486568615E+04
     820.0000000000000000   5.0792332167604472E+04
     830.0000000000000000   5.1732021821491435E+04
     840.0000000000000000   5.2707136544185101E+04
     850.0000000000000000   5.3719718038467625E+04
     860.0000000000000000   5.4225840682504560E+04
     870.0000000000000000   5.5182029540011958E+04
     880.0000000000000000   5.6172545527504168E+04
     890.0000000000000000   5.6952908261821787E+04
     900.0000000000000000   5.7943217784279608E+04
     910.0000000000000000   5.8756027307974640E+04
     920.0000000000000000   5.9734910778258592E+04
     930.0000000000000000   6.0746963518767669E+04
     940.0000000000000000   6.1507505128605400E+04
     950.0000000000000000   6.2498798739418693E+04
     960.0000000000000000   6.3522568376017254E+04
     970.0000000000000000   6.4580436549342594E+04
     980.0000000000000000   6.5276861886383718E+04
     990.0000000000000000   6.6292526585887783E+04
    1000.0000000000000000   6.7340296967420116E+04
    1100.0000000000000000   7.7531094483497407E+04
    1200.0000000000000000   8.8260358765235884E+04
    1300.0000000000000000   1.0038797510890116E+05
    1400.0000000000000000   1.1217059485556667E+05
    1500.0000000000000000   1.2499735318123021E+05
    1600.0000000000000000   1.3896896879190864E+05
    1700.0000000000000000   1.5329956278292002E+05
    1800.0000000000000000   1.6881567440144296E+05
    1886.9990000000000236   1.8306440677693137E+05
    1887.0009999999999764   1.8306476368853878E+05
    1900.0000000000000000   1.8541428779347960E+05
    1952.9990000000000236   1.9394043733028389E+05
    1953.0009999999999764   1.9394080138593673E+05
    2000.0000000000000000   2.0201120631054387E+05
    2100.0000000000000000   2.2057025732263553E+05
    2200.0000000000000000   2.3983585242260378E+05
    2300.0000000000000000   2.5825966916783288E+05
    2370.9989999999997963   2.7291057670701819E+05
    2371.0010000000002037   2.7291102074320131E+05
    2400.0000000000000000   2.7950489153340558E+05
    2500.0000000000000000   3.0140508048543747E+05
    2600.0000000000000000   3.2227110676804866E+05
    2685.9989999999997963   3.4254387983480212E+05
    2686.0010000000002037   3.4254438448473322E+05
    2700.0000000000000000   3.4611349135130720E+05
    2800.0000000000000000   3.7044692283500673E+05
    2900.0000000000000000   3.9522927899949905E+05
    2936.9989999999997963   4.0582569751373783E+05
    2937.0010000000002037   4.0582628566654667E+05
    3000.0000000000000000   4.2212679319801828E+05
    3100.0000000000000000   4.4997710353731329E+05
    3200.0000000000000000   4.7800567925578897E+05
    3300.0000000000000000   5.0624444099844340E+05
    3400.0000000000000000   5.3704340667677356E+05
    3500.0000000000000000   5.6876173830261210E+05
    3600.0000000000000000   6.0050157392689015E+05
    3700.0000000000000000   6.3266027904366632E+05
    3800.0000000000000000   6.6735889396583405E+05
    3900.0000000000000000   7.0329789804239583E+05
    4000.0000000000000000   7.4366379192539048E+05
    4100.0000000000000000   7.8009683297610597E+05
    4200.0000000000000000   8.1696875871602574E+05
    4300.0000000000000000   8.6159484528181399E+05
    4400.0000000000000000   9.0262383539283811E+05
    4500.0000000000000000   9.4191273464364698E+05
    4600.0000000000000000   9.8911662610876246E+05
    4700.0000000000000000   1.0335793526486574E+06
    4800.0000000000000000   1.0783026471909033E+06
    4900.0000000000000000   1.1256497917024249E+06
    5000.0000000000000000   1.1799387492796869E+06
    5100.0000000000000000   1.2250560741033934E+06
    5200.0000000000000000   1.2801469477580108E+06
    5300.0000000000000000   1.3316302933941034E+06
    5400.0000000000000000   1.3837414738011262E+06
    5500.0000000000000000   1.4439827148684799E+06
    5600.0000000000000000   1.4996131296746279E+06
    5700.0000000000000000   1.5567520545283458E+06
    5800.0000000000000000   1.6166159281847561E+06
    5900.0000000000000000   1.6823763867703958E+06
    6000.0000000000000000   1.7425358606312012E+06
    6100.0000000000000000   1.8038256708584884E+06
    6200.0000000000000000   1.8737778614540186E+06
    6300.0000000000000000   1.9387857466165796E+06
    6400.0000000000000000   2.0142618813256936E+06
    6500.0000000000000000   2.0807842673163067E+06
    6600.0000000000000000   2.1518095768767274E+06
    6700.0000000000000000   2.2311304652651586E+06
    6800.0000000000000000   2.3017581736208680E+06
    6900.0000000000000000   2.3862093208134980E+06
    7000.0000000000000000   2.4566547969514211E+06
    7100.0000000000000000   2.5448286684031310E+06
    7200.0000000000000000   2.6204666937765931E+06
    7300.0000000000000000   2.7137932652460858E+06
    7400.0000000000000000   2.7907653996417923E+06
    7500.0000000000000000   2.8749951956511862E+06
    7600.0000000000000000   2.9705651541025243E+06
    7700.0000000000000000   3.0537601057083076E+06
    7800.0000000000000000   3.1539470411004769E+06
    7900.0000000000000000   3.2374422641203292E+06
    8000.0000000000000000   3.3404878246587063E+06
    8100.0000000000000000   3.4503087799864747E+06
    8200.0000000000000000   3.5382011499978220E+06
    8300.0000000000000000   3.6324130832118704E+06
    8400.0000000000000000   3.7421788508778671E+06
    8500.0000000000000000   3.8426986068101483E+06
    8600.0000000000000000   3.9572564760671537E+06
    8700.0000000000000000   4.0564469648683867E+06
    8800.0000000000000000   4.1748963753641210E+06
    8900.0000000000000000   4.3004713681656169E+06
    9000.0000000000000000   4.3963194246673509E+06
    9100.0000000000000000   4.5119577412432702E+06
    9200.0000000000000000   4.6395382796743428E+06
    9300.0000000000000000   4.7745437238712423E+06
    9400.0000000000000000   4.8817142505593281E+06
    9500.0000000000000000   5.0204604635866405E+06
    9600.0000000000000000   5.1327975446329517E+06
    9700.0000000000000000   5.2739328334484557E+06
    9800.0000000000000000   5.4230490988317635E+06
    9900.0000000000000000   5.5272388166481284E+06
   10000.0000000000000000   5.6770493375012819E+06
   10539.9989999999997963   6.4554978644306241E+06
   10540.0010000000002037   6.4555012439089641E+06
   11000.0000000000000000   7.1362675320821190E+06
   11962.9989999999997963   8.8244012845795825E+06
   11963.0010000000002037   8.8244054542096443E+06
   12000.0000000000000000   8.8503658279342391E+06
   12531.9989999999997963   9.8729446675093342E+06
   12532.0010000000002037   9.8729488356782924E+06
   13000.0000000000000000   1.0860727582738683E+07
   14000.0000000000000000   1.3082139248678735E+07
   15000.0000000000000000   1.5631809017617740E+07
   16000.0000000000000000   1.8517526552622993E+07
   17000.0000000000000000   2.1691434969415352E+07
   18000.0000000000000000   2.5280473721549530E+07
   19000.0000000000000000   2.9179674587674793E+07
   20000.0000000000000000   3.3505567297216117E+07
   21000.0000000000000000   3.8291806438333921E+07
   22000.0000000000000000   4.3574039147108555E+07
   23000.0000000000000000   4.9174298321849898E+07
   24000.0000000000000000   5.5363092676001266E+07
   25000.0000000000000000   6.2330544398706034E+07
   26000.0000000000000000   6.9207085580956116E+07
   27000.0000000000000000   7.7238166757006630E+07
   28000.0000000000000000   8.5576679516180888E+07
   29000.0000000000000000   9.4359449866469383E+07
   30000.0000000000000000   1.0404727771165287E+08
   31000.0000000000000000   1.1489371503828162E+08
   32000.0000000000000000   1.2550561291403647E+08
   33000.0000000000000000   1.3703770911095756E+08
   34000.0000000000000000   1.4969223321058637E+08
   35000.0000000000000000   1.6281300758878937E+08
   36000.0000000000000000   1.7753842831436452E+08
   37000.0000000000000000   1.9159055447639495E+08
   38000.0000000000000000   2.0778978108423755E+08
   39000.0000000000000000   2.2348598105783138E+08
   40000.0000000000000000   2.4136451842153883E+08
   41000.0000000000000000   2.5951539823293096E+08
   42000.0000000000000000   2.7888867013028103E+08
   43000.0000000000000000   2.9941231075326455E+08
   44000.0000000000000000   3.2129090929935992E+08
   45000.0000000000000000   3.4400625766016942E+08
   46000.0000000000000000   3.6745773152564293E+08
   47000.0000000000000000   3.9089654809309894E+08
   48000.0000000000000000   4.1703045658068419E+08
   49000.0000000000000000   4.4463243916506159E+08
   50000.0000000000000000   4.7267450862202507E+08
   71680.9989999999961583   1.4365107235191076E+09
   71681.0010000000038417   1.4365108597870612E+09
