       0.1000000000000000   2.5387405462617986E+02   1.1584251188135392E-04
       0.2000000000000000   2.1547197232353352E+02   2.3829349128531776E-04
       0.3000000000000000   1.9837974616373884E+02   3.7261135889500759E-04
       0.4000000000000000   1.8805009183085792E+02   5.1376437903903626E-04
       0.5000000000000000   1.7993253594185327E+02   6.6620367788879109E-04
       0.6000000000000000   1.7300273782927044E+02   8.3038867419849374E-04
       0.7000000000000000   1.6684387917863700E+02   1.0067940854282672E-03
       0.7999999999999999   1.6123141627221065E+02   1.1957919967122400E-03
       0.8999999999999999   1.5606244477400239E+02   1.3972731795778859E-03
       0.9999999999999999   1.5122955469251832E+02   1.6119904775525559E-03
       2.0000000000000000   1.1529195704193413E+02   4.4941326257991587E-03
       3.0000000000000000   9.3076556793280858E+01   8.6844860036110732E-03
       4.0000000000000000   7.8425907183684927E+01   1.4052731794444651E-02
       5.0000000000000000   6.8177675116722796E+01   2.0462111647902907E-02
       6.0000000000000000   6.0626811739518267E+01   2.7810389461331280E-02
       7.0000000000000000   5.4825597996467202E+01   3.6022136926737509E-02
       8.0000000000000000   5.0214824575119295E+01   4.5044348028957272E-02
       9.0000000000000000   4.6448541875405674E+01   5.4839603047451675E-02
      10.0000000000000000   4.3301858479818918E+01   6.5383222506781163E-02
      11.0000000000000000   4.0623504297309502E+01   7.6659550945723548E-02
      12.0000000000000000   3.8307782926182846E+01   8.8659871516565930E-02
      13.0000000000000000   3.6278905958443794E+01   1.0138190183355386E-01
      14.0000000000000000   3.4480513443627785E+01   1.1482993754319631E-01
      15.0000000000000000   3.2870232637710629E+01   1.2901352066915453E-01
      16.0000000000000000   3.1415645721517507E+01   1.4394622914474259E-01
      17.0000000000000000   3.0091228969605190E+01   1.5964720144657257E-01
      18.0000000000000000   2.8876851576592809E+01   1.7613962462701485E-01
      18.9989999999999988   2.7757379935144694E+01   1.9343348225288853E-01
      19.0000000000000000   2.7756301646248563E+01   1.9345121349691180E-01
      19.0010000000000012   2.7755223437777399E+01   1.9346894559234021E-01
      20.0000000000000000   2.6716377774347798E+01   2.1161458293404423E-01
      20.9989999999999988   2.5747159130593712E+01   2.3064763100604724E-01
      21.0000000000000000   2.5746220727806929E+01   2.3066714097491470E-01
      21.0010000000000012   2.5745282385691542E+01   2.3068665187442014E-01
      22.0000000000000000   2.4836865432986492E+01   2.5065075005245768E-01
      23.0000000000000000   2.3980794192345623E+01   2.7161244623603131E-01
      24.0000000000000000   2.3171645786835423E+01   2.9360513309148278E-01
      25.0000000000000000   2.2404031826910671E+01   3.1668728873550761E-01
      26.0000000000000000   2.1673345190480013E+01   3.4092362741057392E-01
      27.0000000000000000   2.0975626025120707E+01   3.6638555715773241E-01
      28.0000000000000000   2.0307457369629876E+01   3.9315164436923561E-01
      29.0000000000000000   1.9665869605826703E+01   4.2130831356611076E-01
      30.0000000000000000   1.9048281732423611E+01   4.5095035998795524E-01
      31.0000000000000000   1.8452436678645768E+01   4.8218173817063281E-01
      32.0000000000000000   1.7876366691247664E+01   5.1511606792508202E-01
      33.0000000000000000   1.7318345398569143E+01   5.4987761055000617E-01
      34.0000000000000000   1.6776866328306117E+01   5.8660181039038928E-01
      35.0000000000000000   1.6250616865698515E+01   6.2543599728909816E-01
      36.0000000000000000   1.5738460474701016E+01   6.6653993680260970E-01
      37.0000000000000000   1.5239422439985482E+01   7.1008619897300440E-01
      38.0000000000000000   1.4752679624980660E+01   7.5626023642735130E-01
      39.0000000000000000   1.4277553099102830E+01   8.0526003611779662E-01
      40.0000000000000000   1.3813504743062536E+01   8.5729513015223813E-01
      41.0000000000000000   1.3360134316457094E+01   9.1258481174348138E-01
      42.0000000000000000   1.2917180240800546E+01   9.7135517403389726E-01
      43.0000000000000000   1.2484520831340282E+01   1.0338347333996127E+00
      44.0000000000000000   1.2062176324574647E+01   1.1002482169557026E+00
      45.0000000000000000   1.1650308884541188E+01   1.1708083503818982E+00
      46.0000000000000000   1.1249221825384067E+01   1.2457052290240467E+00
      47.0000000000000000   1.0859353668825104E+01   1.3250934287517100E+00
      48.0000000000000000   1.0481266221788312E+01   1.4090771251523084E+00
      49.0000000000000000   1.0115624424504633E+01   1.4976940415964559E+00
      50.0000000000000000   9.7631667597291791E+00   1.5908995851759544E+00
      51.0000000000000000   9.4246659443248841E+00   1.6885530573525835E+00
      52.0000000000000000   9.1008817010156413E+00   1.7904081216922183E+00
      53.0000000000000000   8.7925089215952319E+00   1.8961096346658015E+00
      54.0000000000000000   8.5001266018942321E+00   2.0051983171030829E+00
      55.0000000000000000   8.2241534913702417E+00   2.1171236576160286E+00
      56.0000000000000000   7.9648161073512291E+00   2.2312640867093250E+00
      57.0000000000000000   7.7221328384879504E+00   2.3469520644797806E+00
      58.0000000000000000   7.4959140370047876E+00   2.4635017472491887E+00
      59.0000000000000000   7.2857782585870758E+00   2.5802353841952437E+00
      60.0000000000000000   7.0911798042653080E+00   2.6965063300718648E+00
      61.0000000000000000   6.9114419348946532E+00   2.8117175862750012E+00
      62.0000000000000000   6.7457934825078425E+00   2.9253341704568285E+00
      63.0000000000000000   6.5934033757656856E+00   3.0368903229904571E+00
      64.0000000000000000   6.4534113350993314E+00   3.1459919456038912E+00
      65.0000000000000000   6.3249533401525762E+00   3.2523153324241707E+00
      66.0000000000000000   6.2071814938023131E+00   3.3556032484437472E+00
      67.0000000000000000   6.0992785845931223E+00   3.4556593133447380E+00
      68.0000000000000000   6.0004680102031811E+00   3.5523414785438727E+00
      69.0000000000000000   5.9100198755144611E+00   3.6455551953953647E+00
      70.0000000000000000   5.8272540959250616E+00   3.7352466951353183E+00
      71.0000000000000000   5.7515412467354876E+00   3.8213966540061364E+00
      72.0000000000000000   5.6823018067673754E+00   3.9040144006277981E+00
      73.0000000000000000   5.6190043013207154E+00   3.9831327404479162E+00
      74.0000000000000000   5.5611627471802541E+00   4.0588034136989153E+00
      75.0000000000000000   5.5083336803923020E+00   4.1310931808122131E+00
      76.0000000000000000   5.4601130923777994E+00   4.2000804065724058E+00
      77.0000000000000000   5.4161331541199793E+00   4.2658523057258089E+00
      78.0000000000000000   5.3760591989779627E+00   4.3285025022788979E+00
      78.9989999999999952   5.3396215202243393E+00   4.3880709133076179E+00
      79.0000000000000000   5.3395867523663370E+00   4.3881290629742100E+00
      79.0010000000000048   5.3395519878307063E+00   4.3881872097179278E+00
      80.0000000000000000   5.3064387600145304E+00   4.4448328628396467E+00
      81.0000000000000000   5.2763630160656758E+00   4.4987162475372129E+00
      82.0000000000000000   5.2491297982893279E+00   4.5498819478331534E+00
      83.0000000000000000   5.2245297085287117E+00   4.5984322068188028E+00
      84.0000000000000000   5.2023717090590731E+00   4.6444680857934513E+00
      85.0000000000000000   5.1824813468690989E+00   4.6880889192454118E+00
      86.0000000000000000   5.1646991498930737E+00   4.7293918938868060E+00
      87.0000000000000000   5.1488791801230711E+00   4.7684717325621282E+00
      88.0000000000000000   5.1348877453912358E+00   4.8054204516580601E+00
      89.0000000000000000   5.1226022157522140E+00   4.8403272102688399E+00
      90.0000000000000000   5.1119099859362853E+00   4.8732781936489866E+00
      91.0000000000000000   5.1027075317068009E+00   4.9043565539426410E+00
      92.0000000000000000   5.0948995646481539E+00   4.9336423858128917E+00
      93.0000000000000000   5.0883982731643576E+00   4.9612127318271559E+00
      94.0000000000000000   5.0831226405138308E+00   4.9871416114630236E+00
      95.0000000000000000   5.0789978317022850E+00   5.0115000686527695E+00
      96.0000000000000000   5.0759546419105153E+00   5.0343562336689311E+00
      97.0000000000000000   5.0739289998843606E+00   5.0557753958928888E+00
      97.9989999999999952   5.0728621277593602E+00   5.0758007063638786E+00
      98.0000000000000000   5.0728615202042056E+00   5.0758200846433121E+00
      98.0010000000000048   5.0728609135517697E+00   5.0758394616083535E+00
      99.0000000000000000   5.0726971005537065E+00   5.0945501556366963E+00
     100.0000000000000000   5.0733845559117174E+00   5.1120228814425426E+00
     110.0000000000000000   5.1180776783864070E+00   5.2285348468378556E+00
     120.0000000000000000   5.2112107411125006E+00   5.2666069917258307E+00
     122.9990000000000094   5.2455915393116550E+00   5.2672067697779168E+00
     123.0010000000000190   5.2456152783632453E+00   5.2672058017429366E+00
     126.9989999999999952   5.2950245168909840E+00   5.2619779636715291E+00
     127.0010000000000048   5.2950501581604668E+00   5.2619737945854927E+00
     130.0000000000000000   5.3344425495524170E+00   5.2541444749879993E+00
     138.9989999999999952   5.4623275969970555E+00   5.2146852960093311E+00
     139.0010000000000048   5.4623573969448147E+00   5.2146742997438853E+00
     140.0000000000000000   5.4773096358800615E+00   5.2090755375721143E+00
     150.0000000000000000   5.6334609924825463E+00   5.1430891391658866E+00
     160.0000000000000000   5.7928922461194530E+00   5.0789752572331786E+00
     170.0000000000000000   5.9660229258749711E+00   4.9930311981619253E+00
     180.0000000000000000   6.1409907056850122E+00   4.9091460452924567E+00
     190.0000000000000000   6.3245199554692464E+00   4.8105987477247245E+00
     200.0000000000000000   6.5082100046743241E+00   4.7169149770111858E+00
     210.0000000000000000   6.6919261290610343E+00   4.6278367232568138E+00
     220.0000000000000000   6.8755711792547345E+00   4.5430951055599813E+00
     230.0000000000000000   7.0648906834393337E+00   4.4489859042377553E+00
     240.0000000000000000   7.2478975109967374E+00   4.3728461187170415E+00
     250.0000000000000000   7.4359990836000556E+00   4.2881100276174591E+00
     260.0000000000000000   7.6233929591001539E+00   4.2078240107360507E+00
     270.0000000000000000   7.8150838951871693E+00   4.1205957202820853E+00
     280.0000000000000000   8.0009307583396332E+00   4.0486752049157655E+00
     290.0000000000000000   8.1861334687255649E+00   3.9802157723662019E+00
     300.0000000000000000   8.3752315342648007E+00   3.9052460796777839E+00
     310.0000000000000000   8.5634550913838012E+00   3.8340067307313084E+00
     320.0000000000000000   8.7508368123733860E+00   3.7662141900561137E+00
     330.0000000000000000   8.9331976038635474E+00   3.7103072938044921E+00
     340.0000000000000000   9.1190872473265578E+00   3.6483682943703215E+00
     350.0000000000000000   9.3042231632067978E+00   3.5892001901190538E+00
     360.0000000000000000   9.4925538625997454E+00   3.5247634563707622E+00
     370.0000000000000000   9.6761710914792225E+00   3.4708324484899880E+00
     380.0000000000000000   9.8591150406357890E+00   3.4191370392078699E+00
     390.0000000000000000   1.0045106331077939E+01   3.3623782306305605E+00
     390.9990000000000236   1.0060686069510115E+01   3.3625522273913688E+00
     391.0009999999999764   1.0060724654424838E+01   3.3625382802698112E+00
     400.0000000000000000   1.0226685556173015E+01   3.3149489634875047E+00
     410.0000000000000000   1.0411229189577222E+01   3.2625928642265056E+00
     410.9990000000000236   1.0426769816652678E+01   3.2628738233648913E+00
     411.0009999999999764   1.0426808066431754E+01   3.2628608839252373E+00
     420.0000000000000000   1.0591535152078347E+01   3.2189073303403473E+00
     430.0000000000000000   1.0774721271835139E+01   3.1704351904190085E+00
     440.0000000000000000   1.0953836809934225E+01   3.1300539839956105E+00
     450.0000000000000000   1.1135747530231304E+01   3.0850268536656298E+00
     460.0000000000000000   1.1317028813229008E+01   3.0416522674152660E+00
     470.0000000000000000   1.1497698998858178E+01   2.9998368846738472E+00
     480.0000000000000000   1.1677775527476609E+01   2.9594945490827440E+00
     490.0000000000000000   1.1857274799791082E+01   2.9205459393848328E+00
     500.0000000000000000   1.2036212533539844E+01   2.8829174232025645E+00
     510.0000000000000000   1.2214603893735051E+01   2.8465403859389729E+00
     520.0000000000000000   1.2392463485998034E+01   2.8113508553980475E+00
     530.0000000000000000   1.2569805318050095E+01   2.7772892145420949E+00
     537.9990000000000236   1.2710102443968347E+01   2.7528091288019709E+00
     538.0009999999999764   1.2710138976759914E+01   2.7528005946044094E+00
     540.0000000000000000   1.2746642813245007E+01   2.7442998604531255E+00
     550.0000000000000000   1.2922988844991808E+01   2.7123308631390977E+00
     560.0000000000000000   1.3098855752992131E+01   2.6813336828477694E+00
     570.0000000000000000   1.3274255324761880E+01   2.6512629703451092E+00
     580.0000000000000000   1.3452047242780878E+01   2.6174997035477099E+00
     590.0000000000000000   1.3626507558944944E+01   2.5892447191476000E+00
     600.0000000000000000   1.3800534147650756E+01   2.5617922586062027E+00
     610.0000000000000000   1.3976907008945235E+01   2.5307744958168379E+00
     614.9990000000000236   1.4063515096958936E+01   2.5177539850283708E+00
     615.0009999999999764   1.4063550835160083E+01   2.5177470909044426E+00
     620.0000000000000000   1.4150056459281426E+01   2.5049059058751579E+00
     630.0000000000000000   1.4322801541285690E+01   2.4797381062211130E+00
     640.0000000000000000   1.4497843476635936E+01   2.4511282513617854E+00
     650.0000000000000000   1.4669768272563578E+01   2.4273492894927142E+00
     660.0000000000000000   1.4843964531432038E+01   2.4002073089198737E+00
     670.0000000000000000   1.5015105781218772E+01   2.3777004380192373E+00
     680.0000000000000000   1.5188488017419674E+01   2.3519130490428011E+00
     690.0000000000000000   1.5358878278858860E+01   2.3305766429019212E+00
     700.0000000000000000   1.5531478397082640E+01   2.3060390985213064E+00
     710.0000000000000000   1.5701147047689187E+01   2.2857836870272679E+00
     720.0000000000000000   1.5872995458581592E+01   2.2624012012345269E+00
     725.9990000000000236   1.5974903789377036E+01   2.2500801190905211E+00
     726.0009999999999764   1.5974938579056673E+01   2.2500748508390496E+00
     730.0000000000000000   1.6044473888438844E+01   2.2395913490728319E+00
     740.0000000000000000   1.6213095127985085E+01   2.2208337869226451E+00
     750.0000000000000000   1.6383860455730847E+01   2.1990574700682304E+00
     760.0000000000000000   1.6554282203692289E+01   2.1777840465212286E+00
     770.0000000000000000   1.6721908287386366E+01   2.1603712099868271E+00
     780.0000000000000000   1.6891650651237399E+01   2.1400290975622931E+00
     790.0000000000000000   1.7061066871409952E+01   2.1201387899628710E+00
     800.0000000000000000   1.7227753732310319E+01   2.1039277515162165E+00
     810.0000000000000000   1.7396522328585874E+01   2.0848792350754812E+00
     820.0000000000000000   1.7564980389870012E+01   2.0662386598583229E+00
     830.0000000000000000   1.7733128835875856E+01   2.0479977833964380E+00
     840.0000000000000000   1.7900967383638726E+01   2.0301501394672812E+00
     850.0000000000000000   1.8066164830665066E+01   2.0157189913956963E+00
     851.9990000000000236   1.8100087370264706E+01   2.0116558750937776E+00
     852.0009999999999764   1.8100121305478083E+01   2.0116518167592403E+00
     860.0000000000000000   1.8233414371419357E+01   1.9985728660097062E+00
     870.0000000000000000   1.8400372832082482E+01   1.9817781553807092E+00
     880.0000000000000000   1.8567041708651995E+01   1.9653274655462025E+00
     890.0000000000000000   1.8733423246738116E+01   1.9492126505934897E+00
     900.0000000000000000   1.8899521567538546E+01   1.9334234608245373E+00
     910.0000000000000000   1.9063092958937531E+01   1.9207632319982928E+00
     920.0000000000000000   1.9228659642129987E+01   1.9055473009819264E+00
     930.0000000000000000   1.9393958923768416E+01   1.8906248051323957E+00
     940.0000000000000000   1.9558993780409519E+01   1.8759880650837812E+00
     950.0000000000000000   1.9723767314803467E+01   1.8616294469242929E+00
     960.0000000000000000   1.9888282910905524E+01   1.8475411844040883E+00
     970.0000000000000000   2.0052544204256410E+01   1.8337154172518066E+00
     980.0000000000000000   2.0216554923010012E+01   1.8201443770273855E+00
     990.0000000000000000   2.0380318769589376E+01   1.8068205215475461E+00
    1000.0000000000000000   2.0543839351215357E+01   1.7937366094262350E+00
    1100.0000000000000000   2.2166369794522460E+01   1.6747201867880774E+00
    1200.0000000000000000   2.3771632761000827E+01   1.5695459588954432E+00
    1300.0000000000000000   2.5357737756422559E+01   1.4791475728287256E+00
    1400.0000000000000000   2.6926532018392070E+01   1.4006108744956618E+00
    1500.0000000000000000   2.8481486625940750E+01   1.3299725473516577E+00
    1600.0000000000000000   3.0023772339860379E+01   1.2658932723228495E+00
    1700.0000000000000000   3.1552614905763097E+01   1.2088472932574612E+00
    1800.0000000000000000   3.3069233455460399E+01   1.1575592942542536E+00
    1900.0000000000000000   3.4574361742451558E+01   1.1112788884380338E+00
    2000.0000000000000000   3.6070462486324949E+01   1.0679962174576474E+00
    2100.0000000000000000   3.7556423118501442E+01   1.0285848537819222E+00
    2200.0000000000000000   3.9034307085043018E+01   9.9149306153242700E-01
    2300.0000000000000000   4.0501815119626741E+01   9.5840093424453099E-01
    2393.9989999999997963   4.1874620458568650E+01   9.2892130420876129E-01
    2394.0010000000002037   4.1874649748455624E+01   9.2892059662905768E-01
    2400.0000000000000000   4.1962553653798189E+01   9.2675224437905623E-01
    2489.9989999999997963   4.3269487846265164E+01   9.0084462968951440E-01
    2490.0010000000002037   4.3269517003156693E+01   9.0084395712762311E-01
    2500.0000000000000000   4.3415039903037716E+01   8.9759908348525963E-01
    2600.0000000000000000   4.4860017624388107E+01   8.7047714245424235E-01
    2700.0000000000000000   4.6297924948444276E+01   8.4513234464106968E-01
    2800.0000000000000000   4.7730080218771917E+01   8.2074492267993293E-01
    2900.0000000000000000   4.9154374292800661E+01   7.9868999316846079E-01
    2960.9989999999997963   5.0020871794504288E+01   7.8544779649116592E-01
    2961.0010000000002037   5.0020900305261421E+01   7.8544729006717617E-01
    3000.0000000000000000   5.0573652141231079E+01   7.7723874601683385E-01
    3100.0000000000000000   5.1985510931809202E+01   7.5785886902158528E-01
    3200.0000000000000000   5.3393045149136753E+01   7.3879392047549641E-01
    3300.0000000000000000   5.4795171942674983E+01   7.2071122812205590E-01
    3400.0000000000000000   5.6191623334674105E+01   7.0376300012383797E-01
    3419.9989999999997963   5.6469374694948151E+01   7.0095122845051905E-01
    3420.0010000000002037   5.6469402414302337E+01   7.0095096069292884E-01
    3500.0000000000000000   5.7582918557841793E+01   6.8771164477214797E-01
    3600.0000000000000000   5.8968751732315468E+01   6.7271252978936813E-01
    3700.0000000000000000   6.0351666602204645E+01   6.5752981562677815E-01
    3709.9989999999997963   6.0488676564731193E+01   6.5657420682756173E-01
    3710.0010000000002037   6.0488704431869714E+01   6.5657378903576180E-01
    3800.0000000000000000   6.1728246756384799E+01   6.4391812751208866E-01
    3900.0000000000000000   6.3101027693552076E+01   6.3064464877400317E-01
    4000.0000000000000000   6.4470458986916185E+01   6.1746625957937551E-01
    4100.0000000000000000   6.5833937619369138E+01   6.0571114972556805E-01
    4200.0000000000000000   6.7195012981210240E+01   5.9369107986003489E-01
    4300.0000000000000000   6.8549832393137493E+01   5.8320009171639631E-01
    4400.0000000000000000   6.9901983783610206E+01   5.7260536170331289E-01
    4500.0000000000000000   7.1252755728061857E+01   5.6151414845900116E-01
    4600.0000000000000000   7.2596582412160160E+01   5.5214291638470014E-01
    4700.0000000000000000   7.3938231210079550E+01   5.4269091228654276E-01
    4800.0000000000000000   7.5277334996826738E+01   5.3321028736204035E-01
    4900.0000000000000000   7.6611895382204807E+01   5.2450567597988051E-01
    5000.0000000000000000   7.7942934130355553E+01   5.1620977185858985E-01
    5100.0000000000000000   7.9271360902084652E+01   5.0800549363752567E-01
    5200.0000000000000000   8.0597334790129509E+01   4.9985746412285609E-01
    5300.0000000000000000   8.1920578179199651E+01   4.9189122676590108E-01
    5400.0000000000000000   8.3240484133418590E+01   4.8429018754372072E-01
    5500.0000000000000000   8.4555931947571608E+01   4.7749060812268057E-01
    5600.0000000000000000   8.5870557580780073E+01   4.7024410754985196E-01
    5700.0000000000000000   8.7181644074915411E+01   4.6350616909164760E-01
    5800.0000000000000000   8.8488123251030999E+01   4.5757528815715132E-01
    5900.0000000000000000   8.9795662485228036E+01   4.5058224406964703E-01
    6000.0000000000000000   9.1099099197923337E+01   4.4428156061246027E-01
    6100.0000000000000000   9.2397479825968745E+01   4.3906972576815245E-01
    6200.0000000000000000   9.3697615090052921E+01   4.3260780257881493E-01
    6300.0000000000000000   9.4994159461746861E+01   4.2661033357267542E-01
    6400.0000000000000000   9.6285306584382369E+01   4.2183093827423135E-01
    6500.0000000000000000   9.7575268363745224E+01   4.1676422590033424E-01
    6600.0000000000000000   9.8863045008956945E+01   4.1179447088721732E-01
    6700.0000000000000000   1.0015050327108442E+02   4.0644382968872816E-01
    6800.0000000000000000   1.0143364575751899E+02   4.0176407784877222E-01
    6900.0000000000000000   1.0271603201289570E+02   3.9686766564630643E-01
    7000.0000000000000000   1.0399522622076891E+02   3.9232997423599553E-01
    7100.0000000000000000   1.0527607581622398E+02   3.8692035588213713E-01
    7200.0000000000000000   1.0655248115661503E+02   3.8218247307442954E-01
    7300.0000000000000000   1.0782512906789739E+02   3.7824223629804338E-01
    7400.0000000000000000   1.0909546962284121E+02   3.7425082408123217E-01
    7500.0000000000000000   1.1036433819597897E+02   3.7042697571837557E-01
    7600.0000000000000000   1.1163505950226001E+02   3.6554866573120448E-01
    7700.0000000000000000   1.1289896667076462E+02   3.6206430171979875E-01
    7800.0000000000000000   1.1416433879506444E+02   3.5792486271561541E-01
    7900.0000000000000000   1.1542545460591450E+02   3.5438532156606917E-01
    8000.0000000000000000   1.1668319435141875E+02   3.5127976038820186E-01
    8100.0000000000000000   1.1794468336235694E+02   3.4705672512680413E-01
    8200.0000000000000000   1.1919974693785800E+02   3.4392981922719174E-01
    8300.0000000000000000   1.2045561225678516E+02   3.4018309831120680E-01
    8400.0000000000000000   1.2171044084387654E+02   3.3643226162844397E-01
    8500.0000000000000000   1.2296052869953117E+02   3.3365599352198794E-01
    8600.0000000000000000   1.2421157893842172E+02   3.3014193605165926E-01
    8700.0000000000000000   1.2545835584916740E+02   3.2722256587024484E-01
    8800.0000000000000000   1.2670340517395860E+02   3.2449451764402987E-01
    8900.0000000000000000   1.2795087414129823E+02   3.2098561694898126E-01
    9000.0000000000000000   1.2919722668052754E+02   3.1739272248368794E-01
    9100.0000000000000000   1.3043378920556748E+02   3.1579456149573754E-01
    9200.0000000000000000   1.3167593040014827E+02   3.1250337262733929E-01
    9300.0000000000000000   1.3291593171231614E+02   3.0936549555329579E-01
    9400.0000000000000000   1.3415268208033024E+02   3.0671523576500725E-01
    9500.0000000000000000   1.3539013688435676E+02   3.0366087995119756E-01
    9600.0000000000000000   1.3662540207661149E+02   3.0085073527668271E-01
    9700.0000000000000000   1.3785719221709226E+02   2.9861201728891351E-01
    9800.0000000000000000   1.3908695620039404E+02   2.9655416166159171E-01
    9900.0000000000000000   1.4031610254707689E+02   2.9434020758148793E-01
   10000.0000000000000000   1.4154463417269167E+02   2.9198426212939221E-01
   11000.0000000000000000   1.5376421684276036E+02   2.6893199706723342E-01
   12000.0000000000000000   1.6586225439208116E+02   2.4937316294714218E-01
   12661.9989999999997963   1.7380444681513660E+02   2.3883827719990772E-01
   12662.0010000000002037   1.7380447092779781E+02   2.3883819606012940E-01
   13000.0000000000000000   1.7784260430965881E+02   2.3413736422840961E-01
   14000.0000000000000000   1.8973164419664451E+02   2.1923063806530663E-01
   14703.9989999999997963   1.9804761625112440E+02   2.0994966167706514E-01
   14704.0010000000002037   1.9804764067817010E+02   2.0994951671332895E-01
   15000.0000000000000000   2.0153104081803329E+02   2.0635154283217430E-01
   15349.9989999999997963   2.0563262147843028E+02   2.0298938675408509E-01
   15350.0010000000002037   2.0563264386669405E+02   2.0298950913042485E-01
   16000.0000000000000000   2.1323710755197359E+02   1.9543823230339560E-01
   17000.0000000000000000   2.2486380297190124E+02   1.8728747533849471E-01
   18000.0000000000000000   2.3642838419551643E+02   1.7776162106564652E-01
   19000.0000000000000000   2.4792535393723398E+02   1.6937233175731942E-01
   20000.0000000000000000   2.5935585150516152E+02   1.6185228092181039E-01
   21000.0000000000000000   2.7072429176308191E+02   1.5576513524170033E-01
   22000.0000000000000000   2.8203979623061252E+02   1.4976545860769075E-01
   23000.0000000000000000   2.9331969739496640E+02   1.4355452869203580E-01
   24000.0000000000000000   3.0452223753012942E+02   1.3873156888257296E-01
   25000.0000000000000000   3.1568342774618588E+02   1.3383688253259979E-01
   26000.0000000000000000   3.2679503408317555E+02   1.3033653518719765E-01
   27000.0000000000000000   3.3787401615118921E+02   1.2597673427172684E-01
   28000.0000000000000000   3.4893369875118788E+02   1.2165086087941804E-01
   29000.0000000000000000   3.5991518516940636E+02   1.1881040948845904E-01
   30000.0000000000000000   3.7089349112258606E+02   1.1399766492694399E-01
   31000.0000000000000000   3.8178635027386798E+02   1.1230847785600545E-01
   32000.0000000000000000   3.9271139051407647E+02   1.0770543215515138E-01
   33000.0000000000000000   4.0355201277783414E+02   1.0630441478437486E-01
   34000.0000000000000000   4.1437479241920141E+02   1.0359599361895835E-01
   35000.0000000000000000   4.2518413208887898E+02   9.9778334320420478E-02
   36000.0000000000000000   4.3592018553272516E+02   9.8880054068376771E-02
   37000.0000000000000000   4.4664175809017996E+02   9.6070577346254959E-02
   38000.0000000000000000   4.5733536292120891E+02   9.3304337668057902E-02
   39000.0000000000000000   4.6804707433260307E+02   9.1445807981082455E-02
   40000.0000000000000000   4.7867542456232468E+02   8.9071582431844584E-02
   41000.0000000000000000   4.8931756414643843E+02   8.7013125633078225E-02
   42000.0000000000000000   4.9987580851837612E+02   8.6565790646223606E-02
   43000.0000000000000000   5.1050132609929204E+02   8.3486730860662106E-02
   44000.0000000000000000   5.2098583565404556E+02   8.2587379847449113E-02
   45000.0000000000000000   5.3154016237938345E+02   8.0947559576155362E-02
   46000.0000000000000000   5.4208530997628714E+02   7.8577235546810911E-02
   47000.0000000000000000   5.5256695688382172E+02   7.7028836844044379E-02
   48000.0000000000000000   5.6297759327225594E+02   7.6459593391533784E-02
   49000.0000000000000000   5.7338879879629110E+02   7.5611311824835964E-02
   50000.0000000000000000   5.8380184163739591E+02   7.4259260156393697E-02
   85535.9989999999961583   9.4388567545337992E+02   4.6387650942173640E-02
   85536.0010000000038417   9.4388569524350089E+02   4.6387648695083356E-02
