       0.0010000000000000   1.0000000000000000E+30   0.0000000000000000E+00
       0.1000000000000000   7.3743410420285826E+00   3.9477122456500705E-03
       0.2000000000000000   6.5075667004271978E+00   7.6878032287895429E-03
       0.3000000000000000   6.2288061037052698E+00   1.1373282408736921E-02
       0.4000000000000000   6.1309151392296037E+00   1.4864308458298449E-02
       0.5000000000000000   6.0881054435884003E+00   1.8288783567146472E-02
       0.6000000000000000   6.0717267756244855E+00   2.1654609694200456E-02
       0.7000000000000000   6.0705924726731793E+00   2.4968884562400998E-02
       0.7999999999999999   6.0785605430479404E+00   2.8236755933470553E-02
       0.8999999999999999   6.0927699678459906E+00   3.1453950024803383E-02
       0.9999999999999999   6.1105573420866204E+00   3.4634296304376345E-02
       2.0000000000000000   6.3458551148457056E+00   6.4642798929326881E-02
       3.0000000000000000   6.5659091187996026E+00   9.2540063198728928E-02
       4.0000000000000000   6.7457267114844477E+00   1.1931006521199911E-01
       5.0000000000000000   6.8888541251133173E+00   1.4553169423474305E-01
       6.0000000000000000   7.0012432037272827E+00   1.7158056996084908E-01
       7.0000000000000000   7.0883331082949459E+00   1.9770326531188970E-01
       8.0000000000000000   7.1542736167498822E+00   2.2408307625963841E-01
       9.0000000000000000   7.2023828901771232E+00   2.5086090488687213E-01
      10.0000000000000000   7.2352415089239912E+00   2.7815337708862536E-01
      11.0000000000000000   7.2549746651897626E+00   3.0605678821808713E-01
      12.0000000000000000   7.2633037774852713E+00   3.3465419441910338E-01
      13.0000000000000000   7.2616855605245556E+00   3.6401849107678030E-01
      14.0000000000000000   7.2512923476399820E+00   3.9421900803125964E-01
      15.0000000000000000   7.2331343734235931E+00   4.2531965229183338E-01
      16.0000000000000000   7.2080952206736981E+00   4.5737899354225869E-01
      17.0000000000000000   7.1769194993966741E+00   4.9045468277302479E-01
      18.0000000000000000   7.1402798446528513E+00   5.2460076476579665E-01
      19.0000000000000000   7.0987584022819794E+00   5.5986930845075789E-01
      20.0000000000000000   7.0528807054509617E+00   5.9631082299605609E-01
      21.0000000000000000   7.0031169450543613E+00   6.3397390176450452E-01
      22.0000000000000000   6.9499019248753440E+00   6.7290403205249283E-01
      23.0000000000000000   6.8936333215973811E+00   7.1314424946077182E-01
      24.0000000000000000   6.8346758076777929E+00   7.5473521426119505E-01
      25.0000000000000000   6.7733728430733313E+00   7.9771361625380155E-01
      26.0000000000000000   6.7100479791426269E+00   8.4211191185419632E-01
      27.0000000000000000   6.6450082128882588E+00   8.8795750386465677E-01
      28.0000000000000000   6.5785478406548252E+00   9.3527175019760145E-01
      29.0000000000000000   6.5109485572299404E+00   9.8406920901602390E-01
      30.0000000000000000   6.4424842356905101E+00   1.0343563552991881E+00
      31.0000000000000000   6.3734192786527535E+00   1.0861307063931884E+00
      32.0000000000000000   6.3040129502367224E+00   1.1393793707034765E+00
      33.0000000000000000   6.2345163026701016E+00   1.1940783933574537E+00
      34.0000000000000000   6.1651749573352346E+00   1.2501914751695944E+00
      35.0000000000000000   6.0962275996189952E+00   1.3076691904764839E+00
      36.0000000000000000   6.0279057557660671E+00   1.3664483036709374E+00
      37.0000000000000000   5.9604327805906854E+00   1.4264513547879734E+00
      38.0000000000000000   5.8940228243313006E+00   1.4875865481223054E+00
      39.0000000000000000   5.8288791396040267E+00   1.5497480074696071E+00
      40.0000000000000000   5.7651929751980546E+00   1.6128163699845004E+00
      41.0000000000000000   5.7031416849339776E+00   1.6766598728298361E+00
      42.0000000000000000   5.6428874138170304E+00   1.7411357408917005E+00
      43.0000000000000000   5.5845758214271974E+00   1.8060919799306181E+00
      44.0000000000000000   5.5283349325927107E+00   1.8713694071410261E+00
      45.0000000000000000   5.4742741744658812E+00   1.9368040455788684E+00
      46.0000000000000000   5.4224840971271755E+00   2.0022294992470084E+00
      47.0000000000000000   5.3730361992865516E+00   2.0674794505905392E+00
      48.0000000000000000   5.3259831930857642E+00   2.1323900783405914E+00
      49.0000000000000000   5.2813596445649260E+00   2.1968023320136796E+00
      50.0000000000000000   5.2391828914177507E+00   2.2605639786101892E+00
      51.0000000000000000   5.1994542202803906E+00   2.3235313758113407E+00
      52.0000000000000000   5.1621603316257270E+00   2.3855709143933104E+00
      53.0000000000000000   5.1272748300867770E+00   2.4465601294843329E+00
      54.0000000000000000   5.0947598726929435E+00   2.5063884720642617E+00
      55.0000000000000000   5.0645677746253712E+00   2.5649577697832395E+00
      56.0000000000000000   5.0366426635924455E+00   2.6221824021948130E+00
      57.0000000000000000   5.0109221412404734E+00   2.6779889910268229E+00
      58.0000000000000000   4.9873383923150669E+00   2.7323164460126601E+00
      59.0000000000000000   4.9658197019415411E+00   2.7851152708639710E+00
      60.0000000000000000   4.9462918763078827E+00   2.8363466965102440E+00
      61.0000000000000000   4.9286788118252787E+00   2.8859824024776444E+00
      62.0000000000000000   4.9129037186386393E+00   2.9340034145446081E+00
      63.0000000000000000   4.8988898323726637E+00   2.9803993503088884E+00
      64.0000000000000000   4.8865610296701609E+00   3.0251675799723192E+00
      65.0000000000000000   4.8758423812415748E+00   3.0683123964070709E+00
      66.0000000000000000   4.8666605739945785E+00   3.1098442119194023E+00
      67.0000000000000000   4.8589442453823342E+00   3.1497787923241769E+00
      68.0000000000000000   4.8526242414788463E+00   3.1881365362938210E+00
      69.0000000000000000   4.8476338019833873E+00   3.2249418055317616E+00
      70.0000000000000000   4.8439086854810336E+00   3.2602223072992622E+00
      71.0000000000000000   4.8413872458723706E+00   3.2940085323176396E+00
      72.0000000000000000   4.8400104722924473E+00   3.3263332448700744E+00
      73.0000000000000000   4.8397219911166527E+00   3.3572310253118407E+00
      74.0000000000000000   4.8404680420877941E+00   3.3867378618222457E+00
      75.0000000000000000   4.8421974140364714E+00   3.4148908079235092E+00
      76.0000000000000000   4.8448614619572359E+00   3.4417275860995975E+00
      77.0000000000000000   4.8484139140176445E+00   3.4672864263072962E+00
      78.0000000000000000   4.8528108687305789E+00   3.4916057448949962E+00
      79.0000000000000000   4.8580106853100320E+00   3.5147239550129745E+00
      80.0000000000000000   4.8639738904110414E+00   3.5366792870457626E+00
      81.0000000000000000   4.8706630816446488E+00   3.5575096357863174E+00
      82.0000000000000000   4.8780428345335576E+00   3.5772524315162486E+00
      83.0000000000000000   4.8860796051109761E+00   3.5959445321080499E+00
      84.0000000000000000   4.8947416333888842E+00   3.6136221342682484E+00
      85.0000000000000000   4.9039988548907010E+00   3.6303207009226512E+00
      86.0000000000000000   4.9138228098322765E+00   3.6460749032989401E+00
      87.0000000000000000   4.9241865557852194E+00   3.6609185785851390E+00
      88.0000000000000000   4.9350645945311502E+00   3.6748846838090738E+00
      89.0000000000000000   4.9464327776908270E+00   3.6880052889960062E+00
      90.0000000000000000   4.9582682395152222E+00   3.7003115487950882E+00
      91.0000000000000000   4.9705493247741144E+00   3.7118336960731733E+00
      92.0000000000000000   4.9832555195987887E+00   3.7226010386223134E+00
      93.0000000000000000   4.9963673867207410E+00   3.7326419610002102E+00
      94.0000000000000000   5.0098665042261263E+00   3.7419839307188867E+00
      95.0000000000000000   5.0237354076054084E+00   3.7506535080791417E+00
      96.0000000000000000   5.0379575351284629E+00   3.7586763590359085E+00
      97.0000000000000000   5.0525171762978012E+00   3.7660772705571857E+00
      98.0000000000000000   5.0673994225902170E+00   3.7728801680621724E+00
      99.0000000000000000   5.0825901245461038E+00   3.7791081342097188E+00
     100.0000000000000000   5.0980758439900056E+00   3.7847834294943890E+00
     110.0000000000000000   5.2666391267119490E+00   3.8154927522867950E+00
     120.0000000000000000   5.4539346138761964E+00   3.8101664590667719E+00
     130.0000000000000000   5.6537504080177694E+00   3.7808850276747150E+00
     140.0000000000000000   5.8620985273953989E+00   3.7358482940416304E+00
     150.0000000000000000   6.0763359590745329E+00   3.6806416856107584E+00
     160.0000000000000000   6.2946618839174882E+00   3.6190919124035767E+00
     170.0000000000000000   6.5158199037411251E+00   3.5538353163973180E+00
     180.0000000000000000   6.7389156636565835E+00   3.4866952618746958E+00
     190.0000000000000000   6.9633016604441851E+00   3.4189344704602869E+00
     200.0000000000000000   7.1885024292511535E+00   3.3514254102498593E+00
     210.0000000000000000   7.4141647588682558E+00   3.2847665865956044E+00
     220.0000000000000000   7.6400237969964007E+00   3.2193628021655747E+00
     230.0000000000000000   7.8658795247615290E+00   3.1554811201151951E+00
     240.0000000000000000   8.0904759353657028E+00   3.0961317258300549E+00
     250.0000000000000000   8.3104413042017260E+00   3.0466332452737932E+00
     260.0000000000000000   8.5390792682295213E+00   2.9824225341656594E+00
     270.0000000000000000   8.7616512899007279E+00   2.9300083316028820E+00
     280.0000000000000000   8.9831523104982018E+00   2.8802319985988798E+00
     287.9990000000000236   9.1604721168192977E+00   2.8406674175270124E+00
     288.0009999999999764   9.1605196587960922E+00   2.8406520616402617E+00
     290.0000000000000000   9.2080139184598906E+00   2.8253928557791981E+00
     300.0000000000000000   9.4273899613098511E+00   2.7805900460669135E+00
     310.0000000000000000   9.6499983441485018E+00   2.7309156445390221E+00
     320.0000000000000000   9.8715142349639713E+00   2.6836582323085016E+00
     330.0000000000000000   1.0091985445666376E+01   2.6386355060805777E+00
     340.0000000000000000   1.0311456778680741E+01   2.5956833957064473E+00
     350.0000000000000000   1.0529970241859498E+01   2.5546538249370019E+00
     360.0000000000000000   1.0747565231897298E+01   2.5154128173471682E+00
     370.0000000000000000   1.0964278700250018E+01   2.4778388737344423E+00
     380.0000000000000000   1.1180145336517862E+01   2.4418215261602336E+00
     390.0000000000000000   1.1398731040475829E+01   2.4019404034080050E+00
     400.0000000000000000   1.1612921582330719E+01   2.3688991245423172E+00
     410.0000000000000000   1.1829779876136950E+01   2.3321034348101413E+00
     420.0000000000000000   1.2042413718662733E+01   2.3016706278759038E+00
     430.0000000000000000   1.2257658446746213E+01   2.2675951372779153E+00
     440.0000000000000000   1.2472118139310849E+01   2.2348204014303175E+00
     450.0000000000000000   1.2682575905311619E+01   2.2077984820165621E+00
     460.0000000000000000   1.2895571833616531E+01   2.1772937256482705E+00
     470.0000000000000000   1.3107851973634515E+01   2.1478827644034215E+00
     480.0000000000000000   1.3319437187634017E+01   2.1195052315946152E+00
     490.0000000000000000   1.3530347399856756E+01   2.0921051906407255E+00
     500.0000000000000000   1.3740601629411037E+01   2.0656307541979726E+00
     510.0000000000000000   1.3950218059585135E+01   2.0400337054388089E+00
     520.0000000000000000   1.4159214072968803E+01   2.0152691889923320E+00
     530.0000000000000000   1.4367606304464617E+01   1.9912954095214297E+00
     537.9990000000000236   1.4532713213830606E+01   1.9741455710107900E+00
     538.0009999999999764   1.4532755901491374E+01   1.9741394817759403E+00
     540.0000000000000000   1.4575410679345763E+01   1.9680733798948902E+00
     550.0000000000000000   1.4782642447787001E+01   1.9455666889778289E+00
     560.0000000000000000   1.4989316220547364E+01   1.9237412930556232E+00
     570.0000000000000000   1.5198260988088517E+01   1.8990862387559024E+00
     580.0000000000000000   1.5403825035628291E+01   1.8785971953755982E+00
     590.0000000000000000   1.5608871611074489E+01   1.8586972871069336E+00
     600.0000000000000000   1.5813413118357559E+01   1.8393603085844779E+00
     610.0000000000000000   1.6020168325312113E+01   1.8173334973831927E+00
     620.0000000000000000   1.6223700011593319E+01   1.7991086321085896E+00
     630.0000000000000000   1.6429429466408415E+01   1.7782579095870186E+00
     640.0000000000000000   1.6631995816151754E+01   1.7610502199733606E+00
     650.0000000000000000   1.6834112834018718E+01   1.7442921241127600E+00
     660.0000000000000000   1.7038384222156573E+01   1.7250041854949312E+00
     670.0000000000000000   1.7239596942371236E+01   1.7091418537473617E+00
     680.0000000000000000   1.7442943259448757E+01   1.6908093281162329E+00
     690.0000000000000000   1.7643288924406168E+01   1.6757715909686899E+00
     700.0000000000000000   1.7845745791432076E+01   1.6583215142139012E+00
     710.0000000000000000   1.8047767817881972E+01   1.6413080016921928E+00
     720.0000000000000000   1.8246859980338911E+01   1.6274114436431328E+00
     730.0000000000000000   1.8448041657522339E+01   1.6111833606175519E+00
     740.0000000000000000   1.8646349720741782E+01   1.5979627421623761E+00
     750.0000000000000000   1.8846721396007734E+01   1.5824640518564843E+00
     760.0000000000000000   1.9046695537813534E+01   1.5673285412915756E+00
     770.0000000000000000   1.9243865137375938E+01   1.5550504283259012E+00
     780.0000000000000000   1.9443071442707311E+01   1.5405689679036287E+00
     790.0000000000000000   1.9641900009627683E+01   1.5264144359848297E+00
     800.0000000000000000   1.9840356948078529E+01   1.5125756335974907E+00
     810.0000000000000000   2.0036091328932930E+01   1.5014154595565832E+00
     820.0000000000000000   2.0233831183116873E+01   1.4881451853350065E+00
     830.0000000000000000   2.0431217132910039E+01   1.4751605607614720E+00
     840.0000000000000000   2.0628254821844891E+01   1.4624520879266385E+00
     850.0000000000000000   2.0822650337799782E+01   1.4522641399623557E+00
     860.0000000000000000   2.1019016235006699E+01   1.4400532006806961E+00
     870.0000000000000000   2.1215049714065501E+01   1.4280933317650226E+00
     880.0000000000000000   2.1410755788207048E+01   1.4163766121886665E+00
     890.0000000000000000   2.1606139433527076E+01   1.4048953693408228E+00
     900.0000000000000000   2.1801205512328753E+01   1.3936422430604318E+00
     910.0000000000000000   2.1995958701358024E+01   1.3826102392056603E+00
     920.0000000000000000   2.2190403502483658E+01   1.3717927056591157E+00
     930.0000000000000000   2.2382337950707129E+01   1.3632300155333898E+00
     940.0000000000000000   2.2576187521894010E+01   1.3527998423070673E+00
     950.0000000000000000   2.2769741489881191E+01   1.3425663790920999E+00
     960.0000000000000000   2.2963003982748379E+01   1.3325239084444065E+00
     970.0000000000000000   2.3155979023991989E+01   1.3226669417624279E+00
     980.0000000000000000   2.3348670537312589E+01   1.3129902080956213E+00
     990.0000000000000000   2.3541082341315686E+01   1.3034886492487714E+00
    1000.0000000000000000   2.3733218162831751E+01   1.2941574021377475E+00
    1100.0000000000000000   2.5642207075062029E+01   1.2075479894169083E+00
    1200.0000000000000000   2.7526959985370357E+01   1.1340484342503088E+00
    1300.0000000000000000   2.9392009618936385E+01   1.0693882936700621E+00
    1400.0000000000000000   3.1237470830688078E+01   1.0131572917809870E+00
    1500.0000000000000000   3.3066946348973147E+01   9.6253356722205097E-01
    1600.0000000000000000   3.4881806343031435E+01   9.1655976402636818E-01
    1700.0000000000000000   3.6681530762578298E+01   8.7556319889644341E-01
    1800.0000000000000000   3.8467263582609441E+01   8.3875542253019031E-01
    1900.0000000000000000   4.0241635675970528E+01   8.0454955101716819E-01
    2000.0000000000000000   4.2002201451880886E+01   7.7441601827189832E-01
    2100.0000000000000000   4.3754555266628032E+01   7.4519385831538054E-01
    2200.0000000000000000   4.5494541752584581E+01   7.1927539094283688E-01
    2300.0000000000000000   4.7224423697359576E+01   6.9543601068491068E-01
    2400.0000000000000000   4.8946246875738275E+01   6.7267906334817695E-01
    2500.0000000000000000   5.0658976974238335E+01   6.5160767459469027E-01
    2600.0000000000000000   5.2363049656151610E+01   6.3204750474228266E-01
    2700.0000000000000000   5.4058884874595606E+01   6.1383851258568534E-01
    2800.0000000000000000   5.5748369903889774E+01   5.9616391790537437E-01
    2900.0000000000000000   5.7428822013365149E+01   5.8028810177835566E-01
    3000.0000000000000000   5.9103569973027533E+01   5.6476667051598206E-01
    3100.0000000000000000   6.0769930056394720E+01   5.5080387593526836E-01
    3200.0000000000000000   6.2431158770735095E+01   5.3705183906377052E-01
    3300.0000000000000000   6.4086019269678260E+01   5.2407978193071525E-01
    3400.0000000000000000   6.5734729545142613E+01   5.1182985136687542E-01
    3500.0000000000000000   6.7377535057977369E+01   5.0023604612355466E-01
    3600.0000000000000000   6.9014595511261490E+01   4.8926301216642615E-01
    3700.0000000000000000   7.0647614460947651E+01   4.7830830436335453E-01
    3800.0000000000000000   7.2273850176883144E+01   4.6842039904835586E-01
    3900.0000000000000000   7.3895046610572521E+01   4.5897706247926973E-01
    4000.0000000000000000   7.5512620733384907E+01   4.4949907540098583E-01
    4100.0000000000000000   7.7123901944381004E+01   4.4095636954239281E-01
    4200.0000000000000000   7.8731924680454597E+01   4.3231508646832978E-01
    4300.0000000000000000   8.0335083304280573E+01   4.2415166878519089E-01
    4400.0000000000000000   8.1932867216667518E+01   4.1665196789038755E-01
    4500.0000000000000000   8.3527737168195756E+01   4.0902935246861061E-01
    4600.0000000000000000   8.5118100287083877E+01   4.0181190571429776E-01
    4700.0000000000000000   8.6704410278557376E+01   3.9488543644628676E-01
    4800.0000000000000000   8.8287016878779312E+01   3.8815631715650534E-01
    4900.0000000000000000   8.9864518302181935E+01   3.8205682902854760E-01
    5000.0000000000000000   9.1439322666186740E+01   3.7587032860991332E-01
    5100.0000000000000000   9.3010513237439980E+01   3.6989833247751353E-01
    5200.0000000000000000   9.4578197182269633E+01   3.6412405513098761E-01
    5300.0000000000000000   9.6143439399832474E+01   3.5825279470474392E-01
    5400.0000000000000000   9.7703989882971413E+01   3.5293783365109355E-01
    5500.0000000000000000   9.9261232009902471E+01   3.4779261652890153E-01
    5600.0000000000000000   1.0081585638662177E+02   3.4266510909720588E-01
    5700.0000000000000000   1.0236639612592971E+02   3.3793062345428732E-01
    5800.0000000000000000   1.0391429416392259E+02   3.3323070306876695E-01
    5900.0000000000000000   1.0545992513432212E+02   3.2846530983541739E-01
    6000.0000000000000000   1.0700226897867678E+02   3.2393981686420803E-01
    6100.0000000000000000   1.0854036580177052E+02   3.1986643302462486E-01
    6200.0000000000000000   1.1007754663386817E+02   3.1544200270542272E-01
    6300.0000000000000000   1.1161120784624369E+02   3.1132938597965759E-01
    6400.0000000000000000   1.1314246486015010E+02   3.0723672616669995E-01
    6500.0000000000000000   1.1467015187017843E+02   3.0346776870265579E-01
    6600.0000000000000000   1.1619582986511419E+02   2.9964986518737519E-01
    6700.0000000000000000   1.1771823930607353E+02   2.9610081152674977E-01
    6800.0000000000000000   1.1923904054122595E+02   2.9242757630331584E-01
    6900.0000000000000000   1.2075663829061071E+02   2.8901812429666129E-01
    7000.0000000000000000   1.2227263201019296E+02   2.8550483707593932E-01
    7100.0000000000000000   1.2378559417547187E+02   2.8222313915617359E-01
    7200.0000000000000000   1.2529620546955132E+02   2.7900915914149016E-01
    7300.0000000000000000   1.2680358392827067E+02   2.7606754160476760E-01
    7400.0000000000000000   1.2830973359291602E+02   2.7296005852217359E-01
    7500.0000000000000000   1.2981461886576221E+02   2.6974553194391065E-01
    7600.0000000000000000   1.3131545854769638E+02   2.6698021741966843E-01
    7700.0000000000000000   1.3281441882004654E+02   2.6419354769371722E-01
    7800.0000000000000000   1.3431288295262567E+02   2.6116976379109258E-01
    7900.0000000000000000   1.3580654213041717E+02   2.5873595246357639E-01
    8000.0000000000000000   1.3730091212902522E+02   2.5580631375746116E-01
    8100.0000000000000000   1.3879132841813188E+02   2.5331137993274266E-01
    8200.0000000000000000   1.4028112055264404E+02   2.5060658428047505E-01
    8300.0000000000000000   1.4176644938633373E+02   2.4843355980729975E-01
    8400.0000000000000000   1.4325307323346129E+02   2.4569526650524609E-01
    8500.0000000000000000   1.4473496737953766E+02   2.4351432955690713E-01
    8600.0000000000000000   1.4621697106097221E+02   2.4103466867082607E-01
    8700.0000000000000000   1.4769694900299586E+02   2.3862531449318319E-01
    8800.0000000000000000   1.4917333445643277E+02   2.3655967597926372E-01
    8900.0000000000000000   1.5064869134400416E+02   2.3443427979401640E-01
    9000.0000000000000000   1.5212356177439742E+02   2.3209684919161716E-01
    9100.0000000000000000   1.5359595050601052E+02   2.2991750867424765E-01
    9200.0000000000000000   1.5506493701183317E+02   2.2806841770494787E-01
    9300.0000000000000000   1.5653347557639259E+02   2.2604686250575917E-01
    9400.0000000000000000   1.5800108483689169E+02   2.2393254914214666E-01
    9500.0000000000000000   1.5946663633046990E+02   2.2191930460724502E-01
    9600.0000000000000000   1.6093043302445085E+02   2.1995880892109679E-01
    9700.0000000000000000   1.6239257926562399E+02   2.1803331835248102E-01
    9800.0000000000000000   1.6385296532151344E+02   2.1616302001252399E-01
    9900.0000000000000000   1.6531159848846428E+02   2.1435051693531756E-01
   10000.0000000000000000   1.6676860956064257E+02   2.1257753001926563E-01
   11000.0000000000000000   1.8125432563523674E+02   1.9665625791083388E-01
   12000.0000000000000000   1.9560416082156704E+02   1.8263185141395105E-01
   13000.0000000000000000   2.0982736359104274E+02   1.7064940264015027E-01
   14000.0000000000000000   2.2393503122814903E+02   1.6040898486496699E-01
   15000.0000000000000000   2.3793814927930896E+02   1.5140353289346600E-01
   16000.0000000000000000   2.5184559622271126E+02   1.4335184459614006E-01
   17000.0000000000000000   2.6566570749623435E+02   1.3601934332134474E-01
   18000.0000000000000000   2.7939949143872525E+02   1.2977196538408398E-01
   19000.0000000000000000   2.9305413540982437E+02   1.2429291555452149E-01
   20000.0000000000000000   3.0664366953859343E+02   1.1868356951183576E-01
   21000.0000000000000000   3.2016095710139837E+02   1.1387556416511030E-01
   22000.0000000000000000   3.3361636498050689E+02   1.0926465376439652E-01
   23000.0000000000000000   3.4700826545794769E+02   1.0534724371401667E-01
   24000.0000000000000000   3.6033991124631177E+02   1.0178647514927693E-01
   25000.0000000000000000   3.7362470139951125E+02   9.7979738816096382E-02
   26000.0000000000000000   3.8685265534051837E+02   9.4763659933019495E-02
   27000.0000000000000000   4.0003060296944790E+02   9.1733345866997162E-02
   28000.0000000000000000   4.1315608481616039E+02   8.9320090832769081E-02
   29000.0000000000000000   4.2624799699814258E+02   8.6286004837561672E-02
   30000.0000000000000000   4.3927937774855002E+02   8.4391142471068728E-02
   31000.0000000000000000   4.5228763487668061E+02   8.1481181749896894E-02
   32000.0000000000000000   4.6523797634580052E+02   7.9916949889132380E-02
   33000.0000000000000000   4.7816996760077137E+02   7.7160658471187443E-02
   34000.0000000000000000   4.9105286624079571E+02   7.5181853385098668E-02
   35000.0000000000000000   5.0388862982290470E+02   7.3925105864904431E-02
   36000.0000000000000000   5.1671075327305516E+02   7.1597964684646617E-02
   37000.0000000000000000   5.2948612712679119E+02   6.9952419816297254E-02
   38000.0000000000000000   5.4222956617210025E+02   6.8298641803225910E-02
   39000.0000000000000000   5.5494755776969100E+02   6.6713378311940685E-02
   40000.0000000000000000   5.6762096999568257E+02   6.5650978628992218E-02
   41000.0000000000000000   5.8027618749117437E+02   6.4111876857094463E-02
   42000.0000000000000000   5.9290289670404309E+02   6.2592345988322862E-02
   43000.0000000000000000   6.0549412927247533E+02   6.1692526003463838E-02
   44000.0000000000000000   6.1805374421487556E+02   6.0614248715494382E-02
   45000.0000000000000000   6.3061133091722456E+02   5.8896670727404427E-02
   46000.0000000000000000   6.4311384127184908E+02   5.8507185449143649E-02
   47000.0000000000000000   6.5561389759834947E+02   5.6865731969320835E-02
   48000.0000000000000000   6.6807608639212594E+02   5.5829375915905068E-02
   49000.0000000000000000   6.8051372907112682E+02   5.4881962207844366E-02
   50000.0000000000000000   6.9293366547443770E+02   5.3769062957630245E-02
