       0.0010000000000000   2.2887319881301009E+03
       0.1000000000000000   2.8891834185443575E+01
       0.2000000000000000   1.5960649034222143E+01
       0.3000000000000000   1.1457020798646923E+01
       0.4000000000000000   9.1315731221794429E+00
       0.5000000000000000   7.6994140191753022E+00
       0.6000000000000000   6.7232779819112336E+00
       0.7000000000000000   6.0124867210851640E+00
       0.7999999999999999   5.4702410952137059E+00
       0.8999999999999999   5.0420241268279904E+00
       0.9999999999999999   4.6947147225613062E+00
       2.0000000000000000   3.0607660736545057E+00
       3.0000000000000000   2.4818209027620397E+00
       4.0000000000000000   2.1877719722286360E+00
       5.0000000000000000   2.0139968676077356E+00
       6.0000000000000000   1.9029607777724111E+00
       7.0000000000000000   1.8290519547923709E+00
       8.0000000000000000   1.7790479230817293E+00
       9.0000000000000000   1.7453959089623912E+00
      10.0000000000000000   1.7234515554082701E+00
      11.0000000000000000   1.7101936105242990E+00
      12.0000000000000000   1.7035674160765975E+00
      13.0000000000000000   1.7021244774118933E+00
      14.0000000000000000   1.7048128030795722E+00
      15.0000000000000000   1.7108490196565904E+00
      16.0000000000000000   1.7196372094787264E+00
      17.0000000000000000   1.7307156361785734E+00
      18.0000000000000000   1.7437207476542180E+00
      19.0000000000000000   1.7583622326334440E+00
      20.0000000000000000   1.7744053501256449E+00
      21.0000000000000000   1.7916581637979778E+00
      22.0000000000000000   1.8099621574943785E+00
      23.0000000000000000   1.8291852275746061E+00
      24.0000000000000000   1.8492163756998303E+00
      25.0000000000000000   1.8699616376696258E+00
      26.0000000000000000   1.8913409238070431E+00
      27.0000000000000000   1.9132855404990314E+00
      28.0000000000000000   1.9357362269129170E+00
      29.0000000000000000   1.9586415857075317E+00
      30.0000000000000000   1.9819568181529261E+00
      31.0000000000000000   2.0056426967080236E+00
      32.0000000000000000   2.0296647244323283E+00
      33.0000000000000000   2.0539924426475862E+00
      34.0000000000000000   2.0785988571131893E+00
      35.0000000000000000   2.1034599596244599E+00
      36.0000000000000000   2.1285543269705940E+00
      37.0000000000000000   2.1538627829987580E+00
      38.0000000000000000   2.1793681124566220E+00
      39.0000000000000000   2.2050548175602063E+00
      40.0000000000000000   2.2309089100207777E+00
      41.0000000000000000   2.2569177326104457E+00
      42.0000000000000000   2.2830698054950589E+00
      43.0000000000000000   2.3093546933829914E+00
      44.0000000000000000   2.3357628902901069E+00
      45.0000000000000000   2.3622857192208810E+00
      46.0000000000000000   2.3889152445823760E+00
      47.0000000000000000   2.4156441954639520E+00
      48.0000000000000000   2.4424658982480660E+00
      49.0000000000000000   2.4693742172466790E+00
      50.0000000000000000   2.4963635022688240E+00
      51.0000000000000000   2.5234285422084417E+00
      52.0000000000000000   2.5505645238231800E+00
      53.0000000000000000   2.5777669950800006E+00
      54.0000000000000000   2.6050318324583506E+00
      55.0000000000000000   2.6323552117381497E+00
      56.0000000000000000   2.6597335818356918E+00
      57.0000000000000000   2.6871636413334112E+00
      58.0000000000000000   2.7146423173650489E+00
      59.0000000000000000   2.7421667466132318E+00
      60.0000000000000000   2.7697342581536586E+00
      61.0000000000000000   2.7973423579557100E+00
      62.0000000000000000   2.8249887148428945E+00
      63.0000000000000000   2.8526711477626105E+00
      64.0000000000000000   2.8803876142315814E+00
      65.0000000000000000   2.9081361998085478E+00
      66.0000000000000000   2.9359151085252448E+00
      67.0000000000000000   2.9637226541392185E+00
      68.0000000000000000   2.9915572521542724E+00
      69.0000000000000000   3.0194174125150792E+00
      70.0000000000000000   3.0473017329310879E+00
      71.0000000000000000   3.0752088927247416E+00
      72.0000000000000000   3.1031376472117680E+00
      73.0000000000000000   3.1310868225245700E+00
      74.0000000000000000   3.1590553108483488E+00
      75.0000000000000000   3.1870420660308700E+00
      76.0000000000000000   3.2150460995345798E+00
      77.0000000000000000   3.2430664767090680E+00
      78.0000000000000000   3.2711023133230008E+00
      79.0000000000000000   3.2991527723798124E+00
      80.0000000000000000   3.3272170611589016E+00
      81.0000000000000000   3.3552944284699260E+00
      82.0000000000000000   3.3833841621110921E+00
      83.0000000000000000   3.4114855865040372E+00
      84.0000000000000000   3.4395980605132892E+00
      85.0000000000000000   3.4677209753829685E+00
      86.0000000000000000   3.4958537528486637E+00
      87.0000000000000000   3.5239958433661323E+00
      88.0000000000000000   3.5521467244590110E+00
      89.0000000000000000   3.5803058991742915E+00
      90.0000000000000000   3.6084728946584481E+00
      91.0000000000000000   3.6366472607931235E+00
      92.0000000000000000   3.6648285689479603E+00
      93.0000000000000000   3.6930164108068544E+00
      94.0000000000000000   3.7212103972602160E+00
      95.0000000000000000   3.7494101573759524E+00
      96.0000000000000000   3.7776153374307562E+00
      97.0000000000000000   3.8058256000051824E+00
      98.0000000000000000   3.8340406231227333E+00
      99.0000000000000000   3.8622600994561624E+00
     100.0000000000000000   3.8904837355689419E+00
     110.0000000000000000   4.1728929609464442E+00
     120.0000000000000000   4.4554758209382284E+00
     130.0000000000000000   4.7380872055346366E+00
     140.0000000000000000   5.0206319351827666E+00
     150.0000000000000000   5.3030470930268523E+00
     160.0000000000000000   5.5852911240786467E+00
     170.0000000000000000   5.8673368988013062E+00
     180.0000000000000000   6.1491671827740397E+00
     190.0000000000000000   6.4307716113594697E+00
     200.0000000000000000   6.7121446308130404E+00
     210.0000000000000000   6.9932840741367448E+00
     220.0000000000000000   7.2741901623511298E+00
     230.0000000000000000   7.5548647958362665E+00
     240.0000000000000000   7.8353110465841880E+00
     250.0000000000000000   8.1155327915575626E+00
     260.0000000000000000   8.3955344462528476E+00
     270.0000000000000000   8.6753207703276534E+00
     280.0000000000000000   8.9548967253946472E+00
     287.9990000000000236   9.1783814915762267E+00
     288.0009999999999764   9.1784373535425949E+00
     290.0000000000000000   9.2342673710273981E+00
     300.0000000000000000   9.5134377888137962E+00
     310.0000000000000000   9.7924130272564405E+00
     320.0000000000000000   1.0071198062123413E+01
     330.0000000000000000   1.0349797768384001E+01
     340.0000000000000000   1.0628216900765153E+01
     350.0000000000000000   1.0906460080855398E+01
     360.0000000000000000   1.1184531788999244E+01
     370.0000000000000000   1.1462436359916175E+01
     380.0000000000000000   1.1740177980952295E+01
     390.0000000000000000   1.2017760692421147E+01
     400.0000000000000000   1.2295188389349445E+01
     410.0000000000000000   1.2572464824357743E+01
     420.0000000000000000   1.2849593611242948E+01
     430.0000000000000000   1.3126578229123270E+01
     440.0000000000000000   1.3403422026892477E+01
     450.0000000000000000   1.3680128227891078E+01
     460.0000000000000000   1.3956699934677042E+01
     470.0000000000000000   1.4233140133795425E+01
     480.0000000000000000   1.4509451700542801E+01
     490.0000000000000000   1.4785637403605875E+01
     500.0000000000000000   1.5061699909631653E+01
     510.0000000000000000   1.5337641787621612E+01
     520.0000000000000000   1.5613465513215386E+01
     530.0000000000000000   1.5889173472768888E+01
     540.0000000000000000   1.6164767967320884E+01
     550.0000000000000000   1.6440251216345484E+01
     560.0000000000000000   1.6715625361373316E+01
     570.0000000000000000   1.6990892469423123E+01
     580.0000000000000000   1.7266054536305841E+01
     590.0000000000000000   1.7541113489728065E+01
     600.0000000000000000   1.7816071192295396E+01
     610.0000000000000000   1.8090929444332847E+01
     620.0000000000000000   1.8365689986593917E+01
     630.0000000000000000   1.8640354502806161E+01
     640.0000000000000000   1.8914924622132180E+01
     650.0000000000000000   1.9189401921477071E+01
     660.0000000000000000   1.9463787927679462E+01
     670.0000000000000000   1.9738084119638046E+01
     680.0000000000000000   2.0012291930264929E+01
     690.0000000000000000   2.0286412748412605E+01
     700.0000000000000000   2.0560447920648986E+01
     710.0000000000000000   2.0834398752996933E+01
     720.0000000000000000   2.1108266512532939E+01
     730.0000000000000000   2.1382052428971004E+01
     740.0000000000000000   2.1655757696108150E+01
     750.0000000000000000   2.1929383473258849E+01
     760.0000000000000000   2.2202930886568616E+01
     770.0000000000000000   2.2476401030312282E+01
     780.0000000000000000   2.2749794968090509E+01
     790.0000000000000000   2.3023113734003825E+01
     800.0000000000000000   2.3296358333746412E+01
     810.0000000000000000   2.3569529745675634E+01
     820.0000000000000000   2.3842628921797612E+01
     830.0000000000000000   2.4115656788752112E+01
     840.0000000000000000   2.4388614248707650E+01
     850.0000000000000000   2.4661502180254182E+01
     860.0000000000000000   2.4934321439239952E+01
     870.0000000000000000   2.5207072859553890E+01
     880.0000000000000000   2.5479757253921775E+01
     890.0000000000000000   2.5752375414609304E+01
     900.0000000000000000   2.6024928114147862E+01
     910.0000000000000000   2.6297416105985683E+01
     920.0000000000000000   2.6569840125148907E+01
     930.0000000000000000   2.6842200888837848E+01
     940.0000000000000000   2.7114499097043087E+01
     950.0000000000000000   2.7386735433078531E+01
     960.0000000000000000   2.7658910564158194E+01
     970.0000000000000000   2.7931025141889155E+01
     980.0000000000000000   2.8203079802790967E+01
     990.0000000000000000   2.8475075168755811E+01
    1000.0000000000000000   2.8747011847531645E+01
    1100.0000000000000000   3.1463275257123769E+01
    1200.0000000000000000   3.4174248395604913E+01
    1300.0000000000000000   3.6880361210329333E+01
    1400.0000000000000000   3.9581968050339974E+01
    1500.0000000000000000   4.2279365010898012E+01
    1600.0000000000000000   4.4972802501555535E+01
    1700.0000000000000000   4.7662494544463094E+01
    1800.0000000000000000   5.0348625781476905E+01
    1900.0000000000000000   5.3031356841818138E+01
    2000.0000000000000000   5.5710828514561335E+01
    2100.0000000000000000   5.8387165035009254E+01
    2200.0000000000000000   6.1060476704104964E+01
    2300.0000000000000000   6.3730861998835636E+01
    2400.0000000000000000   6.6398409289331084E+01
    2500.0000000000000000   6.9063198248492242E+01
    2600.0000000000000000   7.1725301018838323E+01
    2700.0000000000000000   7.4384783185677094E+01
    2800.0000000000000000   7.7041704594465912E+01
    2900.0000000000000000   7.9696120041805401E+01
    3000.0000000000000000   8.2348079863049122E+01
    3100.0000000000000000   8.4997630434903002E+01
    3200.0000000000000000   8.7644814607499086E+01
    3300.0000000000000000   9.0289672077710307E+01
    3400.0000000000000000   9.2932239713124190E+01
    3500.0000000000000000   9.5572551834475149E+01
    3600.0000000000000000   9.8210640462828266E+01
    3700.0000000000000000   1.0084653553674777E+02
    3800.0000000000000000   1.0348026510377623E+02
    3900.0000000000000000   1.0611185548986951E+02
    4000.0000000000000000   1.0874133144978255E+02
    4100.0000000000000000   1.1136871630098562E+02
    4200.0000000000000000   1.1399403204322043E+02
    4300.0000000000000000   1.1661729946557604E+02
    4400.0000000000000000   1.1923853824263392E+02
    4500.0000000000000000   1.2185776702099417E+02
    4600.0000000000000000   1.2447500349733201E+02
    4700.0000000000000000   1.2709026448901403E+02
    4800.0000000000000000   1.2970356599809188E+02
    4900.0000000000000000   1.3231492326940472E+02
    5000.0000000000000000   1.3492435084348011E+02
    5100.0000000000000000   1.3753186260475508E+02
    5200.0000000000000000   1.4013747182562767E+02
    5300.0000000000000000   1.4274119120679043E+02
    5400.0000000000000000   1.4534303291417658E+02
    5500.0000000000000000   1.4794300861289187E+02
    5600.0000000000000000   1.5054112949845697E+02
    5700.0000000000000000   1.5313740632550468E+02
    5800.0000000000000000   1.5573184943435729E+02
    5900.0000000000000000   1.5832446877548404E+02
    6000.0000000000000000   1.6091527393217476E+02
    6100.0000000000000000   1.6350427414154666E+02
    6200.0000000000000000   1.6609147831398923E+02
    6300.0000000000000000   1.6867689505124099E+02
    6400.0000000000000000   1.7126053266322796E+02
    6500.0000000000000000   1.7384239918367706E+02
    6600.0000000000000000   1.7642250238470751E+02
    6700.0000000000000000   1.7900084979042089E+02
    6800.0000000000000000   1.8157744868963857E+02
    6900.0000000000000000   1.8415230614770852E+02
    7000.0000000000000000   1.8672542901768963E+02
    7100.0000000000000000   1.8929682395067641E+02
    7200.0000000000000000   1.9186649740563379E+02
    7300.0000000000000000   1.9443445565850072E+02
    7400.0000000000000000   1.9700070481082156E+02
    7500.0000000000000000   1.9956525079777873E+02
    7600.0000000000000000   2.0212809939586862E+02
    7700.0000000000000000   2.0468925622998833E+02
    7800.0000000000000000   2.0724872678024812E+02
    7900.0000000000000000   2.0980651638829642E+02
    8000.0000000000000000   2.1236263026331264E+02
    8100.0000000000000000   2.1491707348774156E+02
    8200.0000000000000000   2.1746985102256767E+02
    8300.0000000000000000   2.2002096771246343E+02
    8400.0000000000000000   2.2257042829054225E+02
    8500.0000000000000000   2.2511823738294402E+02
    8600.0000000000000000   2.2766439951307345E+02
    8700.0000000000000000   2.3020891910576478E+02
    8800.0000000000000000   2.3275180049110412E+02
    8900.0000000000000000   2.3529304790814726E+02
    9000.0000000000000000   2.3783266550836242E+02
    9100.0000000000000000   2.4037065735900975E+02
    9200.0000000000000000   2.4290702744629806E+02
    9300.0000000000000000   2.4544177967835523E+02
    9400.0000000000000000   2.4797491788810265E+02
    9500.0000000000000000   2.5050644583601766E+02
    9600.0000000000000000   2.5303636721270453E+02
    9700.0000000000000000   2.5556468564140687E+02
    9800.0000000000000000   2.5809140468028858E+02
    9900.0000000000000000   2.6061652782482628E+02
   10000.0000000000000000   2.6314005850987292E+02
   11000.0000000000000000   2.8828849629593412E+02
   12000.0000000000000000   3.1328108565760920E+02
   13000.0000000000000000   3.3812051555112771E+02
   14000.0000000000000000   3.6280916446553613E+02
   15000.0000000000000000   3.8734917398480673E+02
   16000.0000000000000000   4.1174250072381977E+02
   17000.0000000000000000   4.3599095394785689E+02
   18000.0000000000000000   4.6009622343266778E+02
   19000.0000000000000000   4.8405990050060223E+02
   20000.0000000000000000   5.0788349417825947E+02
   21000.0000000000000000   5.3156844379788345E+02
   22000.0000000000000000   5.5511612896011025E+02
   23000.0000000000000000   5.7852787750869561E+02
   24000.0000000000000000   6.0180497198645207E+02
   25000.0000000000000000   6.2494865491476605E+02
   26000.0000000000000000   6.4796013315325399E+02
   27000.0000000000000000   6.7084058153019009E+02
   28000.0000000000000000   6.9359114589171486E+02
   29000.0000000000000000   7.1621294568076075E+02
   30000.0000000000000000   7.3870707613577542E+02
   31000.0000000000000000   7.6107461017503886E+02
   32000.0000000000000000   7.8331660002514138E+02
   33000.0000000000000000   8.0543407863363495E+02
   34000.0000000000000000   8.2742806090321142E+02
   35000.0000000000000000   8.4929954477536808E+02
   36000.0000000000000000   8.7104951218647386E+02
   37000.0000000000000000   8.9267892991587087E+02
   38000.0000000000000000   9.1418875034112534E+02
   39000.0000000000000000   9.3557991211449485E+02
   40000.0000000000000000   9.5685334077039931E+02
   41000.0000000000000000   9.7800994927339150E+02
   42000.0000000000000000   9.9905063851657883E+02
   43000.0000000000000000   1.0199762977722316E+03
   44000.0000000000000000   1.0407878051052878E+03
   45000.0000000000000000   1.0614860277518010E+03
   46000.0000000000000000   1.0820718224653499E+03
   47000.0000000000000000   1.1025460358390364E+03
   48000.0000000000000000   1.1229095046012869E+03
   49000.0000000000000000   1.1431630558911506E+03
   50000.0000000000000000   1.1633075075155982E+03
