       0.1000000000000000   4.5836576756234983E+01   6.3573539590266212E-04
       0.2000000000000000   4.0173349175614732E+01   1.2485728206165041E-03
       0.3000000000000000   3.8199737451036832E+01   1.8626926608039970E-03
       0.4000000000000000   3.7363637886916884E+01   2.4542404178932347E-03
       0.5000000000000000   3.6878375917557790E+01   3.0435920598933632E-03
       0.6000000000000000   3.6563505437226738E+01   3.6315918981514408E-03
       0.7000000000000000   3.6348894048376501E+01   4.2190467223650833E-03
       0.7999999999999999   3.6195651498368022E+01   4.8064925228166440E-03
       0.8999999999999999   3.6085959636428377E+01   5.3926316656772270E-03
       0.9999999999999999   3.6002422732751803E+01   5.9798208407797135E-03
       2.0000000000000000   3.5704358193339772E+01   1.1888463701618385E-02
       3.0000000000000000   3.5553840160421537E+01   1.7956793486603270E-02
       4.0000000000000000   3.5326257189331670E+01   2.4269077299534290E-02
       5.0000000000000000   3.5003586645403821E+01   3.0885406698057088E-02
       6.0000000000000000   3.4598751256587498E+01   3.7852719973836872E-02
       7.0000000000000000   3.4131514092642519E+01   4.5201779678340312E-02
       8.0000000000000000   3.3617617416789543E+01   5.2957340875857968E-02
       9.0000000000000000   3.3070590728028463E+01   6.1138525359893864E-02
      10.0000000000000000   3.2500626483126126E+01   6.9762307683183825E-02
      11.0000000000000000   3.1916367445086710E+01   7.8841882985647108E-02
      12.0000000000000000   3.1324470798250680E+01   8.8387737172337430E-02
      13.0000000000000000   3.0730541725396048E+01   9.8408039267334435E-02
      14.0000000000000000   3.0138293397698106E+01   1.0891189882226240E-01
      15.0000000000000000   2.9550717985996663E+01   1.1990759948039428E-01
      16.0000000000000000   2.8970284997847351E+01   1.3140171483666852E-01
      17.0000000000000000   2.8398525748022166E+01   1.4340249795678889E-01
      18.0000000000000000   2.7836755383766057E+01   1.5591747139337911E-01
      19.0000000000000000   2.7285746225028848E+01   1.6895469172881222E-01
      20.0000000000000000   2.6746008221665608E+01   1.8252337892014886E-01
      21.0000000000000000   2.6217768264379259E+01   1.9663376504973376E-01
      22.0000000000000000   2.5701167126234594E+01   2.1129618870764752E-01
      23.0000000000000000   2.5196171243964208E+01   2.2652216057690350E-01
      24.0000000000000000   2.4702583680301174E+01   2.4232515344093089E-01
      25.0000000000000000   2.4220164436554207E+01   2.5871953562572325E-01
      26.0000000000000000   2.3748611618656007E+01   2.7572112541630422E-01
      27.0000000000000000   2.3287579303519387E+01   2.9334725883040086E-01
      28.0000000000000000   2.2836703616240680E+01   3.1161676224202306E-01
      29.0000000000000000   2.2395585065975322E+01   3.3055030250299089E-01
      30.0000000000000000   2.1963832493783130E+01   3.5017022736908066E-01
      31.0000000000000000   2.1541034679085620E+01   3.7050091986668016E-01
      32.0000000000000000   2.1126805683202537E+01   3.9156848107669789E-01
      33.0000000000000000   2.0720745205805713E+01   4.1340137534169308E-01
      34.0000000000000000   2.0322472745711259E+01   4.3603019653095965E-01
      35.0000000000000000   1.9931616326690605E+01   4.5948789337274015E-01
      36.0000000000000000   1.9547817904984175E+01   4.8380989425784676E-01
      37.0000000000000000   1.9170733537130239E+01   5.0903425494269217E-01
      38.0000000000000000   1.8800035448747977E+01   5.3520181102482778E-01
      39.0000000000000000   1.8435409631971709E+01   5.6235635353303615E-01
      40.0000000000000000   1.8076560452255229E+01   5.9054475366527337E-01
      41.0000000000000000   1.7723206406791054E+01   6.1981721389977540E-01
      42.0000000000000000   1.7375082520714525E+01   6.5022741304830800E-01
      43.0000000000000000   1.7031940609769542E+01   6.8183272440027520E-01
      44.0000000000000000   1.6693549754651311E+01   7.1469433750199307E-01
      45.0000000000000000   1.6359693644613323E+01   7.4887759043103796E-01
      46.0000000000000000   1.6030173447204678E+01   7.8445207157845886E-01
      47.0000000000000000   1.5704807076215287E+01   8.2149183300244688E-01
      48.0000000000000000   1.5383429517730987E+01   8.6007555891343268E-01
      49.0000000000000000   1.5065893312653760E+01   9.0028671257021364E-01
      50.0000000000000000   1.4752068974992898E+01   9.4221364062659818E-01
      51.0000000000000000   1.4441845363175458E+01   9.8594963439667116E-01
      52.0000000000000000   1.4135130989076325E+01   1.0315929064805629E+00
      53.0000000000000000   1.3831854537098137E+01   1.0792464813590406E+00
      54.0000000000000000   1.3531966118834951E+01   1.1290179623166883E+00
      55.0000000000000000   1.3235438148465152E+01   1.1810191628560269E+00
      56.0000000000000000   1.2942267089253551E+01   1.2353655623709907E+00
      57.0000000000000000   1.2652476214168448E+01   1.2921751609923435E+00
      58.0000000000000000   1.2366113520535610E+01   1.3515679775686149E+00
      59.0000000000000000   1.2083255450878145E+01   1.4136643109649352E+00
      60.0000000000000000   1.1804010366263469E+01   1.4785825556815240E+00
      60.9990000000000023   1.1528788794069456E+01   1.5463683398959767E+00
      61.0000000000000000   1.1528515225755891E+01   1.5464376987849060E+00
      61.0009999999999977   1.1528241661359067E+01   1.5465070607199118E+00
      62.0000000000000000   1.1256939442210909E+01   1.6173381277716177E+00
      63.0000000000000000   1.0989484499318380E+01   1.6913825770820008E+00
      64.0000000000000000   1.0726383363522274E+01   1.7686564873487731E+00
      65.0000000000000000   1.0467899237970068E+01   1.8492279509354566E+00
      66.0000000000000000   1.0214323035917236E+01   1.9331433481085540E+00
      67.0000000000000000   9.9659695562360930E+00   2.0204228336836234E+00
      68.0000000000000000   9.7231722302845842E+00   2.1110558961324046E+00
      69.0000000000000000   9.4862763709682270E+00   2.2049972678517622E+00
      70.0000000000000000   9.2556310440654936E+00   2.3021635039090369E+00
      71.0000000000000000   9.0315797901626915E+00   2.4024305630521283E+00
      72.0000000000000000   8.8144506313173920E+00   2.5056326944315250E+00
      73.0000000000000000   8.6045458499361711E+00   2.6115628704289056E+00
      74.0000000000000000   8.4021321934790745E+00   2.7199748940209973E+00
      75.0000000000000000   8.2074320566770389E+00   2.8305872046442588E+00
      75.9989999999999952   8.0207996335068223E+00   2.9429746897596250E+00
      76.0000000000000000   8.0206167997944249E+00   2.9430880239063861E+00
      76.0010000000000048   8.0204339740866502E+00   2.9432013596076980E+00
      77.0000000000000000   7.8418012202123952E+00   3.0571420469007409E+00
      78.0000000000000000   7.6710413898610232E+00   3.1723976093940771E+00
      79.0000000000000000   7.5083344242406831E+00   3.2884943832973264E+00
      80.0000000000000000   7.3536206221604017E+00   3.4050709455457149E+00
      81.0000000000000000   7.2067875386190563E+00   3.5217718516185008E+00
      82.0000000000000000   7.0676755555188358E+00   3.6382538964171731E+00
      83.0000000000000000   6.9360844377204884E+00   3.7541913490900858E+00
      84.0000000000000000   6.8117803976914919E+00   3.8692800553357372E+00
      85.0000000000000000   6.6945032546053236E+00   3.9832403941728303E+00
      86.0000000000000000   6.5839733153211233E+00   4.0958191527804253E+00
      86.9989999999999952   6.4799986809118426E+00   4.2066803397449162E+00
      87.0000000000000000   6.4798977297007356E+00   4.2067904397633908E+00
      87.0010000000000048   6.4797967846438667E+00   4.2069005379736506E+00
      88.0000000000000000   6.3819762003902056E+00   4.3159557510125515E+00
      89.0000000000000000   6.2899058292859191E+00   4.4231434241894778E+00
      90.0000000000000000   6.2033852582842828E+00   4.5282075305331428E+00
      90.9989999999999952   6.1221967408746440E+00   4.6309247623849155E+00
      91.0000000000000000   6.1221180007274967E+00   4.6310264250347632E+00
      91.0010000000000048   6.1220392655438891E+00   4.6311280853386076E+00
      92.0000000000000000   6.0458150642508866E+00   4.7315010469973888E+00
      93.0000000000000000   5.9741969382062710E+00   4.8295530795980923E+00
      94.0000000000000000   5.9069950283592769E+00   4.9251230514517266E+00
      95.0000000000000000   5.8439526237442223E+00   5.0181684442268928E+00
      96.0000000000000000   5.7848254769000729E+00   5.1086618536969288E+00
      97.0000000000000000   5.7293820712969152E+00   5.1965892375371761E+00
      98.0000000000000000   5.6774036403899819E+00   5.2819482717708084E+00
      99.0000000000000000   5.6286840008742276E+00   5.3647468282628568E+00
     100.0000000000000000   5.5830292313976750E+00   5.4450015800467426E+00
     110.0000000000000000   5.2601762641159553E+00   6.1154160462784555E+00
     113.9989999999999952   5.1819823986155908E+00   6.3229445001866242E+00
     114.0010000000000048   5.1819487997833038E+00   6.3230406172463987E+00
     120.0000000000000000   5.1019082579749462E+00   6.5799766366326917E+00
     130.0000000000000000   5.0395224542100427E+00   6.8893503890380590E+00
     140.0000000000000000   5.0363832813117124E+00   7.0853824647293990E+00
     150.0000000000000000   5.0717918730644689E+00   7.1992859635518069E+00
     160.0000000000000000   5.1333692542786569E+00   7.2536638842176844E+00
     170.0000000000000000   5.2133343811407764E+00   7.2647963472189367E+00
     180.0000000000000000   5.3065853208899743E+00   7.2444537017401380E+00
     190.0000000000000000   5.4096554336027900E+00   7.2012071251415577E+00
     200.0000000000000000   5.5201170935733401E+00   7.1413491296139711E+00
     210.0000000000000000   5.6362260771870840E+00   7.0695362319339248E+00
     220.0000000000000000   5.7483036878547003E+00   7.0180786905548880E+00
     230.0000000000000000   5.8764975050160633E+00   6.9214527141618047E+00
     240.0000000000000000   6.0053855761485222E+00   6.8273141075912163E+00
     250.0000000000000000   6.1348182415744867E+00   6.7357717941649895E+00
     260.0000000000000000   6.2646768919257534E+00   6.6468721247272793E+00
     270.0000000000000000   6.3948665858332667E+00   6.5606177274302864E+00
     280.0000000000000000   6.5253106355729340E+00   6.4769808225802077E+00
     290.0000000000000000   6.6622739909257662E+00   6.3751857617477405E+00
     300.0000000000000000   6.7927677347443955E+00   6.2975317357315932E+00
     310.0000000000000000   6.9292421500044377E+00   6.2032038214849932E+00
     320.0000000000000000   7.0653670585276842E+00   6.1126846465369518E+00
     330.0000000000000000   7.2011423683089530E+00   6.0257471232446767E+00
     338.9990000000000236   7.3214044267147544E+00   5.9555280558343773E+00
     339.0009999999999764   7.3214347336584762E+00   5.9555013224690834E+00
     340.0000000000000000   7.3365700654708776E+00   5.9421803084167575E+00
     350.0000000000000000   7.4716536421660686E+00   5.8617884512344141E+00
     356.9990000000000236   7.5665097228025981E+00   5.8057149806971635E+00
     357.0009999999999764   7.5665397468071216E+00   5.8056900097432260E+00
     360.0000000000000000   7.6063976844396084E+00   5.7843899564322738E+00
     370.0000000000000000   7.7408076000390995E+00   5.7098162399525298E+00
     380.0000000000000000   7.8797392060826361E+00   5.6230585029084459E+00
     390.0000000000000000   8.0133624970076269E+00   5.5541491593292571E+00
     400.0000000000000000   8.1466750075248058E+00   5.4876016373036371E+00
     410.0000000000000000   8.2841980369570773E+00   5.4097474373692309E+00
     420.0000000000000000   8.4167826790180609E+00   5.3479632187459725E+00
     430.0000000000000000   8.5534053571151141E+00   5.2753808045135946E+00
     440.0000000000000000   8.6895640699447725E+00   5.2053911932646466E+00
     450.0000000000000000   8.8252712975720584E+00   5.1378520259210516E+00
     460.0000000000000000   8.9564011793137848E+00   5.0844684139304723E+00
     470.0000000000000000   9.0913024789575321E+00   5.0211528767841642E+00
     480.0000000000000000   9.2257868201356317E+00   4.9599316281761183E+00
     490.0000000000000000   9.3598651827207373E+00   4.9006977568615966E+00
     500.0000000000000000   9.4935481712433241E+00   4.8433516245235326E+00
     510.0000000000000000   9.6268460067793722E+00   4.7878002815644054E+00
     520.0000000000000000   9.7597685647564614E+00   4.7339568542867108E+00
     530.0000000000000000   9.8923253625419552E+00   4.6817400973601444E+00
     540.0000000000000000   1.0024525590523480E+01   4.6310739055100276E+00
     547.9990000000000236   1.0132191065733561E+01   4.5858219746548743E+00
     548.0009999999999764   1.0132218861270889E+01   4.5858083833471852E+00
     550.0000000000000000   1.0156378095427131E+01   4.5818869670223732E+00
     560.0000000000000000   1.0291451752449261E+01   4.5246925274831353E+00
     570.0000000000000000   1.0422580301511514E+01   4.4784599561308216E+00
     580.0000000000000000   1.0553386502038995E+01   4.4335106914695652E+00
     590.0000000000000000   1.0683877977220300E+01   4.3897894937923789E+00
     600.0000000000000000   1.0817453266989741E+01   4.3385378510908987E+00
     610.0000000000000000   1.0947285462965706E+01   4.2972860944945701E+00
     620.0000000000000000   1.1076824943905391E+01   4.2571090839813106E+00
     630.0000000000000000   1.1209355973394956E+01   4.2097268392760823E+00
     640.0000000000000000   1.1338279171033626E+01   4.1717219531441154E+00
     644.9990000000000236   1.1402624588283294E+01   4.1530818482053053E+00
     645.0009999999999764   1.1402651606950139E+01   4.1530712293919301E+00
     650.0000000000000000   1.1470146227035142E+01   4.1267093350254678E+00
     660.0000000000000000   1.1598479494805138E+01   4.0907022373647619E+00
     670.0000000000000000   1.1729708738501659E+01   4.0478758925685492E+00
     680.0000000000000000   1.1857477119156920E+01   4.0137097948220779E+00
     690.0000000000000000   1.1988092793822032E+01   3.9729060322717729E+00
     700.0000000000000000   1.2115319785852714E+01   3.9404402152232092E+00
     710.0000000000000000   1.2245344911818792E+01   3.9015112062360284E+00
     720.0000000000000000   1.2372052369442242E+01   3.8706194962754554E+00
     730.0000000000000000   1.2501508828576096E+01   3.8334313306072572E+00
     740.0000000000000000   1.2630681942263424E+01   3.7971200512192720E+00
     750.0000000000000000   1.2756625601540565E+01   3.7684315559958392E+00
     760.0000000000000000   1.2885260278471304E+01   3.7336813111879379E+00
     763.9990000000000236   1.2934881513180166E+01   3.7239900715871714E+00
     764.0009999999999764   1.2934907772929067E+01   3.7239819246516110E+00
     770.0000000000000000   1.3013627222282979E+01   3.6997174062996017E+00
     780.0000000000000000   1.3138849176123449E+01   3.6730049290788611E+00
     790.0000000000000000   1.3266704887308066E+01   3.6404478754620206E+00
     800.0000000000000000   1.3394306657149397E+01   3.6085998441025438E+00
     810.0000000000000000   1.3518846316298349E+01   3.5836649126810918E+00
     820.0000000000000000   1.3645961911638041E+01   3.5530896704105137E+00
     830.0000000000000000   1.3772835676485409E+01   3.5231573057909942E+00
     840.0000000000000000   1.3899471522142932E+01   3.4938468092282813E+00
     850.0000000000000000   1.4025872110432838E+01   3.4651405582031769E+00
     860.0000000000000000   1.4149321256572026E+01   3.4428559980831031E+00
     870.0000000000000000   1.4275274242689909E+01   3.4152307041113890E+00
     880.0000000000000000   1.4401003585726841E+01   3.3881544150045517E+00
     890.0000000000000000   1.4526511959042278E+01   3.3616117730470894E+00
     900.0000000000000000   1.4651801996148414E+01   3.3355879756485547E+00
     910.0000000000000000   1.4776876646027379E+01   3.3100680173933803E+00
     920.0000000000000000   1.4901739208468177E+01   3.2850366219486911E+00
     930.0000000000000000   1.5026393153513400E+01   3.2604786198187425E+00
     940.0000000000000000   1.5148259410682593E+01   3.2416675463031495E+00
     950.0000000000000000   1.5272520377936392E+01   3.2179507219751620E+00
     960.0000000000000000   1.5396581575232904E+01   3.1946688902585447E+00
     970.0000000000000000   1.5520445664599960E+01   3.1718100368186071E+00
     980.0000000000000000   1.5644115336654165E+01   3.1493624216105274E+00
     990.0000000000000000   1.5767593287819221E+01   3.1273146129066371E+00
    1000.0000000000000000   1.5890882186082949E+01   3.1056555403337263E+00
    1100.0000000000000000   1.7116286358758931E+01   2.9038274767178645E+00
    1200.0000000000000000   1.8325042951896467E+01   2.7321098408814666E+00
    1300.0000000000000000   1.9521172700824355E+01   2.5803388487926395E+00
    1400.0000000000000000   2.0703819740758338E+01   2.4481204877044642E+00
    1500.0000000000000000   2.1878324499414333E+01   2.3254159659032112E+00
    1600.0000000000000000   2.3039439632779636E+01   2.2196839296147459E+00
    1700.0000000000000000   2.4192153878514180E+01   2.1224059047589154E+00
    1800.0000000000000000   2.5335191301543336E+01   2.0350090988876071E+00
    1900.0000000000000000   2.6471148489754430E+01   1.9534536726585074E+00
    2000.0000000000000000   2.7598638223122332E+01   1.8794236969847045E+00
    2100.0000000000000000   2.8718237894748253E+01   1.8118659767272609E+00
    2200.0000000000000000   2.9830428134722261E+01   1.7499548954209834E+00
    2209.9989999999997963   2.9942052735018635E+01   1.7430545512067888E+00
    2210.0010000000002037   2.9942075048737141E+01   1.7430531845902091E+00
    2294.9989999999997963   3.0881798127671683E+01   1.6942156944702460E+00
    2295.0010000000002037   3.0881820304845142E+01   1.6942144360848148E+00
    2300.0000000000000000   3.0937284669493717E+01   1.6910284785778242E+00
    2400.0000000000000000   3.2035962400106868E+01   1.6384357345172285E+00
    2500.0000000000000000   3.3130033745026893E+01   1.5878647495689935E+00
    2600.0000000000000000   3.4218119799234906E+01   1.5409148585883845E+00
    2700.0000000000000000   3.5300473260439347E+01   1.4972475720217566E+00
    2747.9989999999997963   3.5819526007844345E+01   1.4757635982694983E+00
    2748.0010000000002037   3.5819547665893829E+01   1.4757626552803125E+00
    2800.0000000000000000   3.6379036588250081E+01   1.4547702483360458E+00
    2900.0000000000000000   3.7450942794088711E+01   1.4165221014183003E+00
    3000.0000000000000000   3.8519332224861699E+01   1.3792101734767026E+00
    3100.0000000000000000   3.9583051296865456E+01   1.3440534149439853E+00
    3152.9989999999997963   4.0144260229565866E+01   1.3269315451052399E+00
    3153.0010000000002037   4.0144281457798861E+01   1.3269308325876701E+00
    3200.0000000000000000   4.0640661350098505E+01   1.3124360661202779E+00
    3300.0000000000000000   4.1695288321520437E+01   1.2813021839161287E+00
    3400.0000000000000000   4.2745859537405757E+01   1.2517391276009942E+00
    3429.9989999999997963   4.3060085870991607E+01   1.2433036324880029E+00
    3430.0010000000002037   4.3060106842156486E+01   1.2433030430133116E+00
    3500.0000000000000000   4.3792345849120359E+01   1.2237710125020254E+00
    3600.0000000000000000   4.4836508895341460E+01   1.1958374830043152E+00
    3700.0000000000000000   4.5875504449296486E+01   1.1705343689918160E+00
    3800.0000000000000000   4.6910463626224555E+01   1.1467788372465619E+00
    3900.0000000000000000   4.7942041580826412E+01   1.1240651858759014E+00
    4000.0000000000000000   4.8971939572835716E+01   1.1009813017254229E+00
    4100.0000000000000000   4.9996785593378533E+01   1.0803651903962597E+00
    4200.0000000000000000   5.1019934769544300E+01   1.0594343988241877E+00
    4300.0000000000000000   5.2039749328591000E+01   1.0395839210664921E+00
    4400.0000000000000000   5.3055629132520522E+01   1.0213204800402653E+00
    4500.0000000000000000   5.4069660289522410E+01   1.0029685367584298E+00
    4600.0000000000000000   5.5080842847339127E+01   9.8534409570834258E-01
    4700.0000000000000000   5.6088989183205442E+01   9.6859856499080454E-01
    4800.0000000000000000   5.7095309427315662E+01   9.5192091420581726E-01
    4900.0000000000000000   5.8098468668308193E+01   9.3622337711589343E-01
    5000.0000000000000000   5.9098754602779216E+01   9.2130856963460994E-01
    5100.0000000000000000   6.0096669002972895E+01   9.0685523724810602E-01
    5200.0000000000000000   6.1092382855252779E+01   8.9276945496291449E-01
    5300.0000000000000000   6.2085707597857287E+01   8.7918609335847553E-01
    5400.0000000000000000   6.3076129876979245E+01   8.6643328472001402E-01
    5500.0000000000000000   6.4063830635167776E+01   8.5438385834372110E-01
    5600.0000000000000000   6.5050992016669639E+01   8.4173643830504719E-01
    5700.0000000000000000   6.6034924520931668E+01   8.3013146537572347E-01
    5800.0000000000000000   6.7017988621147680E+01   8.1806767642586820E-01
    5900.0000000000000000   6.7998172360479003E+01   8.0693509071765390E-01
    6000.0000000000000000   6.8976245163390630E+01   7.9617699167993927E-01
    6100.0000000000000000   6.9952223788954726E+01   7.8575428060510633E-01
    6200.0000000000000000   7.0927332300405851E+01   7.7511865087482135E-01
    6300.0000000000000000   7.1899593819036141E+01   7.6528479183965081E-01
    6400.0000000000000000   7.2870401082874807E+01   7.5542518844579676E-01
    6500.0000000000000000   7.3837761721184222E+01   7.4683449417053593E-01
    6600.0000000000000000   7.4805274926911252E+01   7.3733023318290025E-01
    6700.0000000000000000   7.5770054918539827E+01   7.2870165936035802E-01
    6800.0000000000000000   7.6734164502738253E+01   7.1967043117754081E-01
    6900.0000000000000000   7.7695247024281414E+01   7.1161475414556508E-01
    7000.0000000000000000   7.8656191742274032E+01   7.0295264133118829E-01
    7100.0000000000000000   7.9614781810661370E+01   6.9490120830420310E-01
    7200.0000000000000000   8.0573641849984284E+01   6.8609065578150030E-01
    7300.0000000000000000   8.1527705889372825E+01   6.7914902205984740E-01
    7400.0000000000000000   8.2481121844364722E+01   6.7184704616375468E-01
    7500.0000000000000000   8.3433395262375143E+01   6.6455474190268593E-01
    7600.0000000000000000   8.4385229673615243E+01   6.5695453890742173E-01
    7700.0000000000000000   8.5334025282177095E+01   6.5028561454682865E-01
    7800.0000000000000000   8.6281968687309742E+01   6.4340034059177587E-01
    7900.0000000000000000   8.7229336071063216E+01   6.3633322296843531E-01
    8000.0000000000000000   8.8172056111697387E+01   6.3098231960102658E-01
    8100.0000000000000000   8.9118487046911369E+01   6.2331824405621505E-01
    8200.0000000000000000   9.0058486094224605E+01   6.1808658968648600E-01
    8300.0000000000000000   9.1001555468099440E+01   6.1113812058969330E-01
    8400.0000000000000000   9.1939671705514854E+01   6.0589637601760638E-01
    8500.0000000000000000   9.2878564593960618E+01   5.9977752261846362E-01
    8600.0000000000000000   9.3817515526136475E+01   5.9317872451774045E-01
    8700.0000000000000000   9.4750444584483560E+01   5.8885582127484593E-01
    8800.0000000000000000   9.5686780280494659E+01   5.8268206463092809E-01
    8900.0000000000000000   9.6621093529247773E+01   5.7687682970710430E-01
    9000.0000000000000000   9.7551506645081517E+01   5.7229232223631854E-01
    9100.0000000000000000   9.8480566067442211E+01   5.6787389459383353E-01
    9200.0000000000000000   9.9412128368219896E+01   5.6203570840355754E-01
    9300.0000000000000000   1.0034169695136841E+02   5.5668482023425470E-01
    9400.0000000000000000   1.0127045898209695E+02   5.5128871554089309E-01
    9500.0000000000000000   1.0219664365103912E+02   5.4656839928637102E-01
    9600.0000000000000000   1.0311988236599699E+02   5.4263712656298835E-01
    9700.0000000000000000   1.0404239809323897E+02   5.3861135094744517E-01
    9800.0000000000000000   1.0496514618627774E+02   5.3414013888996037E-01
    9900.0000000000000000   1.0588737358440066E+02   5.2953457064018228E-01
   10000.0000000000000000   1.0680849354079601E+02   5.2502843425021828E-01
   11000.0000000000000000   1.1596211739640603E+02   4.8475287487245033E-01
   11922.9989999999997963   1.2432819119508822E+02   4.5259337571740438E-01
   11923.0010000000002037   1.2432820954229929E+02   4.5259321284136217E-01
   12000.0000000000000000   1.2501796502107931E+02   4.5165388695209069E-01
   13000.0000000000000000   1.3399033289737304E+02   4.2296542639106421E-01
   13737.9989999999997963   1.4056620542645652E+02   4.0281623506207165E-01
   13738.0010000000002037   1.4056622337795096E+02   4.0281612438018949E-01
   14000.0000000000000000   1.4288630556720460E+02   3.9764284847014009E-01
   14355.9989999999997963   1.4603920282271812E+02   3.8880873687647471E-01
   14356.0010000000002037   1.4603922123069620E+02   3.8880847468903312E-01
   15000.0000000000000000   1.5171157125091267E+02   3.7566954240467709E-01
   16000.0000000000000000   1.6047318278377386E+02   3.5595522519466632E-01
   17000.0000000000000000   1.6918103386871704E+02   3.3673965368431175E-01
   18000.0000000000000000   1.7782993764142435E+02   3.2026694746390794E-01
   19000.0000000000000000   1.8642681410059024E+02   3.0612586955515653E-01
   20000.0000000000000000   1.9496018246748031E+02   2.9541545367146727E-01
   21000.0000000000000000   2.0346916167766972E+02   2.8150187273658117E-01
   22000.0000000000000000   2.1192803641310979E+02   2.7087159704219693E-01
   23000.0000000000000000   2.2034560085533857E+02   2.6132677439953944E-01
   24000.0000000000000000   2.2872796238605474E+02   2.5085038593810138E-01
   25000.0000000000000000   2.3705259521297523E+02   2.4487312861477017E-01
   26000.0000000000000000   2.4536912490372472E+02   2.3496294479574517E-01
   27000.0000000000000000   2.5364260364056923E+02   2.2786650808472322E-01
   28000.0000000000000000   2.6189688203982394E+02   2.1987115616911235E-01
   29000.0000000000000000   2.7010327109114809E+02   2.1382211920757532E-01
   30000.0000000000000000   2.7828694915423614E+02   2.0750438265854726E-01
   31000.0000000000000000   2.8643397200464324E+02   2.0221348919488016E-01
   32000.0000000000000000   2.9457224344465590E+02   1.9673310736268862E-01
   33000.0000000000000000   3.0267660261321134E+02   1.9142482737212696E-01
   34000.0000000000000000   3.1075228106734414E+02   1.8668071337160808E-01
   35000.0000000000000000   3.1880958110571049E+02   1.8172464185021966E-01
   36000.0000000000000000   3.2683865215373044E+02   1.7769116945643523E-01
   37000.0000000000000000   3.3483808921127638E+02   1.7375256176129047E-01
   38000.0000000000000000   3.4281088968803903E+02   1.6966366098356664E-01
   39000.0000000000000000   3.5078390355654875E+02   1.6661634543956116E-01
   40000.0000000000000000   3.5872881427359857E+02   1.6259931816490963E-01
   41000.0000000000000000   3.6664040392190827E+02   1.5960985312432657E-01
   42000.0000000000000000   3.7456018703076904E+02   1.5579943365215163E-01
   43000.0000000000000000   3.8243457199933556E+02   1.5394280774077596E-01
   44000.0000000000000000   3.9029724283276386E+02   1.4940435583731970E-01
   45000.0000000000000000   3.9817562249065026E+02   1.4614735730386430E-01
   46000.0000000000000000   4.0601194948415167E+02   1.4326873823536521E-01
   47000.0000000000000000   4.1378771709793813E+02   1.4279526574871887E-01
   48000.0000000000000000   4.2159288174207768E+02   1.3844741616361400E-01
   49000.0000000000000000   4.2937132258232469E+02   1.3691847094395815E-01
   50000.0000000000000000   4.3714046228582561E+02   1.3493050897507830E-01
   80728.9989999999961583   6.6972980353854211E+02   8.8271665596980825E-02
   80729.0010000000038417   6.6972981787000140E+02   8.8271730576411550E-02
