       0.1000000000000000   3.1501472684718156E+01   9.2463590261006236E-04
       0.2000000000000000   2.7653144001906970E+01   1.8118511322387754E-03
       0.3000000000000000   2.6336473312327598E+01   2.6967254135775460E-03
       0.4000000000000000   2.5800014253966381E+01   3.5450112056475414E-03
       0.5000000000000000   2.5504260081831941E+01   4.3862528630466335E-03
       0.6000000000000000   2.5325352087722997E+01   5.2217289655332334E-03
       0.7000000000000000   2.5215251703310358E+01   6.0526387054765244E-03
       0.7999999999999999   2.5147276877667689E+01   6.8797897712233411E-03
       0.8999999999999999   2.5109159518492106E+01   7.7013728690468047E-03
       0.9999999999999999   2.5089022897426133E+01   8.5207804721846980E-03
       2.0000000000000000   2.5254697021264061E+01   1.6572036603627580E-02
       3.0000000000000000   2.5514644655112154E+01   2.4510423331126487E-02
       4.0000000000000000   2.5709706778162488E+01   3.2468973228081816E-02
       5.0000000000000000   2.5823703422188867E+01   4.0540611429597063E-02
       6.0000000000000000   2.5863064372925614E+01   4.8795938563111228E-02
       7.0000000000000000   2.5839905879906652E+01   5.7282072499987007E-02
       8.0000000000000000   2.5764157748023806E+01   6.6037155365710171E-02
       9.0000000000000000   2.5644813541102774E+01   7.5091552752207219E-02
      10.0000000000000000   2.5488928496228432E+01   8.4472584055089062E-02
      11.0000000000000000   2.5302836835950984E+01   9.4202601308730247E-02
      12.0000000000000000   2.5091697748316719E+01   1.0430082373983832E-01
      13.0000000000000000   2.4860164974129489E+01   1.1478338292403555E-01
      14.0000000000000000   2.4611643489709408E+01   1.2566748552240092E-01
      15.0000000000000000   2.4349139560878385E+01   1.3696899340262825E-01
      16.0000000000000000   2.4075359825724416E+01   1.4870155828851281E-01
      17.0000000000000000   2.3792351281603832E+01   1.6088036325666852E-01
      18.0000000000000000   2.3502049744592068E+01   1.7351931366016546E-01
      19.0000000000000000   2.3205955824794749E+01   1.8663249743092986E-01
      20.0000000000000000   2.2905384013149384E+01   2.0023475582910258E-01
      21.0000000000000000   2.2601400766985805E+01   2.1434153737836600E-01
      22.0000000000000000   2.2294980276530644E+01   2.2896790448494597E-01
      23.0000000000000000   2.1986925035011428E+01   2.4412971397555450E-01
      24.0000000000000000   2.1677865591000099E+01   2.5984439332373355E-01
      25.0000000000000000   2.1368356877812605E+01   2.7612986389925465E-01
      26.0000000000000000   2.1058860371465769E+01   2.9300513639473258E-01
      27.0000000000000000   2.0749756565659162E+01   3.1049039485655788E-01
      28.0000000000000000   2.0441367852914471E+01   3.2860698619312256E-01
      29.0000000000000000   2.0133942014834300E+01   3.4737782037848347E-01
      30.0000000000000000   1.9827694605692102E+01   3.6682720514016381E-01
      31.0000000000000000   1.9522781592879937E+01   3.8698125171930270E-01
      32.0000000000000000   1.9219344854798798E+01   4.0786755324137103E-01
      33.0000000000000000   1.8917475608582034E+01   4.2951588019554127E-01
      34.0000000000000000   1.8617249819608485E+01   4.5195794814728629E-01
      35.0000000000000000   1.8318718265939463E+01   4.7522767129940813E-01
      36.0000000000000000   1.8021914334973559E+01   4.9936130166494652E-01
      37.0000000000000000   1.7726856125315528E+01   5.2439759456971768E-01
      38.0000000000000000   1.7433550760103927E+01   5.5037797558148693E-01
      39.0000000000000000   1.7141993443078427E+01   5.7734673120915869E-01
      40.0000000000000000   1.6852174085714310E+01   6.0535114091160025E-01
      41.0000000000000000   1.6564074977055935E+01   6.3444174574918200E-01
      42.0000000000000000   1.6277674601568510E+01   6.6467249935463124E-01
      43.0000000000000000   1.5992949721084534E+01   6.9610099379066626E-01
      44.0000000000000000   1.5709876740713577E+01   7.2878858975272731E-01
      45.0000000000000000   1.5428431016591345E+01   7.6280075778998058E-01
      46.0000000000000000   1.5148590643026822E+01   7.9820718306188099E-01
      47.0000000000000000   1.4870336932544843E+01   8.3508198517042509E-01
      48.0000000000000000   1.4593655752336485E+01   8.7350389032515929E-01
      49.0000000000000000   1.4318539043445639E+01   9.1355638272629225E-01
      50.0000000000000000   1.4044986058584966E+01   9.5532781179542647E-01
      51.0000000000000000   1.3773004565728746E+01   9.9891145749215127E-01
      52.0000000000000000   1.3502612970777742E+01   1.0444055083560584E+00
      53.0000000000000000   1.3233841430134706E+01   1.0919129546609927E+00
      54.0000000000000000   1.2966733793549015E+01   1.1415413572174122E+00
      55.0000000000000000   1.2701349055173425E+01   1.1934024806574721E+00
      56.0000000000000000   1.2437763656555221E+01   1.2476117495262713E+00
      57.0000000000000000   1.2176074583994881E+01   1.3042871056095930E+00
      58.0000000000000000   1.1916398054282572E+01   1.3635485062812955E+00
      59.0000000000000000   1.1658873495441377E+01   1.4255161868835218E+00
      60.0000000000000000   1.1403667358870980E+01   1.4903084761182002E+00
      60.9990000000000023   1.1151221819913584E+01   1.5579710583015411E+00
      61.0000000000000000   1.1150970446989593E+01   1.5580402951586649E+00
      61.0009999999999977   1.1150719076791782E+01   1.5581095350644287E+00
      62.0000000000000000   1.0901002014473242E+01   1.6288199650121831E+00
      63.0000000000000000   1.0654009870498502E+01   1.7027461535497692E+00
      64.0000000000000000   1.0410270161917264E+01   1.7799042353993106E+00
      65.0000000000000000   1.0170086587120700E+01   1.8603622375944968E+00
      66.0000000000000000   9.9337882979995165E+00   1.9441664760440296E+00
      67.0000000000000000   9.7017265183496377E+00   2.0313370423902235E+00
      68.0000000000000000   9.4742697404073883E+00   2.1218633632454758E+00
      69.0000000000000000   9.2517974110310348E+00   2.2157001106773677E+00
      70.0000000000000000   9.0346922125686699E+00   2.3127637808794850E+00
      71.0000000000000000   8.8233311628270101E+00   2.4129302754699737E+00
      72.0000000000000000   8.6180759409631662E+00   2.5160337881164661E+00
      73.0000000000000000   8.4192629073351846E+00   2.6218672374214411E+00
      74.0000000000000000   8.2271934602064754E+00   2.7301843742860528E+00
      75.0000000000000000   8.0421252745152696E+00   2.8407035878211979E+00
      75.9989999999999952   7.8644397696713852E+00   2.9529998071190047E+00
      76.0000000000000000   7.8642655657012615E+00   2.9531130507631747E+00
      76.0010000000000048   7.8640913690956395E+00   2.9532262959635904E+00
      77.0000000000000000   7.6937654396041282E+00   3.0670774111403443E+00
      78.0000000000000000   7.5307175074307260E+00   3.1822449591382207E+00
      79.0000000000000000   7.3751553893725896E+00   3.2982553225789846E+00
      80.0000000000000000   7.2270555549689082E+00   3.4147470357402758E+00
      81.0000000000000000   7.0863410881212259E+00   3.5313646128143148E+00
      82.0000000000000000   6.9528869671516054E+00   3.6477648087408294E+00
      83.0000000000000000   6.8265263563388761E+00   3.7636218539221282E+00
      84.0000000000000000   6.7070574495824529E+00   3.8786315565600011E+00
      85.0000000000000000   6.5942504608176087E+00   3.9925142593231140E+00
      86.0000000000000000   6.4878543835294975E+00   4.1050167141610041E+00
      86.9989999999999952   6.3877005486277971E+00   4.2158029698812909E+00
      87.0000000000000000   6.3876032758612489E+00   4.2159129955314718E+00
      87.0010000000000048   6.3875060089648006E+00   4.2160230193747061E+00
      88.0000000000000000   6.2932219382901806E+00   4.3250045662210077E+00
      89.0000000000000000   6.2044307743712324E+00   4.4321197317964058E+00
      90.0000000000000000   6.1209499663503593E+00   4.5371125323993242E+00
      90.9989999999999952   6.0425788952280346E+00   4.6397596997819885E+00
      91.0000000000000000   6.0425028717505658E+00   4.6398612928732792E+00
      91.0010000000000048   6.0424268530353888E+00   4.6399628836197051E+00
      92.0000000000000000   5.9688187255656517E+00   4.7402669233014931E+00
      93.0000000000000000   5.8996347189294269E+00   4.8382510785421289E+00
      94.0000000000000000   5.8346975317509751E+00   4.9337542597655712E+00
      95.0000000000000000   5.7737644003233868E+00   5.0267339220443708E+00
      96.0000000000000000   5.7166037982496620E+00   5.1171626353784934E+00
      97.0000000000000000   5.6629958022190383E+00   5.2050263324671793E+00
      98.0000000000000000   5.6127322052792197E+00   5.2903226651462045E+00
      99.0000000000000000   5.5656164405842681E+00   5.3730594817904178E+00
     100.0000000000000000   5.5214633423087438E+00   5.4532534327167665E+00
     110.0000000000000000   5.2094561571397380E+00   6.1231070039350737E+00
     113.9989999999999952   5.1341283364805559E+00   6.3304325785636522E+00
     114.0010000000000048   5.1340960228934351E+00   6.3305285969162259E+00
     120.0000000000000000   5.0573733097663895E+00   6.5871801078996519E+00
     130.0000000000000000   4.9987634890113029E+00   6.8961257708955594E+00
     140.0000000000000000   4.9980332806005423E+00   7.0917785410363789E+00
     150.0000000000000000   5.0350149339571617E+00   7.2053433302051273E+00
     160.0000000000000000   5.0976231212799696E+00   7.2594167145028425E+00
     170.0000000000000000   5.1782503577163688E+00   7.2702737018387200E+00
     180.0000000000000000   5.2719030466581893E+00   7.2496805180653867E+00
     190.0000000000000000   5.3751852848923827E+00   7.2062049759858997E+00
     200.0000000000000000   5.4857173986545407E+00   7.1461368134647083E+00
     210.0000000000000000   5.6017887142908709E+00   7.0741302378842414E+00
     220.0000000000000000   5.7138360948402775E+00   7.0224994091328501E+00
     230.0000000000000000   5.8417508057949563E+00   6.9257313039210340E+00
     240.0000000000000000   5.9703314343218121E+00   6.8314603738417201E+00
     250.0000000000000000   6.0994325219281960E+00   6.7397945250761353E+00
     260.0000000000000000   6.2289388652948467E+00   6.6507792297958037E+00
     270.0000000000000000   6.3587583154175071E+00   6.5644163529298849E+00
     280.0000000000000000   6.4888164970641098E+00   6.4806774484487848E+00
     290.0000000000000000   6.6253103089610530E+00   6.3787862834183624E+00
     300.0000000000000000   6.7553961161023466E+00   6.3010415336384691E+00
     310.0000000000000000   6.8913877582468075E+00   6.2066278204316605E+00
     320.0000000000000000   7.0270256773904363E+00   6.1160273666545617E+00
     330.0000000000000000   7.1623103200614953E+00   6.0290127239461020E+00
     338.9990000000000236   7.2821454440442750E+00   5.9587275451756092E+00
     339.0009999999999764   7.2821756172012071E+00   5.9587007974464843E+00
     340.0000000000000000   7.2972441300301227E+00   5.9453726264762903E+00
     350.0000000000000000   7.4318309909502114E+00   5.8649110339164876E+00
     356.9990000000000236   7.5263324825067111E+00   5.8087907252299651E+00
     357.0009999999999764   7.5263623738666672E+00   5.8087657411138798E+00
     360.0000000000000000   7.5660758256398655E+00   5.7874460904302678E+00
     370.0000000000000000   7.6999843326144566E+00   5.7128089767591330E+00
     380.0000000000000000   7.8383617963951977E+00   5.6259906811404488E+00
     390.0000000000000000   7.9714816636144938E+00   5.5570234244336456E+00
     400.0000000000000000   8.1042891438470832E+00   5.4904204590122143E+00
     410.0000000000000000   8.2412590414599514E+00   5.4125131252030592E+00
     420.0000000000000000   8.3733374290560771E+00   5.3506779358282142E+00
     430.0000000000000000   8.5094082784186114E+00   5.2780465799086915E+00
     440.0000000000000000   8.6450162716455132E+00   5.2080099330304499E+00
     450.0000000000000000   8.7801738970527285E+00   5.1404255230328859E+00
     460.0000000000000000   8.9107973386620412E+00   5.0869983572124511E+00
     470.0000000000000000   9.0451505316608927E+00   5.0236408589670134E+00
     480.0000000000000000   9.1790878965949538E+00   4.9623791531815478E+00
     490.0000000000000000   9.3126204057604287E+00   4.9031062464021140E+00
     500.0000000000000000   9.4457586539189133E+00   4.8457224240934718E+00
     510.0000000000000000   9.5785128507576864E+00   4.7901346658891653E+00
     520.0000000000000000   9.7108928587568712E+00   4.7362560322882130E+00
     530.0000000000000000   9.8429081812966164E+00   4.6840052166895871E+00
     540.0000000000000000   9.9745679937812195E+00   4.6333060566927191E+00
     547.9990000000000236   1.0081780413861257E+01   4.5880285037043702E+00
     548.0009999999999764   1.0081808087247291E+01   4.5880149060711544E+00
     550.0000000000000000   1.0105881127440803E+01   4.5840871872541458E+00
     560.0000000000000000   1.0240381199319625E+01   4.5268618041131736E+00
     570.0000000000000000   1.0370973025955793E+01   4.4805992298615855E+00
     580.0000000000000000   1.0501243488034348E+01   4.4356208593011859E+00
     590.0000000000000000   1.0631200192550464E+01   4.3918714117360018E+00
     600.0000000000000000   1.0764208366800450E+01   4.3405923366722288E+00
     610.0000000000000000   1.0893508250467480E+01   4.2993139290672655E+00
     620.0000000000000000   1.1022516327339153E+01   4.2591110148670408E+00
     630.0000000000000000   1.1154484839258041E+01   4.2117035817471455E+00
     640.0000000000000000   1.1282878952034309E+01   4.1736741922620837E+00
     644.9990000000000236   1.1346960205685582E+01   4.1550220859587128E+00
     645.0009999999999764   1.1346987106154819E+01   4.1550114623762040E+00
     650.0000000000000000   1.1414186467865234E+01   4.1286377273484236E+00
     660.0000000000000000   1.1541992879098302E+01   4.0926074125344423E+00
     670.0000000000000000   1.1672665455258706E+01   4.0497584547871801E+00
     680.0000000000000000   1.1799909116852726E+01   4.0155703242283902E+00
     690.0000000000000000   1.1929970899227063E+01   3.9747450862240785E+00
     700.0000000000000000   1.2056675222523401E+01   3.9422583294973284E+00
     710.0000000000000000   1.2186149135880870E+01   3.9033088961445079E+00
     720.0000000000000000   1.2312335893790587E+01   3.8723972577145163E+00
     730.0000000000000000   1.2441243726506164E+01   3.8351896410368300E+00
     740.0000000000000000   1.2569869556353813E+01   3.7988593705813942E+00
     750.0000000000000000   1.2695295562563949E+01   3.7701523275759006E+00
     760.0000000000000000   1.2823385410565946E+01   3.7353839624231275E+00
     763.9990000000000236   1.2872805829546188E+01   3.7256855927372881E+00
     764.0009999999999764   1.2872831974989747E+01   3.7256774422521355E+00
     770.0000000000000000   1.2951208791918850E+01   3.7014023495383488E+00
     780.0000000000000000   1.3075915972586873E+01   3.6746725622948571E+00
     790.0000000000000000   1.3203230458840922E+01   3.6420985829260539E+00
     800.0000000000000000   1.3330292204774448E+01   3.6102339970151163E+00
     810.0000000000000000   1.3454319807424088E+01   3.5852828697685961E+00
     820.0000000000000000   1.3580897606445605E+01   3.5546917784873813E+00
     830.0000000000000000   1.3707234720689589E+01   3.5247439002902756E+00
     840.0000000000000000   1.3833335042813365E+01   3.4954182147026289E+00
     850.0000000000000000   1.3959201227317315E+01   3.4666970887983410E+00
     860.0000000000000000   1.4082142839902687E+01   3.4443979579856308E+00
     870.0000000000000000   1.4207563471397524E+01   3.4167583879722563E+00
     880.0000000000000000   1.4332761520805969E+01   3.3896681083403211E+00
     890.0000000000000000   1.4457739652099836E+01   3.3631117526199112E+00
     900.0000000000000000   1.4582500489328762E+01   3.3370745098264476E+00
     910.0000000000000000   1.4707046968607274E+01   3.3115413664919622E+00
     920.0000000000000000   1.4831382373151444E+01   3.2864970385555088E+00
     930.0000000000000000   1.4955510154458526E+01   3.2619263491012740E+00
     940.0000000000000000   1.5076875507532124E+01   3.2431028263014494E+00
     950.0000000000000000   1.5200612091635032E+01   3.2193737838800831E+00
     960.0000000000000000   1.5324149857495023E+01   3.1960799586763620E+00
     970.0000000000000000   1.5447491454823499E+01   3.1732093300228592E+00
     980.0000000000000000   1.5570639561339796E+01   3.1507501517818066E+00
     990.0000000000000000   1.5693596860217488E+01   3.1286909863610268E+00
    1000.0000000000000000   1.5816366006174734E+01   3.1070207577405085E+00
    1100.0000000000000000   1.7036597445010397E+01   2.9050910651547541E+00
    1200.0000000000000000   1.8240261495663457E+01   2.7332869446614905E+00
    1300.0000000000000000   1.9431349748825767E+01   2.5814413827126272E+00
    1400.0000000000000000   2.0609020772499743E+01   2.4491580049155579E+00
    1500.0000000000000000   2.1778571586170479E+01   2.3263962506422939E+00
    1600.0000000000000000   2.2934807179137010E+01   2.2206134136846449E+00
    1700.0000000000000000   2.4082674678474529E+01   2.1232899673982923E+00
    1800.0000000000000000   2.5220912956379816E+01   2.0358522873102012E+00
    1900.0000000000000000   2.6352098008813154E+01   1.9542598672963758E+00
    2000.0000000000000000   2.7474857544327115E+01   1.8801962373557846E+00
    2100.0000000000000000   2.8589765876955262E+01   1.8126077587273932E+00
    2200.0000000000000000   2.9697301201100561E+01   1.7506684475241978E+00
    2209.9989999999997963   2.9808455086405310E+01   1.7437654073809676E+00
    2210.0010000000002037   2.9808477306063530E+01   1.7437640402273455E+00
    2294.9989999999997963   3.0744269528410946E+01   1.6949044902014294E+00
    2295.0010000000002037   3.0744291612281948E+01   1.6949032313142836E+00
    2300.0000000000000000   3.0799522445777605E+01   1.6917160222300307E+00
    2400.0000000000000000   3.1893611311108732E+01   1.6390992325201432E+00
    2500.0000000000000000   3.2983109845470175E+01   1.5885059452244328E+00
    2600.0000000000000000   3.4066652613785664E+01   1.5415353076526697E+00
    2700.0000000000000000   3.5144491177996436E+01   1.4978486690065642E+00
    2747.9989999999997963   3.5661373366071039E+01   1.4763558600940645E+00
    2748.0010000000002037   3.5661394933311293E+01   1.4763549167425623E+00
    2800.0000000000000000   3.6218551893993961E+01   1.4553532483208738E+00
    2900.0000000000000000   3.7285993955665148E+01   1.4170881382678899E+00
    3000.0000000000000000   3.8349930929045556E+01   1.3797602751552718E+00
    3100.0000000000000000   3.9409220170249895E+01   1.3445885164670501E+00
    3152.9989999999997963   3.9968096520829214E+01   1.3274590473786043E+00
    3153.0010000000002037   3.9968117660507581E+01   1.3274583345786422E+00
    3200.0000000000000000   4.0462436327994233E+01   1.3129570205704655E+00
    3300.0000000000000000   4.1512678627490125E+01   1.2818097718618882E+00
    3400.0000000000000000   4.2558884423282052E+01   1.2522340651896198E+00
    3429.9989999999997963   4.2871806270017643E+01   1.2437949059868889E+00
    3430.0010000000002037   4.2871827153975019E+01   1.2437943162698590E+00
    3500.0000000000000000   4.3601025400278800E+01   1.2242539584458896E+00
    3600.0000000000000000   4.4640848391235643E+01   1.1963090446380060E+00
    3700.0000000000000000   4.5675534458907933E+01   1.1709951075453560E+00
    3800.0000000000000000   4.6706205319269763E+01   1.1472292724539870E+00
    3900.0000000000000000   4.7733510870932086E+01   1.1245058000177581E+00
    4000.0000000000000000   4.8759138040330377E+01   1.1014125431870325E+00
    4100.0000000000000000   4.9779744466823871E+01   1.0807874768100860E+00
    4200.0000000000000000   5.0798656563486396E+01   1.0598481198535838E+00
    4300.0000000000000000   5.1814251104880022E+01   1.0399894408791004E+00
    4400.0000000000000000   5.2825933462534401E+01   1.0217181395118884E+00
    4500.0000000000000000   5.3835772028178212E+01   1.0033586554420415E+00
    4600.0000000000000000   5.4842775794748491E+01   9.8572697359779049E-01
    4700.0000000000000000   5.5846759038027649E+01   9.6897448410450682E-01
    4800.0000000000000000   5.6848921728889415E+01   9.5229014001216183E-01
    4900.0000000000000000   5.7847940715646061E+01   9.3658615981904736E-01
    5000.0000000000000000   5.8844101453431875E+01   9.2166514533691812E-01
    5100.0000000000000000   5.9837901628627520E+01   9.0720582900308755E-01
    5200.0000000000000000   6.0829510982994556E+01   8.9311427373104990E-01
    5300.0000000000000000   6.1818742788600332E+01   8.7952533887641249E-01
    5400.0000000000000000   6.2805088296132141E+01   8.6676714629247920E-01
    5500.0000000000000000   6.3788727081431688E+01   8.5471251556629002E-01
    5600.0000000000000000   6.4771822778065697E+01   8.4206006172491854E-01
    5700.0000000000000000   6.5751709110875240E+01   8.3045021709681122E-01
    5800.0000000000000000   6.6730726515275805E+01   8.1838171066377230E-01
    5900.0000000000000000   6.7706880418276143E+01   8.0724455430943642E-01
    6000.0000000000000000   6.8680933815750166E+01   7.9648202455307415E-01
    6100.0000000000000000   6.9652903474247879E+01   7.8605501620948315E-01
    6200.0000000000000000   7.0624003154363862E+01   7.7541521658125923E-01
    6300.0000000000000000   7.1592272996343354E+01   7.6557730930800494E-01
    6400.0000000000000000   7.2559093986624248E+01   7.5571377396541717E-01
    6500.0000000000000000   7.3522490868543770E+01   7.4711925897554021E-01
    6600.0000000000000000   7.4486032285587456E+01   7.3761128374447937E-01
    6700.0000000000000000   7.5446857169278488E+01   7.2897909765810132E-01
    6800.0000000000000000   7.6407010879890194E+01   7.1994435495157116E-01
    6900.0000000000000000   7.7364156931407763E+01   7.1188525713109974E-01
    7000.0000000000000000   7.8321160116128411E+01   7.0321981347697993E-01
    7100.0000000000000000   7.9275822548453604E+01   6.9516513597617902E-01
    7200.0000000000000000   8.0230746652270753E+01   6.8635142195279719E-01
    7300.0000000000000000   8.1180909584508726E+01   6.7940670648831769E-01
    7400.0000000000000000   8.2130424123224898E+01   6.7210172555793168E-01
    7500.0000000000000000   8.3078800113546933E+01   6.6480649007709924E-01
    7600.0000000000000000   8.4026735215669802E+01   6.5720342692807654E-01
    7700.0000000000000000   8.4971651766157464E+01   6.5053171086759176E-01
    7800.0000000000000000   8.5915717909377847E+01   6.4364371118234431E-01
    7900.0000000000000000   8.6859207577639069E+01   6.3657393143450824E-01
    8000.0000000000000000   8.7798084001643815E+01   6.3122042729724304E-01
    8100.0000000000000000   8.8740634740934055E+01   6.2355381019237954E-01
    8200.0000000000000000   8.9676802930751265E+01   6.1831967142755806E-01
    8300.0000000000000000   9.0616010466806671E+01   6.1136877314997140E-01
    8400.0000000000000000   9.1550301815540223E+01   6.0612465274951721E-01
    8500.0000000000000000   9.2485358388800478E+01   6.0000347509631591E-01
    8600.0000000000000000   9.3420467735643470E+01   5.9340240261679089E-01
    8700.0000000000000000   9.4349601351143406E+01   5.8907727324598558E-01
    8800.0000000000000000   9.5282108189599498E+01   5.8290133717128234E-01
    8900.0000000000000000   9.6212605076943376E+01   5.7709396802680868E-01
    9000.0000000000000000   9.7139230219769857E+01   5.7250737012172137E-01
    9100.0000000000000000   9.8064508623008606E+01   5.6808689446735183E-01
    9200.0000000000000000   9.8992264408820034E+01   5.6224670138039801E-01
    9300.0000000000000000   9.9918038957658169E+01   5.5689384617619453E-01
    9400.0000000000000000   1.0084300948297010E+02   5.5149581310730467E-01
    9500.0000000000000000   1.0176542014455727E+02   5.4677360598265778E-01
    9600.0000000000000000   1.0268490549460230E+02   5.4284047878658781E-01
    9700.0000000000000000   1.0360366982807335E+02   5.3881288403154881E-01
    9800.0000000000000000   1.0452266051436872E+02   5.3433988714507707E-01
    9900.0000000000000000   1.0544113088593420E+02   5.2973256739368590E-01
   10000.0000000000000000   1.0635849918168850E+02   5.2522471188398145E-01
   11000.0000000000000000   1.1547488331660121E+02   4.8493355790091802E-01
   11922.9989999999997963   1.2380697000435519E+02   4.5276182542334498E-01
   11923.0010000000002037   1.2380698827578929E+02   4.5276166252269795E-01
   12000.0000000000000000   1.2449396436527516E+02   4.5182139499066537E-01
   13000.0000000000000000   1.3342995302103864E+02   4.2312164723671658E-01
   13737.9989999999997963   1.3997917762400238E+02   4.0296510696272242E-01
   13738.0010000000002037   1.3997919550199336E+02   4.0296499626191745E-01
   14000.0000000000000000   1.4228990281143751E+02   3.9778928455880441E-01
   14355.9989999999997963   1.4543003008665190E+02   3.8895199563101529E-01
   14356.0010000000002037   1.4543004841701284E+02   3.8895173342613432E-01
   15000.0000000000000000   1.5107947814374060E+02   3.7580740986648320E-01
   16000.0000000000000000   1.5980569324691908E+02   3.5608552285322664E-01
   17000.0000000000000000   1.6847837702461476E+02   3.3686321235114081E-01
   18000.0000000000000000   1.7709240067155054E+02   3.2038446593700987E-01
   19000.0000000000000000   1.8565463991930065E+02   3.0623794141862887E-01
   20000.0000000000000000   1.9415372029524232E+02   2.9552258758888927E-01
   21000.0000000000000000   2.0262844794215584E+02   2.8160450805205489E-01
   22000.0000000000000000   2.1105332912566905E+02   2.7097011593778803E-01
   23000.0000000000000000   2.1943709369241307E+02   2.6142151148572040E-01
   24000.0000000000000000   2.2778580622700130E+02   2.5094163590345353E-01
   25000.0000000000000000   2.3607713276590709E+02   2.4496115238949029E-01
   26000.0000000000000000   2.4436029732339338E+02   2.3504797456367016E-01
   27000.0000000000000000   2.5260064480772954E+02   2.2794875139361132E-01
   28000.0000000000000000   2.6082183538639885E+02   2.1995079932777800E-01
   29000.0000000000000000   2.6899541988854639E+02   2.1389933011389367E-01
   30000.0000000000000000   2.7714637475813549E+02   2.0757931316943498E-01
   31000.0000000000000000   2.8526087392808745E+02   2.0228627712479183E-01
   32000.0000000000000000   2.9336659687717645E+02   1.9680387817862241E-01
   33000.0000000000000000   3.0143859194343395E+02   1.9149369563901150E-01
   34000.0000000000000000   3.0948205114037057E+02   1.8674778399107705E-01
   35000.0000000000000000   3.1750719576303447E+02   1.8179001112735593E-01
   36000.0000000000000000   3.2550425844952082E+02   1.7775492602247980E-01
   37000.0000000000000000   3.3347184825383448E+02   1.7381478737512387E-01
   38000.0000000000000000   3.4141294061173943E+02   1.6972443123065414E-01
   39000.0000000000000000   3.4935416938907775E+02   1.6667573034376595E-01
   40000.0000000000000000   3.5726745079101710E+02   1.6265738272593944E-01
   41000.0000000000000000   3.6514761132323093E+02   1.5966665779144096E-01
   42000.0000000000000000   3.7303583014555107E+02   1.5585503474302484E-01
   43000.0000000000000000   3.8087895297733996E+02   1.5399725781298843E-01
   44000.0000000000000000   3.8871039196566267E+02   1.4945770401878974E-01
   45000.0000000000000000   3.9655734940840796E+02   1.4619964958756643E-01
   46000.0000000000000000   4.0436253412925083E+02   1.4332001774288614E-01
   47000.0000000000000000   4.1210759068549766E+02   1.4284557296653783E-01
   48000.0000000000000000   4.1988174775830288E+02   1.3849678915543751E-01
   49000.0000000000000000   4.2762934083795420E+02   1.3696694554197478E-01
   50000.0000000000000000   4.3536765280061877E+02   1.3497811895260467E-01
   80728.9989999999961583   6.6703774896754055E+02   8.8302693381625302E-02
   80729.0010000000038417   6.6703776324453406E+02   8.8302758360366967E-02
