       0.0010000000000000   1.0000000000000000E+30   0.0000000000000000E+00
       0.1000000000000000   2.1177311265597961E+01   1.3761707369259006E-03
       0.2000000000000000   1.8583097001194918E+01   2.6999400097585950E-03
       0.3000000000000000   1.7689310310160000E+01   4.0241722657070036E-03
       0.4000000000000000   1.7319438110788425E+01   5.2976059134716737E-03
       0.5000000000000000   1.7110052596547703E+01   6.5646632103787631E-03
       0.6000000000000000   1.6978187112014318E+01   7.8274307760666014E-03
       0.7000000000000000   1.6891427904974183E+01   9.0878757240662588E-03
       0.7999999999999999   1.6831931093435152E+01   1.0347336725372868E-02
       0.8999999999999999   1.6791488318050938E+01   1.1603464096167047E-02
       0.9999999999999999   1.6762192355978737E+01   1.2861198128695350E-02
       2.0000000000000000   1.6676399940608370E+01   2.5522293996761928E-02
       3.0000000000000000   1.6607677581711826E+01   3.8599168698688367E-02
       4.0000000000000000   1.6473888099022084E+01   5.2324523134585466E-02
       5.0000000000000000   1.6280378393168871E+01   6.6847746712627984E-02
       6.0000000000000000   1.6041563098227620E+01   8.2273276065685491E-02
       7.0000000000000000   1.5771494655564574E+01   9.8665449609613501E-02
       8.0000000000000000   1.5480709540678962E+01   1.1607034876101265E-01
       9.0000000000000000   1.5177378192151220E+01   1.3451930603457923E-01
      10.0000000000000000   1.4867435193364539E+01   1.5403593802759383E-01
      11.0000000000000000   1.4555440611918030E+01   1.7463540676725406E-01
      12.0000000000000000   1.4244713216416393E+01   1.9632675034170072E-01
      13.0000000000000000   1.3937755302193320E+01   2.1911486058931209E-01
      14.0000000000000000   1.3636183212730137E+01   2.4300498578345270E-01
      15.0000000000000000   1.3341144271387940E+01   2.6800104346560660E-01
      16.0000000000000000   1.3053447482182417E+01   2.9410474801433889E-01
      17.0000000000000000   1.2773515986116541E+01   3.2132018263567619E-01
      18.0000000000000000   1.2501613608834337E+01   3.4965086510104798E-01
      19.0000000000000000   1.2237804169978720E+01   3.7910132486413040E-01
      20.0000000000000000   1.1982038043365447E+01   4.0967787573674125E-01
      21.0000000000000000   1.1734171533420835E+01   4.4138826300983353E-01
      22.0000000000000000   1.1494026436313275E+01   4.7424041846878628E-01
      23.0000000000000000   1.1261378747265692E+01   5.0824353325703531E-01
      24.0000000000000000   1.1035968830778396E+01   5.4340879376987861E-01
      25.0000000000000000   1.0817534864153400E+01   5.7974776091628633E-01
      26.0000000000000000   1.0605811642256677E+01   6.1727272004598610E-01
      27.0000000000000000   1.0400537098838598E+01   6.5599640095175737E-01
      28.0000000000000000   1.0201459445359077E+01   6.9593155318543676E-01
      29.0000000000000000   1.0008334153812122E+01   7.3709090948733613E-01
      30.0000000000000000   9.8209335984199928E+00   7.7948654558428165E-01
      31.0000000000000000   9.6390411436612951E+00   8.2312976941048932E-01
      32.0000000000000000   9.4624603467366040E+00   8.6803022785993567E-01
      33.0000000000000000   9.2910060800494083E+00   9.1419605233983292E-01
      34.0000000000000000   9.1245110261477933E+00   9.6163298268681319E-01
      35.0000000000000000   8.9628226693638293E+00   1.0103439703352934E+00
      36.0000000000000000   8.8058035323625461E+00   1.0603286424155367E+00
      37.0000000000000000   8.6533303217268411E+00   1.1115827651796375E+00
      38.0000000000000000   8.5052933729371851E+00   1.1640976973789303E+00
      39.0000000000000000   8.3615951913422819E+00   1.2178598617996335E+00
      40.0000000000000000   8.2221503370868181E+00   1.2728501701622046E+00
      41.0000000000000000   8.0868834153809193E+00   1.3290436011208659E+00
      42.0000000000000000   7.9557284510151209E+00   1.3864087035932440E+00
      43.0000000000000000   7.8286277236131712E+00   1.4449072332776038E+00
      44.0000000000000000   7.7055307025163478E+00   1.5044937589266680E+00
      45.0000000000000000   7.5863921489314841E+00   1.5651155891134578E+00
      46.0000000000000000   7.4711714845138912E+00   1.6267125679920553E+00
      47.0000000000000000   7.3598313405349822E+00   1.6892171243314127E+00
      48.0000000000000000   7.2523363516953268E+00   1.7525544267288042E+00
      49.0000000000000000   7.1486519975299219E+00   1.8166426854324131E+00
      50.0000000000000000   7.0487434849705553E+00   1.8813935943094569E+00
      51.0000000000000000   6.9525746672234545E+00   1.9467129237362333E+00
      52.0000000000000000   6.8601072483817260E+00   2.0125012328473013E+00
      53.0000000000000000   6.7712999151978392E+00   2.0786547076192554E+00
      53.9990000000000023   6.6861911289338556E+00   2.1449995914299702E+00
      54.0000000000000000   6.6861077265399160E+00   2.1450660952892284E+00
      54.0009999999999977   6.6860243277124116E+00   2.1451325992968302E+00
      55.0000000000000000   6.6044815316142929E+00   2.2116257327149991E+00
      56.0000000000000000   6.5263677148529800E+00   2.2782226415909022E+00
      57.0000000000000000   6.4517083791381102E+00   2.3447452545620533E+00
      58.0000000000000000   6.3804403338306637E+00   2.4110831109193134E+00
      59.0000000000000000   6.3124957611253443E+00   2.4771275603948282E+00
      60.0000000000000000   6.2478030306285843E+00   2.5427723435964538E+00
      61.0000000000000000   6.1862857536725437E+00   2.6079152514795991E+00
      62.0000000000000000   6.1278640293516835E+00   2.6724583994403659E+00
      63.0000000000000000   6.0724547205026180E+00   2.7363090369903085E+00
      64.0000000000000000   6.0199719248411343E+00   2.7993801104812417E+00
      65.0000000000000000   5.9703275433981062E+00   2.8615907037944237E+00
      66.0000000000000000   5.9234318239295431E+00   2.9228663600936855E+00
      67.0000000000000000   5.8791939054047591E+00   2.9831392888028296E+00
      68.0000000000000000   5.8375223500705786E+00   3.0423484654998783E+00
      69.0000000000000000   5.7983256415758548E+00   3.1004396349468060E+00
      70.0000000000000000   5.7615126498228166E+00   3.1573652273077286E+00
      71.0000000000000000   5.7269930494763557E+00   3.2130842017163928E+00
      72.0000000000000000   5.6946777035693179E+00   3.2675618266727708E+00
      73.0000000000000000   5.6644789930354040E+00   3.3207694111122308E+00
      74.0000000000000000   5.6363111013467737E+00   3.3726839966440054E+00
      75.0000000000000000   5.6100902102227845E+00   3.4232880550266356E+00
      76.0000000000000000   5.5857348732803036E+00   3.4725689982787267E+00
      77.0000000000000000   5.5631659023513764E+00   3.5205190163858200E+00
      78.0000000000000000   5.5423066677020572E+00   3.5671345715560885E+00
      79.0000000000000000   5.5230831367559530E+00   3.6124160654406499E+00
      80.0000000000000000   5.5054239288763887E+00   3.6563674792371637E+00
      81.0000000000000000   5.4892603425999509E+00   3.6989960248481948E+00
      82.0000000000000000   5.4745263638112585E+00   3.7403118101194757E+00
      83.0000000000000000   5.4611586500230143E+00   3.7803275201699900E+00
      84.0000000000000000   5.4490964960955468E+00   3.8190581168465476E+00
      85.0000000000000000   5.4382817933727008E+00   3.8565205565794636E+00
      86.0000000000000000   5.4286589718166764E+00   3.8927335276278501E+00
      87.0000000000000000   5.4201749297676356E+00   3.9277172117733050E+00
      88.0000000000000000   5.4127789869804177E+00   3.9614930390154179E+00
      89.0000000000000000   5.4064227686217494E+00   3.9940835131589663E+00
      90.0000000000000000   5.4010601483007639E+00   4.0255120028522962E+00
      91.0000000000000000   5.3966471604325941E+00   4.0558025760158687E+00
      91.9989999999999952   5.3931449797886044E+00   4.0849512157768046E+00
      92.0000000000000000   5.3931419145180248E+00   4.0849798452502561E+00
      92.0010000000000048   5.3931388501151520E+00   4.0850084736353907E+00
      93.0000000000000000   5.3905045098583155E+00   4.1130688284947619E+00
      94.0000000000000000   5.3886969506594600E+00   4.1400948239646533E+00
      95.0000000000000000   5.3876830620508880E+00   4.1660832983745735E+00
      96.0000000000000000   5.3874284076672332E+00   4.1910597874658526E+00
      97.0000000000000000   5.3879002090911206E+00   4.2150498078790033E+00
      98.0000000000000000   5.3890672666920789E+00   4.2380787795021169E+00
      99.0000000000000000   5.3908998870446130E+00   4.2601719570762073E+00
     100.0000000000000000   5.3933698042018534E+00   4.2813543710610285E+00
     110.0000000000000000   5.4477920943087499E+00   4.4483488149717454E+00
     120.0000000000000000   5.5431132638343517E+00   4.5488715510099356E+00
     130.0000000000000000   5.6661238803519574E+00   4.6006893565431684E+00
     140.0000000000000000   5.8083732028473536E+00   4.6171566412397942E+00
     150.0000000000000000   5.9642921064101877E+00   4.6080984781636865E+00
     160.0000000000000000   6.1301047044734904E+00   4.5806949676126365E+00
     170.0000000000000000   6.3031840028865975E+00   4.5401934542623321E+00
     180.0000000000000000   6.4816599471954852E+00   4.4904404130399733E+00
     190.0000000000000000   6.6641742121311349E+00   4.4342670314698758E+00
     200.0000000000000000   6.8497225832145103E+00   4.3737658098986856E+00
     210.0000000000000000   7.0375511104732897E+00   4.3104886895584755E+00
     220.0000000000000000   7.2270860627196560E+00   4.2455894921991257E+00
     230.0000000000000000   7.4178857044387403E+00   4.1799268933576483E+00
     240.0000000000000000   7.6096064360176552E+00   4.1141393960867596E+00
     250.0000000000000000   7.8019786296397147E+00   4.0487002978858309E+00
     260.0000000000000000   7.9947890959101917E+00   3.9839582992825782E+00
     270.0000000000000000   8.1878681848378232E+00   3.9201677136037771E+00
     280.0000000000000000   8.3810801710951051E+00   3.8575110939433448E+00
     290.0000000000000000   8.5684453488935972E+00   3.8083533418863169E+00
     300.0000000000000000   8.7637668442069927E+00   3.7460750188134035E+00
     310.0000000000000000   8.9581805878457352E+00   3.6866678007701363E+00
     320.0000000000000000   9.1517253797256881E+00   3.6299250991644194E+00
     330.0000000000000000   9.3390846847612146E+00   3.5857798498894868E+00
     340.0000000000000000   9.5311286993224673E+00   3.5334728942618834E+00
     350.0000000000000000   9.7275052027113897E+00   3.4738974215368366E+00
     360.0000000000000000   9.9179237250236163E+00   3.4261054257589900E+00
     370.0000000000000000   1.0107638675014044E+01   3.3801976437694976E+00
     380.0000000000000000   1.0296677725471707E+01   3.3360567225963900E+00
     390.0000000000000000   1.0489750569637639E+01   3.2852552349140534E+00
     400.0000000000000000   1.0677399374565345E+01   3.2445843785233279E+00
     410.0000000000000000   1.0868964350128541E+01   3.1975180240869792E+00
     420.0000000000000000   1.1055323967885379E+01   3.1599048947230797E+00
     430.0000000000000000   1.1245480500134455E+01   3.1161492599871434E+00
     440.0000000000000000   1.1434940768586106E+01   3.0740042609559683E+00
     450.0000000000000000   1.1619479574131631E+01   3.0404396237269076E+00
     460.0000000000000000   1.1807663434907875E+01   3.0010756503050562E+00
     470.0000000000000000   1.1995212746624590E+01   2.9630746389590801E+00
     480.0000000000000000   1.2182146242118751E+01   2.9263634059066801E+00
     490.0000000000000000   1.2368481832691250E+01   2.8908740178099563E+00
     500.0000000000000000   1.2554236649891740E+01   2.8565433210096778E+00
     510.0000000000000000   1.2739427095216723E+01   2.8233125128969934E+00
     520.0000000000000000   1.2924068859456096E+01   2.7911267963516990E+00
     530.0000000000000000   1.3108176958845480E+01   2.7599350432688183E+00
     537.9990000000000236   1.3253567534964969E+01   2.7379732414472073E+00
     538.0009999999999764   1.3253605724579078E+01   2.7379649347957793E+00
     540.0000000000000000   1.3291765789392619E+01   2.7296894610815503E+00
     550.0000000000000000   1.3474849129663506E+01   2.7003453664234094E+00
     560.0000000000000000   1.3657440204484704E+01   2.6718608892715223E+00
     570.0000000000000000   1.3843178973424763E+01   2.6387978365313844E+00
     580.0000000000000000   1.4024773278768446E+01   2.6120240670315624E+00
     590.0000000000000000   1.4205912211819889E+01   2.5859954691761682E+00
     600.0000000000000000   1.4386606986678336E+01   2.5606796838774661E+00
     610.0000000000000000   1.4570341540276779E+01   2.5310433234658265E+00
     620.0000000000000000   1.4750131102224771E+01   2.5071566139915005E+00
     630.0000000000000000   1.4929508041037648E+01   2.4838933578343623E+00
     640.0000000000000000   1.5111850828261357E+01   2.4564869120113668E+00
     650.0000000000000000   1.5290382780098865E+01   2.4344801811654584E+00
     660.0000000000000000   1.5471843312522125E+01   2.4084391154854248E+00
     670.0000000000000000   1.5649567045611688E+01   2.3875876256590041E+00
     680.0000000000000000   1.5830180553344576E+01   2.3628065680407557E+00
     690.0000000000000000   1.6007130368165232E+01   2.3430197651774636E+00
     700.0000000000000000   1.6186929850751543E+01   2.3194041446987761E+00
     710.0000000000000000   1.6363137785017912E+01   2.3006008159469111E+00
     720.0000000000000000   1.6542154191907265E+01   2.2780655045217428E+00
     730.0000000000000000   1.6720785285179190E+01   2.2560711661693018E+00
     740.0000000000000000   1.6895912594419642E+01   2.2386407596101456E+00
     750.0000000000000000   1.7073803367241862E+01   2.2176126218694767E+00
     760.0000000000000000   1.7251328971245467E+01   2.1970701096853684E+00
     770.0000000000000000   1.7425437420512992E+01   2.1808664077208437E+00
     780.0000000000000000   1.7602261759996452E+01   2.1611917977399320E+00
     790.0000000000000000   1.7778739385360051E+01   2.1419549285720447E+00
     800.0000000000000000   1.7951885280816665E+01   2.1268519365661271E+00
     810.0000000000000000   1.8127697417138034E+01   2.1083978085997401E+00
     820.0000000000000000   1.8303179770709715E+01   2.0903397953715279E+00
     830.0000000000000000   1.8478337652487404E+01   2.0726648129802094E+00
     840.0000000000000000   1.8653176189879016E+01   2.0553604104908221E+00
     850.0000000000000000   1.8824799866756763E+01   2.0418891329852658E+00
     860.0000000000000000   1.8999026090388138E+01   2.0252476767241343E+00
     870.0000000000000000   1.9172947782970411E+01   2.0089434904794006E+00
     880.0000000000000000   1.9346569563117860E+01   1.9929660887886633E+00
     890.0000000000000000   1.9519895921541259E+01   1.9773054392832958E+00
     900.0000000000000000   1.9692931229844532E+01   1.9619519306997220E+00
     910.0000000000000000   1.9865679779208268E+01   1.9468963137911657E+00
     920.0000000000000000   2.0035361333374347E+01   1.9353182487412108E+00
     930.0000000000000000   2.0207561197023338E+01   1.9207953140712879E+00
     940.0000000000000000   2.0379486734638903E+01   1.9065453961457546E+00
     950.0000000000000000   2.0551141823010791E+01   1.8925606216621795E+00
     960.0000000000000000   2.0722530256813318E+01   1.8788334138385012E+00
     970.0000000000000000   2.0893655742199936E+01   1.8653564859447227E+00
     980.0000000000000000   2.1064521901593722E+01   1.8521228264497567E+00
     990.0000000000000000   2.1235132282299581E+01   1.8391256789750408E+00
    1000.0000000000000000   2.1405490349811135E+01   1.8263585405879614E+00
    1100.0000000000000000   2.3095903631546808E+01   1.7100651193416827E+00
    1200.0000000000000000   2.4769246403567116E+01   1.6063184621188440E+00
    1300.0000000000000000   2.6422669603854008E+01   1.5169861760048728E+00
    1307.9990000000000236   2.6553277158767614E+01   1.5111605209544767E+00
    1308.0009999999999764   2.6553310391523301E+01   1.5111585244604189E+00
    1400.0000000000000000   2.8058177582372316E+01   1.4391909903721616E+00
    1500.0000000000000000   2.9679665123932971E+01   1.3688832136542930E+00
    1600.0000000000000000   3.1288354560852987E+01   1.3047926873423796E+00
    1700.0000000000000000   3.2883176227450605E+01   1.2475950906375159E+00
    1800.0000000000000000   3.4465195975255320E+01   1.1962016290713058E+00
    1900.0000000000000000   3.6037335678499190E+01   1.1482865129564539E+00
    2000.0000000000000000   3.7596349380410373E+01   1.1061578647692762E+00
    2100.0000000000000000   3.9146919063770277E+01   1.0663777389078679E+00
    2200.0000000000000000   4.0689559490276757E+01   1.0286685906900861E+00
    2300.0000000000000000   4.2221053780000801E+01   9.9517680661056362E-01
    2400.0000000000000000   4.3745624364116217E+01   9.6311798485451416E-01
    2500.0000000000000000   4.5261891146552131E+01   9.3341866392023398E-01
    2600.0000000000000000   4.6770256365664153E+01   9.0583285139471725E-01
    2700.0000000000000000   4.8271105609340829E+01   8.8013850249569214E-01
    2800.0000000000000000   4.9766578733138552E+01   8.5513300230180955E-01
    2900.0000000000000000   5.1253375789505526E+01   8.3271973502304597E-01
    3000.0000000000000000   5.2735404921341221E+01   8.1073566487723703E-01
    3100.0000000000000000   5.4209366410702373E+01   7.9100086770686606E-01
    3200.0000000000000000   5.5679034814294326E+01   7.7152108124178242E-01
    3300.0000000000000000   5.7142902097410591E+01   7.5313705971413791E-01
    3400.0000000000000000   5.8601173258453592E+01   7.3576398026942136E-01
    3500.0000000000000000   6.0054048286770730E+01   7.1932239053238800E-01
    3600.0000000000000000   6.1501724724170785E+01   7.0373682082988331E-01
    3700.0000000000000000   6.2946097634709361E+01   6.8814241666177256E-01
    3800.0000000000000000   6.4383880715365990E+01   6.7410265768101263E-01
    3900.0000000000000000   6.5817018030713712E+01   6.6072253142279003E-01
    4000.0000000000000000   6.7247282981797724E+01   6.4723413227320603E-01
    4100.0000000000000000   6.8671459951451368E+01   6.3508973321471185E-01
    4200.0000000000000000   7.0093004759749320E+01   6.2279143243302881E-01
    4300.0000000000000000   7.1508749885973714E+01   6.1172263417663342E-01
    4400.0000000000000000   7.2922164482764742E+01   6.0043227768016527E-01
    4500.0000000000000000   7.4331612646643009E+01   5.8963137646148644E-01
    4600.0000000000000000   7.5737269393103958E+01   5.7926610219412134E-01
    4700.0000000000000000   7.7139023472038332E+01   5.6938998288093245E-01
    4800.0000000000000000   7.8535969148173820E+01   5.6037423046936186E-01
    4900.0000000000000000   7.9930823339247866E+01   5.5116236995709633E-01
    5000.0000000000000000   8.1322210397890714E+01   5.4231130875446920E-01
    5100.0000000000000000   8.2710263319233022E+01   5.3378522990800925E-01
    5200.0000000000000000   8.4095074103531644E+01   5.2556271664257881E-01
    5300.0000000000000000   8.5476674362370744E+01   5.1764209774260384E-01
    5400.0000000000000000   8.6856414941493696E+01   5.0954697736370258E-01
    5500.0000000000000000   8.8231950862395593E+01   5.0214023295436971E-01
    5600.0000000000000000   8.9604739533630408E+01   4.9491677302046339E-01
    5700.0000000000000000   9.0974050269433604E+01   4.8811458148266834E-01
    5800.0000000000000000   9.2340976542287024E+01   4.8139338816308269E-01
    5900.0000000000000000   9.3706096066970687E+01   4.7454746952090554E-01
    6000.0000000000000000   9.5067811744821839E+01   4.6815751061278116E-01
    6100.0000000000000000   9.6426043534437198E+01   4.6221333409347781E-01
    6200.0000000000000000   9.7783328685143232E+01   4.5592281505910176E-01
    6300.0000000000000000   9.9137165030091055E+01   4.5011112640654433E-01
    6400.0000000000000000   1.0048930016793736E+02   4.4420747338675276E-01
    6500.0000000000000000   1.0183791956546851E+02   4.3879732200086191E-01
    6600.0000000000000000   1.0318371567471210E+02   4.3366915514961180E-01
    6700.0000000000000000   1.0452877726237945E+02   4.2818728332232803E-01
    6800.0000000000000000   1.0587004381438517E+02   4.2330380992380107E-01
    6900.0000000000000000   1.0721066140763654E+02   4.1806628875720236E-01
    7000.0000000000000000   1.0854876066278246E+02   4.1305315642820534E-01
    7100.0000000000000000   1.0988379508696522E+02   4.0842467614990152E-01
    7200.0000000000000000   1.1121716446281479E+02   4.0376502809302567E-01
    7300.0000000000000000   1.1254734795762408E+02   3.9951904197164784E-01
    7400.0000000000000000   1.1387680348694458E+02   3.9499724388958751E-01
    7500.0000000000000000   1.1520465117363622E+02   3.9048676765449619E-01
    7600.0000000000000000   1.1652885799882144E+02   3.8651752508745013E-01
    7700.0000000000000000   1.1785184173788539E+02   3.8241766458585380E-01
    7800.0000000000000000   1.1917384433029267E+02   3.7819021861306779E-01
    7900.0000000000000000   1.2049168343375969E+02   3.7462681626873728E-01
    8000.0000000000000000   1.2181006066510805E+02   3.7052411974688737E-01
    8100.0000000000000000   1.2312517041939873E+02   3.6686423556101472E-01
    8200.0000000000000000   1.2443949856485423E+02   3.6302918451114574E-01
    8300.0000000000000000   1.2574985337880213E+02   3.5981774491947349E-01
    8400.0000000000000000   1.2706118231666633E+02   3.5600290617698616E-01
    8500.0000000000000000   1.2836873587289026E+02   3.5273492309571192E-01
    8600.0000000000000000   1.2967588588134529E+02   3.4924991368234326E-01
    8700.0000000000000000   1.3098131645721347E+02   3.4582871400458787E-01
    8800.0000000000000000   1.3228394724757123E+02   3.4272222502054145E-01
    8900.0000000000000000   1.3358486615917948E+02   3.3973642192625958E-01
    9000.0000000000000000   1.3488572193137878E+02   3.3642729861558623E-01
    9100.0000000000000000   1.3618413269325322E+02   3.3336170693468409E-01
    9200.0000000000000000   1.3748004976974823E+02   3.3055979265809099E-01
    9300.0000000000000000   1.3877528093681266E+02   3.2762950361001586E-01
    9400.0000000000000000   1.4006942285321617E+02   3.2465758561224101E-01
    9500.0000000000000000   1.4136188028713011E+02   3.2177322820752463E-01
    9600.0000000000000000   1.4265274296827175E+02   3.1895888977286874E-01
    9700.0000000000000000   1.4394201777940722E+02   3.1621523988955441E-01
    9800.0000000000000000   1.4522967272160707E+02   3.1355264852428533E-01
    9900.0000000000000000   1.4651578981297848E+02   3.1095718613497331E-01
   10000.0000000000000000   1.4780048329633593E+02   3.0840770301438331E-01
   11000.0000000000000000   1.6057175359401239E+02   2.8533122018808543E-01
   12000.0000000000000000   1.7322001022500191E+02   2.6516429693197674E-01
   13000.0000000000000000   1.8575322734658576E+02   2.4801138838079273E-01
   14000.0000000000000000   1.9818299967308312E+02   2.3313573782895908E-01
   15000.0000000000000000   2.1051800785260821E+02   2.2011614245250322E-01
   16000.0000000000000000   2.2276659924479733E+02   2.0851630101636420E-01
   17000.0000000000000000   2.3493502721866801E+02   1.9811493502114416E-01
   18000.0000000000000000   2.4702858084954008E+02   1.8881235334730218E-01
   19000.0000000000000000   2.5905056643011699E+02   1.8064509602589790E-01
   20000.0000000000000000   2.7101057160762463E+02   1.7282387526059492E-01
   21000.0000000000000000   2.8290738043963489E+02   1.6585840874925456E-01
   22000.0000000000000000   2.9474898385027575E+02   1.5919566255892184E-01
   23000.0000000000000000   3.0653245626142279E+02   1.5340382496552440E-01
   24000.0000000000000000   3.1826455530339661E+02   1.4801117621100829E-01
   25000.0000000000000000   3.2994581466612715E+02   1.4312062243769921E-01
   26000.0000000000000000   3.4158372964453639E+02   1.3825000042758900E-01
   27000.0000000000000000   3.5316813850838503E+02   1.3453287356203550E-01
   28000.0000000000000000   3.6472333017137447E+02   1.2982096235083465E-01
   29000.0000000000000000   3.7623067239521788E+02   1.2591974687868707E-01
   30000.0000000000000000   3.8769451381319408E+02   1.2272394946256583E-01
   31000.0000000000000000   3.9912995235811934E+02   1.1883473162491916E-01
   32000.0000000000000000   4.1051959447949821E+02   1.1596417575355725E-01
   33000.0000000000000000   4.2188187586658853E+02   1.1273637895297361E-01
   34000.0000000000000000   4.3320695335792425E+02   1.0990411863890380E-01
   35000.0000000000000000   4.4449883377373368E+02   1.0724272461103343E-01
   36000.0000000000000000   4.5575802092566352E+02   1.0474186144771595E-01
   37000.0000000000000000   4.6698830284398377E+02   1.0229660175735843E-01
   38000.0000000000000000   4.7819409493093707E+02   9.9725390587693544E-02
   39000.0000000000000000   4.8935297396640965E+02   9.8514058665076343E-02
   40000.0000000000000000   5.0049682370257250E+02   9.6264332286927767E-02
   41000.0000000000000000   5.1161768101130485E+02   9.4286132051474958E-02
   42000.0000000000000000   5.2271632181743132E+02   9.1726236389584409E-02
   43000.0000000000000000   5.3378768973471551E+02   8.9773573449156568E-02
   44000.0000000000000000   5.4483098815302401E+02   8.7923659315561870E-02
   45000.0000000000000000   5.5584498923062324E+02   8.6230608131033171E-02
   46000.0000000000000000   5.6683649388323272E+02   8.4977363124854821E-02
   47000.0000000000000000   5.7781004163606781E+02   8.3437732112831134E-02
   48000.0000000000000000   5.8876636899426296E+02   8.1578486865288374E-02
   49000.0000000000000000   5.9968649647083055E+02   8.0469647994734522E-02
   50000.0000000000000000   6.1058148327141475E+02   7.9702113042826137E-02
