       0.0010000000000000   1.0000000000000000E+30   0.0000000000000000E+00
       0.1000000000000000   1.0000000000000000E+30   0.0000000000000000E+00
       0.2000000000000000   1.0000000000000000E+30   0.0000000000000000E+00
       0.3000000000000000   1.0000000000000000E+30   0.0000000000000000E+00
       0.4000000000000000   1.0000000000000000E+30   0.0000000000000000E+00
       0.5000000000000000   1.0000000000000000E+30   0.0000000000000000E+00
       0.6000000000000000   1.0000000000000000E+30   0.0000000000000000E+00
       0.7000000000000000   1.0000000000000000E+30   0.0000000000000000E+00
       0.7999999999999999   1.0000000000000000E+30   0.0000000000000000E+00
       0.8999999999999999   1.0000000000000000E+30   0.0000000000000000E+00
       0.9999999999999999   1.0000000000000000E+30   0.0000000000000000E+00
       2.0000000000000000   1.0000000000000000E+30   0.0000000000000000E+00
       3.0000000000000000   1.0000000000000000E+30   0.0000000000000000E+00
       4.0000000000000000   1.0000000000000000E+30   0.0000000000000000E+00
       5.0000000000000000   1.0000000000000000E+30   0.0000000000000000E+00
       6.0000000000000000   1.0000000000000000E+30   0.0000000000000000E+00
       7.0000000000000000   1.0000000000000000E+30   0.0000000000000000E+00
       8.0000000000000000   1.0000000000000000E+30   0.0000000000000000E+00
       9.0000000000000000   1.0000000000000000E+30   0.0000000000000000E+00
      10.0000000000000000   1.0000000000000000E+30   0.0000000000000000E+00
      11.0000000000000000   1.0000000000000000E+30   0.0000000000000000E+00
      12.0000000000000000   1.0000000000000000E+30   0.0000000000000000E+00
      13.0000000000000000   1.0000000000000000E+30   0.0000000000000000E+00
      14.0000000000000000   1.0000000000000000E+30   0.0000000000000000E+00
      15.0000000000000000   1.0000000000000000E+30   0.0000000000000000E+00
      16.0000000000000000   1.0000000000000000E+30   0.0000000000000000E+00
      17.0000000000000000   1.0000000000000000E+30   0.0000000000000000E+00
      18.0000000000000000   1.0000000000000000E+30   0.0000000000000000E+00
      19.0000000000000000   1.0000000000000000E+30   0.0000000000000000E+00
      20.0000000000000000   1.0000000000000000E+30   0.0000000000000000E+00
      21.0000000000000000   1.0000000000000000E+30   0.0000000000000000E+00
      22.0000000000000000   1.0000000000000000E+30   0.0000000000000000E+00
      23.0000000000000000   1.0000000000000000E+30   0.0000000000000000E+00
      24.0000000000000000   1.0000000000000000E+30   0.0000000000000000E+00
      25.0000000000000000   1.0000000000000000E+30   0.0000000000000000E+00
      26.0000000000000000   1.0000000000000000E+30   0.0000000000000000E+00
      27.0000000000000000   1.0000000000000000E+30   0.0000000000000000E+00
      28.0000000000000000   1.0000000000000000E+30   0.0000000000000000E+00
      29.0000000000000000   1.0000000000000000E+30   0.0000000000000000E+00
      30.0000000000000000   1.0000000000000000E+30   0.0000000000000000E+00
      31.0000000000000000   1.0000000000000000E+30   0.0000000000000000E+00
      32.0000000000000000   1.0000000000000000E+30   0.0000000000000000E+00
      33.0000000000000000   1.0000000000000000E+30   0.0000000000000000E+00
      34.0000000000000000   1.0000000000000000E+30   0.0000000000000000E+00
      35.0000000000000000   1.0000000000000000E+30   0.0000000000000000E+00
      36.0000000000000000   1.0000000000000000E+30   0.0000000000000000E+00
      37.0000000000000000   1.0000000000000000E+30   0.0000000000000000E+00
      38.0000000000000000   1.0000000000000000E+30   0.0000000000000000E+00
      39.0000000000000000   1.0000000000000000E+30   0.0000000000000000E+00
      40.0000000000000000   1.0000000000000000E+30   0.0000000000000000E+00
      41.0000000000000000   1.0000000000000000E+30   0.0000000000000000E+00
      42.0000000000000000   1.0000000000000000E+30   0.0000000000000000E+00
      43.0000000000000000   1.0000000000000000E+30   0.0000000000000000E+00
      44.0000000000000000   1.0000000000000000E+30   0.0000000000000000E+00
      45.0000000000000000   1.0000000000000000E+30   0.0000000000000000E+00
      46.0000000000000000   1.0000000000000000E+30   0.0000000000000000E+00
      47.0000000000000000   1.0000000000000000E+30   0.0000000000000000E+00
      48.0000000000000000   1.0000000000000000E+30   0.0000000000000000E+00
      49.0000000000000000   1.0000000000000000E+30   0.0000000000000000E+00
      50.0000000000000000   1.0000000000000000E+30   0.0000000000000000E+00
      51.0000000000000000   1.0000000000000000E+30   0.0000000000000000E+00
      52.0000000000000000   1.0000000000000000E+30   0.0000000000000000E+00
      53.0000000000000000   1.0000000000000000E+30   0.0000000000000000E+00
      54.0000000000000000   1.0000000000000000E+30   0.0000000000000000E+00
      55.0000000000000000   1.0000000000000000E+30   0.0000000000000000E+00
      56.0000000000000000   1.0000000000000000E+30   0.0000000000000000E+00
      57.0000000000000000   1.0000000000000000E+30   0.0000000000000000E+00
      57.9990000000000023   1.0000000000000000E+30   0.0000000000000000E+00
      58.0000000000000000   3.7673132423276687E+09   1.5395587324234331E-08
      58.0009999999999977   3.7675404874882779E+09   1.5394658715045981E-08
      59.0000000000000000   2.2500198909736084E+05   2.5881090889590602E-04
      60.0000000000000000   7.9443982143952773E+04   7.3591141836977752E-04
      61.0000000000000000   4.3089206170328340E+04   1.3621217271680335E-03
      62.0000000000000000   2.7890903763238934E+04   2.1125291386297090E-03
      63.0000000000000000   1.9892884889089895E+04   2.9732662355137838E-03
      64.0000000000000000   1.5091263847478953E+04   3.9342175739336899E-03
      65.0000000000000000   1.1948494287307019E+04   4.9878124895787520E-03
      66.0000000000000000   9.7628099990415267E+03   6.1273990178907153E-03
      67.0000000000000000   8.1700316986192092E+03   7.3492742211083107E-03
      68.0000000000000000   6.9691722922031286E+03   8.6475821492708778E-03
      69.0000000000000000   6.0374878974261510E+03   1.0018842524649017E-02
      70.0000000000000000   5.2975229058867772E+03   1.1460148631551290E-02
      71.0000000000000000   4.6989332507085810E+03   1.2967173254548008E-02
      72.0000000000000000   4.2064235738582674E+03   1.4538035871240140E-02
      73.0000000000000000   3.7956853904434283E+03   1.6169448919809190E-02
      74.0000000000000000   3.4489365686086480E+03   1.7859134573639447E-02
      75.0000000000000000   3.1531792085984725E+03   1.9604263434107368E-02
      76.0000000000000000   2.8984028524541409E+03   2.1403684056568048E-02
      77.0000000000000000   2.6771973171079931E+03   2.3254586467740288E-02
      78.0000000000000000   2.4837329531808396E+03   2.5154788104231624E-02
      79.0000000000000000   2.3133350215897067E+03   2.7103053226390519E-02
      80.0000000000000000   2.1623283553060642E+03   2.9097888772210059E-02
      81.0000000000000000   2.0278356034645888E+03   3.1136616356078048E-02
      82.0000000000000000   1.9073847128110267E+03   3.3218683761942459E-02
      83.0000000000000000   1.7990433997354105E+03   3.5341957462076100E-02
      84.0000000000000000   1.7011770994059466E+03   3.7505057586456121E-02
      85.0000000000000000   1.6124108458289511E+03   3.9706930599282673E-02
      86.0000000000000000   1.5316177089849473E+03   4.1945929681857660E-02
      87.0000000000000000   1.4578266279048473E+03   4.4220969021435387E-02
      88.0000000000000000   1.3902308834572684E+03   4.6530366758648536E-02
      89.0000000000000000   1.3280977887746444E+03   4.8874120966679042E-02
      90.0000000000000000   1.2708693438529995E+03   5.1249414677348025E-02
      91.0000000000000000   1.2179936127022015E+03   5.3656412875465333E-02
      92.0000000000000000   1.1690348704930327E+03   5.6093385967253530E-02
      93.0000000000000000   1.1235998719202903E+03   5.8559273946354663E-02
      94.0000000000000000   1.0813292122288042E+03   6.1053890257024922E-02
      95.0000000000000000   1.0419501871697503E+03   6.3574677265994042E-02
      96.0000000000000000   1.0051771303974765E+03   6.6121686947117717E-02
      97.0000000000000000   9.7077930970195348E+02   6.8693716533128946E-02
      98.0000000000000000   9.3854807158901804E+02   7.1289849893221513E-02
      99.0000000000000000   9.0830173393174402E+02   7.3908794345251425E-02
     100.0000000000000000   8.7987096537451794E+02   7.6549965473216977E-02
     110.0000000000000000   6.6919656373753151E+02   1.0397410285739468E-01
     120.0000000000000000   5.4134978438650705E+02   1.3261167111162939E-01
     130.0000000000000000   4.5769236038119857E+02   1.6160186749327335E-01
     140.0000000000000000   4.0011645737008848E+02   1.9015165744928836E-01
     150.0000000000000000   3.5906981318333476E+02   2.1758818503678728E-01
     160.0000000000000000   3.2905382445374579E+02   2.4340173459822148E-01
     170.0000000000000000   3.0668993103693981E+02   2.6725876219235362E-01
     180.0000000000000000   2.8979801653901609E+02   2.8898617865742965E-01
     190.0000000000000000   2.7691786692569127E+02   3.0853891877024991E-01
     200.0000000000000000   2.6704203217668351E+02   3.2596382567465892E-01
     210.0000000000000000   2.5945827610178958E+02   3.4136721757578509E-01
     220.0000000000000000   2.5365246299377310E+02   3.5488935254269222E-01
     230.0000000000000000   2.4924648548617120E+02   3.6668624190706883E-01
     240.0000000000000000   2.4595754571461421E+02   3.7691744614498890E-01
     250.0000000000000000   2.4357091006862026E+02   3.8573835683300151E-01
     260.0000000000000000   2.4192129553550825E+02   3.9329544558898583E-01
     270.0000000000000000   2.4087973372980659E+02   3.9972437233356706E-01
     280.0000000000000000   2.4034445403068796E+02   4.0514880324276348E-01
     290.0000000000000000   2.4023425456444784E+02   4.0968043363943835E-01
     300.0000000000000000   2.4048369629957074E+02   4.1341947768414622E-01
     310.0000000000000000   2.4103953444453521E+02   4.1645546391893534E-01
     320.0000000000000000   2.4185808538647393E+02   4.1886808027248990E-01
     330.0000000000000000   2.4290321260249976E+02   4.2072815659115553E-01
     340.0000000000000000   2.4414479772591008E+02   4.2209855118533751E-01
     350.0000000000000000   2.4555757178397425E+02   4.2303501598360826E-01
     360.0000000000000000   2.4712020410492232E+02   4.2358696498872711E-01
     370.0000000000000000   2.4881455904179612E+02   4.2379825633904006E-01
     380.0000000000000000   2.5062515258639820E+02   4.2370776822880901E-01
     390.0000000000000000   2.5253867765118892E+02   4.2335004438051177E-01
     400.0000000000000000   2.5454366533948638E+02   4.2275572565039987E-01
     410.0000000000000000   2.5663016139939651E+02   4.2195207478769081E-01
     420.0000000000000000   2.5878949941132220E+02   4.2096334895847837E-01
     430.0000000000000000   2.6101410767906600E+02   4.1981112606084792E-01
     440.0000000000000000   2.6329733808766173E+02   4.1851465207308253E-01
     450.0000000000000000   2.6563333969966141E+02   4.1709107546302532E-01
     460.0000000000000000   2.6801694286875266E+02   4.1555570355141680E-01
     470.0000000000000000   2.7044355620179726E+02   4.1392223204275241E-01
     480.0000000000000000   2.7290910728910501E+02   4.1220288180883291E-01
     490.0000000000000000   2.7540996243878487E+02   4.1040858614636866E-01
     500.0000000000000000   2.7794286918273684E+02   4.0854914938526521E-01
     510.0000000000000000   2.8050491662111688E+02   4.0663333812879265E-01
     520.0000000000000000   2.8309348475000201E+02   4.0466902449838726E-01
     530.0000000000000000   2.8570622154480117E+02   4.0266324630431938E-01
     540.0000000000000000   2.8834099706307632E+02   4.0062233466451175E-01
     550.0000000000000000   2.9099588543374847E+02   3.9855197394349662E-01
     560.0000000000000000   2.9366914727337019E+02   3.9645724965705659E-01
     570.0000000000000000   2.9635919642018507E+02   3.9434274667292096E-01
     580.0000000000000000   2.9906459333040772E+02   3.9221257400925003E-01
     590.0000000000000000   3.0178402835085984E+02   3.9007041844680312E-01
     600.0000000000000000   3.0451630224479129E+02   3.8791959847203927E-01
     610.0000000000000000   3.0726032132882830E+02   3.8576308909558510E-01
     620.0000000000000000   3.1001508645096476E+02   3.8360355772701366E-01
     630.0000000000000000   3.1277967624928442E+02   3.8144340756000245E-01
     640.0000000000000000   3.1555324908672912E+02   3.7928478780259295E-01
     650.0000000000000000   3.1833503181856429E+02   3.7712961850768872E-01
     660.0000000000000000   3.2112431081569827E+02   3.7497962959199022E-01
     670.0000000000000000   3.2392042828404334E+02   3.7283636458265879E-01
     680.0000000000000000   3.2672278311434536E+02   3.7070119253410067E-01
     690.0000000000000000   3.2953081057817928E+02   3.6857535598743607E-01
     700.0000000000000000   3.3234399714452371E+02   3.6645994256463693E-01
     710.0000000000000000   3.3516186616791134E+02   3.6435591976670884E-01
     720.0000000000000000   3.3798397116793376E+02   3.6226416096252417E-01
     730.0000000000000000   3.4080990620686754E+02   3.6018541856567293E-01
     740.0000000000000000   3.4363928646980702E+02   3.5812037378712303E-01
     750.0000000000000000   3.4647176136396848E+02   3.5606960937843068E-01
     760.0000000000000000   3.4902161256073754E+02   3.5500376360342367E-01
     770.0000000000000000   3.5194490108838579E+02   3.5276129251607219E-01
     780.0000000000000000   3.5486333679315021E+02   3.5055970309245449E-01
     790.0000000000000000   3.5777698029154766E+02   3.4839783616493275E-01
     800.0000000000000000   3.6032372187639703E+02   3.4746955531002516E-01
     810.0000000000000000   3.6323074494320917E+02   3.4536743931351838E-01
     820.0000000000000000   3.6613314639726093E+02   3.4330219967882797E-01
     830.0000000000000000   3.6903098778463237E+02   3.4127282503397549E-01
     840.0000000000000000   3.7192433375621636E+02   3.3927833490055248E-01
     850.0000000000000000   3.7481324300124169E+02   3.3731779539480494E-01
     860.0000000000000000   3.7769777924992621E+02   3.3539029509013624E-01
     870.0000000000000000   3.8057800342940476E+02   3.3349495951626829E-01
     880.0000000000000000   3.8311864757812634E+02   3.3270143970190563E-01
     890.0000000000000000   3.8599304195904176E+02   3.3085430718658088E-01
     900.0000000000000000   3.8886329269414267E+02   3.2903718042349944E-01
     910.0000000000000000   3.9172945844881190E+02   3.2724929081829857E-01
     920.0000000000000000   3.9459159845737764E+02   3.2548989355005514E-01
     930.0000000000000000   3.9744977058305977E+02   3.2375827069421159E-01
     940.0000000000000000   4.0030403331079566E+02   3.2205372508161595E-01
     950.0000000000000000   4.0315444265896008E+02   3.2037558688434825E-01
     960.0000000000000000   4.0600105426461323E+02   3.1872320783505642E-01
     970.0000000000000000   4.0884392431977767E+02   3.1709595669749008E-01
     980.0000000000000000   4.1168310604437181E+02   3.1549322919872536E-01
     990.0000000000000000   4.1451865415563810E+02   3.1391443453387941E-01
    1000.0000000000000000   4.1735062104549871E+02   3.1235900452558923E-01
    1100.0000000000000000   4.4576577740688577E+02   2.9714928695753551E-01
    1200.0000000000000000   4.7410083630633125E+02   2.8317517746383186E-01
    1300.0000000000000000   5.0209979675198349E+02   2.7093395611947407E-01
    1400.0000000000000000   5.3004203011011509E+02   2.5947622181409968E-01
    1500.0000000000000000   5.5792754805191953E+02   2.4869968029661815E-01
    1600.0000000000000000   5.8530704254943657E+02   2.3960700709282476E-01
    1700.0000000000000000   6.1266463555651399E+02   2.3089512403518161E-01
    1800.0000000000000000   6.3999831933345604E+02   2.2252786851957548E-01
    1900.0000000000000000   6.6710416952814273E+02   2.1492230380852645E-01
    2000.0000000000000000   6.9399897301517240E+02   2.0797527263794213E-01
    2100.0000000000000000   7.2069769908377225E+02   2.0160169858000249E-01
    2200.0000000000000000   7.4721373393834847E+02   1.9573077888534243E-01
    2300.0000000000000000   7.7374388640762800E+02   1.8993778463518865E-01
    2400.0000000000000000   8.0010522268112891E+02   1.8457097851132739E-01
    2500.0000000000000000   8.2630743849602186E+02   1.7958349465712317E-01
    2600.0000000000000000   8.5235938268939935E+02   1.7493517463922134E-01
    2700.0000000000000000   8.7826913904727564E+02   1.7059142355061432E-01
    2800.0000000000000000   9.0421319484999947E+02   1.6622660994244354E-01
    2900.0000000000000000   9.2985647871228673E+02   1.6241706115923044E-01
    3000.0000000000000000   9.5554161916432543E+02   1.5855778948790905E-01
    3100.0000000000000000   9.8094347865877671E+02   1.5518768889787976E-01
    3200.0000000000000000   1.0063926802595621E+03   1.5174793927320454E-01
    3300.0000000000000000   1.0317304966872971E+03   1.4849589582516376E-01
    3400.0000000000000000   1.0569614846737170E+03   1.4541617249963001E-01
    3500.0000000000000000   1.0822432484902110E+03   1.4226206616728573E-01
    3600.0000000000000000   1.1072709248675171E+03   1.3949413241960570E-01
    3700.0000000000000000   1.1322037349577279E+03   1.3686107176718965E-01
    3800.0000000000000000   1.1570452622852736E+03   1.3435287363826767E-01
    3900.0000000000000000   1.1819450537977748E+03   1.3175276660488267E-01
    4000.0000000000000000   1.2066111545656308E+03   1.2947428740574504E-01
    4100.0000000000000000   1.2313388892393443E+03   1.2709839110410184E-01
    4200.0000000000000000   1.2558413058642207E+03   1.2501894795487783E-01
    4300.0000000000000000   1.2804077465442451E+03   1.2283862059906928E-01
    4400.0000000000000000   1.3048966757279441E+03   1.2074926790491193E-01
    4500.0000000000000000   1.3293102477597706E+03   1.1874535397036788E-01
    4600.0000000000000000   1.3535137423269591E+03   1.1699555017600488E-01
    4700.0000000000000000   1.3777849603174786E+03   1.1514210153556191E-01
    4800.0000000000000000   1.4019872290091030E+03   1.1335961172324854E-01
    4900.0000000000000000   1.4261224658968126E+03   1.1164394281466775E-01
    5000.0000000000000000   1.4501925363090900E+03   1.0999123202903192E-01
    5100.0000000000000000   1.4741992026421058E+03   1.0839793106435086E-01
    5200.0000000000000000   1.4981441261181733E+03   1.0686078100972961E-01
    5300.0000000000000000   1.5220288795210615E+03   1.0537677734441919E-01
    5400.0000000000000000   1.5459840932378584E+03   1.0379566658440717E-01
    5500.0000000000000000   1.5697513674435565E+03   1.0241313140016096E-01
    5600.0000000000000000   1.5934626420442066E+03   1.0107598481858918E-01
    5700.0000000000000000   1.6171194130583169E+03   9.9781786647354404E-02
    5800.0000000000000000   1.6407232849490144E+03   9.8528071661517544E-02
    5900.0000000000000000   1.6644003469857046E+03   9.7178331691167574E-02
    6000.0000000000000000   1.6878989937393603E+03   9.6004195745932858E-02
    6100.0000000000000000   1.7113482013416799E+03   9.4865007387642003E-02
    6200.0000000000000000   1.7348728428346494E+03   9.3630112532660806E-02
    6300.0000000000000000   1.7582236781712024E+03   9.2559775649784015E-02
    6400.0000000000000000   1.7816517469391083E+03   9.1393970820762421E-02
    6500.0000000000000000   1.8049090606420341E+03   9.0385625816787787E-02
    6600.0000000000000000   1.8282435019415241E+03   8.9283886548591970E-02
    6700.0000000000000000   1.8514112880713808E+03   8.8331985984614128E-02
    6800.0000000000000000   1.8746559067276498E+03   8.7288805381636664E-02
    6900.0000000000000000   1.8977373387650514E+03   8.6388964425921963E-02
    7000.0000000000000000   1.9208960866679615E+03   8.5399062643546395E-02
    7100.0000000000000000   1.9438937542984481E+03   8.4547724528750534E-02
    7200.0000000000000000   1.9669701089456698E+03   8.3606588983978020E-02
    7300.0000000000000000   1.9898865837421795E+03   8.2800425392679788E-02
    7400.0000000000000000   2.0128831086444936E+03   8.1904654669795782E-02
    7500.0000000000000000   2.0358393160646865E+03   8.1032315633999347E-02
    7600.0000000000000000   2.0586408582199638E+03   8.0286364356209339E-02
    7700.0000000000000000   2.0815220381350973E+03   7.9453717471861376E-02
    7800.0000000000000000   2.1043650135638027E+03   7.8641946287089898E-02
    7900.0000000000000000   2.1271689620354123E+03   7.7851495773618995E-02
    8000.0000000000000000   2.1498279225313859E+03   7.7174381480775461E-02
    8100.0000000000000000   2.1725640397851253E+03   7.6416082809075678E-02
    8200.0000000000000000   2.1952630022471294E+03   7.5676989136066575E-02
    8300.0000000000000000   2.2179269580547661E+03   7.4955129810928084E-02
    8400.0000000000000000   2.2404498017128249E+03   7.4339697744368327E-02
    8500.0000000000000000   2.2630496756220050E+03   7.3645965566706023E-02
    8600.0000000000000000   2.2856164927880136E+03   7.2967547106067329E-02
    8700.0000000000000000   2.3081485900885950E+03   7.2305612695028609E-02
    8800.0000000000000000   2.3306488594156676E+03   7.1657765171808552E-02
    8900.0000000000000000   2.3531192070276247E+03   7.1022341275998754E-02
    9000.0000000000000000   2.3755590340420872E+03   7.0399715303682942E-02
    9100.0000000000000000   2.3978624150841756E+03   6.9874248252598276E-02
    9200.0000000000000000   2.4202427610792297E+03   6.9275245337082320E-02
    9300.0000000000000000   2.4425931266225434E+03   6.8688513478469534E-02
    9400.0000000000000000   2.4649132402506825E+03   6.8114174204643399E-02
    9500.0000000000000000   2.4872037132052033E+03   6.7551708861466178E-02
    9600.0000000000000000   2.5094655206643056E+03   6.7000341035314465E-02
    9700.0000000000000000   2.5316994345051376E+03   6.6459451044986378E-02
    9800.0000000000000000   2.5539059189205805E+03   6.5928651873992244E-02
    9900.0000000000000000   2.5760852679664349E+03   6.5407688866296901E-02
   10000.0000000000000000   2.5982377350612010E+03   6.4896344633790876E-02
   11000.0000000000000000   2.8184534268785023E+03   6.0188348546882230E-02
   12000.0000000000000000   3.0362854099904625E+03   5.6222523370892397E-02
   13000.0000000000000000   3.2520881264255795E+03   5.2768681446714517E-02
   14000.0000000000000000   3.4659506825921849E+03   4.9784999656309795E-02
   15000.0000000000000000   3.6782573232436112E+03   4.7062586474821352E-02
   16000.0000000000000000   3.8888297657300341E+03   4.4721032654934427E-02
   17000.0000000000000000   4.0979909079944737E+03   4.2596955222893459E-02
   18000.0000000000000000   4.3057889627724753E+03   4.0685537497778847E-02
   19000.0000000000000000   4.5123683082215230E+03   3.8928191620437813E-02
   20000.0000000000000000   4.7177386554473151E+03   3.7335706183052320E-02
   21000.0000000000000000   4.9219780359779606E+03   3.5884683293364313E-02
   22000.0000000000000000   5.1250727663653915E+03   3.4586050213031107E-02
   23000.0000000000000000   5.3272987698239403E+03   3.3338659651501928E-02
   24000.0000000000000000   5.5285319101195819E+03   3.2205907875570657E-02
   25000.0000000000000000   5.7288496363008262E+03   3.1156311957511628E-02
   26000.0000000000000000   5.9283560165895287E+03   3.0165753030268725E-02
   27000.0000000000000000   6.1270813532894763E+03   2.9227743367920243E-02
   28000.0000000000000000   6.3249950901193870E+03   2.8361007043184765E-02
   29000.0000000000000000   6.5220654509495034E+03   2.7579636644815022E-02
   30000.0000000000000000   6.7185922989352039E+03   2.6791176266061090E-02
   31000.0000000000000000   6.9142834236212429E+03   2.6092251365323119E-02
   32000.0000000000000000   7.1094377192206994E+03   2.5398379195266101E-02
   33000.0000000000000000   7.3037557577031002E+03   2.4798563702999606E-02
   34000.0000000000000000   7.4975816117808081E+03   2.4197004574395085E-02
   35000.0000000000000000   7.6909812067892253E+03   2.3581970919983451E-02
   36000.0000000000000000   7.8836248826953679E+03   2.3046716755669053E-02
   37000.0000000000000000   8.0756453125601074E+03   2.2554123487412262E-02
   38000.0000000000000000   8.2673042742211801E+03   2.2045393710224178E-02
   39000.0000000000000000   8.4584514348345128E+03   2.1556329807236329E-02
   40000.0000000000000000   8.6490622780247286E+03   2.1097586131153690E-02
   41000.0000000000000000   8.8391401175268202E+03   2.0670602253821765E-02
   42000.0000000000000000   9.0287052210497659E+03   2.0271658749817092E-02
   43000.0000000000000000   9.2178213720360272E+03   1.9884491903695314E-02
   44000.0000000000000000   9.4065081278583202E+03   1.9511270752970458E-02
   45000.0000000000000000   9.5948276617103584E+03   1.9141573250059933E-02
   46000.0000000000000000   9.7826865675138324E+03   1.8788877236670311E-02
   47000.0000000000000000   9.9700585919658533E+03   1.8469134445641015E-02
   48000.0000000000000000   1.0157189512785233E+04   1.8128987412817200E-02
   49000.0000000000000000   1.0343885928853382E+04   1.7810678890329529E-02
   50000.0000000000000000   1.0530186595867492E+04   1.7505234598341284E-02
