       0.1000000000000000   3.4794896312414743E+01   8.3711352432446428E-04
       0.2000000000000000   3.0512198169596498E+01   1.6421093693160416E-03
       0.3000000000000000   2.9030742032868641E+01   2.4465770891996127E-03
       0.4000000000000000   2.8412804946536376E+01   3.2193076750892217E-03
       0.5000000000000000   2.8062263039563682E+01   3.9869514036564796E-03
       0.6000000000000000   2.7841874843915079E+01   4.7505655578384013E-03
       0.7000000000000000   2.7698595245359755E+01   5.5111512514451951E-03
       0.7999999999999999   2.7602837323258413E+01   6.2693704197597172E-03
       0.8999999999999999   2.7541045814118334E+01   7.0233907303998483E-03
       0.9999999999999999   2.7499980219351286E+01   7.7763585518834336E-03
       2.0000000000000000   2.7534726611745278E+01   1.5209283821172401E-02
       3.0000000000000000   2.7729234168504490E+01   2.2569185328020953E-02
       4.0000000000000000   2.7891583421000050E+01   2.9948309507952131E-02
       5.0000000000000000   2.7992325969557044E+01   3.7415480606127233E-02
       6.0000000000000000   2.8030614830778998E+01   4.5026609901049890E-02
       7.0000000000000000   2.8014805662673279E+01   5.2818183177517422E-02
       8.0000000000000000   2.7951925967424472E+01   6.0820622358108575E-02
       9.0000000000000000   2.7849178995092416E+01   6.9058046141751303E-02
      10.0000000000000000   2.7712129723509062E+01   7.7553041100094616E-02
      11.0000000000000000   2.7546266679254266E+01   8.6323385946728420E-02
      12.0000000000000000   2.7356072357381905E+01   9.5384028546192726E-02
      13.0000000000000000   2.7145953070558928E+01   1.0474626481007077E-01
      14.0000000000000000   2.6918863765818649E+01   1.1442334951861739E-01
      15.0000000000000000   2.6677569538348163E+01   1.2442688278307422E-01
      16.0000000000000000   2.6424729443883152E+01   1.3476545256498845E-01
      17.0000000000000000   2.6162221166553500E+01   1.4544961933143002E-01
      18.0000000000000000   2.5892022673809198E+01   1.5648784181670156E-01
      19.0000000000000000   2.5615576888271374E+01   1.6788842491999362E-01
      20.0000000000000000   2.5334218522034341E+01   1.7966016605522347E-01
      21.0000000000000000   2.5049008197876550E+01   1.9181208392180049E-01
      22.0000000000000000   2.4760989753261700E+01   2.0435184707929763E-01
      23.0000000000000000   2.4471025499892328E+01   2.1728738779426235E-01
      24.0000000000000000   2.4179772582338348E+01   2.3062787641743249E-01
      25.0000000000000000   2.3887841747617756E+01   2.4438209673249101E-01
      26.0000000000000000   2.3595750944434723E+01   2.5855919331360699E-01
      27.0000000000000000   2.3303934790195495E+01   2.7316868013350087E-01
      28.0000000000000000   2.3012778167455714E+01   2.8822030124079950E-01
      29.0000000000000000   2.2722572481517521E+01   3.0372452406865413E-01
      30.0000000000000000   2.2433592936576879E+01   3.1969214321523659E-01
      31.0000000000000000   2.2146033459130663E+01   3.3613477611375470E-01
      32.0000000000000000   2.1860094419598816E+01   3.5306421277403544E-01
      33.0000000000000000   2.1575900348552874E+01   3.7049333696757819E-01
      34.0000000000000000   2.1293569049667322E+01   3.8843560067131466E-01
      35.0000000000000000   2.1013185341205787E+01   4.0690524388981003E-01
      36.0000000000000000   2.0734813864253756E+01   4.2591732204534249E-01
      37.0000000000000000   2.0458499864599538E+01   4.4548776642600330E-01
      38.0000000000000000   2.0184275554042930E+01   4.6563343445186711E-01
      39.0000000000000000   1.9912154592037776E+01   4.8637218771027119E-01
      40.0000000000000000   1.9642144293558950E+01   5.0772286127341471E-01
      41.0000000000000000   1.9374237922034311E+01   5.2970544829880228E-01
      42.0000000000000000   1.9108420722950363E+01   5.5234108222320888E-01
      43.0000000000000000   1.8844672647800731E+01   5.7565213437909379E-01
      44.0000000000000000   1.8582968879682031E+01   5.9966215675644374E-01
      45.0000000000000000   1.8323276435039418E+01   6.2439616807306997E-01
      46.0000000000000000   1.8065560522504125E+01   6.4988056590642163E-01
      47.0000000000000000   1.7809783447711347E+01   6.7614324515593227E-01
      48.0000000000000000   1.7555905335957416E+01   7.0321366874623048E-01
      49.0000000000000000   1.7303885272312311E+01   7.3112295123183280E-01
      50.0000000000000000   1.7053681484430506E+01   7.5990393488469199E-01
      51.0000000000000000   1.6805251278404597E+01   7.8959128803458656E-01
      52.0000000000000000   1.6558553110132308E+01   8.2022157871991197E-01
      53.0000000000000000   1.6313545736999121E+01   8.5183336679124988E-01
      54.0000000000000000   1.6070189327210219E+01   8.8446729273206992E-01
      55.0000000000000000   1.5828444989986007E+01   9.1816619791861198E-01
      56.0000000000000000   1.5588276352366496E+01   9.5297526441747904E-01
      57.0000000000000000   1.5349652844825195E+01   9.8894156864840999E-01
      58.0000000000000000   1.5112541846873814E+01   1.0261151220892999E+00
      59.0000000000000000   1.4876914199935925E+01   1.0645484431243974E+00
      60.0000000000000000   1.4642750104724934E+01   1.1042960063330227E+00
      60.9990000000000023   1.4410260194773350E+01   1.1453736677237274E+00
      61.0000000000000000   1.4410028187898680E+01   1.1454154922720643E+00
      61.0009999999999977   1.4409796182451029E+01   1.1454573182522094E+00
      62.0000000000000000   1.4178733568160959E+01   1.1879670128594866E+00
      63.0000000000000000   1.3948856794227792E+01   1.2320133200008281E+00
      64.0000000000000000   1.3720393690112337E+01   1.2776197860697167E+00
      65.0000000000000000   1.3493346330333051E+01   1.3248543450479089E+00
      66.0000000000000000   1.3267723479353323E+01   1.3737873912224339E+00
      67.0000000000000000   1.3043541154255893E+01   1.4244916241395791E+00
      68.0000000000000000   1.2820823290917925E+01   1.4770418292335179E+00
      69.0000000000000000   1.2599602355904050E+01   1.5315145835387467E+00
      70.0000000000000000   1.2379919969386203E+01   1.5879878705063739E+00
      71.0000000000000000   1.2161827536258016E+01   1.6465405957483998E+00
      72.0000000000000000   1.1945386950834816E+01   1.7072519825886860E+00
      73.0000000000000000   1.1730671193057535E+01   1.7702008379260918E+00
      74.0000000000000000   1.1517764894414908E+01   1.8354646728659756E+00
      75.0000000000000000   1.1306764524080865E+01   1.9031187228935786E+00
      75.9989999999999952   1.1097987951904690E+01   1.9731631524362314E+00
      76.0000000000000000   1.1097780013705020E+01   1.9732345206022188E+00
      76.0010000000000048   1.1097572077641855E+01   1.9733058912972781E+00
      77.0000000000000000   1.0890933075511505E+01   2.0458788659506673E+00
      78.0000000000000000   1.0686358524425380E+01   2.1211120616611270E+00
      79.0000000000000000   1.0484203728342909E+01   2.1989862798608244E+00
      80.0000000000000000   1.0284628095097728E+01   2.2795437397663583E+00
      81.0000000000000000   1.0087802204826632E+01   2.3628147891624280E+00
      82.0000000000000000   9.8939066047565412E+00   2.4488159392309172E+00
      83.0000000000000000   9.7031301332441746E+00   2.5375479160371879E+00
      84.0000000000000000   9.5156678130018406E+00   2.6289938075599917E+00
      85.0000000000000000   9.3317183885241271E+00   2.7231173925516554E+00
      86.0000000000000000   9.1514814228770227E+00   2.8198617475664620E+00
      86.9989999999999952   8.9753283853151586E+00   2.9190477110684814E+00
      87.0000000000000000   8.9751540752263104E+00   2.9191482356126741E+00
      87.0010000000000048   8.9749797692392352E+00   2.9192487625999233E+00
      88.0000000000000000   8.8029277664880095E+00   3.0208759101483498E+00
      89.0000000000000000   8.6349844677228642E+00   3.1249215422722707E+00
      90.0000000000000000   8.4714932797973486E+00   3.2311401381302969E+00
      90.9989999999999952   8.3127636277696428E+00   3.3392569320035768E+00
      91.0000000000000000   8.3126070879957883E+00   3.3393661007162674E+00
      91.0010000000000048   8.3124505529623995E+00   3.3394752712532547E+00
      92.0000000000000000   8.1584595463396976E+00   3.4494149654047286E+00
      93.0000000000000000   8.0091625342992376E+00   3.5610856667368775E+00
      94.0000000000000000   7.8648041894812364E+00   3.6741632529412631E+00
      95.0000000000000000   7.7254475916765317E+00   3.7884219388613745E+00
      96.0000000000000000   7.5911301354330440E+00   3.9036283711450208E+00
      97.0000000000000000   7.4618635851741901E+00   4.0195449730488475E+00
      98.0000000000000000   7.3376347657044132E+00   4.1359332401591784E+00
      99.0000000000000000   7.2184068378415978E+00   4.2525568701110288E+00
     100.0000000000000000   7.1041209960384437E+00   4.3691846322158687E+00
     110.0000000000000000   6.2090044807896145E+00   5.4923513441077354E+00
     113.9989999999999952   5.9573697237025680E+00   5.8995417179222658E+00
     114.0010000000000048   5.9572562918192569E+00   5.8997376494696105E+00
     120.0000000000000000   5.6647624214786880E+00   6.4506170684358048E+00
     130.0000000000000000   5.3423047200787446E+00   7.2049933443534995E+00
     140.0000000000000000   5.1562604052494150E+00   7.7739600172473766E+00
     150.0000000000000000   5.0562671664747958E+00   8.1912505237534248E+00
     160.0000000000000000   5.0126787788981577E+00   8.4894084433047006E+00
     170.0000000000000000   5.0074892887263482E+00   8.6954188558575396E+00
     180.0000000000000000   5.0293329664147324E+00   8.8304872648090988E+00
     190.0000000000000000   5.0707625878521734E+00   8.9109502036938402E+00
     200.0000000000000000   5.1267312240584539E+00   8.9493222256500840E+00
     210.0000000000000000   5.1937156713617165E+00   8.9551974487312904E+00
     220.0000000000000000   5.2691919074467677E+00   8.9359585678618885E+00
     230.0000000000000000   5.3513104244052245E+00   8.8973150338538751E+00
     240.0000000000000000   5.4386889301736430E+00   8.8437061774881496E+00
     250.0000000000000000   5.5302762571631803E+00   8.7786021770067286E+00
     260.0000000000000000   5.6252607272393291E+00   8.7047292167123693E+00
     270.0000000000000000   5.7199570186796738E+00   8.6374779504502417E+00
     280.0000000000000000   5.8170857160847902E+00   8.5678498804468326E+00
     290.0000000000000000   5.9233765308994855E+00   8.4642787427418700E+00
     300.0000000000000000   6.0221269815663740E+00   8.3955343261121307E+00
     310.0000000000000000   6.1291051394440244E+00   8.2962178450272450E+00
     320.0000000000000000   6.2361984933455812E+00   8.1997131420795970E+00
     330.0000000000000000   6.3433692856605219E+00   8.1059555617329888E+00
     338.9990000000000236   6.4378407143521281E+00   8.0320819066847378E+00
     339.0009999999999764   6.4378661839861193E+00   8.0320474423899775E+00
     340.0000000000000000   6.4505864849012644E+00   8.0148711965528552E+00
     350.0000000000000000   6.5578244261582990E+00   7.9263805416819908E+00
     356.9990000000000236   6.6335113424827927E+00   7.8633921577374988E+00
     357.0009999999999764   6.6335365815959699E+00   7.8633597150542869E+00
     360.0000000000000000   6.6650618006925137E+00   7.8404009471019469E+00
     370.0000000000000000   6.7722809175823242E+00   7.7568481954953867E+00
     380.0000000000000000   6.8794670168229981E+00   7.6756380156302475E+00
     390.0000000000000000   6.9923149865954581E+00   7.5738181578811465E+00
     400.0000000000000000   7.0992182580303913E+00   7.4977846333202471E+00
     410.0000000000000000   7.2114945631125931E+00   7.4023105935015714E+00
     420.0000000000000000   7.3181058447459923E+00   7.3309814311339645E+00
     430.0000000000000000   7.4298221815254193E+00   7.2412642195495369E+00
     440.0000000000000000   7.5412197551947475E+00   7.1544974178437908E+00
     450.0000000000000000   7.6523048248690309E+00   7.0705327362434547E+00
     460.0000000000000000   7.7581747985045979E+00   7.0079402246540399E+00
     470.0000000000000000   7.8687376381627532E+00   6.9287005338325782E+00
     480.0000000000000000   7.9790056706285961E+00   6.8518935904086371E+00
     490.0000000000000000   8.0889852917869707E+00   6.7774043249308056E+00
     500.0000000000000000   8.1986828479008693E+00   6.7051247621562355E+00
     510.0000000000000000   8.3081045807947351E+00   6.6349535887697906E+00
     520.0000000000000000   8.4172566174596088E+00   6.5667956403557293E+00
     530.0000000000000000   8.5261449641395295E+00   6.5005614303120858E+00
     540.0000000000000000   8.6347754806837553E+00   6.4361667912579525E+00
     547.9990000000000236   8.7240137046379900E+00   6.3768298535644892E+00
     548.0009999999999764   8.7240370484047300E+00   6.3768113977099929E+00
     550.0000000000000000   8.7431538974564855E+00   6.3735324178681783E+00
     560.0000000000000000   8.8554238790447393E+00   6.2977972810776794E+00
     570.0000000000000000   8.9632449840519062E+00   6.2387751381976129E+00
     580.0000000000000000   9.0708314956347600E+00   6.1812898932633527E+00
     590.0000000000000000   9.1781885065755340E+00   6.1252792871615211E+00
     600.0000000000000000   9.2892382869739993E+00   6.0570468535379707E+00
     610.0000000000000000   9.3960850214131657E+00   6.0040816454657184E+00
     620.0000000000000000   9.5027178147480651E+00   5.9524142033989405E+00
     630.0000000000000000   9.6129121718150774E+00   5.8891109553955312E+00
     640.0000000000000000   9.7190668615788329E+00   5.8401362590253152E+00
     644.9990000000000236   9.7720576957581500E+00   5.8160895116888662E+00
     645.0009999999999764   9.7720803665838876E+00   5.8160749327181041E+00
     650.0000000000000000   9.8287135238966243E+00   5.7798791307518327E+00
     660.0000000000000000   9.9344103870952409E+00   5.7333873296303564E+00
     670.0000000000000000   1.0043530291351829E+01   5.6759483668423885E+00
     680.0000000000000000   1.0148788406719278E+01   5.6317511560480202E+00
     690.0000000000000000   1.0257401294951977E+01   5.5769252624310202E+00
     700.0000000000000000   1.0362238669036861E+01   5.5348529995475158E+00
     710.0000000000000000   1.0470363175958822E+01   5.4824550693552627E+00
     720.0000000000000000   1.0574796763895050E+01   5.4423546232799023E+00
     730.0000000000000000   1.0682450544555252E+01   5.3922169494666026E+00
     740.0000000000000000   1.0789867101152113E+01   5.3432318470245397E+00
     750.0000000000000000   1.0893696056127949E+01   5.3059201140843442E+00
     760.0000000000000000   1.1000666633696307E+01   5.2589677074740147E+00
     763.9990000000000236   1.1041401100003068E+01   5.2466874771339507E+00
     764.0009999999999764   1.1041423112927195E+01   5.2466761902305787E+00
     770.0000000000000000   1.1107412060639355E+01   5.2130547497520467E+00
     780.0000000000000000   1.1210670582813062E+01   5.1782485431279737E+00
     790.0000000000000000   1.1316992767809998E+01   5.1341711104772312E+00
     800.0000000000000000   1.1423100948856572E+01   5.0910346499052679E+00
     810.0000000000000000   1.1525820483727840E+01   5.0584880708385320E+00
     820.0000000000000000   1.1631526374103087E+01   5.0170153162142652E+00
     830.0000000000000000   1.1737028449922695E+01   4.9763977203956884E+00
     840.0000000000000000   1.1842329810903266E+01   4.9366083902304361E+00
     850.0000000000000000   1.1947433264180271E+01   4.8976222185329288E+00
     860.0000000000000000   1.2049281986011072E+01   4.8684666638351288E+00
     870.0000000000000000   1.2154015257362428E+01   4.8308979684896025E+00
     880.0000000000000000   1.2258559811354736E+01   4.7940626193309148E+00
     890.0000000000000000   1.2362918247640643E+01   4.7579392189453227E+00
     900.0000000000000000   1.2467093239072772E+01   4.7225068378664119E+00
     910.0000000000000000   1.2571087561733563E+01   4.6877449034113505E+00
     920.0000000000000000   1.2674904018230464E+01   4.6536334069913892E+00
     930.0000000000000000   1.2778545319536830E+01   4.6201532037574093E+00
     940.0000000000000000   1.2879120397319493E+01   4.5954813475749310E+00
     950.0000000000000000   1.2982435026200637E+01   4.5631156594904274E+00
     960.0000000000000000   1.3085581615512552E+01   4.5313320333552962E+00
     970.0000000000000000   1.3188562551060137E+01   4.5001142381784724E+00
     980.0000000000000000   1.3291380181944104E+01   4.4694466028032975E+00
     990.0000000000000000   1.3394036806348888E+01   4.4393140347162943E+00
    1000.0000000000000000   1.3496534656525421E+01   4.4097020359427246E+00
    1100.0000000000000000   1.4515871026441815E+01   4.1324867483782954E+00
    1200.0000000000000000   1.5521138919201283E+01   3.8959978232243793E+00
    1300.0000000000000000   1.6516315505131121E+01   3.6858826844182668E+00
    1400.0000000000000000   1.7500074278397921E+01   3.5024591377698182E+00
    1500.0000000000000000   1.8477979110211855E+01   3.3309407111527087E+00
    1600.0000000000000000   1.9443977570112214E+01   3.1833625250570745E+00
    1700.0000000000000000   2.0403288961396751E+01   3.0470723042678598E+00
    1800.0000000000000000   2.1354379060140932E+01   2.9244456549567666E+00
    1900.0000000000000000   2.2299824921618960E+01   2.8096929321017594E+00
    2000.0000000000000000   2.3238102188845392E+01   2.7053252340944121E+00
    2100.0000000000000000   2.4169638929707137E+01   2.6100253155368196E+00
    2200.0000000000000000   2.5094847461121095E+01   2.5226476757656164E+00
    2209.9989999999997963   2.5187997666686012E+01   2.5126186244111297E+00
    2210.0010000000002037   2.5188016288652960E+01   2.5126166338315170E+00
    2294.9989999999997963   2.5969709362624794E+01   2.4436403821378918E+00
    2295.0010000000002037   2.5969727885115969E+01   2.4436385116052275E+00
    2300.0000000000000000   2.6016013613706079E+01   2.4389801989102131E+00
    2400.0000000000000000   2.6929625634079656E+01   2.3648160915889012E+00
    2500.0000000000000000   2.7839776637113740E+01   2.2931000029828295E+00
    2600.0000000000000000   2.8744827757115761E+01   2.2264691074465688E+00
    2700.0000000000000000   2.9645023169358531E+01   2.1644050259274525E+00
    2747.9989999999997963   3.0077034755322405E+01   2.1336934576856197E+00
    2748.0010000000002037   3.0077052780896103E+01   2.1336921272277487E+00
    2800.0000000000000000   3.0542352590377874E+01   2.1038056545474100E+00
    2900.0000000000000000   3.1433556236240502E+01   2.0495425258682451E+00
    3000.0000000000000000   3.2322169466154655E+01   1.9963003227577016E+00
    3100.0000000000000000   3.3206781340037992E+01   1.9461592192034924E+00
    3152.9989999999997963   3.3673300236817816E+01   1.9217818841645808E+00
    3153.0010000000002037   3.3673317938119951E+01   1.9217808174160182E+00
    3200.0000000000000000   3.4085907323607330E+01   1.9011037292381952E+00
    3300.0000000000000000   3.4962958782682882E+01   1.8563788716621856E+00
    3400.0000000000000000   3.5836371659265318E+01   1.8141488239363392E+00
    3429.9989999999997963   3.6097529959087410E+01   1.8021557402532091E+00
    3430.0010000000002037   3.6097547497034398E+01   1.8021547689879680E+00
    3500.0000000000000000   3.6706331744703881E+01   1.7741493454708319E+00
    3600.0000000000000000   3.7574377104629107E+01   1.7343993233115906E+00
    3700.0000000000000000   3.8437748904933208E+01   1.6984461164875557E+00
    3800.0000000000000000   3.9297992231374515E+01   1.6642873104919476E+00
    3900.0000000000000000   4.0155518441789901E+01   1.6314191965691023E+00
    4000.0000000000000000   4.1011240388249952E+01   1.5987534489699875E+00
    4100.0000000000000000   4.1862865202271976E+01   1.5690607362527100E+00
    4200.0000000000000000   4.2713155041508010E+01   1.5390899189135296E+00
    4300.0000000000000000   4.3560921772313947E+01   1.5102651192253900E+00
    4400.0000000000000000   4.4404298341853398E+01   1.4846575074277040E+00
    4500.0000000000000000   4.5246985634243920E+01   1.4581432657293525E+00
    4600.0000000000000000   4.6087146745357316E+01   1.4328053260224565E+00
    4700.0000000000000000   4.6925040299867021E+01   1.4083671154012700E+00
    4800.0000000000000000   4.7760241004666646E+01   1.3852473147127340E+00
    4900.0000000000000000   4.8593519650208606E+01   1.3627063691714478E+00
    5000.0000000000000000   4.9424695974911380E+01   1.3409268498860147E+00
    5100.0000000000000000   5.0253634568144690E+01   1.3200399255947333E+00
    5200.0000000000000000   5.1080358927376182E+01   1.3000249357564342E+00
    5300.0000000000000000   5.1904926848629287E+01   1.2808299301969077E+00
    5400.0000000000000000   5.2727669151900535E+01   1.2621613631888746E+00
    5500.0000000000000000   5.3548957959643666E+01   1.2437078410137230E+00
    5600.0000000000000000   5.4367758152719766E+01   1.2263851898825344E+00
    5700.0000000000000000   5.5184591185645175E+01   1.2097167712953365E+00
    5800.0000000000000000   5.6001882156327554E+01   1.1915736760927069E+00
    5900.0000000000000000   5.6814661187147159E+01   1.1763893076180407E+00
    6000.0000000000000000   5.7626866091474362E+01   1.1607399294225313E+00
    6100.0000000000000000   5.8438539430592606E+01   1.1444990409388813E+00
    6200.0000000000000000   5.9246165403809947E+01   1.1307717547793330E+00
    6300.0000000000000000   6.0053326891031780E+01   1.1165265711605064E+00
    6400.0000000000000000   6.0860423945265502E+01   1.1013915731314234E+00
    6500.0000000000000000   6.1663973314307889E+01   1.0883389661904028E+00
    6600.0000000000000000   6.2467357661013175E+01   1.0744672233163997E+00
    6700.0000000000000000   6.3267679292132030E+01   1.0623088012157271E+00
    6800.0000000000000000   6.4068142931218972E+01   1.0491262021099246E+00
    6900.0000000000000000   6.4865834276149400E+01   1.0374144774234821E+00
    7000.0000000000000000   6.5663718082947952E+01   1.0246988148624057E+00
    7100.0000000000000000   6.6458334212371994E+01   1.0138025438366718E+00
    7200.0000000000000000   6.7252861727814860E+01   1.0021415985525268E+00
    7300.0000000000000000   6.8044286068018565E+01   9.9212813125215815E-01
    7400.0000000000000000   6.8836081403890418E+01   9.8106458800327678E-01
    7500.0000000000000000   6.9628195471703677E+01   9.6916428705454971E-01
    7600.0000000000000000   7.0415584232236938E+01   9.6000321061249261E-01
    7700.0000000000000000   7.1202849384389665E+01   9.5021449055618501E-01
    7800.0000000000000000   7.1991463913278849E+01   9.3887521481271186E-01
    7900.0000000000000000   7.2775504205565994E+01   9.3007014769779883E-01
    8000.0000000000000000   7.3559931693915487E+01   9.2051223438052354E-01
    8100.0000000000000000   7.4342465789661802E+01   9.1153359416646274E-01
    8200.0000000000000000   7.5125409070146105E+01   9.0167887392665325E-01
    8300.0000000000000000   7.5904997684754733E+01   8.9357357701501583E-01
    8400.0000000000000000   7.6685051720198317E+01   8.8467148464095313E-01
    8500.0000000000000000   7.7461779326391479E+01   8.7722816145621441E-01
    8600.0000000000000000   7.8240760875218896E+01   8.6786565866897880E-01
    8700.0000000000000000   7.9017805761677664E+01   8.5924465351902490E-01
    8800.0000000000000000   7.9791222820152910E+01   8.5242550181744237E-01
    8900.0000000000000000   8.0566476360632464E+01   8.4396194653113477E-01
    9000.0000000000000000   8.1339541182494145E+01   8.3638495582586614E-01
    9100.0000000000000000   8.2110913765263291E+01   8.2928703872415421E-01
    9200.0000000000000000   8.2880888543668007E+01   8.2263284974923756E-01
    9300.0000000000000000   8.3652110905970360E+01   8.1479048512952290E-01
    9400.0000000000000000   8.4422166597261366E+01   8.0718469345897437E-01
    9500.0000000000000000   8.5191095063349849E+01   7.9979673600823575E-01
    9600.0000000000000000   8.5958713621885721E+01   7.9274420200971141E-01
    9700.0000000000000000   8.6724677716988069E+01   7.8623274977589330E-01
    9800.0000000000000000   8.7489321152923765E+01   7.8006736629649609E-01
    9900.0000000000000000   8.8253111196684941E+01   7.7398167208637358E-01
   10000.0000000000000000   8.9016254365814163E+01   7.6786494195192212E-01
   11000.0000000000000000   9.6604013646682773E+01   7.1038884326261886E-01
   11922.9989999999997963   1.0353897549589118E+02   6.6395339713924584E-01
   11923.0010000000002037   1.0353899070200730E+02   6.6395318310573637E-01
   12000.0000000000000000   1.0411485265806597E+02   6.6008002380149189E-01
   13000.0000000000000000   1.1154851850267789E+02   6.1959622475103104E-01
   13737.9989999999997963   1.1699536699174350E+02   5.9158326966480579E-01
   13738.0010000000002037   1.1699538221846709E+02   5.9158298829621070E-01
   14000.0000000000000000   1.1892060356535892E+02   5.8243925256940854E-01
   14355.9989999999997963   1.2153026461795835E+02   5.7052582327740586E-01
   14356.0010000000002037   1.2153027912931860E+02   5.7052579713464768E-01
   15000.0000000000000000   1.2623553778717074E+02   5.4919879248977843E-01
   16000.0000000000000000   1.3349243723710666E+02   5.2068863974980262E-01
   17000.0000000000000000   1.4069938579740986E+02   4.9547749011111081E-01
   18000.0000000000000000   1.4786400159438116E+02   4.7100130951038732E-01
   19000.0000000000000000   1.5497809509669608E+02   4.5062388322947960E-01
   20000.0000000000000000   1.6205265927824252E+02   4.3246446094020385E-01
   21000.0000000000000000   1.6909620144062424E+02   4.1325109509311819E-01
   22000.0000000000000000   1.7608966412494777E+02   3.9929573929848733E-01
   23000.0000000000000000   1.8305547850007258E+02   3.8504263365036978E-01
   24000.0000000000000000   1.8999487560756009E+02   3.6988523013354596E-01
   25000.0000000000000000   1.9689733633692444E+02   3.5810808462221855E-01
   26000.0000000000000000   2.0377798199860263E+02   3.4478808045599896E-01
   27000.0000000000000000   2.1061828353883735E+02   3.3520532245220785E-01
   28000.0000000000000000   2.1743810297800781E+02   3.2385550571957544E-01
   29000.0000000000000000   2.2423387416330533E+02   3.1426975629975012E-01
   30000.0000000000000000   2.3099953417473728E+02   3.0608373794604254E-01
   31000.0000000000000000   2.3774368423913205E+02   2.9832094625324129E-01
   32000.0000000000000000   2.4446203720313184E+02   2.9013699590131520E-01
   33000.0000000000000000   2.5116474011863383E+02   2.8186886731773020E-01
   34000.0000000000000000   2.5784491005327038E+02   2.7489750925819845E-01
   35000.0000000000000000   2.6450197522135096E+02   2.6863168021288769E-01
   36000.0000000000000000   2.7114015364881465E+02   2.6210394753709171E-01
   37000.0000000000000000   2.7776191685622410E+02   2.5612731924998772E-01
   38000.0000000000000000   2.8437389556914752E+02   2.5013472097719130E-01
   39000.0000000000000000   2.9095183274717965E+02   2.4520990408125684E-01
   40000.0000000000000000   2.9751006077761031E+02   2.4029941306679486E-01
   41000.0000000000000000   3.0407325626997948E+02   2.3503136530847121E-01
   42000.0000000000000000   3.1060040275476450E+02   2.2952916013063002E-01
   43000.0000000000000000   3.1711595716441428E+02   2.2663011762763327E-01
   44000.0000000000000000   3.2363728029587111E+02   2.1977508174496052E-01
   45000.0000000000000000   3.3010617248803999E+02   2.1631849108637988E-01
   46000.0000000000000000   3.3659229827307854E+02   2.1160553115316613E-01
   47000.0000000000000000   3.4304826442257780E+02   2.1003260742861515E-01
   48000.0000000000000000   3.4950661244907428E+02   2.0429178757806421E-01
   49000.0000000000000000   3.5593094545248186E+02   2.0130588862219698E-01
   50000.0000000000000000   3.6233918963928556E+02   1.9852828392452798E-01
   80728.9989999999961583   5.5447528154452516E+02   1.3002430132719137E-01
   80729.0010000000038417   5.5447529167063419E+02   1.3002442489350466E-01
