       1.0000000000000000   1.0000000000000000E+30
       2.0000000000000000   1.0000000000000000E+30
       3.0000000000000000   1.0000000000000000E+30
       4.0000000000000000   1.0000000000000000E+30
       5.0000000000000000   1.0000000000000000E+30
       6.0000000000000000   1.0000000000000000E+30
       7.0000000000000000   1.0000000000000000E+30
       8.0000000000000000   1.0000000000000000E+30
       9.0000000000000000   1.0000000000000000E+30
      10.0000000000000000   1.0000000000000000E+30
      11.0000000000000000   1.0000000000000000E+30
      12.0000000000000000   1.0000000000000000E+30
      13.0000000000000000   1.0000000000000000E+30
      14.0000000000000000   1.0000000000000000E+30
      15.0000000000000000   1.0000000000000000E+30
      16.0000000000000000   1.0000000000000000E+30
      17.0000000000000000   1.0000000000000000E+30
      18.0000000000000000   1.0000000000000000E+30
      19.0000000000000000   1.0000000000000000E+30
      20.0000000000000000   1.0000000000000000E+30
      21.0000000000000000   1.0000000000000000E+30
      22.0000000000000000   1.0000000000000000E+30
      23.0000000000000000   1.0000000000000000E+30
      24.0000000000000000   1.0000000000000000E+30
      25.0000000000000000   1.0000000000000000E+30
      26.0000000000000000   1.0000000000000000E+30
      27.0000000000000000   1.0000000000000000E+30
      28.0000000000000000   1.0000000000000000E+30
      29.0000000000000000   1.0000000000000000E+30
      30.0000000000000000   1.0000000000000000E+30
      31.0000000000000000   1.0000000000000000E+30
      32.0000000000000000   1.0000000000000000E+30
      33.0000000000000000   1.0000000000000000E+30
      34.0000000000000000   1.0000000000000000E+30
      35.0000000000000000   1.0000000000000000E+30
      36.0000000000000000   1.0000000000000000E+30
      37.0000000000000000   1.0000000000000000E+30
      38.0000000000000000   1.0000000000000000E+30
      39.0000000000000000   1.0000000000000000E+30
      40.0000000000000000   1.0000000000000000E+30
      41.0000000000000000   1.0000000000000000E+30
      42.0000000000000000   1.0000000000000000E+30
      43.0000000000000000   1.0000000000000000E+30
      44.0000000000000000   1.0000000000000000E+30
      45.0000000000000000   1.0000000000000000E+30
      46.0000000000000000   1.0000000000000000E+30
      47.0000000000000000   1.0000000000000000E+30
      48.0000000000000000   1.0000000000000000E+30
      49.0000000000000000   1.0000000000000000E+30
      50.0000000000000000   1.0000000000000000E+30
      51.0000000000000000   1.0000000000000000E+30
      52.0000000000000000   1.0000000000000000E+30
      53.0000000000000000   1.0000000000000000E+30
      54.0000000000000000   1.0000000000000000E+30
      55.0000000000000000   1.0000000000000000E+30
      56.0000000000000000   1.0000000000000000E+30
      57.0000000000000000   1.0000000000000000E+30
      58.0000000000000000   1.0000000000000000E+30
      59.0000000000000000   1.0000000000000000E+30
      60.0000000000000000   1.0000000000000000E+30
      61.0000000000000000   1.0000000000000000E+30
      62.0000000000000000   1.0000000000000000E+30
      63.0000000000000000   1.0000000000000000E+30
      64.0000000000000000   1.0000000000000000E+30
      65.0000000000000000   1.0000000000000000E+30
      66.0000000000000000   1.0000000000000000E+30
      67.0000000000000000   1.0000000000000000E+30
      68.0000000000000000   1.0000000000000000E+30
      69.0000000000000000   1.0000000000000000E+30
      70.0000000000000000   1.0000000000000000E+30
      71.0000000000000000   1.0000000000000000E+30
      72.0000000000000000   1.0000000000000000E+30
      73.0000000000000000   1.0000000000000000E+30
      74.0000000000000000   1.0000000000000000E+30
      75.0000000000000000   1.0000000000000000E+30
      76.0000000000000000   1.0000000000000000E+30
      77.0000000000000000   1.0000000000000000E+30
      78.0000000000000000   1.0000000000000000E+30
      79.0000000000000000   1.0000000000000000E+30
      80.0000000000000000   1.0000000000000000E+30
      81.0000000000000000   1.0000000000000000E+30
      82.0000000000000000   1.0000000000000000E+30
      83.0000000000000000   1.0000000000000000E+30
      84.0000000000000000   1.0000000000000000E+30
      85.0000000000000000   1.0000000000000000E+30
      86.0000000000000000   1.0000000000000000E+30
      87.0000000000000000   1.0000000000000000E+30
      88.0000000000000000   1.0000000000000000E+30
      89.0000000000000000   1.0000000000000000E+30
      90.0000000000000000   1.0000000000000000E+30
      91.0000000000000000   1.0000000000000000E+30
      92.0000000000000000   1.0000000000000000E+30
      93.0000000000000000   1.0000000000000000E+30
      94.0000000000000000   1.0000000000000000E+30
      95.0000000000000000   1.0000000000000000E+30
      96.0000000000000000   1.0000000000000000E+30
      97.0000000000000000   1.0000000000000000E+30
      98.0000000000000000   1.0000000000000000E+30
      99.0000000000000000   1.0000000000000000E+30
     100.0000000000000000   1.0000000000000000E+30
     110.0000000000000000   1.0000000000000000E+30
     120.0000000000000000   1.0000000000000000E+30
     130.0000000000000000   1.0000000000000000E+30
     140.0000000000000000   1.0000000000000000E+30
     150.0000000000000000   1.0000000000000000E+30
     160.0000000000000000   1.0000000000000000E+30
     170.0000000000000000   1.0000000000000000E+30
     180.0000000000000000   1.0000000000000000E+30
     190.0000000000000000   1.0000000000000000E+30
     200.0000000000000000   1.0000000000000000E+30
     210.0000000000000000   1.0000000000000000E+30
     220.0000000000000000   1.0000000000000000E+30
     230.0000000000000000   1.0000000000000000E+30
     240.0000000000000000   1.0000000000000000E+30
     250.0000000000000000   1.0000000000000000E+30
     260.0000000000000000   1.0000000000000000E+30
     270.0000000000000000   1.0000000000000000E+30
     280.0000000000000000   1.0000000000000000E+30
     290.0000000000000000   1.0000000000000000E+30
     300.0000000000000000   1.0000000000000000E+30
     310.0000000000000000   1.0000000000000000E+30
     320.0000000000000000   1.0000000000000000E+30
     330.0000000000000000   1.0000000000000000E+30
     340.0000000000000000   1.0000000000000000E+30
     350.0000000000000000   1.0000000000000000E+30
     360.0000000000000000   1.0000000000000000E+30
     370.0000000000000000   1.0000000000000000E+30
     380.0000000000000000   1.0000000000000000E+30
     390.0000000000000000   1.0000000000000000E+30
     400.0000000000000000   1.0000000000000000E+30
     410.0000000000000000   1.0000000000000000E+30
     420.0000000000000000   1.0000000000000000E+30
     430.0000000000000000   1.0000000000000000E+30
     440.0000000000000000   1.0000000000000000E+30
     450.0000000000000000   1.0000000000000000E+30
     460.0000000000000000   1.0000000000000000E+30
     470.0000000000000000   1.0000000000000000E+30
     480.0000000000000000   1.0000000000000000E+30
     490.0000000000000000   1.0000000000000000E+30
     500.0000000000000000   1.0000000000000000E+30
     510.0000000000000000   1.0000000000000000E+30
     520.0000000000000000   1.0000000000000000E+30
     530.0000000000000000   1.0000000000000000E+30
     540.0000000000000000   1.0000000000000000E+30
     550.0000000000000000   1.0000000000000000E+30
     560.0000000000000000   1.0000000000000000E+30
     570.0000000000000000   1.0000000000000000E+30
     580.0000000000000000   1.0000000000000000E+30
     590.0000000000000000   1.0000000000000000E+30
     600.0000000000000000   1.0000000000000000E+30
     610.0000000000000000   1.0000000000000000E+30
     620.0000000000000000   1.0000000000000000E+30
     630.0000000000000000   1.0000000000000000E+30
     640.0000000000000000   1.0000000000000000E+30
     650.0000000000000000   1.0000000000000000E+30
     660.0000000000000000   1.0000000000000000E+30
     670.0000000000000000   1.0000000000000000E+30
     680.0000000000000000   1.0000000000000000E+30
     690.0000000000000000   1.0000000000000000E+30
     700.0000000000000000   1.0000000000000000E+30
     710.0000000000000000   1.0000000000000000E+30
     720.0000000000000000   1.0000000000000000E+30
     730.0000000000000000   1.0000000000000000E+30
     740.0000000000000000   1.0000000000000000E+30
     750.0000000000000000   1.0000000000000000E+30
     760.0000000000000000   1.0000000000000000E+30
     770.0000000000000000   1.0000000000000000E+30
     780.0000000000000000   1.0000000000000000E+30
     790.0000000000000000   1.0000000000000000E+30
     800.0000000000000000   1.0000000000000000E+30
     810.0000000000000000   1.0000000000000000E+30
     820.0000000000000000   1.0000000000000000E+30
     830.0000000000000000   1.0000000000000000E+30
     840.0000000000000000   1.0000000000000000E+30
     850.0000000000000000   1.0000000000000000E+30
     860.0000000000000000   1.0000000000000000E+30
     870.0000000000000000   1.0000000000000000E+30
     880.0000000000000000   1.0000000000000000E+30
     890.0000000000000000   1.0000000000000000E+30
     900.0000000000000000   1.0000000000000000E+30
     910.0000000000000000   1.0000000000000000E+30
     920.0000000000000000   1.0000000000000000E+30
     930.0000000000000000   1.0000000000000000E+30
     940.0000000000000000   1.0000000000000000E+30
     950.0000000000000000   1.0000000000000000E+30
     960.0000000000000000   1.0000000000000000E+30
     970.0000000000000000   1.0000000000000000E+30
     980.0000000000000000   1.0000000000000000E+30
     990.0000000000000000   1.0000000000000000E+30
    1000.0000000000000000   1.0000000000000000E+30
    1100.0000000000000000   1.0000000000000000E+30
    1200.0000000000000000   1.0000000000000000E+30
    1300.0000000000000000   1.0000000000000000E+30
    1400.0000000000000000   1.0000000000000000E+30
    1500.0000000000000000   1.0000000000000000E+30
    1600.0000000000000000   1.0000000000000000E+30
    1700.0000000000000000   1.0000000000000000E+30
    1800.0000000000000000   1.0000000000000000E+30
    1900.0000000000000000   1.0000000000000000E+30
    2000.0000000000000000   1.0000000000000000E+30
    2100.0000000000000000   1.0000000000000000E+30
    2200.0000000000000000   1.0000000000000000E+30
    2300.0000000000000000   1.0000000000000000E+30
    2400.0000000000000000   1.0000000000000000E+30
    2500.0000000000000000   1.0000000000000000E+30
    2600.0000000000000000   1.0000000000000000E+30
    2700.0000000000000000   1.0000000000000000E+30
    2800.0000000000000000   1.0000000000000000E+30
    2900.0000000000000000   1.0000000000000000E+30
    3000.0000000000000000   1.0000000000000000E+30
    3100.0000000000000000   1.0000000000000000E+30
    3200.0000000000000000   1.0000000000000000E+30
    3300.0000000000000000   1.0000000000000000E+30
    3400.0000000000000000   1.0000000000000000E+30
    3500.0000000000000000   4.9862969203264758E+04
    3600.0000000000000000   5.3579613064589095E+04
    3700.0000000000000000   5.5305348532429722E+04
    3800.0000000000000000   5.7758416905961712E+04
    3900.0000000000000000   5.9695317513349946E+04
    4000.0000000000000000   6.1889076874415550E+04
    4100.0000000000000000   6.3857058786085028E+04
    4200.0000000000000000   6.6172954101671014E+04
    4300.0000000000000000   6.8195349779244469E+04
    4400.0000000000000000   7.0580540325942231E+04
    4500.0000000000000000   7.3173662167298302E+04
    4600.0000000000000000   7.5450310691058417E+04
    4700.0000000000000000   7.7897895685995347E+04
    4800.0000000000000000   8.0367917204129728E+04
    4900.0000000000000000   8.3097185902533238E+04
    5000.0000000000000000   8.5443103753511925E+04
    5100.0000000000000000   8.8269677947211545E+04
    5200.0000000000000000   9.0672953855486267E+04
    5300.0000000000000000   9.3251757967939222E+04
    5400.0000000000000000   9.6087855978108142E+04
    5500.0000000000000000   9.8596286053721415E+04
    5600.0000000000000000   1.0152840839075221E+05
    5700.0000000000000000   1.0401948195731608E+05
    5800.0000000000000000   1.0698960954887635E+05
    5900.0000000000000000   1.0995237685224054E+05
    6000.0000000000000000   1.1318528836989816E+05
    6100.0000000000000000   1.1597508446876134E+05
    6200.0000000000000000   1.1925919036386797E+05
    6300.0000000000000000   1.2242287812634376E+05
    6400.0000000000000000   1.2560153256573851E+05
    6500.0000000000000000   1.2905522684901312E+05
    6600.0000000000000000   1.3270422551704061E+05
    6700.0000000000000000   1.3562028902256669E+05
    6800.0000000000000000   1.3932591924154790E+05
    6900.0000000000000000   1.4238496332734392E+05
    7000.0000000000000000   1.4610436960044011E+05
    7100.0000000000000000   1.4937701122490453E+05
    7200.0000000000000000   1.5319432100518816E+05
    7300.0000000000000000   1.5637315479377206E+05
    7400.0000000000000000   1.6025438842188992E+05
    7500.0000000000000000   1.6345695881652893E+05
    7600.0000000000000000   1.6733199962195821E+05
    7700.0000000000000000   1.7112237813752954E+05
    7800.0000000000000000   1.7523116734269855E+05
    7900.0000000000000000   1.7954212151947775E+05
    8000.0000000000000000   1.8407053769879084E+05
    8100.0000000000000000   1.8717761161792636E+05
    8200.0000000000000000   1.9167714345254982E+05
    8300.0000000000000000   1.9639833063580407E+05
    8400.0000000000000000   1.9933228088201120E+05
    8500.0000000000000000   2.0341700459871671E+05
    8600.0000000000000000   2.0790709236683988E+05
    8700.0000000000000000   2.1259987656726752E+05
    8800.0000000000000000   2.1635215563856647E+05
    8900.0000000000000000   2.2105409712345406E+05
    9000.0000000000000000   2.2596495173243855E+05
    9100.0000000000000000   2.2977572985046249E+05
    9200.0000000000000000   2.3464084797634109E+05
    9300.0000000000000000   2.3971644416012240E+05
    9400.0000000000000000   2.4325862573973453E+05
    9500.0000000000000000   2.4822996944709250E+05
    9600.0000000000000000   2.5340874561199412E+05
    9700.0000000000000000   2.5880821374062551E+05
    9800.0000000000000000   2.6201704830342418E+05
    9900.0000000000000000   2.6717932848874154E+05
   10000.0000000000000000   2.7254911221317539E+05
   11000.0000000000000000   3.2478509725614410E+05
   12000.0000000000000000   3.8200193492846825E+05
   13000.0000000000000000   4.4453786928534100E+05
   14000.0000000000000000   5.1309582879929448E+05
   15000.0000000000000000   5.8588717118788778E+05
   16000.0000000000000000   6.6497094310301438E+05
   17000.0000000000000000   7.5046373379874392E+05
   18000.0000000000000000   8.4232909793744027E+05
   19000.0000000000000000   9.3797865711104614E+05
   20000.0000000000000000   1.0451884487233262E+06
   21000.0000000000000000   1.1547887315763535E+06
   22000.0000000000000000   1.2680080244437370E+06
   23000.0000000000000000   1.3931818009943780E+06
   24000.0000000000000000   1.5193528272113779E+06
   25000.0000000000000000   1.6537569637503840E+06
   26000.0000000000000000   1.7977871163670928E+06
   27000.0000000000000000   1.9486895587748801E+06
   28000.0000000000000000   2.1086245246611713E+06
   29000.0000000000000000   2.2692994629182075E+06
   30000.0000000000000000   2.4424232192251012E+06
