       0.1000000000000000   4.8674463480204153E+00   5.9786156809295042E-03
       0.2000000000000000   4.3168515790165127E+00   1.1576410676935893E-02
       0.3000000000000000   4.1509909127694495E+00   1.7033772317869497E-02
       0.4000000000000000   4.1030815263555480E+00   2.2150283762707963E-02
       0.5000000000000000   4.0904222483803023E+00   2.7124482640828541E-02
       0.6000000000000000   4.0943650262494113E+00   3.1973456685228094E-02
       0.7000000000000000   4.1075872403864526E+00   3.6712070663233690E-02
       0.7999999999999999   4.1261284676464118E+00   4.1351562748278350E-02
       0.8999999999999999   4.1481306762963293E+00   4.5890890379987018E-02
       0.9999999999999999   4.1719312417445460E+00   5.0350889744919969E-02
       2.0000000000000000   4.4240247129212573E+00   9.1433076144711078E-02
       3.0000000000000000   4.6377934868458119E+00   1.2854643516594719E-01
       4.0000000000000000   4.8083484597624695E+00   1.6360755312723985E-01
       5.0000000000000000   4.9438554165677333E+00   1.9763562832191484E-01
       6.0000000000000000   5.0513494897085556E+00   2.3125467189441989E-01
       7.0000000000000000   5.1361356860306273E+00   2.6487818057946144E-01
       8.0000000000000000   5.2020553451782767E+00   2.9881322067032251E-01
       9.0000000000000000   5.2520124590198787E+00   3.3330142118435213E-01
      10.0000000000000000   5.2882309014305076E+00   3.6854519280134140E-01
      11.0000000000000000   5.3124873572302187E+00   4.0471863659058038E-01
      12.0000000000000000   5.3262208173926142E+00   4.4197669040365972E-01
      13.0000000000000000   5.3306368369703501E+00   4.8045988149763691E-01
      14.0000000000000000   5.3267474683246903E+00   5.2029911312244137E-01
      15.0000000000000000   5.3154385062025167E+00   5.6161496158243140E-01
      16.0000000000000000   5.2975028815190601E+00   6.0451719763420109E-01
      17.0000000000000000   5.2736555651249963E+00   6.4910567211066628E-01
      18.0000000000000000   5.2445655980803876E+00   6.9546689409643991E-01
      19.0000000000000000   5.2108621944647000E+00   7.4367209391418920E-01
      20.0000000000000000   5.1731519160786794E+00   7.9377405717123495E-01
      21.0000000000000000   5.1320251899898892E+00   8.4580308024105921E-01
      22.0000000000000000   5.0880652922255347E+00   8.9976223158173763E-01
      23.0000000000000000   5.0418497451676965E+00   9.5562339887981296E-01
      24.0000000000000000   4.9939510019744873E+00   1.0133233473905987E+00
      25.0000000000000000   4.9449367302940059E+00   1.0727597392875114E+00
      26.0000000000000000   4.8953653363930805E+00   1.1337889902945970E+00
      27.0000000000000000   4.8457800531165152E+00   1.1962255797629526E+00
      28.0000000000000000   4.7967016239729636E+00   1.2598434001419014E+00
      29.0000000000000000   4.7486192509261613E+00   1.3243795544491759E+00
      30.0000000000000000   4.7019825435727842E+00   1.3895402612398096E+00
      31.0000000000000000   4.6571927952611594E+00   1.4550089755078519E+00
      32.0000000000000000   4.6145972274766835E+00   1.5204557436526096E+00
      32.9990000000000023   4.5745225864783228E+00   1.5854828112966866E+00
      33.0000000000000000   4.5744837936577492E+00   1.5855476163491466E+00
      33.0009999999999977   4.5744450035517108E+00   1.5856124207194182E+00
      34.0000000000000000   4.5370798995725306E+00   1.6499586783729470E+00
      35.0000000000000000   4.5025527908337812E+00   1.7133793759435980E+00
      36.0000000000000000   4.4710126254854350E+00   1.7755243312604898E+00
      37.0000000000000000   4.4425173052930225E+00   1.8361382975606726E+00
      38.0000000000000000   4.4170786643716813E+00   1.8950000923867181E+00
      39.0000000000000000   4.3946692691133924E+00   1.9519245774419813E+00
      40.0000000000000000   4.3752295707502773E+00   2.0067628827904644E+00
      41.0000000000000000   4.3586746515100385E+00   2.0594012515515630E+00
      42.0000000000000000   4.3449005518991743E+00   2.1097587874345094E+00
      43.0000000000000000   4.3337898527024095E+00   2.1577845075235942E+00
      44.0000000000000000   4.3252164249799030E+00   2.2034539625778398E+00
      45.0000000000000000   4.3190493396716594E+00   2.2467657559058907E+00
      46.0000000000000000   4.3151560870156880E+00   2.2877380359838648E+00
      47.0000000000000000   4.3134050386244489E+00   2.3264051929385050E+00
      48.0000000000000000   4.3136673218442398E+00   2.3628148040869306E+00
      49.0000000000000000   4.3158181919219807E+00   2.3970248871878383E+00
      50.0000000000000000   4.3197379765581774E+00   2.4291014771549819E+00
      51.0000000000000000   4.3253126840416085E+00   2.4591165295906676E+00
      52.0000000000000000   4.3324343709375244E+00   2.4871461282295382E+00
      53.0000000000000000   4.3410012766129409E+00   2.5132689795921861E+00
      54.0000000000000000   4.3509178278192433E+00   2.5375651632394112E+00
      54.9990000000000023   4.3620827368268191E+00   2.5600934087364431E+00
      55.0000000000000000   4.3620945146535748E+00   2.5601151131217992E+00
      55.0009999999999977   4.3621062936563844E+00   2.5601368158409681E+00
      56.0000000000000000   4.3744477096485159E+00   2.5809987999365860E+00
      57.0000000000000000   4.3878994577629014E+00   2.6002949954932433E+00
      58.0000000000000000   4.4023770999544878E+00   2.6180809034348238E+00
      59.0000000000000000   4.4178130308706063E+00   2.6344316932340432E+00
      60.0000000000000000   4.4341444657463978E+00   2.6494201219135189E+00
      61.0000000000000000   4.4513129906950972E+00   2.6631165031612194E+00
      62.0000000000000000   4.4692643591235131E+00   2.6755884523639977E+00
      63.0000000000000000   4.4879481851603229E+00   2.6869008344498946E+00
      64.0000000000000000   4.5073176577607965E+00   2.6971157275579691E+00
      65.0000000000000000   4.5273292865128303E+00   2.7062924219903595E+00
      66.0000000000000000   4.5479426542345101E+00   2.7144874476251397E+00
      67.0000000000000000   4.5691201866881856E+00   2.7217546231540601E+00
      68.0000000000000000   4.5908269393435948E+00   2.7281451219239354E+00
      69.0000000000000000   4.6130303980928788E+00   2.7337075502799628E+00
      70.0000000000000000   4.6357002942012624E+00   2.7384880344502514E+00
      71.0000000000000000   4.6588084333793569E+00   2.7425303139734236E+00
      72.0000000000000000   4.6823285394697312E+00   2.7458758383827031E+00
      73.0000000000000000   4.7062361088479996E+00   2.7485638660386291E+00
      74.0000000000000000   4.7305082766073649E+00   2.7506315633719445E+00
      75.0000000000000000   4.7551236864823654E+00   2.7521141106415765E+00
      76.0000000000000000   4.7800624057503542E+00   2.7530447699844021E+00
      77.0000000000000000   4.8053057783307995E+00   2.7534550238736886E+00
      78.0000000000000000   4.8308363575843654E+00   2.7533746378508175E+00
      79.0000000000000000   4.8566378108617849E+00   2.7528317568434000E+00
      80.0000000000000000   4.8826948383874615E+00   2.7518529907722700E+00
      81.0000000000000000   4.9089930981946628E+00   2.7504634966633068E+00
      82.0000000000000000   4.9355191386018786E+00   2.7486870571930231E+00
      83.0000000000000000   4.9622603342219858E+00   2.7465461555553778E+00
      84.0000000000000000   4.9892048267142064E+00   2.7440620468848786E+00
      85.0000000000000000   5.0163414724209536E+00   2.7412548259942238E+00
      86.0000000000000000   5.0436597922055988E+00   2.7381434917288994E+00
      87.0000000000000000   5.0711499253263952E+00   2.7347460090243763E+00
      88.0000000000000000   5.0988025909266446E+00   2.7310793622902141E+00
      89.0000000000000000   5.1266090433305456E+00   2.7271596165585557E+00
      90.0000000000000000   5.1545610391958450E+00   2.7230019647222603E+00
      91.0000000000000000   5.1826508042573014E+00   2.7186207773613309E+00
      92.0000000000000000   5.2108710022129223E+00   2.7140296487601421E+00
      93.0000000000000000   5.2392147062331453E+00   2.7092414403206817E+00
      94.0000000000000000   5.2676753725841294E+00   2.7042683215089176E+00
      95.0000000000000000   5.2962468161473790E+00   2.6991218084625288E+00
      96.0000000000000000   5.3249231877441421E+00   2.6938128003849147E+00
      97.0000000000000000   5.3536989530741481E+00   2.6883516138459584E+00
      98.0000000000000000   5.3825688728614676E+00   2.6827480151256942E+00
      99.0000000000000000   5.4115279858761562E+00   2.6770112505904256E+00
     100.0000000000000000   5.4405715900096707E+00   2.6711500755130180E+00
     110.0000000000000000   5.7347778866380823E+00   2.6073204631036555E+00
     120.0000000000000000   6.0337039041631577E+00   2.5379014450996880E+00
     130.0000000000000000   6.3352313129159930E+00   2.4666258784044821E+00
     140.0000000000000000   6.6380263271910502E+00   2.3956761587074182E+00
     150.0000000000000000   6.9412283371339418E+00   2.3263125811054248E+00
     160.0000000000000000   7.2442724489008317E+00   2.2592386766415085E+00
     170.0000000000000000   7.5428834489488583E+00   2.2009901127423754E+00
     180.0000000000000000   7.8417327909284316E+00   2.1437325258326814E+00
     190.0000000000000000   8.1423311797719951E+00   2.0850380082954989E+00
     200.0000000000000000   8.4405968369772069E+00   2.0307230062869350E+00
     210.0000000000000000   8.7366935214019303E+00   1.9802855760865257E+00
     220.0000000000000000   9.0307688083119046E+00   1.9332989723520879E+00
     230.0000000000000000   9.3263540796357827E+00   1.8848938090662333E+00
     240.0000000000000000   9.6166411471417135E+00   1.8439886137090373E+00
     250.0000000000000000   9.9084535111668579E+00   1.8014791155220002E+00
     260.0000000000000000   1.0198497621168981E+01   1.7615859989548424E+00
     270.0000000000000000   1.0489921138210907E+01   1.7203135183503622E+00
     280.0000000000000000   1.0776625069845482E+01   1.6850970142028205E+00
     290.0000000000000000   1.1061827515276550E+01   1.6518321182506739E+00
     300.0000000000000000   1.1348441539741042E+01   1.6170284340119154E+00
     310.0000000000000000   1.1633569899699539E+01   1.5841053581073610E+00
     320.0000000000000000   1.1917277841275462E+01   1.5529078868892949E+00
     330.0000000000000000   1.2196928444316326E+01   1.5262873636182956E+00
     340.0000000000000000   1.2478021190801101E+01   1.4980431857367502E+00
     350.0000000000000000   1.2760467362018101E+01   1.4683590115937468E+00
     360.0000000000000000   1.3039062920579678E+01   1.4428196690905626E+00
     370.0000000000000000   1.3316504862207021E+01   1.4184439098188850E+00
     380.0000000000000000   1.3592836828231611E+01   1.3951503884045622E+00
     390.0000000000000000   1.3870544490638558E+01   1.3703835177616772E+00
     400.0000000000000000   1.4144730150245646E+01   1.3491099754088001E+00
     402.9990000000000236   1.4226522748567159E+01   1.3431435773064160E+00
     403.0009999999999764   1.4226578863815996E+01   1.3431380272066082E+00
     407.9990000000000236   1.4364285604550087E+01   1.3317835064345298E+00
     408.0009999999999764   1.4364341612164630E+01   1.3317780662455037E+00
     410.0000000000000000   1.4420301423090530E+01   1.3263643077865119E+00
     420.0000000000000000   1.4692487100310052E+01   1.3068519962277612E+00
     430.0000000000000000   1.4966059543153385E+01   1.2858784323639962E+00
     440.0000000000000000   1.5238669858388187E+01   1.2657375510398488E+00
     450.0000000000000000   1.5508073002742012E+01   1.2485010820906661E+00
     460.0000000000000000   1.5778864727281675E+01   1.2298288997011726E+00
     470.0000000000000000   1.6048777302764513E+01   1.2118521797041508E+00
     480.0000000000000000   1.6317835659234174E+01   1.1945314078177756E+00
     490.0000000000000000   1.6586063547027496E+01   1.1778300749597106E+00
     500.0000000000000000   1.6853483648622575E+01   1.1617143634212950E+00
     502.9990000000000236   1.6932670016178626E+01   1.1577429318232328E+00
     503.0009999999999764   1.6932724231971854E+01   1.1577390431309436E+00
     510.0000000000000000   1.7120117635382318E+01   1.1461529069284790E+00
     520.0000000000000000   1.7385986227137465E+01   1.1311165720743970E+00
     530.0000000000000000   1.7651109240809028E+01   1.1165782678028535E+00
     540.0000000000000000   1.7915505641111292E+01   1.1025127691780325E+00
     550.0000000000000000   1.8179193585289635E+01   1.0888965628852498E+00
     560.0000000000000000   1.8442190463896015E+01   1.0757077066501135E+00
     570.0000000000000000   1.8706528565807673E+01   1.0612838328538616E+00
     580.0000000000000000   1.8968170691657356E+01   1.0489201200436391E+00
     590.0000000000000000   1.9229169957810118E+01   1.0369248609628710E+00
     600.0000000000000000   1.9489540999913185E+01   1.0252813616412659E+00
     610.0000000000000000   1.9751246088440546E+01   1.0124477681622295E+00
     620.0000000000000000   2.0010380733512164E+01   1.0014879296461603E+00
     630.0000000000000000   2.0268928375733068E+01   9.9083427478973296E-01
     640.0000000000000000   2.0528803004558810E+01   9.7902462816525959E-01
     650.0000000000000000   2.0786191933237369E+01   9.6896894328074090E-01
     660.0000000000000000   2.1044907238867363E+01   9.5777935412364001E-01
     670.0000000000000000   2.1301184292686756E+01   9.4827225353141809E-01
     680.0000000000000000   2.1558785534361295E+01   9.3765282356280832E-01
     690.0000000000000000   2.1813994772025247E+01   9.2865002758916659E-01
     700.0000000000000000   2.2070523833089126E+01   9.1855645848085943E-01
     710.0000000000000000   2.2324706751389783E+01   9.1001814502668466E-01
     720.0000000000000000   2.2580202675334725E+01   9.0041083410820688E-01
     730.0000000000000000   2.2835196484003031E+01   8.9104060424334486E-01
     740.0000000000000000   2.3087897856668352E+01   8.8314438033974463E-01
     750.0000000000000000   2.3341912691255509E+01   8.7420767035995750E-01
     760.0000000000000000   2.3595450062421016E+01   8.6548362072580309E-01
     770.0000000000000000   2.3846749639782566E+01   8.5815900055056682E-01
     780.0000000000000000   2.4099358016399343E+01   8.4982283276388537E-01
     790.0000000000000000   2.4351512095915123E+01   8.4167786711416082E-01
     800.0000000000000000   2.4601482241616623E+01   8.3486460360055226E-01
     810.0000000000000000   2.4852752271786223E+01   8.2706866348743635E-01
     820.0000000000000000   2.5103590268601447E+01   8.1944466803859295E-01
     830.0000000000000000   2.5354001251734086E+01   8.1198793132710967E-01
     840.0000000000000000   2.5603990884367789E+01   8.0469345600659969E-01
     850.0000000000000000   2.5851874448806267E+01   7.9862960329268717E-01
     860.0000000000000000   2.6101050574013307E+01   7.9162760026028112E-01
     870.0000000000000000   2.6349825725033110E+01   7.8477191841633787E-01
     880.0000000000000000   2.6598205002832117E+01   7.7805839778840180E-01
     890.0000000000000000   2.6846193899261280E+01   7.7148272671795548E-01
     900.0000000000000000   2.7093798319084179E+01   7.6504043632925156E-01
     910.0000000000000000   2.7339381798561305E+01   7.5972679205476468E-01
     920.0000000000000000   2.7586243016844506E+01   7.5352541460196754E-01
     930.0000000000000000   2.7832736800178996E+01   7.4744532950514997E-01
     940.0000000000000000   2.8078867973932692E+01   7.4148306796689278E-01
     950.0000000000000000   2.8324641361094379E+01   7.3563523075139392E-01
     960.0000000000000000   2.8570061768104537E+01   7.2989849469223211E-01
     970.0000000000000000   2.8815133956580439E+01   7.2426962696767827E-01
     980.0000000000000000   2.9059862619391005E+01   7.1874549618524941E-01
     990.0000000000000000   2.9304252354452295E+01   7.1332308407734335E-01
    1000.0000000000000000   2.9548307654144168E+01   7.0799948830666282E-01
    1100.0000000000000000   3.1971374070393349E+01   6.5963881942614444E-01
    1200.0000000000000000   3.4368115728296331E+01   6.1719112622759642E-01
    1300.0000000000000000   3.6738532399327866E+01   5.8076608538192831E-01
    1400.0000000000000000   3.9085170458030028E+01   5.4915081119796960E-01
    1500.0000000000000000   4.1411544224037968E+01   5.2083561749167184E-01
    1600.0000000000000000   4.3719392569374463E+01   4.9523617465406800E-01
    1700.0000000000000000   4.6008867077558570E+01   4.7243830072173654E-01
    1800.0000000000000000   4.8281317175808461E+01   4.5200089219843437E-01
    1900.0000000000000000   5.0539234936774811E+01   4.3308426591607585E-01
    2000.0000000000000000   5.2781006891384891E+01   4.1640397762594711E-01
    2100.0000000000000000   5.5010187104060194E+01   4.0076326025028042E-01
    2200.0000000000000000   5.7227545806461698E+01   3.8602814950761416E-01
    2300.0000000000000000   5.9431267001055794E+01   3.7290561164502367E-01
    2400.0000000000000000   6.1624525320249624E+01   3.6042325085903226E-01
    2500.0000000000000000   6.3806706153843855E+01   3.4887242370299304E-01
    2600.0000000000000000   6.5978312174254896E+01   3.3816327402256846E-01
    2700.0000000000000000   6.8139904455205382E+01   3.2819132724586275E-01
    2800.0000000000000000   7.0292940251858070E+01   3.1859656882010923E-01
    2900.0000000000000000   7.2435893218311506E+01   3.0987541427305249E-01
    3000.0000000000000000   7.4570930099420451E+01   3.0146818177151169E-01
    3100.0000000000000000   7.6696697579700000E+01   2.9379680459471186E-01
    3200.0000000000000000   7.8815335601720975E+01   2.8633100014974316E-01
    3300.0000000000000000   8.0926396194049815E+01   2.7924518620391436E-01
    3400.0000000000000000   8.3029833773508969E+01   2.7258205789946549E-01
    3500.0000000000000000   8.5125925546385574E+01   2.6630671964020264E-01
    3600.0000000000000000   8.7214905390708452E+01   2.6039133006018644E-01
    3700.0000000000000000   8.9298646151245251E+01   2.5444726508875787E-01
    3800.0000000000000000   9.1374438465897825E+01   2.4910701367676935E-01
    3900.0000000000000000   9.3444242960986315E+01   2.4397060396998729E-01
    4000.0000000000000000   9.5508869833539123E+01   2.3887570172436220E-01
    4100.0000000000000000   9.7566725903891125E+01   2.3419517846046814E-01
    4200.0000000000000000   9.9619414646808352E+01   2.2960187096077569E-01
    4300.0000000000000000   1.0166572202828387E+02   2.2537831421510174E-01
    4400.0000000000000000   1.0370838657487207E+02   2.2099390418017478E-01
    4493.9989999999997963   1.0562241457413559E+02   2.1726839624864017E-01
    4494.0010000000002037   1.0562245508869732E+02   2.1726834731316813E-01
    4500.0000000000000000   1.0574445032301684E+02   2.1703759022863858E-01
    4600.0000000000000000   1.0777646284134585E+02   2.1305599445652038E-01
    4700.0000000000000000   1.0980163916758474E+02   2.0956879381214424E-01
    4800.0000000000000000   1.1182352219259010E+02   2.0593990644244425E-01
    4900.0000000000000000   1.1384092840290087E+02   2.0240682394081638E-01
    5000.0000000000000000   1.1585352458196006E+02   1.9903912472023458E-01
    5100.0000000000000000   1.1786145483758399E+02   1.9582382944846205E-01
    5200.0000000000000000   1.1986481742657809E+02   1.9275426513999674E-01
    5300.0000000000000000   1.2186364720207352E+02   1.8983231084633467E-01
    5400.0000000000000000   1.2385932809359414E+02   1.8683029333474577E-01
    5500.0000000000000000   1.2585106687521881E+02   1.8393165829498886E-01
    5600.0000000000000000   1.2783773244965190E+02   1.8128876198576827E-01
    5700.0000000000000000   1.2982053394299143E+02   1.7871736375984099E-01
    5800.0000000000000000   1.3180029087448693E+02   1.7612710277808480E-01
    5900.0000000000000000   1.3377605063167258E+02   1.7363016481101237E-01
    6000.0000000000000000   1.3574791480257986E+02   1.7126397309381028E-01
    6100.0000000000000000   1.3771699323937449E+02   1.6885033663024718E-01
    6200.0000000000000000   1.3968142315650107E+02   1.6665427429991023E-01
    6300.0000000000000000   1.4164225813024359E+02   1.6455688880128350E-01
    6400.0000000000000000   1.4360062662024291E+02   1.6239944209193441E-01
    6500.0000000000000000   1.4555612678993219E+02   1.6022405519960642E-01
    6600.0000000000000000   1.4750771622631100E+02   1.5820816863483178E-01
    6700.0000000000000000   1.4945631134224843E+02   1.5621302778658649E-01
    6800.0000000000000000   1.5140143271002199E+02   1.5431989281168132E-01
    6900.0000000000000000   1.5334360850241146E+02   1.5245493785846290E-01
    7000.0000000000000000   1.5528229621867402E+02   1.5070482215579284E-01
    7100.0000000000000000   1.5721834443715346E+02   1.4894535746538376E-01
    7200.0000000000000000   1.5915110000089680E+02   1.4727194842678756E-01
    7300.0000000000000000   1.6108246341762978E+02   1.4547391840836416E-01
    7400.0000000000000000   1.6301042541530657E+02   1.4379230772548002E-01
    7500.0000000000000000   1.6493509674988914E+02   1.4219264865165099E-01
    7600.0000000000000000   1.6685573394758711E+02   1.4080484180696165E-01
    7700.0000000000000000   1.6877666894480677E+02   1.3909478599441180E-01
    7800.0000000000000000   1.7069263521894351E+02   1.3767786799037010E-01
    7900.0000000000000000   1.7260770475134109E+02   1.3611427188972583E-01
    8000.0000000000000000   1.7451835821502732E+02   1.3479262766615877E-01
    8100.0000000000000000   1.7642802585302195E+02   1.3332116171119868E-01
    8200.0000000000000000   1.7833438821390860E+02   1.3197407936852884E-01
    8300.0000000000000000   1.8023905399052256E+02   1.3057781505059837E-01
    8400.0000000000000000   1.8213849646750407E+02   1.2951912191042617E-01
    8500.0000000000000000   1.8403924907089333E+02   1.2807715958252214E-01
    8600.0000000000000000   1.8593561085363007E+02   1.2687958646181904E-01
    8700.0000000000000000   1.8783032153414914E+02   1.2564213356818266E-01
    8800.0000000000000000   1.8972282027258657E+02   1.2443333312976809E-01
    8900.0000000000000000   1.9161355537950834E+02   1.2317185236443173E-01
    9000.0000000000000000   1.9349868018307663E+02   1.2230879515840205E-01
    9100.0000000000000000   1.9538588711124160E+02   1.2100935864046433E-01
    9200.0000000000000000   1.9726981740144532E+02   1.1986060754804904E-01
    9300.0000000000000000   1.9915182211291420E+02   1.1871236323249085E-01
    9400.0000000000000000   2.0103095745728729E+02   1.1764968588938957E-01
    9500.0000000000000000   2.0290600465855223E+02   1.1680983181419360E-01
    9600.0000000000000000   2.0478037414945734E+02   1.1585309375018689E-01
    9700.0000000000000000   2.0665425954678227E+02   1.1476253964660156E-01
    9800.0000000000000000   2.0852615261942211E+02   1.1368988333269021E-01
    9900.0000000000000000   2.1039567398464584E+02   1.1267419302342260E-01
   10000.0000000000000000   2.1226295486876180E+02   1.1170408477128062E-01
   11000.0000000000000000   2.3083074306756768E+02   1.0310950504677840E-01
   12000.0000000000000000   2.4922302227813367E+02   9.6038023886949583E-02
   13000.0000000000000000   2.6746233939111943E+02   8.9725214796178426E-02
   14000.0000000000000000   2.8555936331852274E+02   8.4340260520933949E-02
   15000.0000000000000000   3.0352931085761412E+02   7.9429478715620935E-02
   16000.0000000000000000   3.2137945529272884E+02   7.5116033214014444E-02
   17000.0000000000000000   3.3911633905634432E+02   7.1465237443965698E-02
   18000.0000000000000000   3.5675845632118131E+02   6.7697535078735965E-02
   19000.0000000000000000   3.7429530004458309E+02   6.4811702043344535E-02
   20000.0000000000000000   3.9174893857988599E+02   6.1842160317865255E-02
   21000.0000000000000000   4.0911428165005839E+02   5.9346761254836219E-02
   22000.0000000000000000   4.2639246703884010E+02   5.7427265282283091E-02
   23000.0000000000000000   4.4360512466059276E+02   5.5265639468364908E-02
   24000.0000000000000000   4.6074543712097051E+02   5.3130737516070177E-02
   25000.0000000000000000   4.7782286603935239E+02   5.0954506880401505E-02
   26000.0000000000000000   4.9482855603139637E+02   4.9293594424467360E-02
   27000.0000000000000000   5.1177361124224831E+02   4.7732242387209127E-02
   28000.0000000000000000   5.2865639490543333E+02   4.6451781567324928E-02
   29000.0000000000000000   5.4548447613013093E+02   4.4930036102914100E-02
   30000.0000000000000000   5.6226026156491355E+02   4.3714491190445362E-02
   31000.0000000000000000   5.7896604033213259E+02   4.2901185007178773E-02
   32000.0000000000000000   5.9564821485857874E+02   4.1331057443846353E-02
   33000.0000000000000000   6.1227851179303434E+02   4.0172340926736883E-02
   34000.0000000000000000   6.2885704699755979E+02   3.9114780971382573E-02
   35000.0000000000000000   6.4537962531083133E+02   3.8310124826153966E-02
   36000.0000000000000000   6.6186157857122964E+02   3.7522362154979595E-02
   37000.0000000000000000   6.7831257681196257E+02   3.6371782118206006E-02
   38000.0000000000000000   6.9471654761326363E+02   3.5819460766988789E-02
   39000.0000000000000000   7.1109378914300498E+02   3.4674711846212139E-02
   40000.0000000000000000   7.2741386596949656E+02   3.3864502793431957E-02
   41000.0000000000000000   7.4371781576123283E+02   3.3091667830738587E-02
   42000.0000000000000000   7.5994056680717711E+02   3.2891376925324928E-02
   43000.0000000000000000   7.7618120205705202E+02   3.1790856900675811E-02
   44000.0000000000000000   7.9235964626727673E+02   3.1445598638641041E-02
   45000.0000000000000000   8.0849385017039617E+02   3.0984653214870102E-02
   46000.0000000000000000   8.2462020617746805E+02   3.0150938909246867E-02
   47000.0000000000000000   8.4072403152048093E+02   2.9523864384948282E-02
   48000.0000000000000000   8.5677752812877463E+02   2.9193700224372659E-02
   49000.0000000000000000   8.7280390494043775E+02   2.8670110075091484E-02
   50000.0000000000000000   8.8880797751887076E+02   2.7979031023773346E-02
