       1.0000000000000000   3.3333333333333339E+29
       2.0000000000000000   3.3333333333333339E+29
       3.0000000000000000   3.3333333333333339E+29
       4.0000000000000000   3.3333333333333339E+29
       5.0000000000000000   3.3333333333333339E+29
       6.0000000000000000   3.3333333333333339E+29
       7.0000000000000000   3.3333333333333339E+29
       8.0000000000000000   1.4926901686189558E+03
       9.0000000000000000   1.2662592175479945E+03
      10.0000000000000000   1.1103434627834997E+03
      11.0000000000000000   9.9743330216672371E+02
      12.0000000000000000   9.2150477151778784E+02
      13.0000000000000000   8.6401910900749681E+02
      14.0000000000000000   8.2249811625653433E+02
      15.0000000000000000   7.9163255470604520E+02
      16.0000000000000000   7.6903004934731314E+02
      17.0000000000000000   7.5324695329402107E+02
      18.0000000000000000   7.3983416019856134E+02
      19.0000000000000000   7.3489229236057588E+02
      20.0000000000000000   7.3373111777620568E+02
      21.0000000000000000   7.3607202873848996E+02
      22.0000000000000000   7.3991261640470873E+02
      23.0000000000000000   7.4918143764938736E+02
      24.0000000000000000   7.5898011286893882E+02
      25.0000000000000000   7.7365518790634087E+02
      26.0000000000000000   7.8930693788693588E+02
      27.0000000000000000   8.0641931953644530E+02
      28.0000000000000000   8.2827320206037928E+02
      29.0000000000000000   8.5011115556667335E+02
      30.0000000000000000   8.7388666168396765E+02
      31.0000000000000000   8.9914496576819602E+02
      32.0000000000000000   9.2671594569169577E+02
      33.0000000000000000   9.5447403371283394E+02
      34.0000000000000000   9.8361979279593152E+02
      35.0000000000000000   1.0159864534123953E+03
      36.0000000000000000   1.0460615383807947E+03
      37.0000000000000000   1.0797901925388921E+03
      38.0000000000000000   1.1158687498006122E+03
      39.0000000000000000   1.1482276771649517E+03
      40.0000000000000000   1.1855817288962762E+03
      41.0000000000000000   1.2252898404738564E+03
      42.0000000000000000   1.2622434108669265E+03
      43.0000000000000000   1.3001857310537039E+03
      44.0000000000000000   1.3428549986476201E+03
      45.0000000000000000   1.3834820542853408E+03
      46.0000000000000000   1.4254643991018252E+03
      47.0000000000000000   1.4711452819715666E+03
      48.0000000000000000   1.5153356833776706E+03
      49.0000000000000000   1.5619720080571117E+03
      50.0000000000000000   1.6107116595298596E+03
      51.0000000000000000   1.6629438887424449E+03
      52.0000000000000000   1.7125533353856913E+03
      53.0000000000000000   1.7644946566584765E+03
      54.0000000000000000   1.8208143635742556E+03
      55.0000000000000000   1.8742157051413051E+03
      56.0000000000000000   1.9348240619861583E+03
      57.0000000000000000   1.9912544985882928E+03
      58.0000000000000000   2.0559117460248794E+03
      59.0000000000000000   2.1157434059149291E+03
      60.0000000000000000   2.1798586429289626E+03
      61.0000000000000000   2.2465772285888165E+03
      62.0000000000000000   2.3177097613970618E+03
      63.0000000000000000   2.3861378676027289E+03
      64.0000000000000000   2.4581810232656121E+03
      65.0000000000000000   2.5330940190608562E+03
      66.0000000000000000   2.6145563113300705E+03
      67.0000000000000000   2.6860237414326261E+03
      68.0000000000000000   2.7719822514042239E+03
      69.0000000000000000   2.8519808683351757E+03
      70.0000000000000000   2.9335425747047871E+03
      71.0000000000000000   3.0269387528885336E+03
      72.0000000000000000   3.1037632571626673E+03
      73.0000000000000000   3.1995666851006513E+03
      74.0000000000000000   3.2953940773776267E+03
      75.0000000000000000   3.3804594753356419E+03
      76.0000000000000000   3.4802897782428699E+03
      77.0000000000000000   3.5774210443320267E+03
      78.0000000000000000   3.6777494791132913E+03
      79.0000000000000000   3.7766207604225210E+03
      80.0000000000000000   3.8805416711111802E+03
      81.0000000000000000   3.9893492236740249E+03
      82.0000000000000000   4.0959001140134565E+03
      83.0000000000000000   4.2049525673546486E+03
      84.0000000000000000   4.3197925607056677E+03
      85.0000000000000000   4.4247994056661291E+03
      86.0000000000000000   4.5485127031459242E+03
      87.0000000000000000   4.6712068699351958E+03
      88.0000000000000000   4.7775427770035240E+03
      89.0000000000000000   4.9098304813711202E+03
      90.0000000000000000   5.0233629201695703E+03
      91.0000000000000000   5.1510320748520153E+03
      92.0000000000000000   5.2817806473616347E+03
      93.0000000000000000   5.4128268884687359E+03
      94.0000000000000000   5.5385334278838754E+03
      95.0000000000000000   5.6830019298347233E+03
      96.0000000000000000   5.8019217287390775E+03
      97.0000000000000000   5.9498188451866235E+03
      98.0000000000000000   6.0807993327681861E+03
      99.0000000000000000   6.2332943757521307E+03
     100.0000000000000000   6.3743115095272042E+03
     110.0000000000000000   7.9572264311684548E+03
     120.0000000000000000   9.7953242671067437E+03
     130.0000000000000000   1.1925773825826767E+04
     140.0000000000000000   1.4302339504124184E+04
     150.0000000000000000   1.7030342239076770E+04
     160.0000000000000000   2.0037793415757827E+04
     170.0000000000000000   2.3348529590141974E+04
     180.0000000000000000   2.7016728597788129E+04
     190.0000000000000000   3.1127347769476659E+04
     200.0000000000000000   3.5402238918540061E+04
     210.0000000000000000   4.0173771777860013E+04
     220.0000000000000000   4.5356596902109086E+04
     230.0000000000000000   5.1092373289186609E+04
     240.0000000000000000   5.6933576351555312E+04
     250.0000000000000000   6.3333365017340337E+04
     260.0000000000000000   7.0323380518674065E+04
     270.0000000000000000   7.7622034422805955E+04
     280.0000000000000000   8.5420698454196157E+04
     290.0000000000000000   9.3452423707357390E+04
     300.0000000000000000   1.0225975040926519E+05
     310.0000000000000000   1.1129720153704337E+05
     320.0000000000000000   1.2098251635643801E+05
     330.0000000000000000   1.3113138201831820E+05
     340.0000000000000000   1.4157195092732503E+05
     350.0000000000000000   1.5287859906364922E+05
     360.0000000000000000   1.6403745808107386E+05
     370.0000000000000000   1.7616680472418721E+05
     380.0000000000000000   1.8908632993632773E+05
     390.0000000000000000   2.0192643931597739E+05
     400.0000000000000000   2.1559168558292967E+05
     410.0000000000000000   2.2952615982466022E+05
     420.0000000000000000   2.4454754704901122E+05
     430.0000000000000000   2.5945987402800898E+05
     440.0000000000000000   2.7565062313697895E+05
     450.0000000000000000   2.9126872432791558E+05
     460.0000000000000000   3.0786728092518385E+05
     470.0000000000000000   3.2549252363346651E+05
     480.0000000000000000   3.4307547803199705E+05
     490.0000000000000000   3.6159809535083460E+05
     500.0000000000000000   3.8131127953823539E+05
     510.0000000000000000   3.9989148213776114E+05
     520.0000000000000000   4.1939904132573411E+05
     530.0000000000000000   4.4053536861191975E+05
     540.0000000000000000   4.6112548049768602E+05
     550.0000000000000000   4.8258505187799607E+05
     560.0000000000000000   5.0487883366116020E+05
     570.0000000000000000   5.2842736828257190E+05
     580.0000000000000000   5.5105959680761851E+05
     590.0000000000000000   5.7614974702866317E+05
     600.0000000000000000   5.9959330327213346E+05
     610.0000000000000000   6.2580642485825019E+05
     620.0000000000000000   6.4986128790119267E+05
     630.0000000000000000   6.7701072401096404E+05
     640.0000000000000000   7.0213379815874482E+05
     650.0000000000000000   7.3008338732825196E+05
     660.0000000000000000   7.5651641194450401E+05
     670.0000000000000000   7.8647529938035680E+05
     680.0000000000000000   8.1423865062050102E+05
     690.0000000000000000   8.4295137388453924E+05
     700.0000000000000000   8.7419913988270354E+05
     710.0000000000000000   9.0315378481633787E+05
     720.0000000000000000   9.3617558482486382E+05
     730.0000000000000000   9.6580728047457710E+05
     740.0000000000000000   9.9977617784157267E+05
     750.0000000000000000   1.0304948633774621E+06
     760.0000000000000000   1.0656064252851654E+06
     770.0000000000000000   1.0970128786817282E+06
     780.0000000000000000   1.1330945113166026E+06
     790.0000000000000000   1.1653674927544082E+06
     800.0000000000000000   1.2020264265414942E+06
     810.0000000000000000   1.2402892499361732E+06
     820.0000000000000000   1.2749291111966034E+06
     830.0000000000000000   1.3137639677444545E+06
     840.0000000000000000   1.3492183566597332E+06
     850.0000000000000000   1.3894943554944585E+06
     860.0000000000000000   1.4268060718950576E+06
     870.0000000000000000   1.4672805970779974E+06
     880.0000000000000000   1.5112618550396545E+06
     890.0000000000000000   1.5471498283949497E+06
     900.0000000000000000   1.5903565364541749E+06
     910.0000000000000000   1.6352630308100586E+06
     920.0000000000000000   1.6719625897220455E+06
     930.0000000000000000   1.7183722780095143E+06
     940.0000000000000000   1.7590275379192412E+06
     950.0000000000000000   1.8061128883140334E+06
     960.0000000000000000   1.8486720441292345E+06
     970.0000000000000000   1.8952789189777824E+06
     980.0000000000000000   1.9409302758556097E+06
     990.0000000000000000   1.9880778033610417E+06
    1000.0000000000000000   2.0381744749813736E+06
    1100.0000000000000000   2.5383887566767898E+06
    1200.0000000000000000   3.1099667046836475E+06
    1300.0000000000000000   3.7318788889745586E+06
    1400.0000000000000000   4.4154234633019613E+06
    1500.0000000000000000   5.1583322580220783E+06
    1600.0000000000000000   5.9727690594369685E+06
    1700.0000000000000000   6.8561976347998669E+06
    1800.0000000000000000   7.8029677707667630E+06
    1900.0000000000000000   8.8205277153748497E+06
    2000.0000000000000000   9.9197297604200263E+06
    2100.0000000000000000   1.1093307779068753E+07
    2200.0000000000000000   1.2320607275940951E+07
    2300.0000000000000000   1.3723214227182060E+07
    2400.0000000000000000   1.5082841646963980E+07
    2500.0000000000000000   1.6546148915539356E+07
    2600.0000000000000000   1.8094036421841886E+07
    2700.0000000000000000   1.9812397541556630E+07
    2800.0000000000000000   2.1492468279979654E+07
    2900.0000000000000000   2.3373393007542275E+07
    3000.0000000000000000   2.5208173910955004E+07
    3100.0000000000000000   2.7290889991480123E+07
    3200.0000000000000000   2.9432582246304236E+07
    3300.0000000000000000   3.1569921235721756E+07
    3400.0000000000000000   3.3884740087919414E+07
    3500.0000000000000000   3.6286441291870892E+07
    3600.0000000000000000   3.8791761753048368E+07
    3700.0000000000000000   4.1417808804851554E+07
    3800.0000000000000000   4.4167877037287958E+07
    3900.0000000000000000   4.7061776396432564E+07
    4000.0000000000000000   5.0033026084239222E+07
    4100.0000000000000000   5.3076286112583123E+07
    4200.0000000000000000   5.6174877146383807E+07
    4300.0000000000000000   5.9780249999939956E+07
    4400.0000000000000000   6.3146053999009646E+07
    4500.0000000000000000   6.6406170462085925E+07
    4600.0000000000000000   7.0329019441134393E+07
    4700.0000000000000000   7.4057765686805889E+07
    4800.0000000000000000   7.7836063412124306E+07
    4900.0000000000000000   8.1943630238691568E+07
    5000.0000000000000000   8.5955602161428884E+07
    5100.0000000000000000   9.0575999537154272E+07
    5200.0000000000000000   9.4923577872098625E+07
    5300.0000000000000000   9.9423196489042640E+07
    5400.0000000000000000   1.0393857876637030E+08
    5500.0000000000000000   1.0920920745297210E+08
    5600.0000000000000000   1.1380781731430341E+08
    5700.0000000000000000   1.1894673341367592E+08
    5800.0000000000000000   1.2424905530145077E+08
    5900.0000000000000000   1.2972440204409410E+08
    6000.0000000000000000   1.3578773860487917E+08
    6100.0000000000000000   1.4128689680727229E+08
    6200.0000000000000000   1.4700518954038250E+08
    6300.0000000000000000   1.5301977286161265E+08
    6400.0000000000000000   1.5906443717396888E+08
    6500.0000000000000000   1.6588385246339229E+08
    6600.0000000000000000   1.7205307526309946E+08
    6700.0000000000000000   1.7871867277168241E+08
    6800.0000000000000000   1.8554606729422131E+08
    6900.0000000000000000   1.9258154508393928E+08
    7000.0000000000000000   2.0024352924398786E+08
    7100.0000000000000000   2.0723957318006620E+08
    7200.0000000000000000   2.1546606493648472E+08
    7300.0000000000000000   2.2273143051528317E+08
    7400.0000000000000000   2.3048444941924536E+08
    7500.0000000000000000   2.3925163055162793E+08
    7600.0000000000000000   2.4702117571842855E+08
    7700.0000000000000000   2.5494488760891116E+08
    7800.0000000000000000   2.6417450008038753E+08
    7900.0000000000000000   2.7280270501886886E+08
    8000.0000000000000000   2.8163511497566992E+08
    8100.0000000000000000   2.9078828994520557E+08
    8200.0000000000000000   3.0074360862252855E+08
    8300.0000000000000000   3.1139768594790351E+08
    8400.0000000000000000   3.2020798089092141E+08
    8500.0000000000000000   3.2966344977878350E+08
    8600.0000000000000000   3.4053300781223023E+08
    8700.0000000000000000   3.5056107117130643E+08
    8800.0000000000000000   3.6209232055730891E+08
    8900.0000000000000000   3.7203103056751597E+08
    9000.0000000000000000   3.8415350761752659E+08
    9100.0000000000000000   3.9410887775751179E+08
    9200.0000000000000000   4.0531967020553148E+08
    9300.0000000000000000   4.1782261574688518E+08
    9400.0000000000000000   4.2931061868911332E+08
    9500.0000000000000000   4.4245528437089795E+08
    9600.0000000000000000   4.5642590000823748E+08
    9700.0000000000000000   4.6699618261785161E+08
    9800.0000000000000000   4.8132443974711770E+08
    9900.0000000000000000   4.9261484063957512E+08
   10000.0000000000000000   5.0536214557745832E+08
   11000.0000000000000000   6.5265669612035847E+08
   12000.0000000000000000   8.2650916784886289E+08
   13000.0000000000000000   1.0237045725274796E+09
   14000.0000000000000000   1.2559374681232154E+09
   15000.0000000000000000   1.5206818368063011E+09
   16000.0000000000000000   1.8148110878412793E+09
   17000.0000000000000000   2.1499434888749161E+09
   18000.0000000000000000   2.5222420107368298E+09
   19000.0000000000000000   2.9371064320517178E+09
   20000.0000000000000000   3.3923573292956767E+09
   21000.0000000000000000   3.9012029454006109E+09
   22000.0000000000000000   4.4535783348230324E+09
   23000.0000000000000000   5.0584166786168547E+09
   24000.0000000000000000   5.7221245080669327E+09
   25000.0000000000000000   6.4347241640165215E+09
   26000.0000000000000000   7.2112326632345009E+09
   27000.0000000000000000   8.0612994482268591E+09
   28000.0000000000000000   8.9502738613414173E+09
   29000.0000000000000000   9.9480708672087631E+09
   30000.0000000000000000   1.0933304247759592E+10
