       0.1000000000000000   2.4707551011853845E+01   1.1815679963987223E-03
       0.2000000000000000   2.1709949461652446E+01   2.3207783302913584E-03
       0.3000000000000000   2.0675663305536290E+01   3.4663767477843359E-03
       0.4000000000000000   2.0242410930390971E+01   4.5750562213961090E-03
       0.5000000000000000   1.9985031774807968E+01   5.6870398724443586E-03
       0.6000000000000000   1.9809183423565038E+01   6.8054003206915546E-03
       0.7000000000000000   1.9677453897083304E+01   7.9329117738913928E-03
       0.7999999999999999   1.9570156731565397E+01   9.0715872325061609E-03
       0.8999999999999999   1.9478303307762356E+01   1.0220977370795720E-02
       0.9999999999999999   1.9393754701916436E+01   1.1385093904845574E-02
       2.0000000000000000   1.8592770452031306E+01   2.3965597657239091E-02
       3.0000000000000000   1.7681422552241454E+01   3.8647116783039934E-02
       4.0000000000000000   1.6726317064099508E+01   5.5699597521221687E-02
       5.0000000000000000   1.5794915436219240E+01   7.5212497272634571E-02
       6.0000000000000000   1.4919790151215620E+01   9.7196778416219376E-02
       7.0000000000000000   1.4112570574730320E+01   1.2163058831361309E-01
       8.0000000000000000   1.3373757674303384E+01   1.4849183258725360E-01
       9.0000000000000000   1.2698910591413924E+01   1.7777125908304581E-01
      10.0000000000000000   1.2081734490181413E+01   2.0947858195206198E-01
      11.0000000000000000   1.1515710950957057E+01   2.4364166632476403E-01
      12.0000000000000000   1.0994777217822250E+01   2.8030325589185506E-01
      13.0000000000000000   1.0513613842905077E+01   3.1951642202306002E-01
      14.0000000000000000   1.0067680401531105E+01   3.6133844960978106E-01
      15.0000000000000000   9.6532110336870467E+00   4.0582261672732417E-01
      16.0000000000000000   9.2671383323171614E+00   4.5300881323167153E-01
      17.0000000000000000   8.9069891662141227E+00   5.0291426187049437E-01
      18.0000000000000000   8.5708103709559538E+00   5.5552179069878371E-01
      19.0000000000000000   8.2570751005010941E+00   6.1076864967428590E-01
      20.0000000000000000   7.9646023158988069E+00   6.6853575198668491E-01
      21.0000000000000000   7.6924781259612773E+00   7.2863847909321267E-01
      22.0000000000000000   7.4399822509919815E+00   7.9082071702770518E-01
      23.0000000000000000   7.2065141133540624E+00   8.5475416994557984E-01
      24.0000000000000000   6.9915277995227729E+00   9.2004361036223881E-01
      25.0000000000000000   6.7944784464343160E+00   9.8623799239797660E-01
      26.0000000000000000   6.6147792385780813E+00   1.0528475433256221E+00
      27.0000000000000000   6.4517742544336274E+00   1.1193645986976677E+00
      28.0000000000000000   6.3047269191686484E+00   1.1852858310808263E+00
      29.0000000000000000   6.1728219895453975E+00   1.2501333529734262E+00
      30.0000000000000000   6.0551790985422906E+00   1.3134723393194410E+00
      31.0000000000000000   5.9508724335921501E+00   1.3749239300941534E+00
      32.0000000000000000   5.8589540187143934E+00   1.4341727259263140E+00
      33.0000000000000000   5.7784757138653529E+00   1.4909694626477645E+00
      34.0000000000000000   5.7085092556766970E+00   1.5451294009588135E+00
      35.0000000000000000   5.6481619434238652E+00   1.5965277589591509E+00
      36.0000000000000000   5.5965881597099338E+00   1.6450932031932941E+00
      37.0000000000000000   5.5529967932920554E+00   1.6908003799195701E+00
      38.0000000000000000   5.5166551851530201E+00   1.7336622331306364E+00
      39.0000000000000000   5.4868902681185467E+00   1.7737226340169889E+00
      40.0000000000000000   5.4630876934854022E+00   1.8110496359997932E+00
      41.0000000000000000   5.4446894196573892E+00   1.8457295480731672E+00
      42.0000000000000000   5.4311904587595414E+00   1.8778618486172161E+00
      43.0000000000000000   5.4221350669377602E+00   1.9075549469637452E+00
      44.0000000000000000   5.4171127343254044E+00   1.9349227033808798E+00
      45.0000000000000000   5.4157540917228664E+00   1.9600816686809106E+00
      46.0000000000000000   5.4177270352354663E+00   1.9831488844844407E+00
      47.0000000000000000   5.4227330108308252E+00   2.0042402029532456E+00
      48.0000000000000000   5.4305035776235737E+00   2.0234690189718472E+00
      49.0000000000000000   5.4407972546749681E+00   2.0409453428175603E+00
      50.0000000000000000   5.4533966594308563E+00   2.0567751465779360E+00
      51.0000000000000000   5.4681059215578136E+00   2.0710599300192141E+00
      52.0000000000000000   5.4847483754336519E+00   2.0838964566486586E+00
      53.0000000000000000   5.5031644893704454E+00   2.0953766240506244E+00
      54.0000000000000000   5.5232100257076944E+00   2.1055874361149742E+00
      55.0000000000000000   5.5447543976367379E+00   2.1146110546833463E+00
      56.0000000000000000   5.5676792222517912E+00   2.1225249109268569E+00
      57.0000000000000000   5.5918770728789244E+00   2.1294018046560543E+00
      58.0000000000000000   5.6172502414968042E+00   2.1353101636797120E+00
      59.0000000000000000   5.6437097791486890E+00   2.1403141928371543E+00
      60.0000000000000000   5.6711746617314533E+00   2.1444740265509723E+00
      61.0000000000000000   5.6995708630655031E+00   2.1478460400478507E+00
      62.0000000000000000   5.7288307328724759E+00   2.1504829904333467E+00
      63.0000000000000000   5.7588923465428135E+00   2.1524342409403174E+00
      64.0000000000000000   5.7896989423240521E+00   2.1537459629139115E+00
      65.0000000000000000   5.8211984237148178E+00   2.1544613309620533E+00
      66.0000000000000000   5.8533429138731004E+00   2.1546207102526336E+00
      67.0000000000000000   5.8860883580488617E+00   2.1542618351793967E+00
      68.0000000000000000   5.9193941685092284E+00   2.1534199789910429E+00
      69.0000000000000000   5.9532229062142248E+00   2.1521281142514854E+00
      70.0000000000000000   5.9875399961861637E+00   2.1504170640545737E+00
      71.0000000000000000   6.0223134709230877E+00   2.1483156443472664E+00
      72.0000000000000000   6.0575137411687479E+00   2.1458507973643877E+00
      73.0000000000000000   6.0931133888794733E+00   2.1430477166782747E+00
      74.0000000000000000   6.1290869808477186E+00   2.1399299641553049E+00
      75.0000000000000000   6.1654108941204200E+00   2.1365195833589881E+00
      76.0000000000000000   6.2020631901308958E+00   2.1328371849001986E+00
      77.0000000000000000   6.2390234380521230E+00   2.1289020666626084E+00
      78.0000000000000000   6.2762726167515135E+00   2.1247322856168442E+00
      79.0000000000000000   6.3137929953392931E+00   2.1203447446512986E+00
      80.0000000000000000   6.3515680307523805E+00   2.1157552694898700E+00
      81.0000000000000000   6.3895822745826880E+00   2.1109786803048816E+00
      82.0000000000000000   6.4278212885196044E+00   2.1060288583812987E+00
      83.0000000000000000   6.4662715671774649E+00   2.1009188081545953E+00
      84.0000000000000000   6.5049204672631324E+00   2.0956607149738615E+00
      85.0000000000000000   6.5437561436549903E+00   2.0902659988424070E+00
      86.0000000000000000   6.5827674904434010E+00   2.0847453644513023E+00
      87.0000000000000000   6.6219440859901306E+00   2.0791088483724831E+00
      88.0000000000000000   6.6612761484590930E+00   2.0733658599327911E+00
      89.0000000000000000   6.7007544832590895E+00   2.0675252253453476E+00
      90.0000000000000000   6.7403704462429577E+00   2.0615952228066159E+00
      91.0000000000000000   6.7801159045299437E+00   2.0555836181632023E+00
      92.0000000000000000   6.8199832013123816E+00   2.0494976975614687E+00
      93.0000000000000000   6.8599651235165391E+00   2.0433442978789289E+00
      94.0000000000000000   6.9000548719956951E+00   2.0371298350967360E+00
      95.0000000000000000   6.9402460340239207E+00   2.0308603307601678E+00
      96.0000000000000000   6.9805325579000437E+00   2.0245414366635330E+00
      97.0000000000000000   7.0209087294710102E+00   2.0181784578858020E+00
      98.0000000000000000   7.0613691502917266E+00   2.0117763742987589E+00
      99.0000000000000000   7.1019087180080520E+00   2.0053398606271302E+00
     100.0000000000000000   7.1425226069408927E+00   1.9988733052340535E+00
     110.0000000000000000   7.5518544747489464E+00   1.9333480450693878E+00
     120.0000000000000000   7.9648333795335589E+00   1.8680704193334452E+00
     130.0000000000000000   8.3793481149222764E+00   1.8046355080171206E+00
     140.0000000000000000   8.7902867038282757E+00   1.7486170826951417E+00
     150.0000000000000000   9.2035626676326316E+00   1.6935100557619369E+00
     160.0000000000000000   9.6185910342062364E+00   1.6387415570776256E+00
     170.0000000000000000   1.0029924361585826E+01   1.5887972415080946E+00
     180.0000000000000000   1.0437867080763011E+01   1.5430285098709065E+00
     190.0000000000000000   1.0842689231699294E+01   1.5009002587953935E+00
     200.0000000000000000   1.1248998394694890E+01   1.4584880501513464E+00
     210.0000000000000000   1.1652279086909065E+01   1.4192854269451347E+00
     220.0000000000000000   1.2056856830218166E+01   1.3797977899798015E+00
     230.0000000000000000   1.2454528082148883E+01   1.3461160689538709E+00
     240.0000000000000000   1.2853608092907828E+01   1.3118480927797969E+00
     250.0000000000000000   1.3250132822824030E+01   1.2798522142323130E+00
     260.0000000000000000   1.3644244958275797E+01   1.2498993170458430E+00
     270.0000000000000000   1.4036075137243794E+01   1.2217906559832532E+00
     280.0000000000000000   1.4425743158246583E+01   1.1953529662749249E+00
     287.9990000000000236   1.4740121058311747E+01   1.1725393404726459E+00
     288.0009999999999764   1.4740201237080509E+01   1.1725326186223448E+00
     290.0000000000000000   1.4816807918445534E+01   1.1681469402249469E+00
     300.0000000000000000   1.5202380717519132E+01   1.1447010006030980E+00
     310.0000000000000000   1.5589402827066436E+01   1.1203936509945733E+00
     320.0000000000000000   1.5974512744839780E+01   1.0973925401223432E+00
     330.0000000000000000   1.6357791817698928E+01   1.0755910771807853E+00
     340.0000000000000000   1.6739315983276988E+01   1.0548941362557005E+00
     350.0000000000000000   1.7119156196936050E+01   1.0352165612408082E+00
     360.0000000000000000   1.7497378847791481E+01   1.0164818869635153E+00
     370.0000000000000000   1.7874046165017386E+01   9.9862123578601114E-01
     380.0000000000000000   1.8252188059124286E+01   9.7987337108486172E-01
     390.0000000000000000   1.8625862782583223E+01   9.6362837411399549E-01
     400.0000000000000000   1.9001045717414648E+01   9.4647803023545796E-01
     402.9990000000000236   1.9112123397912104E+01   9.4211970616882434E-01
     403.0009999999999764   1.9112199366893794E+01   9.4211575450482266E-01
     410.0000000000000000   1.9371934750240207E+01   9.3163405586140846E-01
     420.0000000000000000   1.9744352430448874E+01   9.1587693348250332E-01
     430.0000000000000000   2.0112640237502148E+01   9.0225618242007455E-01
     440.0000000000000000   2.0482466176889059E+01   8.8772194095099954E-01
     450.0000000000000000   2.0851044371473520E+01   8.7376119858035550E-01
     460.0000000000000000   2.1218411407679103E+01   8.6033960991133218E-01
     470.0000000000000000   2.1581922351043961E+01   8.4877573713283383E-01
     480.0000000000000000   2.1946994234074634E+01   8.3630967612210338E-01
     490.0000000000000000   2.2310955080690292E+01   8.2429624801492152E-01
     500.0000000000000000   2.2673835097327260E+01   8.1271044025653560E-01
     510.0000000000000000   2.3035663156990069E+01   8.0152906556275239E-01
     520.0000000000000000   2.3396466849002884E+01   7.9073061105585740E-01
     530.0000000000000000   2.3756272549930365E+01   7.8029509196095936E-01
     537.9990000000000236   2.4044883185314593E+01   7.7149621092136633E-01
     538.0009999999999764   2.4044955897984046E+01   7.7149374815466565E-01
     540.0000000000000000   2.4115105483111364E+01   7.7020392254999215E-01
     550.0000000000000000   2.4475472451151429E+01   7.5929909550117292E-01
     560.0000000000000000   2.4832405231443765E+01   7.4986800137533072E-01
     570.0000000000000000   2.5188434706055506E+01   7.4073188218997843E-01
     580.0000000000000000   2.5543582604544557E+01   7.3187649003739330E-01
     590.0000000000000000   2.5900277445073012E+01   7.2222936235687474E-01
     600.0000000000000000   2.6253694592972110E+01   7.1391668169867051E-01
     610.0000000000000000   2.6606288932550100E+01   7.0584710560329700E-01
     620.0000000000000000   2.6960436678343875E+01   6.9700364492618117E-01
     630.0000000000000000   2.7311412134329622E+01   6.8940590112542877E-01
     640.0000000000000000   2.7661617497298732E+01   6.8202002444133480E-01
     650.0000000000000000   2.8013373548195169E+01   6.7387975192922778E-01
     660.0000000000000000   2.8362058732615736E+01   6.6690734306991861E-01
     670.0000000000000000   2.8712299087174319E+01   6.5919270603894542E-01
     680.0000000000000000   2.9059525616622725E+01   6.5259932534343990E-01
     690.0000000000000000   2.9408307593999332E+01   6.4527658679538924E-01
     700.0000000000000000   2.9754131906822444E+01   6.3903192284839982E-01
     710.0000000000000000   3.0101509956161387E+01   6.3207057150893131E-01
     720.0000000000000000   3.0448197168870990E+01   6.2528827936395537E-01
     730.0000000000000000   3.0792009091548540E+01   6.1952050406659565E-01
     740.0000000000000000   3.1137369673097712E+01   6.1305838350252906E-01
     750.0000000000000000   3.1479901281098407E+01   6.0757779268736301E-01
     760.0000000000000000   3.1823981925934120E+01   6.0141238943303921E-01
     770.0000000000000000   3.2167429392661816E+01   5.9539561207367730E-01
     780.0000000000000000   3.2508118973325161E+01   5.9030971754962447E-01
     790.0000000000000000   3.2850352969141746E+01   5.8455770085273762E-01
     800.0000000000000000   3.3191985232273474E+01   5.7893902583708934E-01
     810.0000000000000000   3.3533024912951795E+01   5.7344917757161018E-01
     820.0000000000000000   3.3871397337437280E+01   5.6882798967611836E-01
     830.0000000000000000   3.4211303616440496E+01   5.6356676539286110E-01
     840.0000000000000000   3.4550645131032461E+01   5.5842184702534947E-01
     850.0000000000000000   3.4889430624060367E+01   5.5338929576169549E-01
     860.0000000000000000   3.5227672858751717E+01   5.4846388971375692E-01
     870.0000000000000000   3.5563344896008289E+01   5.4434199203579481E-01
     880.0000000000000000   3.5900537597064435E+01   5.3960998476214250E-01
     890.0000000000000000   3.6237207855305591E+01   5.3497637087915850E-01
     900.0000000000000000   3.6573362828260088E+01   5.3043817145395744E-01
     910.0000000000000000   3.6909010865341187E+01   5.2599207405959836E-01
     920.0000000000000000   3.7244160978373991E+01   5.2163462798232352E-01
     930.0000000000000000   3.7578821464459949E+01   5.1736269583764205E-01
     940.0000000000000000   3.7912999335428552E+01   5.1317362449469150E-01
     950.0000000000000000   3.8246700773069946E+01   5.0906508269299799E-01
     960.0000000000000000   3.8579931696903145E+01   5.0503486862959424E-01
     970.0000000000000000   3.8912698006086053E+01   5.0108082781054708E-01
     980.0000000000000000   3.9245005585334276E+01   4.9720084849838725E-01
     990.0000000000000000   3.9576860270091501E+01   4.9339287163205375E-01
    1000.0000000000000000   3.9906341029078014E+01   4.9025979815043835E-01
    1100.0000000000000000   4.3198947317845537E+01   4.5573010454323742E-01
    1200.0000000000000000   4.6452336522908936E+01   4.2653021567596355E-01
    1300.0000000000000000   4.9672390747709763E+01   4.0103156392642114E-01
    1400.0000000000000000   5.2862413383929535E+01   3.7847968565207862E-01
    1500.0000000000000000   5.6023392263146029E+01   3.5873709787407776E-01
    1600.0000000000000000   5.9157751406719818E+01   3.4130393597555198E-01
    1700.0000000000000000   6.2269284694815866E+01   3.2541699459709644E-01
    1800.0000000000000000   6.5358003494211459E+01   3.1119158468966557E-01
    1900.0000000000000000   6.8427169384530970E+01   2.9803630644251039E-01
    2000.0000000000000000   7.1476519561681755E+01   2.8611023897787136E-01
    2100.0000000000000000   7.4507168177810286E+01   2.7526607866494129E-01
    2200.0000000000000000   7.7520374281101354E+01   2.6533727874878738E-01
    2300.0000000000000000   8.0518600258964767E+01   2.5594538060592242E-01
    2400.0000000000000000   8.3500845494272198E+01   2.4734326228666936E-01
    2500.0000000000000000   8.6467222983121303E+01   2.3956104257247027E-01
    2600.0000000000000000   8.9420752218834423E+01   2.3213816097186615E-01
    2700.0000000000000000   9.2361955710735700E+01   2.2505099081474553E-01
    2800.0000000000000000   9.5289600217415128E+01   2.1855804014221120E-01
    2900.0000000000000000   9.8204473920077362E+01   2.1255784487749013E-01
    3000.0000000000000000   1.0110914401496188E+02   2.0670814129954004E-01
    3100.0000000000000000   1.0400192620066048E+02   2.0129395160414396E-01
    3200.0000000000000000   1.0688468569453686E+02   1.9610016140243161E-01
    3300.0000000000000000   1.0975668390539546E+02   1.9123982861066169E-01
    3400.0000000000000000   1.1261863680561260E+02   1.8665243920387850E-01
    3500.0000000000000000   1.1547110848001029E+02   1.8229257434766880E-01
    3600.0000000000000000   1.1831384415334763E+02   1.7820645650255060E-01
    3700.0000000000000000   1.2114794255222913E+02   1.7428103608630369E-01
    3800.0000000000000000   1.2397304256603606E+02   1.7059103649779261E-01
    3900.0000000000000000   1.2679141818352365E+02   1.6687871984948896E-01
    4000.0000000000000000   1.2960058988971309E+02   1.6345724211607779E-01
    4100.0000000000000000   1.3240216578663365E+02   1.6015437885341458E-01
    4200.0000000000000000   1.3519540600375862E+02   1.5707293538711076E-01
    4300.0000000000000000   1.3798140933332368E+02   1.5409380136040574E-01
    4400.0000000000000000   1.4076104734063253E+02   1.5115283726756612E-01
    4500.0000000000000000   1.4353285431710776E+02   1.4842749590023524E-01
    4600.0000000000000000   1.4629837310291785E+02   1.4573947875877555E-01
    4700.0000000000000000   1.4905660125510275E+02   1.4322585131187679E-01
    4800.0000000000000000   1.5180966031099123E+02   1.4068680460595412E-01
    4900.0000000000000000   1.5455601626909470E+02   1.3827573226456782E-01
    5000.0000000000000000   1.5729599432708591E+02   1.3597144185369692E-01
    5100.0000000000000000   1.6002986760527665E+02   1.3375963177513248E-01
    5200.0000000000000000   1.6275773147727142E+02   1.3163916119294619E-01
    5300.0000000000000000   1.6547963224686947E+02   1.2960984819307331E-01
    5400.0000000000000000   1.6819548894003589E+02   1.2768607891993738E-01
    5500.0000000000000000   1.7090681397475524E+02   1.2574628958657511E-01
    5600.0000000000000000   1.7361364467631790E+02   1.2381038412535894E-01
    5700.0000000000000000   1.7631320013993903E+02   1.2208132486046294E-01
    5800.0000000000000000   1.7901029564450960E+02   1.2021802200946825E-01
    5900.0000000000000000   1.8169857726162667E+02   1.1869567074613237E-01
    6000.0000000000000000   1.8438573026827592E+02   1.1693562534094940E-01
    6100.0000000000000000   1.8706736616668084E+02   1.1526905040381966E-01
    6200.0000000000000000   1.8974106045105196E+02   1.1390373400980981E-01
    6300.0000000000000000   1.9241478204178048E+02   1.1222181427280865E-01
    6400.0000000000000000   1.9508150295696808E+02   1.1078285451978390E-01
    6500.0000000000000000   1.9774448389444046E+02   1.0932739213562220E-01
    6600.0000000000000000   2.0040296486963342E+02   1.0791757490611960E-01
    6700.0000000000000000   2.0305709357062941E+02   1.0654999069373160E-01
    6800.0000000000000000   2.0570661018551681E+02   1.0525029394380346E-01
    6900.0000000000000000   2.0835206247268366E+02   1.0397934280933860E-01
    7000.0000000000000000   2.1099294166336395E+02   1.0277406812791663E-01
    7100.0000000000000000   2.1363091547578776E+02   1.0152343397909212E-01
    7200.0000000000000000   2.1626264104280500E+02   1.0046339499651448E-01
    7300.0000000000000000   2.1889120191555327E+02   9.9380773027748837E-02
    7400.0000000000000000   2.2152062035301222E+02   9.8023604667453912E-02
    7500.0000000000000000   2.2414145294869957E+02   9.7015128574168927E-02
    7600.0000000000000000   2.2675803705436485E+02   9.6062171518647141E-02
    7700.0000000000000000   2.2937621346490985E+02   9.4801102603619555E-02
    7800.0000000000000000   2.3198597238754456E+02   9.3879361576380702E-02
    7900.0000000000000000   2.3459280354263944E+02   9.2941083483500622E-02
    8000.0000000000000000   2.3719889897697811E+02   9.1853243072668803E-02
    8100.0000000000000000   2.3979716955215815E+02   9.1064148699385811E-02
    8200.0000000000000000   2.4239689885738775E+02   9.0006269400775982E-02
    8300.0000000000000000   2.4499116837869181E+02   8.9089633134036492E-02
    8400.0000000000000000   2.4758265320524947E+02   8.8164761698895339E-02
    8500.0000000000000000   2.5017130327384717E+02   8.7245567372508173E-02
    8600.0000000000000000   2.5275157065296935E+02   8.6657041516154512E-02
    8700.0000000000000000   2.5533628790261693E+02   8.5629449226912457E-02
    8800.0000000000000000   2.5791584655241365E+02   8.4753932525282058E-02
    8900.0000000000000000   2.6048830485747885E+02   8.4103452933838016E-02
    9000.0000000000000000   2.6306148036665149E+02   8.3273707676743344E-02
    9100.0000000000000000   2.6563295067680303E+02   8.2394385014902025E-02
    9200.0000000000000000   2.6819937305001258E+02   8.1654654870259150E-02
    9300.0000000000000000   2.7076444002493434E+02   8.0835606069088892E-02
    9400.0000000000000000   2.7332152340028841E+02   8.0322404551444612E-02
    9500.0000000000000000   2.7587797007279966E+02   7.9701789458307123E-02
    9600.0000000000000000   2.7843468564769569E+02   7.8913115367549150E-02
    9700.0000000000000000   2.8098867210926988E+02   7.8141797277710451E-02
    9800.0000000000000000   2.8353923761081751E+02   7.7431397305556163E-02
    9900.0000000000000000   2.8608657780191584E+02   7.6764817334475599E-02
   10000.0000000000000000   2.8863114083717761E+02   7.6116429909111050E-02
   11000.0000000000000000   3.1393966131186244E+02   7.0163924629077251E-02
   12000.0000000000000000   3.3901006144127820E+02   6.5381003098914620E-02
   13000.0000000000000000   3.6387935640267381E+02   6.0894701544734531E-02
   14000.0000000000000000   3.8854988746370003E+02   5.7370354269914152E-02
   15000.0000000000000000   4.1304970472796242E+02   5.4154266524513960E-02
   16000.0000000000000000   4.3738653479069649E+02   5.1317750003796000E-02
   17000.0000000000000000   4.6159026934989282E+02   4.8373290337197151E-02
   18000.0000000000000000   4.8564416424623147E+02   4.6024961688211338E-02
   19000.0000000000000000   5.0956708171643584E+02   4.3984082281180413E-02
   20000.0000000000000000   5.3336816447149226E+02   4.2110597035911718E-02
   21000.0000000000000000   5.5706260449400611E+02   4.0217534980156386E-02
   22000.0000000000000000   5.8063466764543887E+02   3.8991318764232091E-02
   23000.0000000000000000   6.0411204369011932E+02   3.7610450980595879E-02
   24000.0000000000000000   6.2751048206873520E+02   3.5946955461991101E-02
   25000.0000000000000000   6.5080289183158197E+02   3.4600111150438033E-02
   26000.0000000000000000   6.7400745104089424E+02   3.3477231236004497E-02
   27000.0000000000000000   6.9713600502383929E+02   3.2344363798752149E-02
   28000.0000000000000000   7.2017608088824704E+02   3.1382830541390398E-02
   29000.0000000000000000   7.4313275887438908E+02   3.0419050059343495E-02
   30000.0000000000000000   7.6602020597329556E+02   2.9795619055776885E-02
   31000.0000000000000000   7.8883415424749796E+02   2.9059665668881088E-02
   32000.0000000000000000   8.1158405851231203E+02   2.8147154407754889E-02
   33000.0000000000000000   8.3428748539609921E+02   2.7180107051164158E-02
   34000.0000000000000000   8.5691473980758383E+02   2.6473693401778582E-02
   35000.0000000000000000   8.7946256229065330E+02   2.6041988685180074E-02
   36000.0000000000000000   9.0196405125823674E+02   2.5461943463664666E-02
   37000.0000000000000000   9.2444351696272361E+02   2.4547683549970691E-02
   38000.0000000000000000   9.4682309466686092E+02   2.4434950753838051E-02
   39000.0000000000000000   9.6916699913229218E+02   2.3479526520249521E-02
   40000.0000000000000000   9.9146290350663912E+02   2.3081348229409965E-02
   41000.0000000000000000   1.0136998006187691E+03   2.2474451687621681E-02
   42000.0000000000000000   1.0358980014911151E+03   2.2127534289258292E-02
   43000.0000000000000000   1.0580194189312931E+03   2.1549660655308514E-02
   44000.0000000000000000   1.0801354611337827E+03   2.1303937542341306E-02
   45000.0000000000000000   1.1021728218428295E+03   2.1103946521105484E-02
   46000.0000000000000000   1.1241636362089969E+03   2.0495007737823243E-02
   47000.0000000000000000   1.1461349347017397E+03   2.0021028772191286E-02
   48000.0000000000000000   1.1680542339597228E+03   1.9964373497607855E-02
   49000.0000000000000000   1.1899666687145636E+03   1.9407505443889132E-02
   50000.0000000000000000   1.2118305693504226E+03   1.8922489507568859E-02
