       0.1000000000000000   5.6805596539045624E+01   5.1492022566676434E-04
       0.2000000000000000   4.9254648178386141E+01   1.0282255180489369E-03
       0.3000000000000000   4.6321273226751984E+01   1.5606230906030352E-03
       0.4000000000000000   4.4818667953181937E+01   2.0912934573535267E-03
       0.5000000000000000   4.3755631268792065E+01   2.6376806632221333E-03
       0.6000000000000000   4.2908499008378158E+01   3.2007006317461635E-03
       0.7000000000000000   4.2188383628056073E+01   3.7813055156884793E-03
       0.7999999999999999   4.1547350021230834E+01   4.3801729075142832E-03
       0.8999999999999999   4.0963753983927802E+01   4.9964720278330901E-03
       0.9999999999999999   4.0416097946796981E+01   5.6323494632514078E-03
       2.0000000000000000   3.5895959030036643E+01   1.3082854683191555E-02
       3.0000000000000000   3.2224324775571347E+01   2.2636019224061749E-02
       4.0000000000000000   2.9158845189695107E+01   3.4317343448969292E-02
       5.0000000000000000   2.6606589236022774E+01   4.8046302950630518E-02
       6.0000000000000000   2.4477502323096939E+01   6.3702137128957767E-02
       7.0000000000000000   2.2690153906717217E+01   8.1153832477869864E-02
       8.0000000000000000   2.1175177400255834E+01   1.0028597777279165E-01
       9.0000000000000000   1.9877258991091992E+01   1.2100325812760819E-01
      10.0000000000000000   1.8753077182056376E+01   1.4323218863333662E-01
      11.0000000000000000   1.7769291768525207E+01   1.6691668946491142E-01
      12.0000000000000000   1.6900080717691228E+01   1.9201466228080205E-01
      13.0000000000000000   1.6125402603754871E+01   2.1849648393760007E-01
      14.0000000000000000   1.5429381274399168E+01   2.4634425837479584E-01
      15.0000000000000000   1.4799473279498837E+01   2.7554873757621623E-01
      16.0000000000000000   1.4225691020325783E+01   3.0610655636037626E-01
      17.0000000000000000   1.3699908742118561E+01   3.3802172844586914E-01
      18.0000000000000000   1.3215544268893977E+01   3.7130243689584741E-01
      19.0000000000000000   1.2767178651851742E+01   4.0596089239388300E-01
      20.0000000000000000   1.2350322690308523E+01   4.4201295995972395E-01
      21.0000000000000000   1.1961232145347887E+01   4.7947699561921875E-01
      22.0000000000000000   1.1596782191454409E+01   5.1837225908353202E-01
      23.0000000000000000   1.1254333992658319E+01   5.5871881649901500E-01
      24.0000000000000000   1.0931645259019691E+01   6.0053728285016317E-01
      25.0000000000000000   1.0626813760017312E+01   6.4384694918675212E-01
      26.0000000000000000   1.0338215582651261E+01   6.8866520581571988E-01
      27.0000000000000000   1.0064460905450803E+01   7.3500651349843171E-01
      27.9989999999999988   9.8046124530745402E+00   7.8283259873333977E-01
      28.0000000000000000   9.8043588165659497E+00   7.8288124166390227E-01
      28.0010000000000012   9.8041051927147649E+00   7.8292988613371695E-01
      29.0000000000000000   9.5568841963009294E+00   8.3229471153155266E-01
      29.9989999999999988   9.3213866512491919E+00   8.8319413143019010E-01
      30.0000000000000000   9.3211565291758003E+00   8.8324584847045062E-01
      30.0010000000000012   9.3209264180813918E+00   8.8329756704054041E-01
      31.0000000000000000   9.0964159582226891E+00   9.3572614280415722E-01
      32.0000000000000000   8.8820094751959697E+00   9.8971815447070821E-01
      33.0000000000000000   8.6773716850975724E+00   1.0451947095434764E+00
      34.0000000000000000   8.4820145855971063E+00   1.1021175617632779E+00
      35.0000000000000000   8.2955150983495862E+00   1.1604364874709119E+00
      36.0000000000000000   8.1175051304530079E+00   1.2200884943980834E+00
      37.0000000000000000   7.9476624164244285E+00   1.2809972717534648E+00
      37.9990000000000023   7.7858605000147314E+00   1.3430103046927526E+00
      38.0000000000000000   7.7857023905709806E+00   1.3430729299043436E+00
      38.0009999999999977   7.7855442887536537E+00   1.3431355561805172E+00
      39.0000000000000000   7.6313706747207437E+00   1.4062120845711779E+00
      40.0000000000000000   7.4844368083314752E+00   1.4702982762038908E+00
      41.0000000000000000   7.3446879055508223E+00   1.5352028512235880E+00
      42.0000000000000000   7.2119237467595028E+00   1.6007861585156777E+00
      43.0000000000000000   7.0859522897520790E+00   1.6668991520525229E+00
      44.0000000000000000   6.9665860980804677E+00   1.7333852389204254E+00
      45.0000000000000000   6.8536389735614405E+00   1.8000825143810781E+00
      46.0000000000000000   6.7469240059715583E+00   1.8668260140856563E+00
      46.9990000000000023   6.6463496075903352E+00   1.9333836076972866E+00
      47.0000000000000000   6.6462518900802037E+00   1.9334501173486365E+00
      47.0009999999999977   6.6461541784206046E+00   1.9335166267163471E+00
      48.0000000000000000   6.5514299942941356E+00   1.9997909131690068E+00
      49.0000000000000000   6.4622619729524544E+00   2.0656884583758686E+00
      50.0000000000000000   6.3785478789135990E+00   2.1309888461885822E+00
      51.0000000000000000   6.3000846243127882E+00   2.1955460297167209E+00
      52.0000000000000000   6.2266668156105842E+00   2.2592233438787628E+00
      53.0000000000000000   6.1580877295174199E+00   2.3218947116027424E+00
      54.0000000000000000   6.0941404345966861E+00   2.3834455220244863E+00
      55.0000000000000000   6.0346189153654466E+00   2.4437732020929741E+00
      56.0000000000000000   5.9793192511279027E+00   2.5027875039660494E+00
      57.0000000000000000   5.9280408957931527E+00   2.5604102921440690E+00
      58.0000000000000000   5.8805871625747397E+00   2.6165756923366010E+00
      59.0000000000000000   5.8367663665330936E+00   2.6712294759093274E+00
      60.0000000000000000   5.7963928464923686E+00   2.7243282598523906E+00
      61.0000000000000000   5.7592869102891537E+00   2.7758392916976256E+00
      62.0000000000000000   5.7252757027387098E+00   2.8257393869266165E+00
      63.0000000000000000   5.6941934180546525E+00   2.8740142086113463E+00
      64.0000000000000000   5.6658814885700597E+00   2.9206574496912041E+00
      65.0000000000000000   5.6401886874227403E+00   2.9656700163941370E+00
      66.0000000000000000   5.6169711340309991E+00   3.0090592301527490E+00
      67.0000000000000000   5.5960922261205042E+00   3.0508380605908014E+00
      68.0000000000000000   5.5774225114780416E+00   3.0910243988421056E+00
      69.0000000000000000   5.5608395081502264E+00   3.1296403775748609E+00
      70.0000000000000000   5.5462274897582855E+00   3.1667117410185508E+00
      71.0000000000000000   5.5334772366161085E+00   3.2022672676359702E+00
      72.0000000000000000   5.5224857729677792E+00   3.2363382444080835E+00
      73.0000000000000000   5.5131560876008141E+00   3.2689579925216528E+00
      73.9989999999999952   5.5054038519367392E+00   3.3001309342053835E+00
      74.0000000000000000   5.5053968480960593E+00   3.3001614421643497E+00
      74.0010000000000048   5.5053898457394839E+00   3.3001919487430951E+00
      75.0000000000000000   5.4991220884906022E+00   3.3299847735431634E+00
      76.0000000000000000   5.4942510215146569E+00   3.3584650029882486E+00
      77.0000000000000000   5.4907076078179449E+00   3.3856398075097203E+00
      78.0000000000000000   5.4884203820452750E+00   3.4115471876293726E+00
      79.0000000000000000   5.4873221619437809E+00   3.4362252640397539E+00
      80.0000000000000000   5.4873497930618793E+00   3.4597120849202536E+00
      81.0000000000000000   5.4884439042839102E+00   3.4820454609417655E+00
      82.0000000000000000   5.4905486755959290E+00   3.5032628250951645E+00
      83.0000000000000000   5.4936116174935989E+00   3.5234011146005066E+00
      84.0000000000000000   5.4975833606036950E+00   3.5424966725676699E+00
      85.0000000000000000   5.5024174597862725E+00   3.5605851669275737E+00
      86.0000000000000000   5.5080702079552637E+00   3.5777015247140294E+00
      87.0000000000000000   5.5145004576853696E+00   3.5938798827607128E+00
      88.0000000000000000   5.5216694739922776E+00   3.6091535350174371E+00
      89.0000000000000000   5.5295407558243825E+00   3.6235549203917015E+00
      90.0000000000000000   5.5380799086910031E+00   3.6371155889957181E+00
      91.0000000000000000   5.5472545067370049E+00   3.6498661912854615E+00
      92.0000000000000000   5.5570339669654096E+00   3.6618364706947082E+00
      93.0000000000000000   5.5673894319757915E+00   3.6730552618635537E+00
      94.0000000000000000   5.5782936605067936E+00   3.6835504936229131E+00
      95.0000000000000000   5.5897209252791527E+00   3.6933491959939460E+00
      96.0000000000000000   5.6016469177049579E+00   3.7024775105517098E+00
      97.0000000000000000   5.6140486589965564E+00   3.7109607035828636E+00
      98.0000000000000000   5.6269044168855080E+00   3.7188231815626920E+00
      99.0000000000000000   5.6401936298137372E+00   3.7260885083766011E+00
     100.0000000000000000   5.6538968324352190E+00   3.7327794242619037E+00
     110.0000000000000000   5.8100785790539735E+00   3.7725517141143627E+00
     120.0000000000000000   5.9922946327761784E+00   3.7745998553695408E+00
     130.0000000000000000   6.1918494998085096E+00   3.7513677228655076E+00
     140.0000000000000000   6.4032419944902648E+00   3.7113387416875439E+00
     150.0000000000000000   6.6228633212699952E+00   3.6603157457185760E+00
     160.0000000000000000   6.8482716883565526E+00   3.6022917283176668E+00
     170.0000000000000000   7.0777710071075770E+00   3.5400307936701658E+00
     180.0000000000000000   7.3101567114678510E+00   3.4754552244331975E+00
     190.0000000000000000   7.5445571063483028E+00   3.4099050163660221E+00
     200.0000000000000000   7.7803313018225113E+00   3.3443135691519630E+00
     210.0000000000000000   8.0170018069287288E+00   3.2793278796335663E+00
     220.0000000000000000   8.2542089214707310E+00   3.2153916880726245E+00
     230.0000000000000000   8.4916792365918923E+00   3.1528035908275838E+00
     231.9989999999999952   8.5391617788627343E+00   3.1404724814938074E+00
     232.0010000000000048   8.5392092856813573E+00   3.1404601755940202E+00
     240.0000000000000000   8.7236198375550860E+00   3.1018016396707648E+00
     244.9989999999999952   8.8427383027622941E+00   3.0724176912746470E+00
     245.0010000000000048   8.8427906295612750E+00   3.0723986610817144E+00
     250.0000000000000000   8.9616003183393111E+00   3.0438230210438078E+00
     260.0000000000000000   9.1983785270848859E+00   2.9889385571828870E+00
     270.0000000000000000   9.4394847586447099E+00   2.9285956387496652E+00
     280.0000000000000000   9.6738582963667028E+00   2.8795072276191789E+00
     290.0000000000000000   9.9072123244916952E+00   2.8327935850141253E+00
     300.0000000000000000   1.0144594299403970E+01   2.7809515794392876E+00
     310.0000000000000000   1.0380778826542777E+01   2.7316966250846870E+00
     320.0000000000000000   1.0611030448777194E+01   2.6916301695851956E+00
     330.0000000000000000   1.0845078455357770E+01   2.6467333784439768E+00
     340.0000000000000000   1.1078077363718974E+01   2.6038966489461477E+00
     350.0000000000000000   1.1310071006848236E+01   2.5629729678404845E+00
     360.0000000000000000   1.1545486788605452E+01   2.5178945914467654E+00
     370.0000000000000000   1.1775493895505887E+01   2.4805970364335947E+00
     380.0000000000000000   1.2004613461905834E+01   2.4448388908404524E+00
     390.0000000000000000   1.2237032760695232E+01   2.4051046032256882E+00
     400.0000000000000000   1.2464384043453112E+01   2.3722951989903263E+00
     406.9990000000000236   1.2623437062113984E+01   2.3495709265095495E+00
     407.0009999999999764   1.2623484756837676E+01   2.3495615738770779E+00
     410.0000000000000000   1.2694964206755513E+01   2.3356268415302672E+00
     420.0000000000000000   1.2920673725152071E+01   2.3054024840130776E+00
     430.0000000000000000   1.3149536031157956E+01   2.2714377929244769E+00
     440.0000000000000000   1.3373716970593520E+01   2.2434931883196962E+00
     450.0000000000000000   1.3600970642196039E+01   2.2119260818214053E+00
     460.0000000000000000   1.3827436723993143E+01   2.1815127755646833E+00
     468.9990000000000236   1.4029840300177897E+01   2.1559570252856743E+00
     469.0009999999999764   1.4029886857592215E+01   2.1559494813501154E+00
     470.0000000000000000   1.4053138621047816E+01   2.1521883765124015E+00
     480.0000000000000000   1.4278098683693406E+01   2.1238928382654905E+00
     490.0000000000000000   1.4502338240384574E+01   2.0965705436867230E+00
     500.0000000000000000   1.4725877684039824E+01   2.0701698696233612E+00
     510.0000000000000000   1.4948736499633844E+01   2.0446428595982744E+00
     520.0000000000000000   1.5170933322949946E+01   2.0199448906114674E+00
     530.0000000000000000   1.5392485992481339E+01   1.9960343834781265E+00
     540.0000000000000000   1.5613411579555990E+01   1.9728725565428757E+00
     550.0000000000000000   1.5833726448724116E+01   1.9504231751071648E+00
     560.0000000000000000   1.6053446274504573E+01   1.9286523635691404E+00
     569.9990000000000236   1.6272563545134361E+01   1.9075311963107460E+00
     570.0000000000000000   1.6272586084251468E+01   1.9075284083533939E+00
     570.0009999999999764   1.6272608624032088E+01   1.9075256197021990E+00
     580.0000000000000000   1.6494409626530256E+01   1.8835494384985989E+00
     590.0000000000000000   1.6712390455904057E+01   1.8636980746787806E+00
     600.0000000000000000   1.6929833061725059E+01   1.8444074447317371E+00
     610.0000000000000000   1.7149912535602791E+01   1.8223678475959755E+00
     620.0000000000000000   1.7366275081704071E+01   1.8041863951311510E+00
     630.0000000000000000   1.7582136603652696E+01   1.7864943234834736E+00
     640.0000000000000000   1.7800583067230008E+01   1.7661552123297257E+00
     650.0000000000000000   1.8015435079914848E+01   1.7494361274868659E+00
     660.0000000000000000   1.8232847092732637E+01   1.7301333796733827E+00
     670.0000000000000000   1.8446732544121513E+01   1.7143078004309089E+00
     680.0000000000000000   1.8663151131370682E+01   1.6959600396498262E+00
     690.0000000000000000   1.8876110114905035E+01   1.6809569796976960E+00
     700.0000000000000000   1.9091573629791721E+01   1.6634913365397439E+00
     710.0000000000000000   1.9303643611839494E+01   1.6492472082379781E+00
     720.0000000000000000   1.9518187984564406E+01   1.6325982097459513E+00
     730.0000000000000000   1.9732281913674544E+01   1.6163546215758027E+00
     740.0000000000000000   1.9943062971963812E+01   1.6031645222304740E+00
     750.0000000000000000   2.0156287461862554E+01   1.5876500916040175E+00
     760.0000000000000000   2.0369084700161480E+01   1.5724991774105614E+00
     770.0000000000000000   2.0578648912600400E+01   1.5602495507457603E+00
     780.0000000000000000   2.0790622158497730E+01   1.5457525009602764E+00
     790.0000000000000000   2.1002189496120820E+01   1.5315826895945130E+00
     800.0000000000000000   2.1210602394849687E+01   1.5201760119356997E+00
     810.0000000000000000   2.1421387351466581E+01   1.5065949501377911E+00
     820.0000000000000000   2.1631786075278583E+01   1.4933095565556029E+00
     830.0000000000000000   2.1841804679500925E+01   1.4803100074795088E+00
     840.0000000000000000   2.2051449348898682E+01   1.4675867157661875E+00
     850.0000000000000000   2.2258048275088129E+01   1.4574232936296700E+00
     860.0000000000000000   2.2466972230381561E+01   1.4451976509878275E+00
     870.0000000000000000   2.2675539188412287E+01   1.4332232915164500E+00
     880.0000000000000000   2.2883754642232613E+01   1.4214922133142349E+00
     890.0000000000000000   2.3091623980731015E+01   1.4099967246161318E+00
     900.0000000000000000   2.3299152396850587E+01   1.3987295076025592E+00
     910.0000000000000000   2.3503756745705406E+01   1.3898142893480099E+00
     920.0000000000000000   2.3710628185295022E+01   1.3789587699548238E+00
     930.0000000000000000   2.3917173117081443E+01   1.3683122689392877E+00
     940.0000000000000000   2.4123396209316244E+01   1.3578685872725678E+00
     950.0000000000000000   2.4329302032296766E+01   1.3476217612463102E+00
     960.0000000000000000   2.4534895033578962E+01   1.3375660728098431E+00
     970.0000000000000000   2.4740179540625387E+01   1.3276960384273482E+00
     980.0000000000000000   2.4945159762036564E+01   1.3180063998605833E+00
     990.0000000000000000   2.5149839800639338E+01   1.3084921055516296E+00
    1000.0000000000000000   2.5354223659632396E+01   1.2991482986318137E+00
    1100.0000000000000000   2.7382593229189037E+01   1.2141367557787590E+00
    1200.0000000000000000   2.9389709939811684E+01   1.1387664103589192E+00
    1300.0000000000000000   3.1373475767806674E+01   1.0739711586774017E+00
    1400.0000000000000000   3.3336228134987799E+01   1.0176176744377943E+00
    1500.0000000000000000   3.5281986308548419E+01   9.6686635353712980E-01
    1600.0000000000000000   3.7212208484601106E+01   9.2076240278631549E-01
    1700.0000000000000000   3.9126197651098948E+01   8.7964373384139816E-01
    1736.9990000000000236   3.9828969932703579E+01   8.6636431440079820E-01
    1737.0009999999999764   3.9829008186399491E+01   8.6636343530132143E-01
    1795.9990000000000236   4.0949003050743137E+01   8.4438172264703759E-01
    1796.0009999999999764   4.0949041125315219E+01   8.4438089734324673E-01
    1800.0000000000000000   4.1025164953867019E+01   8.4273156886894474E-01
    1900.0000000000000000   4.2910207940233740E+01   8.0938422456572023E-01
    2000.0000000000000000   4.4784060833002130E+01   7.7819522207148395E-01
    2100.0000000000000000   4.6645672372674255E+01   7.4974603663664130E-01
    2196.9989999999997963   4.8441926335932216E+01   7.2372702259160915E-01
    2197.0010000000002037   4.8441963420139324E+01   7.2372643533746495E-01
    2200.0000000000000000   4.8497567436122416E+01   7.2284650239971204E-01
    2300.0000000000000000   5.0336750129357952E+01   6.9893764935785929E-01
    2400.0000000000000000   5.2167460356809613E+01   6.7608596496463569E-01
    2471.9989999999997963   5.3479260426328587E+01   6.6078992532672232E-01
    2472.0010000000002037   5.3479296949548768E+01   6.6078944613663160E-01
    2500.0000000000000000   5.3988408319641287E+01   6.5493186987988916E-01
    2600.0000000000000000   5.5800065861018247E+01   6.3529709691673930E-01
    2700.0000000000000000   5.7602877122261035E+01   6.1702343385654790E-01
    2711.9989999999997963   5.7819469627175131E+01   6.1457183444180974E-01
    2712.0010000000002037   5.7819505718993831E+01   6.1457142750050942E-01
    2800.0000000000000000   5.9399026385839591E+01   5.9927067117846855E-01
    2900.0000000000000000   6.1185355081097910E+01   5.8333470145904553E-01
    3000.0000000000000000   6.2965700673430653E+01   5.6774437781735898E-01
    3100.0000000000000000   6.4736908022363963E+01   5.5373361938367982E-01
    3200.0000000000000000   6.6502760948464868E+01   5.3991989000788077E-01
    3300.0000000000000000   6.8261727773257491E+01   5.2690845748311599E-01
    3400.0000000000000000   7.0014138637590818E+01   5.1460984645633512E-01
    3500.0000000000000000   7.1760240986458086E+01   5.0296371397678474E-01
    3600.0000000000000000   7.3500266325493556E+01   4.9191656127012462E-01
    3700.0000000000000000   7.5234277201933679E+01   4.8146514869735441E-01
    3800.0000000000000000   7.6964381847498501E+01   4.7096144632958559E-01
    3900.0000000000000000   7.8687166674399521E+01   4.6152302342432727E-01
    4000.0000000000000000   8.0406195282580285E+01   4.5204075707826685E-01
    4100.0000000000000000   8.2118557938338512E+01   4.4344428431027266E-01
    4200.0000000000000000   8.3827526989988755E+01   4.3475163488603352E-01
    4300.0000000000000000   8.5530051657559497E+01   4.2690010823679342E-01
    4400.0000000000000000   8.7229187173698335E+01   4.1899093855358405E-01
    4500.0000000000000000   8.8923965897837803E+01   4.1134839603364332E-01
    4600.0000000000000000   9.0613861467644568E+01   4.0412776695770081E-01
    4700.0000000000000000   9.2298511693728301E+01   3.9744942920101922E-01
    4800.0000000000000000   9.3979928697673017E+01   3.9075051276982764E-01
    4900.0000000000000000   9.5657227985100533E+01   3.8430682269466687E-01
    5000.0000000000000000   9.7330621300149019E+01   3.7807714558366323E-01
    5100.0000000000000000   9.9000082254523122E+01   3.7207799094256205E-01
    5200.0000000000000000   1.0066569178149950E+02   3.6629978948160752E-01
    5300.0000000000000000   1.0232769112296874E+02   3.6069669543715216E-01
    5400.0000000000000000   1.0398746314569659E+02   3.5493830384296171E-01
    5500.0000000000000000   1.0564199176843280E+02   3.4977579880735254E-01
    5600.0000000000000000   1.0729298446628903E+02   3.4478783560074927E-01
    5700.0000000000000000   1.0894138193093067E+02   3.3979429432464797E-01
    5800.0000000000000000   1.1058508525645897E+02   3.3525319160877193E-01
    5900.0000000000000000   1.1222795555218795E+02   3.3031711323733282E-01
    6000.0000000000000000   1.1386554301680155E+02   3.2598225904692668E-01
    6100.0000000000000000   1.1550057423918460E+02   3.2167526901869770E-01
    6200.0000000000000000   1.1713373214294548E+02   3.1722635496457680E-01
    6300.0000000000000000   1.1876240383190455E+02   3.1321851501730036E-01
    6400.0000000000000000   1.2038758816837650E+02   3.0944816279588511E-01
    6500.0000000000000000   1.2201177097640264E+02   3.0538490417364078E-01
    6600.0000000000000000   1.2363193718737962E+02   3.0169193915695258E-01
    6700.0000000000000000   1.2525042125136413E+02   2.9786403424736424E-01
    6800.0000000000000000   1.2686495139037169E+02   2.9439400231547896E-01
    6900.0000000000000000   1.2847780628222142E+02   2.9080394708673285E-01
    7000.0000000000000000   1.3008672863106702E+02   2.8757353711428368E-01
    7100.0000000000000000   1.3169461393320705E+02   2.8411346642293162E-01
    7200.0000000000000000   1.3330024777276054E+02   2.8069950103035968E-01
    7300.0000000000000000   1.3490244005382016E+02   2.7755679403022154E-01
    7400.0000000000000000   1.3650190168037773E+02   2.7452462890726614E-01
    7500.0000000000000000   1.3809783238878106E+02   2.7177484217087966E-01
    7600.0000000000000000   1.3969462123010510E+02   2.6850708562025216E-01
    7700.0000000000000000   1.4128700148070195E+02   2.6568666281685688E-01
    7800.0000000000000000   1.4287710397056196E+02   2.6290950581761247E-01
    7900.0000000000000000   1.4446570942207114E+02   2.6010268970767703E-01
    8000.0000000000000000   1.4605049914372012E+02   2.5759514983598636E-01
    8100.0000000000000000   1.4763557949817834E+02   2.5474550500837695E-01
    8200.0000000000000000   1.4921622808714500E+02   2.5230972257738532E-01
    8300.0000000000000000   1.5079620070307075E+02   2.4973133023343880E-01
    8400.0000000000000000   1.5237265878252444E+02   2.4739976566418931E-01
    8500.0000000000000000   1.5394849292897143E+02   2.4490635260070426E-01
    8600.0000000000000000   1.5552248729553310E+02   2.4242585059441943E-01
    8700.0000000000000000   1.5709245612777403E+02   2.4030143177451987E-01
    8800.0000000000000000   1.5866166668133110E+02   2.3806992905921909E-01
    8900.0000000000000000   1.6023008733064779E+02   2.3567167090605218E-01
    9000.0000000000000000   1.6179471900833627E+02   2.3360140602286072E-01
    9100.0000000000000000   1.6335720608253035E+02   2.3162208471993073E-01
    9200.0000000000000000   1.6491972184326002E+02   2.2939690233100049E-01
    9300.0000000000000000   1.6647994629136736E+02   2.2727952378740679E-01
    9400.0000000000000000   1.6803828128643752E+02   2.2520956905207906E-01
    9500.0000000000000000   1.6959433988857691E+02   2.2324210926834792E-01
    9600.0000000000000000   1.7114789777065332E+02   2.2141597526550708E-01
    9700.0000000000000000   1.7269978668276457E+02   2.1961227356791690E-01
    9800.0000000000000000   1.7425042376795196E+02   2.1777427493169696E-01
    9883.9989999999997963   1.7555349999530512E+02   2.1600429764174942E-01
    9884.0010000000002037   1.7555353080528693E+02   2.1600428193182061E-01
    9900.0000000000000000   1.7579962369592099E+02   2.1593181645946607E-01
   10000.0000000000000000   1.7734715524824585E+02   2.1411959910402692E-01
   11000.0000000000000000   1.9273324510362164E+02   1.9770078146247808E-01
   11138.9989999999997963   1.9485957154309011E+02   1.9563465924575882E-01
   11139.0010000000002037   1.9485960163874518E+02   1.9563468951590948E-01
   11683.9989999999997963   2.0317016125837020E+02   1.8794506203863748E-01
   11684.0010000000002037   2.0317019178681559E+02   1.8794502301618304E-01
   12000.0000000000000000   2.0796888893334159E+02   1.8387058023609715E-01
   13000.0000000000000000   2.2306823198047047E+02   1.7218701226484140E-01
   14000.0000000000000000   2.3804813280331430E+02   1.6173167573450722E-01
   15000.0000000000000000   2.5291816082856499E+02   1.5236327564681518E-01
   16000.0000000000000000   2.6768317329245303E+02   1.4427588769649435E-01
   17000.0000000000000000   2.8234862647850656E+02   1.3748579483315171E-01
   18000.0000000000000000   2.9693448596308497E+02   1.3057189929151852E-01
   19000.0000000000000000   3.1143215505314203E+02   1.2479886107297244E-01
   20000.0000000000000000   3.2585604753400594E+02   1.1928111788517645E-01
   21000.0000000000000000   3.4020298416073103E+02   1.1456648204318684E-01
   22000.0000000000000000   3.5447741113242245E+02   1.1050618256924299E-01
   23000.0000000000000000   3.6869394213447305E+02   1.0627950442808913E-01
   24000.0000000000000000   3.8284792072825957E+02   1.0239143448020378E-01
   25000.0000000000000000   3.9694845850719230E+02   9.8545632707597225E-02
   26000.0000000000000000   4.1098475880745775E+02   9.5458520787571041E-02
   27000.0000000000000000   4.2496923849532675E+02   9.2486992097512419E-02
   28000.0000000000000000   4.3890225095915821E+02   8.9743025214353969E-02
   29000.0000000000000000   4.5279103756590018E+02   8.7026998044474210E-02
   30000.0000000000000000   4.6663020569148927E+02   8.4461466876311245E-02
   31000.0000000000000000   4.8041555955786583E+02   8.2724562872677709E-02
   32000.0000000000000000   4.9417971976882103E+02   7.9841796459044601E-02
   33000.0000000000000000   5.0788594054183534E+02   7.7896791472307908E-02
   34000.0000000000000000   5.2155598905882528E+02   7.5889734899150588E-02
   35000.0000000000000000   5.3518701821110415E+02   7.4028329202516882E-02
   36000.0000000000000000   5.4877566472648073E+02   7.2620842636788613E-02
   37000.0000000000000000   5.6234261698888929E+02   7.0505360912192408E-02
   38000.0000000000000000   5.7585406274931461E+02   6.9288521985812479E-02
   39000.0000000000000000   5.8935255284259983E+02   6.7348019044315421E-02
   40000.0000000000000000   6.0281532753042393E+02   6.5748947870033894E-02
   41000.0000000000000000   6.1623482976011883E+02   6.4349243578454007E-02
   42000.0000000000000000   6.2961749234478384E+02   6.3655972061198579E-02
   43000.0000000000000000   6.4299338675755143E+02   6.1714775824662657E-02
   44000.0000000000000000   6.5631237536062281E+02   6.0959157089046360E-02
   45000.0000000000000000   6.6962214047861778E+02   5.9984502302281487E-02
   46000.0000000000000000   6.8290885585815863E+02   5.8415095317763399E-02
   47000.0000000000000000   6.9615626130889643E+02   5.7300443824204794E-02
   48000.0000000000000000   7.0936311942257987E+02   5.6804287542428826E-02
   49000.0000000000000000   7.2256751657059078E+02   5.5637464051875619E-02
   50000.0000000000000000   7.3575143737849771E+02   5.4353401207751714E-02
   67418.9989999999961583   9.6174998365740555E+02   4.1681922168791623E-02
   67419.0010000000038417   9.6175000806952198E+02   4.1681949472681695E-02
