       1.0000000000000000   1.0000000000000000E+30
       2.0000000000000000   1.0000000000000000E+30
       3.0000000000000000   1.0000000000000000E+30
       4.0000000000000000   1.0000000000000000E+30
       5.0000000000000000   1.0000000000000000E+30
       6.0000000000000000   1.0000000000000000E+30
       7.0000000000000000   1.0000000000000000E+30
       8.0000000000000000   1.0000000000000000E+30
       9.0000000000000000   1.0000000000000000E+30
      10.0000000000000000   1.0000000000000000E+30
      11.0000000000000000   1.0000000000000000E+30
      12.0000000000000000   1.0000000000000000E+30
      13.0000000000000000   1.0000000000000000E+30
      14.0000000000000000   1.0000000000000000E+30
      15.0000000000000000   1.0000000000000000E+30
      16.0000000000000000   1.0000000000000000E+30
      17.0000000000000000   1.0000000000000000E+30
      18.0000000000000000   1.0000000000000000E+30
      19.0000000000000000   1.0000000000000000E+30
      20.0000000000000000   1.0000000000000000E+30
      21.0000000000000000   1.0000000000000000E+30
      22.0000000000000000   1.0000000000000000E+30
      23.0000000000000000   1.0000000000000000E+30
      24.0000000000000000   1.0000000000000000E+30
      25.0000000000000000   1.0000000000000000E+30
      26.0000000000000000   1.0000000000000000E+30
      27.0000000000000000   1.0000000000000000E+30
      28.0000000000000000   1.0000000000000000E+30
      29.0000000000000000   1.0000000000000000E+30
      30.0000000000000000   1.0000000000000000E+30
      31.0000000000000000   1.0000000000000000E+30
      32.0000000000000000   1.0000000000000000E+30
      33.0000000000000000   1.0000000000000000E+30
      34.0000000000000000   1.0000000000000000E+30
      35.0000000000000000   1.0000000000000000E+30
      36.0000000000000000   1.0000000000000000E+30
      37.0000000000000000   1.0000000000000000E+30
      38.0000000000000000   1.0000000000000000E+30
      39.0000000000000000   1.0000000000000000E+30
      40.0000000000000000   1.0000000000000000E+30
      41.0000000000000000   1.0000000000000000E+30
      42.0000000000000000   1.0000000000000000E+30
      43.0000000000000000   1.0000000000000000E+30
      44.0000000000000000   1.0000000000000000E+30
      45.0000000000000000   1.0000000000000000E+30
      46.0000000000000000   1.0000000000000000E+30
      47.0000000000000000   1.0000000000000000E+30
      48.0000000000000000   1.0000000000000000E+30
      49.0000000000000000   1.0000000000000000E+30
      50.0000000000000000   1.0000000000000000E+30
      51.0000000000000000   1.0000000000000000E+30
      52.0000000000000000   1.0000000000000000E+30
      53.0000000000000000   1.0000000000000000E+30
      54.0000000000000000   1.0000000000000000E+30
      55.0000000000000000   1.0000000000000000E+30
      56.0000000000000000   1.0000000000000000E+30
      57.0000000000000000   1.0000000000000000E+30
      58.0000000000000000   1.0000000000000000E+30
      59.0000000000000000   1.0000000000000000E+30
      60.0000000000000000   1.0000000000000000E+30
      61.0000000000000000   1.0000000000000000E+30
      62.0000000000000000   1.0000000000000000E+30
      63.0000000000000000   1.0000000000000000E+30
      64.0000000000000000   1.0000000000000000E+30
      65.0000000000000000   1.0000000000000000E+30
      66.0000000000000000   1.0000000000000000E+30
      67.0000000000000000   1.0000000000000000E+30
      68.0000000000000000   1.0000000000000000E+30
      69.0000000000000000   1.0000000000000000E+30
      70.0000000000000000   1.0000000000000000E+30
      71.0000000000000000   1.0000000000000000E+30
      72.0000000000000000   1.0000000000000000E+30
      73.0000000000000000   1.0000000000000000E+30
      74.0000000000000000   1.0000000000000000E+30
      75.0000000000000000   1.0000000000000000E+30
      76.0000000000000000   1.0000000000000000E+30
      77.0000000000000000   1.0000000000000000E+30
      78.0000000000000000   1.0000000000000000E+30
      79.0000000000000000   1.0000000000000000E+30
      80.0000000000000000   1.0000000000000000E+30
      81.0000000000000000   1.0000000000000000E+30
      82.0000000000000000   1.0000000000000000E+30
      83.0000000000000000   1.0000000000000000E+30
      84.0000000000000000   1.0000000000000000E+30
      85.0000000000000000   1.0000000000000000E+30
      86.0000000000000000   1.0000000000000000E+30
      87.0000000000000000   1.0000000000000000E+30
      88.0000000000000000   1.0000000000000000E+30
      89.0000000000000000   1.0000000000000000E+30
      90.0000000000000000   1.0000000000000000E+30
      91.0000000000000000   1.0000000000000000E+30
      92.0000000000000000   1.0000000000000000E+30
      93.0000000000000000   1.0000000000000000E+30
      94.0000000000000000   1.0000000000000000E+30
      95.0000000000000000   1.0000000000000000E+30
      96.0000000000000000   1.0000000000000000E+30
      97.0000000000000000   1.0000000000000000E+30
      98.0000000000000000   1.0000000000000000E+30
      99.0000000000000000   1.0000000000000000E+30
     100.0000000000000000   1.0000000000000000E+30
     110.0000000000000000   1.0000000000000000E+30
     120.0000000000000000   1.0000000000000000E+30
     130.0000000000000000   1.0000000000000000E+30
     140.0000000000000000   1.0000000000000000E+30
     150.0000000000000000   1.0000000000000000E+30
     160.0000000000000000   1.0000000000000000E+30
     170.0000000000000000   1.0000000000000000E+30
     180.0000000000000000   1.0000000000000000E+30
     190.0000000000000000   1.0000000000000000E+30
     200.0000000000000000   1.0000000000000000E+30
     210.0000000000000000   1.0000000000000000E+30
     220.0000000000000000   1.0000000000000000E+30
     230.0000000000000000   1.0000000000000000E+30
     240.0000000000000000   1.0000000000000000E+30
     250.0000000000000000   1.0000000000000000E+30
     260.0000000000000000   1.0000000000000000E+30
     270.0000000000000000   1.0000000000000000E+30
     280.0000000000000000   1.0000000000000000E+30
     290.0000000000000000   1.0000000000000000E+30
     300.0000000000000000   1.0000000000000000E+30
     310.0000000000000000   1.0000000000000000E+30
     320.0000000000000000   1.0000000000000000E+30
     330.0000000000000000   1.0000000000000000E+30
     340.0000000000000000   1.0000000000000000E+30
     350.0000000000000000   1.0000000000000000E+30
     360.0000000000000000   1.0000000000000000E+30
     370.0000000000000000   1.0000000000000000E+30
     380.0000000000000000   1.0000000000000000E+30
     390.0000000000000000   1.0000000000000000E+30
     400.0000000000000000   1.0000000000000000E+30
     410.0000000000000000   1.0000000000000000E+30
     420.0000000000000000   1.0000000000000000E+30
     430.0000000000000000   1.0000000000000000E+30
     440.0000000000000000   1.0000000000000000E+30
     450.0000000000000000   1.0000000000000000E+30
     460.0000000000000000   1.0000000000000000E+30
     470.0000000000000000   1.0000000000000000E+30
     480.0000000000000000   1.0000000000000000E+30
     490.0000000000000000   1.0000000000000000E+30
     500.0000000000000000   1.0000000000000000E+30
     510.0000000000000000   1.0000000000000000E+30
     520.0000000000000000   1.0000000000000000E+30
     530.0000000000000000   1.0000000000000000E+30
     540.0000000000000000   1.0000000000000000E+30
     550.0000000000000000   1.0000000000000000E+30
     560.0000000000000000   1.0000000000000000E+30
     570.0000000000000000   1.0000000000000000E+30
     580.0000000000000000   1.0000000000000000E+30
     590.0000000000000000   1.0000000000000000E+30
     600.0000000000000000   1.0000000000000000E+30
     610.0000000000000000   1.0000000000000000E+30
     620.0000000000000000   1.0000000000000000E+30
     630.0000000000000000   1.0000000000000000E+30
     640.0000000000000000   1.0000000000000000E+30
     650.0000000000000000   1.0000000000000000E+30
     660.0000000000000000   1.0000000000000000E+30
     670.0000000000000000   1.0000000000000000E+30
     680.0000000000000000   1.0000000000000000E+30
     690.0000000000000000   1.0000000000000000E+30
     700.0000000000000000   1.0000000000000000E+30
     710.0000000000000000   1.0000000000000000E+30
     720.0000000000000000   1.0000000000000000E+30
     730.0000000000000000   1.0000000000000000E+30
     740.0000000000000000   1.0000000000000000E+30
     750.0000000000000000   1.0000000000000000E+30
     760.0000000000000000   1.0000000000000000E+30
     770.0000000000000000   1.0000000000000000E+30
     780.0000000000000000   1.0000000000000000E+30
     790.0000000000000000   1.0000000000000000E+30
     800.0000000000000000   1.0000000000000000E+30
     810.0000000000000000   1.0000000000000000E+30
     820.0000000000000000   1.0000000000000000E+30
     830.0000000000000000   1.0000000000000000E+30
     840.0000000000000000   1.0000000000000000E+30
     850.0000000000000000   1.0000000000000000E+30
     860.0000000000000000   1.0000000000000000E+30
     870.0000000000000000   1.0000000000000000E+30
     880.0000000000000000   1.0000000000000000E+30
     890.0000000000000000   1.0000000000000000E+30
     900.0000000000000000   1.0000000000000000E+30
     910.0000000000000000   1.0000000000000000E+30
     920.0000000000000000   1.0000000000000000E+30
     930.0000000000000000   1.0000000000000000E+30
     940.0000000000000000   1.0000000000000000E+30
     950.0000000000000000   1.0000000000000000E+30
     960.0000000000000000   1.0000000000000000E+30
     970.0000000000000000   1.0000000000000000E+30
     980.0000000000000000   1.0000000000000000E+30
     990.0000000000000000   1.0000000000000000E+30
    1000.0000000000000000   1.0000000000000000E+30
    1100.0000000000000000   1.0000000000000000E+30
    1200.0000000000000000   1.0000000000000000E+30
    1300.0000000000000000   1.0000000000000000E+30
    1400.0000000000000000   1.0000000000000000E+30
    1500.0000000000000000   1.0000000000000000E+30
    1600.0000000000000000   1.0000000000000000E+30
    1700.0000000000000000   1.0000000000000000E+30
    1800.0000000000000000   8.6561706529287276E+03
    1900.0000000000000000   8.7450006949691415E+03
    2000.0000000000000000   9.0174902332319707E+03
    2100.0000000000000000   9.4493689012251143E+03
    2200.0000000000000000   1.0021753740144863E+04
    2300.0000000000000000   1.0719775362580915E+04
    2400.0000000000000000   1.1531596129423708E+04
    2500.0000000000000000   1.2447697524927667E+04
    2600.0000000000000000   1.3460355565475060E+04
    2700.0000000000000000   1.4563249605201565E+04
    2800.0000000000000000   1.5751167134198011E+04
    2900.0000000000000000   1.7019778563492629E+04
    3000.0000000000000000   1.8365463656741762E+04
    3100.0000000000000000   1.9785176503411825E+04
    3200.0000000000000000   2.1276339554030012E+04
    3300.0000000000000000   2.2836759782595578E+04
    3400.0000000000000000   2.4464561848886355E+04
    3500.0000000000000000   2.6158134432276209E+04
    3600.0000000000000000   2.7916086851988050E+04
    3700.0000000000000000   2.9737213780656708E+04
    3800.0000000000000000   3.1620466370427312E+04
    3900.0000000000000000   3.3564928493544314E+04
    4000.0000000000000000   3.5569797087675113E+04
    4100.0000000000000000   3.7634365815076526E+04
    4200.0000000000000000   3.9758011412108419E+04
    4300.0000000000000000   4.1940182234534455E+04
    4400.0000000000000000   4.4180388604026302E+04
    4500.0000000000000000   4.6478194639302201E+04
    4600.0000000000000000   4.8833211316576184E+04
    4700.0000000000000000   5.1245090552351117E+04
    4800.0000000000000000   5.3713520139980676E+04
    4900.0000000000000000   5.6238219402062969E+04
    5000.0000000000000000   5.8818935445303388E+04
    5100.0000000000000000   6.1455439924287632E+04
    5200.0000000000000000   6.4147526236639889E+04
    5300.0000000000000000   6.6895007085078003E+04
    5400.0000000000000000   6.9697712352524104E+04
    5500.0000000000000000   7.2555487245157143E+04
    5600.0000000000000000   7.5468190665478716E+04
    5700.0000000000000000   7.8435693783397699E+04
    5800.0000000000000000   8.1457878778260798E+04
    5900.0000000000000000   8.4534637728849877E+04
    6000.0000000000000000   8.7665871631784466E+04
    6100.0000000000000000   9.0851489531629995E+04
    6200.0000000000000000   9.4091407748416270E+04
    6300.0000000000000000   9.7385549190296326E+04
    6400.0000000000000000   1.0073384274078804E+05
    6500.0000000000000000   1.0413622271149038E+05
    6600.0000000000000000   1.0759262835239958E+05
    6700.0000000000000000   1.1110300341299908E+05
    6800.0000000000000000   1.1466729574819535E+05
    6900.0000000000000000   1.1828545696393748E+05
    7000.0000000000000000   1.2195744209801879E+05
    7100.0000000000000000   1.2568320933212411E+05
    7200.0000000000000000   1.2946271973167568E+05
    7300.0000000000000000   1.3329593701045288E+05
    7400.0000000000000000   1.3718282731732473E+05
    7500.0000000000000000   1.4112335904275358E+05
    7600.0000000000000000   1.4511750264300214E+05
    7700.0000000000000000   1.4916523048021679E+05
    7800.0000000000000000   1.5326651667676910E+05
    7900.0000000000000000   1.5742133698242155E+05
    8000.0000000000000000   1.6162966865304246E+05
    8100.0000000000000000   1.6589149033973744E+05
    8200.0000000000000000   1.7020678198738638E+05
    8300.0000000000000000   1.7457552474168575E+05
    8400.0000000000000000   1.7899770086389084E+05
    8500.0000000000000000   1.8347329365253728E+05
    8600.0000000000000000   1.8800228737149676E+05
    8700.0000000000000000   1.9258466718378800E+05
    8800.0000000000000000   1.9722041909062210E+05
    8900.0000000000000000   2.0190952987521508E+05
    9000.0000000000000000   2.0665198705094634E+05
    9100.0000000000000000   2.1144777881348226E+05
    9200.0000000000000000   2.1629689399652302E+05
    9300.0000000000000000   2.2119932203086207E+05
    9400.0000000000000000   2.2615505290647791E+05
    9500.0000000000000000   2.3116407713740441E+05
    9600.0000000000000000   2.3622638572914936E+05
    9700.0000000000000000   2.4134197014845142E+05
    9800.0000000000000000   2.4651082229518687E+05
    9900.0000000000000000   2.5173293447625256E+05
   10000.0000000000000000   2.5700829938126696E+05
   11000.0000000000000000   3.1268947257887392E+05
   12000.0000000000000000   3.7369001204199740E+05
   13000.0000000000000000   4.4000645129721373E+05
   14000.0000000000000000   5.1163651574795885E+05
   15000.0000000000000000   5.8857866270707885E+05
   16000.0000000000000000   6.7083181595141056E+05
   17000.0000000000000000   7.5839520616186678E+05
   18000.0000000000000000   8.5126827159087488E+05
   19000.0000000000000000   9.4945059431071836E+05
   20000.0000000000000000   1.0529418581887363E+06
   21000.0000000000000000   1.1617418205212636E+06
   22000.0000000000000000   1.2758502924787118E+06
   23000.0000000000000000   1.3952671253672079E+06
   24000.0000000000000000   1.5199922008103598E+06
   25000.0000000000000000   1.6500254236230101E+06
   26000.0000000000000000   1.7853667165653228E+06
   27000.0000000000000000   1.9260160164308399E+06
   28000.0000000000000000   2.0719732710944612E+06
   29000.0000000000000000   2.2232384372602985E+06
   30000.0000000000000000   2.3798114787259870E+06
