       0.1000000000000000   1.0000000000000000E+30   0.0000000000000000E+00
       0.2000000000000000   1.0000000000000000E+30   0.0000000000000000E+00
       0.3000000000000000   1.0000000000000000E+30   0.0000000000000000E+00
       0.4000000000000000   1.0000000000000000E+30   0.0000000000000000E+00
       0.5000000000000000   1.0000000000000000E+30   0.0000000000000000E+00
       0.6000000000000000   1.0000000000000000E+30   0.0000000000000000E+00
       0.7000000000000000   1.0000000000000000E+30   0.0000000000000000E+00
       0.7999999999999999   1.0000000000000000E+30   0.0000000000000000E+00
       0.8999999999999999   1.0000000000000000E+30   0.0000000000000000E+00
       0.9999999999999999   1.0000000000000000E+30   0.0000000000000000E+00
       2.0000000000000000   1.0000000000000000E+30   0.0000000000000000E+00
       3.0000000000000000   1.0000000000000000E+30   0.0000000000000000E+00
       4.0000000000000000   1.0000000000000000E+30   0.0000000000000000E+00
       5.0000000000000000   1.0000000000000000E+30   0.0000000000000000E+00
       6.0000000000000000   1.0000000000000000E+30   0.0000000000000000E+00
       7.0000000000000000   1.0000000000000000E+30   0.0000000000000000E+00
       8.0000000000000000   1.0000000000000000E+30   0.0000000000000000E+00
       9.0000000000000000   1.0000000000000000E+30   0.0000000000000000E+00
      10.0000000000000000   1.0000000000000000E+30   0.0000000000000000E+00
      11.0000000000000000   1.0000000000000000E+30   0.0000000000000000E+00
      12.0000000000000000   1.0000000000000000E+30   0.0000000000000000E+00
      13.0000000000000000   1.0000000000000000E+30   0.0000000000000000E+00
      14.0000000000000000   1.0000000000000000E+30   0.0000000000000000E+00
      15.0000000000000000   1.0000000000000000E+30   0.0000000000000000E+00
      16.0000000000000000   1.0000000000000000E+30   0.0000000000000000E+00
      17.0000000000000000   1.0000000000000000E+30   0.0000000000000000E+00
      18.0000000000000000   1.0000000000000000E+30   0.0000000000000000E+00
      19.0000000000000000   1.0000000000000000E+30   0.0000000000000000E+00
      20.0000000000000000   1.0000000000000000E+30   0.0000000000000000E+00
      21.0000000000000000   1.0000000000000000E+30   0.0000000000000000E+00
      22.0000000000000000   1.0000000000000000E+30   0.0000000000000000E+00
      23.0000000000000000   1.0000000000000000E+30   0.0000000000000000E+00
      24.0000000000000000   1.0000000000000000E+30   0.0000000000000000E+00
      25.0000000000000000   1.0000000000000000E+30   0.0000000000000000E+00
      26.0000000000000000   1.0000000000000000E+30   0.0000000000000000E+00
      27.0000000000000000   1.0000000000000000E+30   0.0000000000000000E+00
      28.0000000000000000   1.0000000000000000E+30   0.0000000000000000E+00
      29.0000000000000000   1.0000000000000000E+30   0.0000000000000000E+00
      30.0000000000000000   1.0000000000000000E+30   0.0000000000000000E+00
      31.0000000000000000   1.0000000000000000E+30   0.0000000000000000E+00
      32.0000000000000000   1.0000000000000000E+30   0.0000000000000000E+00
      33.0000000000000000   1.0000000000000000E+30   0.0000000000000000E+00
      34.0000000000000000   1.0000000000000000E+30   0.0000000000000000E+00
      35.0000000000000000   1.0000000000000000E+30   0.0000000000000000E+00
      36.0000000000000000   1.0000000000000000E+30   0.0000000000000000E+00
      37.0000000000000000   1.0000000000000000E+30   0.0000000000000000E+00
      38.0000000000000000   1.0000000000000000E+30   0.0000000000000000E+00
      39.0000000000000000   1.0000000000000000E+30   0.0000000000000000E+00
      40.0000000000000000   1.0000000000000000E+30   0.0000000000000000E+00
      41.0000000000000000   1.0000000000000000E+30   0.0000000000000000E+00
      42.0000000000000000   1.0000000000000000E+30   0.0000000000000000E+00
      43.0000000000000000   1.0000000000000000E+30   0.0000000000000000E+00
      44.0000000000000000   1.0000000000000000E+30   0.0000000000000000E+00
      45.0000000000000000   1.0000000000000000E+30   0.0000000000000000E+00
      46.0000000000000000   1.0000000000000000E+30   0.0000000000000000E+00
      47.0000000000000000   1.0000000000000000E+30   0.0000000000000000E+00
      48.0000000000000000   1.0000000000000000E+30   0.0000000000000000E+00
      49.0000000000000000   1.0000000000000000E+30   0.0000000000000000E+00
      50.0000000000000000   1.0000000000000000E+30   0.0000000000000000E+00
      51.0000000000000000   1.0000000000000000E+30   0.0000000000000000E+00
      52.0000000000000000   1.0000000000000000E+30   0.0000000000000000E+00
      53.0000000000000000   1.0000000000000000E+30   0.0000000000000000E+00
      54.0000000000000000   1.0000000000000000E+30   0.0000000000000000E+00
      55.0000000000000000   1.0000000000000000E+30   0.0000000000000000E+00
      55.9990000000000023   1.0000000000000000E+30   0.0000000000000000E+00
      56.0000000000000000   1.0000000000000000E+30   0.0000000000000000E+00
      56.0009999999999977   1.0000000000000000E+30   0.0000000000000000E+00
      57.0000000000000000   1.0000000000000000E+30   0.0000000000000000E+00
      57.9990000000000023   1.0000000000000000E+30   0.0000000000000000E+00
      58.0000000000000000   4.1488316062436962E+09   1.3979839507757829E-08
      58.0009999999999977   4.1490818646756496E+09   1.3978996291637185E-08
      59.0000000000000000   2.4778809294287991E+05   2.3501116865651248E-04
      60.0000000000000000   8.7489328028652366E+04   6.6823845716763310E-04
      61.0000000000000000   4.7452879266539159E+04   1.2368637022287833E-03
      62.0000000000000000   3.0715434479807573E+04   1.9182651295814709E-03
      63.0000000000000000   2.1907450816654302E+04   2.6998505422972012E-03
      64.0000000000000000   1.6619566359684679E+04   3.5724346927393778E-03
      65.0000000000000000   1.3158526397335865E+04   4.5291430999413844E-03
      66.0000000000000000   1.0751496380680452E+04   5.5639355008734789E-03
      67.0000000000000000   8.9974163428739048E+03   6.6734494726206081E-03
      68.0000000000000000   7.6749450909437601E+03   7.8523675668197117E-03
      69.0000000000000000   6.6489083864125332E+03   9.0975295452106648E-03
      70.0000000000000000   5.8340066389497706E+03   1.0406295987938560E-02
      71.0000000000000000   5.1747974039249184E+03   1.1774737601761908E-02
      72.0000000000000000   4.6324109384886242E+03   1.3201146793408945E-02
      73.0000000000000000   4.1800770210175860E+03   1.4682538318755736E-02
      74.0000000000000000   3.7982127111182967E+03   1.6216843815625284E-02
      75.0000000000000000   3.4725038029226885E+03   1.7801494071305698E-02
      76.0000000000000000   3.1919260726137227E+03   1.9435443525728392E-02
      77.0000000000000000   2.9483189028650459E+03   2.1116140605207750E-02
      78.0000000000000000   2.7352622717560057E+03   2.2841603450572037E-02
      79.0000000000000000   2.5476080262101686E+03   2.4610709958348475E-02
      80.0000000000000000   2.3813088125445738E+03   2.6422104365564740E-02
      81.0000000000000000   2.2331958886227394E+03   2.8273354585661874E-02
      82.0000000000000000   2.1005468546828520E+03   3.0163959183285776E-02
      83.0000000000000000   1.9812337434448991E+03   3.2091980825707127E-02
      84.0000000000000000   1.8734564565893604E+03   3.4056166533026219E-02
      85.0000000000000000   1.7757007843850122E+03   3.6055559650515420E-02
      86.0000000000000000   1.6867256718459575E+03   3.8088664797673047E-02
      87.0000000000000000   1.6054617180010016E+03   4.0154496010949836E-02
      88.0000000000000000   1.5310205067258769E+03   4.2251526091445606E-02
      89.0000000000000000   1.4625951514576384E+03   4.4379753289528721E-02
      90.0000000000000000   1.3995711431539398E+03   4.6536619679852675E-02
      91.0000000000000000   1.3413406508930598E+03   4.8722275075550013E-02
      92.0000000000000000   1.2874238236971776E+03   5.0935148932872466E-02
      93.0000000000000000   1.2373875920426619E+03   5.3174278721554162E-02
      94.0000000000000000   1.1908361540113374E+03   5.5439495041149159E-02
      95.0000000000000000   1.1474691884103765E+03   5.7728475453293390E-02
      96.0000000000000000   1.1069720992698051E+03   6.0041267152429550E-02
      97.0000000000000000   1.0690907879723882E+03   6.2376777975393857E-02
      98.0000000000000000   1.0335954705432780E+03   6.4734176036960550E-02
      99.0000000000000000   1.0002860657834863E+03   6.7112287527483452E-02
     100.0000000000000000   9.6897609403631623E+02   6.9510581772702779E-02
     110.0000000000000000   7.3696655304100295E+02   9.4412849623570397E-02
     120.0000000000000000   5.9617264374550848E+02   1.2041696363723130E-01
     130.0000000000000000   5.0404317574414137E+02   1.4674127879186094E-01
     130.9989999999999952   4.9664128622429928E+02   1.4936018167491236E-01
     131.0010000000000048   4.9662675331900692E+02   1.4936541571869211E-01
     140.0000000000000000   4.4063652203489886E+02   1.7266568642631497E-01
     140.9989999999999952   4.3542722598673140E+02   1.7520893678779428E-01
     141.0010000000000048   4.3541694463474181E+02   1.7521403088758558E-01
     150.0000000000000000   3.9543305638758147E+02   1.9757920510186711E-01
     160.0000000000000000   3.6237732814741253E+02   2.2101899160655955E-01
     170.0000000000000000   3.3774862809565280E+02   2.4268217404151102E-01
     180.0000000000000000   3.1914605797444597E+02   2.6241158018257132E-01
     190.0000000000000000   3.0496152688515065E+02   2.8016628891549855E-01
     192.9989999999999952   3.0139329889907037E+02   2.8511073532253628E-01
     193.0010000000000048   3.0139101324533260E+02   2.8511397431591040E-01
     200.0000000000000000   2.9408555966151533E+02   2.9598883578110652E-01
     210.0000000000000000   2.8573379147190718E+02   3.0997576217227285E-01
     220.0000000000000000   2.7934001973775742E+02   3.2225442830292655E-01
     230.0000000000000000   2.7448784590348276E+02   3.3296649901069136E-01
     240.0000000000000000   2.7086583297343083E+02   3.4225686190526405E-01
     250.0000000000000000   2.6823750111893139E+02   3.5026661906058637E-01
     260.0000000000000000   2.6642082900465147E+02   3.5712877285372197E-01
     270.0000000000000000   2.6527378752936357E+02   3.6296650818681309E-01
     280.0000000000000000   2.6468429969253248E+02   3.6789211913847358E-01
     290.0000000000000000   2.6456294025170035E+02   3.7200702975018279E-01
     300.0000000000000000   2.6483764312030360E+02   3.7540223868613376E-01
     310.0000000000000000   2.6544977137071697E+02   3.7815904162039449E-01
     320.0000000000000000   2.6635121752100781E+02   3.8034979853704626E-01
     330.0000000000000000   2.6750218547813870E+02   3.8203882590959720E-01
     340.0000000000000000   2.6886950676800916E+02   3.8328320172232150E-01
     350.0000000000000000   2.7042535341190455E+02   3.8413355106650521E-01
     360.0000000000000000   2.7214623456647558E+02   3.8463474393076735E-01
     370.0000000000000000   2.7401217797551186E+02   3.8482660534563534E-01
     380.0000000000000000   2.7600613155481778E+02   3.8474443834338012E-01
     390.0000000000000000   2.7811344059908475E+02   3.8441961007395636E-01
     400.0000000000000000   2.8032147474869492E+02   3.8387994372096584E-01
     410.0000000000000000   2.8261927167792243E+02   3.8315019500502950E-01
     420.0000000000000000   2.8499728731298677E+02   3.8225239045113601E-01
     430.0000000000000000   2.8744718316688801E+02   3.8120612369646117E-01
     440.0000000000000000   2.8996163786555434E+02   3.8002887089712123E-01
     450.0000000000000000   2.9253420794313894E+02   3.7873620358170995E-01
     460.0000000000000000   2.9515920021974586E+02   3.7734202143997236E-01
     470.0000000000000000   2.9783155832874314E+02   3.7585876074645663E-01
     480.0000000000000000   3.0054679744475339E+02   3.7429751856571941E-01
     490.0000000000000000   3.0330091588944589E+02   3.7266822279008949E-01
     500.0000000000000000   3.0609033181507334E+02   3.7097977616265021E-01
     510.0000000000000000   3.0891183953299247E+02   3.6924013912714143E-01
     520.0000000000000000   3.1176255370970858E+02   3.6745645990025400E-01
     530.0000000000000000   3.1463988412950681E+02   3.6563512910911972E-01
     540.0000000000000000   3.1754148514923634E+02   3.6378189567455532E-01
     550.0000000000000000   3.2046523586354829E+02   3.6190192123815307E-01
     560.0000000000000000   3.2340922074045608E+02   3.5999982366170413E-01
     570.0000000000000000   3.2637169298652833E+02   3.5807976619755272E-01
     580.0000000000000000   3.2935106727440433E+02   3.5614548000666107E-01
     590.0000000000000000   3.3234590132144098E+02   3.5420031284070841E-01
     600.0000000000000000   3.3535487444337207E+02   3.5224727802469041E-01
     610.0000000000000000   3.3837678219876625E+02   3.5028907699312928E-01
     620.0000000000000000   3.4141052425081716E+02   3.4832813186588030E-01
     625.9990000000000236   3.4323571900213187E+02   3.4715136285451709E-01
     626.0009999999999764   3.4323632813073624E+02   3.4715097054306648E-01
     630.0000000000000000   3.4445508593066347E+02   3.4636662484367370E-01
     637.9990000000000236   3.4689759397904049E+02   3.4479853042427866E-01
     638.0009999999999764   3.4689820543909138E+02   3.4479813853499364E-01
     640.0000000000000000   3.4750954036809117E+02   3.4440650749762369E-01
     650.0000000000000000   3.5057303612147598E+02   3.4244952331635886E-01
     660.0000000000000000   3.5364478729202381E+02   3.4049724313685509E-01
     670.0000000000000000   3.5672406947039457E+02   3.3855106854656292E-01
     680.0000000000000000   3.5981022067259238E+02   3.3661224270434853E-01
     690.0000000000000000   3.6290261897976347E+02   3.3468189388970360E-01
     700.0000000000000000   3.6600069885524971E+02   3.3276100970903105E-01
     710.0000000000000000   3.6910393538337632E+02   3.3085046869385337E-01
     720.0000000000000000   3.7221183686836099E+02   3.2895106389976614E-01
     730.0000000000000000   3.7532395626289139E+02   3.2706347854989060E-01
     740.0000000000000000   3.7843986978159660E+02   3.2518833121237917E-01
     750.0000000000000000   3.8155919132692378E+02   3.2332615105010554E-01
     760.0000000000000000   3.8436726768158258E+02   3.2235831834838335E-01
     770.0000000000000000   3.8758659961857416E+02   3.2032206047515405E-01
     780.0000000000000000   3.9080058728402099E+02   3.1832292486856983E-01
     790.0000000000000000   3.9400929743311656E+02   3.1635985895576058E-01
     800.0000000000000000   3.9681394926335020E+02   3.1551694097566413E-01
     810.0000000000000000   4.0001536852526903E+02   3.1360813141621413E-01
     820.0000000000000000   4.0321169814057299E+02   3.1173280714114815E-01
     830.0000000000000000   4.0640300588815489E+02   3.0989004978225915E-01
     840.0000000000000000   4.0958936296614723E+02   3.0807896902399740E-01
     850.0000000000000000   4.1277083400727724E+02   3.0629871686071503E-01
     860.0000000000000000   4.1594748919576449E+02   3.0454846567880628E-01
     870.0000000000000000   4.1911939562887710E+02   3.0282742142255314E-01
     880.0000000000000000   4.2191733253149579E+02   3.0210687212375775E-01
     880.9990000000000236   4.2227039050151393E+02   3.0184121634303995E-01
     881.0009999999999764   4.2227109728192613E+02   3.0184068498489874E-01
     890.0000000000000000   4.2508281877839556E+02   3.0042959826794657E-01
     900.0000000000000000   4.2824374174966209E+02   2.9877957089463897E-01
     910.0000000000000000   4.3140016605176140E+02   2.9715609208789340E-01
     920.0000000000000000   4.3455215691772304E+02   2.9555848551904784E-01
     930.0000000000000000   4.3769977807061366E+02   2.9398609928246999E-01
     936.9990000000000236   4.4014684516145127E+02   2.9226710314980942E-01
     937.0009999999999764   4.4014754409683172E+02   2.9226661499328094E-01
     940.0000000000000000   4.4084309391817970E+02   2.9243830031930684E-01
     950.0000000000000000   4.4398216615181468E+02   2.9091448039769163E-01
     960.0000000000000000   4.4711705604298220E+02   2.8941405086365724E-01
     970.0000000000000000   4.5024782547430851E+02   2.8793643852819384E-01
     980.0000000000000000   4.5337453305532932E+02   2.8648109468612232E-01
     990.0000000000000000   4.5649723904453936E+02   2.8504748286181020E-01
    1000.0000000000000000   4.5961600113962572E+02   2.8363508712636309E-01
    1077.9990000000000236   4.8406494195712293E+02   2.7267823628471255E-01
    1078.0009999999999764   4.8406562229552549E+02   2.7267783338027091E-01
    1100.0000000000000000   4.9090877963330911E+02   2.6982402515895015E-01
    1200.0000000000000000   5.2211334914082420E+02   2.5713494718669916E-01
    1300.0000000000000000   5.5294778327646657E+02   2.4601940439063560E-01
    1400.0000000000000000   5.8371974553401139E+02   2.3561530071220485E-01
    1500.0000000000000000   6.1442924876659981E+02   2.2582974867769870E-01
    1600.0000000000000000   6.4458148321793283E+02   2.1757321975103494E-01
    1700.0000000000000000   6.7470959820005419E+02   2.0966246426043428E-01
    1800.0000000000000000   7.0481138264810784E+02   2.0206464504346669E-01
    1900.0000000000000000   7.3466226065270450E+02   1.9515847304839321E-01
    2000.0000000000000000   7.6428071910660231E+02   1.8885027714947569E-01
    2100.0000000000000000   7.9368324324908804E+02   1.8306280437923925E-01
    2200.0000000000000000   8.2288457491455745E+02   1.7773176286937148E-01
    2300.0000000000000000   8.5210145389513264E+02   1.7247148093397377E-01
    2400.0000000000000000   8.8113242054943589E+02   1.6759819570615181E-01
    2500.0000000000000000   9.0998815250850021E+02   1.6306935102092429E-01
    2600.0000000000000000   9.3867839473715094E+02   1.5884848133518847E-01
    2700.0000000000000000   9.6721204967188407E+02   1.5490417302128673E-01
    2800.0000000000000000   9.9578347757947893E+02   1.5094073905553909E-01
    2900.0000000000000000   1.0240236741684951E+03   1.4748150885764610E-01
    3000.0000000000000000   1.0523099661924582E+03   1.4397712819027242E-01
    3100.0000000000000000   1.0802842892043736E+03   1.4091693539727340E-01
    3200.0000000000000000   1.1083107486898004E+03   1.3779349835735383E-01
    3300.0000000000000000   1.1362145429502516E+03   1.3484050640463349E-01
    3400.0000000000000000   1.1640006901807733E+03   1.3204398835614775E-01
    3500.0000000000000000   1.1918427553440783E+03   1.2917992741531142E-01
    3600.0000000000000000   1.2194050014611144E+03   1.2666652739063267E-01
    3700.0000000000000000   1.2468627741179009E+03   1.2427559779764297E-01
    3800.0000000000000000   1.2742200197448160E+03   1.2199804861698960E-01
    3900.0000000000000000   1.3016414300101633E+03   1.1963704229328175E-01
    4000.0000000000000000   1.3288054835108614E+03   1.1756808754313913E-01
    4100.0000000000000000   1.3560374126248109E+03   1.1541067397491739E-01
    4200.0000000000000000   1.3830212055784941E+03   1.1352245231247404E-01
    4300.0000000000000000   1.4100755063467554E+03   1.1154262355591879E-01
    4400.0000000000000000   1.4370444459769594E+03   1.0964540361073039E-01
    4500.0000000000000000   1.4639303969854730E+03   1.0782576564549444E-01
    4562.9989999999997963   1.4807148316994590E+03   1.0683486730007710E-01
    4563.0010000000002037   1.4807153737122655E+03   1.0683482605416583E-01
    4600.0000000000000000   1.4905849958422023E+03   1.0623687035361082E-01
    4700.0000000000000000   1.5173141765192249E+03   1.0455386119107762E-01
    4800.0000000000000000   1.5439674253551439E+03   1.0293528562292588E-01
    4857.9989999999997963   1.5594155916884163E+03   1.0200077738816329E-01
    4858.0010000000002037   1.5594161290251625E+03   1.0200074040318699E-01
    4900.0000000000000000   1.5705468540309596E+03   1.0137738624011665E-01
    5000.0000000000000000   1.5970545167782311E+03   9.9876655475557852E-02
    5100.0000000000000000   1.6234923544721946E+03   9.8429871322105261E-02
    5194.9989999999997963   1.6485307754835374E+03   9.7116527051171603E-02
    5195.0010000000002037   1.6485313079912262E+03   9.7116494034382175E-02
    5200.0000000000000000   1.6498621965682573E+03   9.7034074551876251E-02
    5300.0000000000000000   1.6761657751270793E+03   9.5686536933918251E-02
    5400.0000000000000000   1.7025469495635214E+03   9.4250821997979226E-02
    5500.0000000000000000   1.7287211517272735E+03   9.2995422019884921E-02
    5600.0000000000000000   1.7548336831680344E+03   9.1781236798169130E-02
    5700.0000000000000000   1.7808861914071376E+03   9.0606050535764343E-02
    5800.0000000000000000   1.8068804433927619E+03   8.9467624704949775E-02
    5900.0000000000000000   1.8329552975400447E+03   8.8242004157625953E-02
    6000.0000000000000000   1.8588336681677276E+03   8.7175839435944105E-02
    6100.0000000000000000   1.8846575929077287E+03   8.6141408590104038E-02
    6200.0000000000000000   1.9105645907795806E+03   8.5020072228065999E-02
    6300.0000000000000000   1.9362801810278161E+03   8.4048161411887229E-02
    6400.0000000000000000   1.9620808261893262E+03   8.2989561693418715E-02
    6500.0000000000000000   1.9876934238047609E+03   8.2073942105341885E-02
    6600.0000000000000000   2.0133909597807017E+03   8.1073516605203441E-02
    6700.0000000000000000   2.0389049633050968E+03   8.0209150937853718E-02
    6800.0000000000000000   2.0645035802378993E+03   7.9261899163686339E-02
    6900.0000000000000000   2.0899224845324020E+03   7.8444805805799434E-02
    7000.0000000000000000   2.1154265345224840E+03   7.7545933437073944E-02
    7100.0000000000000000   2.1407531915318405E+03   7.6772882694609135E-02
    7200.0000000000000000   2.1661665042454169E+03   7.5918292116550740E-02
    7300.0000000000000000   2.1914037459675033E+03   7.5186261737585733E-02
    7400.0000000000000000   2.2167291445238357E+03   7.4372864321953849E-02
    7500.0000000000000000   2.2420101426193223E+03   7.3580743861723738E-02
    7600.0000000000000000   2.2671208123937513E+03   7.2903388790787588E-02
    7700.0000000000000000   2.2923191848979177E+03   7.2147310470118534E-02
    7800.0000000000000000   2.3174754839214365E+03   7.1410188160905802E-02
    7900.0000000000000000   2.3425888037014774E+03   7.0692425916151713E-02
    8000.0000000000000000   2.3675424524753821E+03   7.0077577716923897E-02
    8100.0000000000000000   2.3925810717241793E+03   6.9389010694045669E-02
    8200.0000000000000000   2.4175787734903038E+03   6.8717882616093004E-02
    8300.0000000000000000   2.4425379234544721E+03   6.8062404049404612E-02
    8400.0000000000000000   2.4673416707460824E+03   6.7503565900704110E-02
    8500.0000000000000000   2.4922302491945238E+03   6.6873627964538523E-02
    8600.0000000000000000   2.5170824232210257E+03   6.6257595526211188E-02
    8700.0000000000000000   2.5418963612778070E+03   6.5656531296825152E-02
    8800.0000000000000000   2.5666752481206445E+03   6.5068258552864369E-02
    8900.0000000000000000   2.5914211830560030E+03   6.4491266984064002E-02
    9000.0000000000000000   2.6161335065522890E+03   6.3925896466978452E-02
    9100.0000000000000000   2.6406955661001525E+03   6.3448750328538236E-02
    9200.0000000000000000   2.6653423848939024E+03   6.2904830538585699E-02
    9300.0000000000000000   2.6899561870952612E+03   6.2372053383369160E-02
    9400.0000000000000000   2.7145366737495046E+03   6.1850529215307412E-02
    9500.0000000000000000   2.7390845179990247E+03   6.1339787074673607E-02
    9600.0000000000000000   2.7636007937789977E+03   6.0839121945308453E-02
    9700.0000000000000000   2.7880863511350753E+03   6.0347971130669718E-02
    9800.0000000000000000   2.8125417012692851E+03   5.9865983203540092E-02
    9900.0000000000000000   2.8369671680166448E+03   5.9392926925550905E-02
   10000.0000000000000000   2.8613630304595099E+03   5.8928604899174002E-02
   11000.0000000000000000   3.1038801145546863E+03   5.4653546837924775E-02
   12000.0000000000000000   3.3437720901492803E+03   5.1052411115814884E-02
   13000.0000000000000000   3.5814292938560948E+03   4.7916177676433962E-02
   14000.0000000000000000   3.8169498559497870E+03   4.5206869373111309E-02
   15000.0000000000000000   4.0507569339101592E+03   4.2734803933223604E-02
   16000.0000000000000000   4.2826541902826839E+03   4.0608574779934382E-02
   17000.0000000000000000   4.5129972231037600E+03   3.8679823315205267E-02
   18000.0000000000000000   4.7418391276453276E+03   3.6944175790584809E-02
   19000.0000000000000000   4.9693389033386757E+03   3.5348431970784154E-02
   20000.0000000000000000   5.1955072447397670E+03   3.3902388350347111E-02
   21000.0000000000000000   5.4204300856824066E+03   3.2584798660995534E-02
   22000.0000000000000000   5.6440923569864854E+03   3.1405585314977509E-02
   23000.0000000000000000   5.8667979247971198E+03   3.0272902326896889E-02
   24000.0000000000000000   6.0884100815198535E+03   2.9244316168009730E-02
   25000.0000000000000000   6.3090141195206998E+03   2.8291239018470520E-02
   26000.0000000000000000   6.5287246460809056E+03   2.7391769934622456E-02
   27000.0000000000000000   6.7475750322390550E+03   2.6540017789011432E-02
   28000.0000000000000000   6.9655316272585833E+03   2.5752984825593888E-02
   29000.0000000000000000   7.1825594370195558E+03   2.5043467706482300E-02
   30000.0000000000000000   7.3989886920221716E+03   2.4327512587585708E-02
   31000.0000000000000000   7.6144975894605004E+03   2.3692859440906936E-02
   32000.0000000000000000   7.8294152927670029E+03   2.3062794385770760E-02
   33000.0000000000000000   8.0434120506317568E+03   2.2518136742021581E-02
   33175.9990000000034343   8.0810438567460615E+03   2.2414282943200078E-02
   33176.0009999999965657   8.0810442788459568E+03   2.2414283039700372E-02
   34000.0000000000000000   8.2568667802437631E+03   2.1971895803289777E-02
   35000.0000000000000000   8.4698520832417980E+03   2.1413419429542738E-02
   36000.0000000000000000   8.6820049146980436E+03   2.0927386181483647E-02
   37000.0000000000000000   8.8934713835640632E+03   2.0480090817701586E-02
   38000.0000000000000000   9.1045397780966450E+03   2.0018142826492988E-02
   39000.0000000000000000   9.3150445411426517E+03   1.9574052274517369E-02
   40000.0000000000000000   9.5249586735368412E+03   1.9157493761238764E-02
   41000.0000000000000000   9.7342858245983662E+03   1.8769774478317760E-02
   42000.0000000000000000   9.9430483145607923E+03   1.8407517031349862E-02
   43000.0000000000000000   1.0151316386259086E+04   1.8055953284055369E-02
   44000.0000000000000000   1.0359111577654283E+04   1.7717052813540617E-02
   45000.0000000000000000   1.0566502358261539E+04   1.7381351963143537E-02
   46000.0000000000000000   1.0773385862705740E+04   1.7061089178855269E-02
   47000.0000000000000000   1.0979733178994216E+04   1.6770749303655023E-02
   48000.0000000000000000   1.1185814974921885E+04   1.6461881520453834E-02
   49000.0000000000000000   1.1391418263507830E+04   1.6172844021291700E-02
   50000.0000000000000000   1.1596585725264980E+04   1.5895487783388711E-02
