       0.1000000000000000   5.9751296961593585E+00   4.8711440987927457E-03
       0.2000000000000000   5.2911348017236470E+00   9.4493636586820244E-03
       0.3000000000000000   5.0806148161530160E+00   1.3928488870380458E-02
       0.4000000000000000   5.0153885005223149E+00   1.8142234291401268E-02
       0.5000000000000000   4.9937907811410378E+00   2.2251267764005482E-02
       0.6000000000000000   4.9928421511019616E+00   2.6268272087908221E-02
       0.7000000000000000   5.0035267032515653E+00   3.0204377059917829E-02
       0.7999999999999999   5.0209508298227030E+00   3.4067915810329058E-02
       0.8999999999999999   5.0428229922788974E+00   3.7856843586855968E-02
       0.9999999999999999   5.0670697470536830E+00   4.1588076068424268E-02
       2.0000000000000000   5.3337362948530442E+00   7.6306026130892518E-02
       3.0000000000000000   5.5612608045562952E+00   1.0813299341831566E-01
       4.0000000000000000   5.7403075871039837E+00   1.3853649708374940E-01
       5.0000000000000000   5.8793940004961662E+00   1.6831374386014494E-01
       6.0000000000000000   5.9864229305348005E+00   1.9795902287558456E-01
       7.0000000000000000   6.0675369239367898E+00   2.2779995985299831E-01
       8.0000000000000000   6.1272331667805986E+00   2.5808095700503531E-01
       9.0000000000000000   6.1689446739188751E+00   2.8899467308857790E-01
      10.0000000000000000   6.1953090540389697E+00   3.2070333049981004E-01
      11.0000000000000000   6.2084410919705180E+00   3.5334675447929070E-01
      12.0000000000000000   6.2100506841740195E+00   3.8704993804932825E-01
      13.0000000000000000   6.2015663390512028E+00   4.2192703746904331E-01
      14.0000000000000000   6.1841737701785195E+00   4.5808601692560791E-01
      15.0000000000000000   6.1588998261927639E+00   4.9562795270434101E-01
      16.0000000000000000   6.1266508766410182E+00   5.3464690410179250E-01
      17.0000000000000000   6.0882262402974714E+00   5.7523173958332474E-01
      18.0000000000000000   6.0443588133086275E+00   6.1746356574172667E-01
      19.0000000000000000   5.9957193463788148E+00   6.6141511104180339E-01
      20.0000000000000000   5.9429378056040241E+00   7.0714904483400509E-01
      21.0000000000000000   5.8866109835744247E+00   7.5471546712069881E-01
      22.0000000000000000   5.8273150032855332E+00   8.0414863776348988E-01
      23.0000000000000000   5.7656082119312062E+00   8.5546441006071883E-01
      24.0000000000000000   5.7020347991044975E+00   9.0865723294025169E-01
      25.0000000000000000   5.6371296289762096E+00   9.6369629104454424E-01
      26.0000000000000000   5.5714176621875211E+00   1.0205226378822498E+00
      27.0000000000000000   5.5054126177467380E+00   1.0790465896292152E+00
      28.0000000000000000   5.4396143344193595E+00   1.1391458952893678E+00
      29.0000000000000000   5.3745036165481910E+00   1.2006651888189126E+00
      30.0000000000000000   5.3105377034423586E+00   1.2634165983805230E+00
      31.0000000000000000   5.2481431248169947E+00   1.3271821331674676E+00
      32.0000000000000000   5.1877105472767591E+00   1.3917173815246806E+00
      33.0000000000000000   5.1295878062058042E+00   1.4567570543401860E+00
      34.0000000000000000   5.0740759863712066E+00   1.5220213574775516E+00
      35.0000000000000000   5.0214256912453159E+00   1.5872233055526592E+00
      36.0000000000000000   4.9718355668551881E+00   1.6520762517525465E+00
      37.0000000000000000   4.9254525028346841E+00   1.7163011759013540E+00
      38.0000000000000000   4.8823736439748453E+00   1.7796332622024067E+00
      39.0000000000000000   4.8426497462514888E+00   1.8418274207465199E+00
      40.0000000000000000   4.8062898946493071E+00   1.9026625044998948E+00
      41.0000000000000000   4.7732667242168452E+00   1.9619442066116461E+00
      42.0000000000000000   4.7435221657547224E+00   2.0195065926186757E+00
      43.0000000000000000   4.7169731693902781E+00   2.0752124666327645E+00
      44.0000000000000000   4.6935171444147850E+00   2.1289527106349002E+00
      45.0000000000000000   4.6730369055148486E+00   2.1806449132292958E+00
      46.0000000000000000   4.6554051704196695E+00   2.2302313674265863E+00
      47.0000000000000000   4.6404883464587217E+00   2.2776767523595143E+00
      48.0000000000000000   4.6281497137968319E+00   2.3229656208782226E+00
      49.0000000000000000   4.6182520207650057E+00   2.3660998430068862E+00
      50.0000000000000000   4.6106595250181384E+00   2.4070961056880025E+00
      51.0000000000000000   4.6052395551694163E+00   2.4459835481440972E+00
      52.0000000000000000   4.6018636938020272E+00   2.4828015718953571E+00
      53.0000000000000000   4.6004085799999590E+00   2.5175978603552136E+00
      54.0000000000000000   4.6007564607828266E+00   2.5504266148474457E+00
      55.0000000000000000   4.6027954968179143E+00   2.5813470124700060E+00
      55.9990000000000023   4.6064155386129499E+00   2.6103937019051151E+00
      56.0000000000000000   4.6064199212975554E+00   2.6104218764512539E+00
      56.0009999999999977   4.6064243054673968E+00   2.6104500492169871E+00
      57.0000000000000000   4.6115300996728417E+00   2.6377164311645083E+00
      57.9990000000000023   4.6180251366507967E+00   2.6632727614145453E+00
      58.0000000000000000   4.6180323044499190E+00   2.6632975090545252E+00
      58.0009999999999977   4.6180394735527077E+00   2.6633222550485343E+00
      59.0000000000000000   4.6258386272736018E+00   2.6872326466100112E+00
      60.0000000000000000   4.6348668591626003E+00   2.7095893040574022E+00
      61.0000000000000000   4.6450400450728351E+00   2.7304345337418128E+00
      62.0000000000000000   4.6562863404112802E+00   2.7498343933342850E+00
      63.0000000000000000   4.6685387033211088E+00   2.7678536320497988E+00
      64.0000000000000000   4.6817345969827171E+00   2.7845554186971304E+00
      65.0000000000000000   4.6958157155942146E+00   2.8000011349562541E+00
      66.0000000000000000   4.7107277070906441E+00   2.8142502242044269E+00
      67.0000000000000000   4.7264199076219633E+00   2.8273600863453434E+00
      68.0000000000000000   4.7428450897343559E+00   2.8393860106954811E+00
      69.0000000000000000   4.7599592221643414E+00   2.8503811403159731E+00
      70.0000000000000000   4.7777212430658835E+00   2.8603964614541688E+00
      71.0000000000000000   4.7960928472596835E+00   2.8694808141129053E+00
      72.0000000000000000   4.8150382892206256E+00   2.8776809184477492E+00
      73.0000000000000000   4.8345241975932849E+00   2.8850414143124605E+00
      74.0000000000000000   4.8545194030673704E+00   2.8916049106978963E+00
      75.0000000000000000   4.8749947696413916E+00   2.8974120516277604E+00
      76.0000000000000000   4.8959230831915228E+00   2.9025015426004632E+00
      77.0000000000000000   4.9172788590022858E+00   2.9069102711688570E+00
      78.0000000000000000   4.9390382522205334E+00   2.9106733392313275E+00
      79.0000000000000000   4.9611789312232961E+00   2.9138241422646334E+00
      80.0000000000000000   4.9836799693433331E+00   2.9163944398404889E+00
      81.0000000000000000   5.0065217443696195E+00   2.9184144258694724E+00
      82.0000000000000000   5.0296858475324653E+00   2.9199127980158619E+00
      83.0000000000000000   5.0531549973849721E+00   2.9209168257406839E+00
      84.0000000000000000   5.0769129598718266E+00   2.9214524168723859E+00
      85.0000000000000000   5.1009444771280963E+00   2.9215441821174566E+00
      86.0000000000000000   5.1252351995073315E+00   2.9212154975730384E+00
      87.0000000000000000   5.1497716227623886E+00   2.9204885663533253E+00
      88.0000000000000000   5.1745410355468531E+00   2.9193844711572781E+00
      89.0000000000000000   5.1995314585877059E+00   2.9179232380665971E+00
      90.0000000000000000   5.2247315998996786E+00   2.9161238843823822E+00
      91.0000000000000000   5.2501308091477830E+00   2.9140044709154491E+00
      92.0000000000000000   5.2757190351662535E+00   2.9115821506124049E+00
      93.0000000000000000   5.3014867869645190E+00   2.9088732149024814E+00
      94.0000000000000000   5.3274250976028137E+00   2.9058931378278272E+00
      95.0000000000000000   5.3535254906569989E+00   2.9026566180223696E+00
      96.0000000000000000   5.3797799491374523E+00   2.8991776186106346E+00
      97.0000000000000000   5.4061808866165020E+00   2.8954694051021788E+00
      98.0000000000000000   5.4327211200672849E+00   2.8915445813830543E+00
      99.0000000000000000   5.4593938463284815E+00   2.8874151237455763E+00
     100.0000000000000000   5.4861926165836827E+00   2.8830924133847380E+00
     110.0000000000000000   5.7599093540931490E+00   2.8313715572036493E+00
     120.0000000000000000   6.0411063650021113E+00   2.7694241876812895E+00
     130.0000000000000000   6.3268590995573692E+00   2.7023884818988835E+00
     130.9989999999999952   6.3555781047295765E+00   2.6955453431564260E+00
     131.0010000000000048   6.3556356257738074E+00   2.6955316262458608E+00
     140.0000000000000000   6.6153105560954009E+00   2.6334066572037718E+00
     140.9989999999999952   6.6442243882477499E+00   2.6264901251977579E+00
     141.0010000000000048   6.6442822877025929E+00   2.6264762796323624E+00
     150.0000000000000000   6.9052472024369802E+00   2.5644027494982922E+00
     160.0000000000000000   7.1958580648995669E+00   2.4965454189384073E+00
     170.0000000000000000   7.4865920759795133E+00   2.4305285418431248E+00
     180.0000000000000000   7.7726474732205633E+00   2.3736758228329284E+00
     190.0000000000000000   8.0631735386073871E+00   2.3121036467894007E+00
     192.9989999999999952   8.1476124590343435E+00   2.2978126049139518E+00
     193.0010000000000048   8.1476747344481399E+00   2.2977944078697954E+00
     200.0000000000000000   8.3515372916581505E+00   2.2549588004916190E+00
     210.0000000000000000   8.6378898412590512E+00   2.2017499863132208E+00
     220.0000000000000000   8.9223679761679602E+00   2.1520571100549826E+00
     230.0000000000000000   9.2090285965484924E+00   2.1001741739820123E+00
     240.0000000000000000   9.4899587309197315E+00   2.0567465953474890E+00
     250.0000000000000000   9.7730274351481281E+00   2.0110239644222894E+00
     260.0000000000000000   1.0054402597031705E+01   1.9680577542232507E+00
     270.0000000000000000   1.0337690375413283E+01   1.9231497144134715E+00
     280.0000000000000000   1.0615848513914530E+01   1.8851438943062278E+00
     290.0000000000000000   1.0892571564554013E+01   1.8492024432900127E+00
     300.0000000000000000   1.1171189343133751E+01   1.8112167768885967E+00
     310.0000000000000000   1.1448358284030974E+01   1.7752581160959946E+00
     320.0000000000000000   1.1720997323846174E+01   1.7448222278229883E+00
     330.0000000000000000   1.1995512967570130E+01   1.7123147649608321E+00
     340.0000000000000000   1.2268759454436513E+01   1.6813965240809854E+00
     350.0000000000000000   1.2540788886173207E+01   1.6519482738418074E+00
     360.0000000000000000   1.2814570096086861E+01   1.6206566135496441E+00
     370.0000000000000000   1.3084252971610731E+01   1.5939347696210604E+00
     380.0000000000000000   1.3352856552059494E+01   1.5683855250403589E+00
     390.0000000000000000   1.3623208979103101E+01   1.5409970503887571E+00
     400.0000000000000000   1.3889717396049582E+01   1.5176459203137189E+00
     410.0000000000000000   1.4157971473023119E+01   1.4924715301431954E+00
     420.0000000000000000   1.4422529236005767E+01   1.4710386050382707E+00
     430.0000000000000000   1.4688821040889700E+01   1.4478072870822913E+00
     440.0000000000000000   1.4951557227509486E+01   1.4280588977386672E+00
     450.0000000000000000   1.5216008925271423E+01   1.4065429862697194E+00
     460.0000000000000000   1.5479570595575513E+01   1.3858400381015221E+00
     470.0000000000000000   1.5742268141992886E+01   1.3659031419431804E+00
     480.0000000000000000   1.6004126268675812E+01   1.3466889703106322E+00
     490.0000000000000000   1.6265168523319240E+01   1.3281574678640582E+00
     500.0000000000000000   1.6525417373639314E+01   1.3102715405921985E+00
     510.0000000000000000   1.6784894283310472E+01   1.2929967778628699E+00
     520.0000000000000000   1.7043619770169698E+01   1.2763012122694761E+00
     530.0000000000000000   1.7301613463955082E+01   1.2601551030722247E+00
     540.0000000000000000   1.7558894145246434E+01   1.2445307543708184E+00
     550.0000000000000000   1.7815479812648270E+01   1.2294023258156048E+00
     560.0000000000000000   1.8071387707947167E+01   1.2147456926761591E+00
     570.0000000000000000   1.8326634386256035E+01   1.2005382819211550E+00
     580.0000000000000000   1.8583492232213395E+01   1.1848598742271217E+00
     590.0000000000000000   1.8837437660159402E+01   1.1715241524825322E+00
     600.0000000000000000   1.9090767548606806E+01   1.1585770459260960E+00
     610.0000000000000000   1.9345699787737590E+01   1.1442024206518200E+00
     620.0000000000000000   1.9597814710057278E+01   1.1320129872939606E+00
     625.9990000000000236   1.9749216658692429E+01   1.1245144477190099E+00
     626.0009999999999764   1.9749267825760480E+01   1.1245113857833633E+00
     630.0000000000000000   1.9849354726027613E+01   1.1201621218950606E+00
     637.9990000000000236   2.0051446135471771E+01   1.1098886639325896E+00
     638.0009999999999764   2.0051497157436636E+01   1.1098856955829650E+00
     640.0000000000000000   2.0102482295934188E+01   1.1069273809284932E+00
     650.0000000000000000   2.0352884348755229E+01   1.0957395217387151E+00
     660.0000000000000000   2.0604868655550590E+01   1.0831961726888861E+00
     670.0000000000000000   2.0854179411557151E+01   1.0726164937668745E+00
     680.0000000000000000   2.1105065283130706E+01   1.0607091266844508E+00
     690.0000000000000000   2.1353328324479193E+01   1.0506887161713225E+00
     700.0000000000000000   2.1603157473228720E+01   1.0393679298294030E+00
     710.0000000000000000   2.1850413682697319E+01   1.0298629233508816E+00
     720.0000000000000000   2.2099225091234288E+01   1.0190844605937524E+00
     730.0000000000000000   2.2347540722637859E+01   1.0085717938426721E+00
     740.0000000000000000   2.2593343170102944E+01   9.9977939567180130E-01
     750.0000000000000000   2.2840694467688600E+01   9.8975054650131611E-01
     760.0000000000000000   2.3087575600731775E+01   9.7995931716851081E-01
     770.0000000000000000   2.3332002487515638E+01   9.7180204595963215E-01
     780.0000000000000000   2.3577968229175745E+01   9.6244426865239818E-01
     790.0000000000000000   2.3823486932265389E+01   9.5330003245195960E-01
     800.0000000000000000   2.4066610287770864E+01   9.4571086052048614E-01
     810.0000000000000000   2.4311258125242528E+01   9.3695678630553736E-01
     820.0000000000000000   2.4555480452385474E+01   9.2839516382334963E-01
     830.0000000000000000   2.4799283004385909E+01   9.2002015082750377E-01
     840.0000000000000000   2.5040759349509834E+01   9.1310661042920760E-01
     850.0000000000000000   2.5283745267046228E+01   9.0507214074554887E-01
     860.0000000000000000   2.5526331299985458E+01   8.9720630004345037E-01
     870.0000000000000000   2.5768522947184593E+01   8.8950399482847964E-01
     880.0000000000000000   2.6010325358931194E+01   8.8196047770808583E-01
     880.9990000000000236   2.6034647875669290E+01   8.8109378125117976E-01
     881.0009999999999764   2.6034696565270110E+01   8.8109204818184883E-01
     890.0000000000000000   2.6251743758509292E+01   8.7457106292523090E-01
     900.0000000000000000   2.6492783608453188E+01   8.6733102039444776E-01
     910.0000000000000000   2.6731601149586982E+01   8.6141247803379872E-01
     920.0000000000000000   2.6971908710167007E+01   8.5444279708757798E-01
     930.0000000000000000   2.7211854753295718E+01   8.4760891414121375E-01
     936.9990000000000236   2.7380859387231673E+01   8.4210649315005071E-01
     937.0009999999999764   2.7380907654481735E+01   8.4210493308521694E-01
     940.0000000000000000   2.7451444077841245E+01   8.4090692535117706E-01
     950.0000000000000000   2.7690681426622064E+01   8.3433304414729992E-01
     960.0000000000000000   2.7929571496124566E+01   8.2788359117997989E-01
     970.0000000000000000   2.8168118936769222E+01   8.2155499117732422E-01
     980.0000000000000000   2.8406328332817377E+01   8.1534378153637788E-01
     990.0000000000000000   2.8644204189015191E+01   8.0924661692821964E-01
    1000.0000000000000000   2.8881750917522766E+01   8.0326027333866445E-01
    1077.9990000000000236   3.0723413243009460E+01   7.6024351379931443E-01
    1078.0009999999999764   3.0723460583767363E+01   7.6024227984615200E-01
    1100.0000000000000000   3.1240012292185231E+01   7.4886672819149802E-01
    1200.0000000000000000   3.3572800357179737E+01   7.0102392388759027E-01
    1300.0000000000000000   3.5879682216182715E+01   6.5995758904871038E-01
    1400.0000000000000000   3.8163187295374122E+01   6.2429826408617706E-01
    1500.0000000000000000   4.0426951961875147E+01   5.9232701856020553E-01
    1600.0000000000000000   4.2672675383198175E+01   5.6339442843812604E-01
    1700.0000000000000000   4.4900341092075969E+01   5.3761858568428411E-01
    1800.0000000000000000   4.7111265942680127E+01   5.1450840938001263E-01
    1900.0000000000000000   4.9306632041320896E+01   4.9366053235844864E-01
    2000.0000000000000000   5.1488866160819903E+01   4.7422252950014426E-01
    2100.0000000000000000   5.3657439659827993E+01   4.5650992701514620E-01
    2200.0000000000000000   5.5814550038530676E+01   4.3980885263760910E-01
    2300.0000000000000000   5.7958107530920756E+01   4.2494397678544421E-01
    2400.0000000000000000   6.0091562322212205E+01   4.1078373111610594E-01
    2500.0000000000000000   6.2214104331694031E+01   3.9768794315887102E-01
    2600.0000000000000000   6.4326276936556042E+01   3.8553929996487857E-01
    2700.0000000000000000   6.6428616743948794E+01   3.7422610628477881E-01
    2800.0000000000000000   6.8521481618631256E+01   3.6368862837414134E-01
    2900.0000000000000000   7.0606702244331004E+01   3.5344185529532085E-01
    3000.0000000000000000   7.2683126679857793E+01   3.4388272657421753E-01
    3100.0000000000000000   7.4750281755456371E+01   3.3518210626920741E-01
    3200.0000000000000000   7.6810571246533826E+01   3.2670223548908200E-01
    3300.0000000000000000   7.8863405654668540E+01   3.1866219457536071E-01
    3400.0000000000000000   8.0908781164887202E+01   3.1109255318304241E-01
    3500.0000000000000000   8.2946959237313095E+01   3.0395692821847387E-01
    3600.0000000000000000   8.4978192606876632E+01   2.9721925782301006E-01
    3700.0000000000000000   8.7003267106764156E+01   2.9072901363030912E-01
    3800.0000000000000000   8.9022614531757625E+01   2.8438867751057034E-01
    3900.0000000000000000   9.1034962326459734E+01   2.7855715677807930E-01
    4000.0000000000000000   9.3042356316618836E+01   2.7276411207021867E-01
    4100.0000000000000000   9.5043014191391720E+01   2.6744501174203772E-01
    4200.0000000000000000   9.7038722962180131E+01   2.6221098823326516E-01
    4300.0000000000000000   9.9028072596753773E+01   2.5740202602424261E-01
    4400.0000000000000000   1.0101386474757339E+02   2.5243891409230768E-01
    4500.0000000000000000   1.0299331371489443E+02   2.4791265002120388E-01
    4562.9989999999997963   1.0423728101401413E+02   2.4526104461639747E-01
    4563.0010000000002037   1.0423732047404981E+02   2.4526096053184435E-01
    4600.0000000000000000   1.0496868169066714E+02   2.4339604655097774E-01
    4700.0000000000000000   1.0693732631405798E+02   2.3941388687778006E-01
    4800.0000000000000000   1.0890282641557442E+02   2.3528105540286823E-01
    4857.9989999999997963   1.1004136629151634E+02   2.3282400650674040E-01
    4858.0010000000002037   1.1004140549234710E+02   2.3282392695419926E-01
    4900.0000000000000000   1.1086389730026708E+02   2.3126841634776113E-01
    5000.0000000000000000   1.1282026268729447E+02   2.2743829706305990E-01
    5100.0000000000000000   1.1477206362245420E+02   2.2377664631180524E-01
    5194.9989999999997963   1.1662153172290242E+02   2.2054900130822586E-01
    5195.0010000000002037   1.1662157085181887E+02   2.2054889435363781E-01
    5200.0000000000000000   1.1671939420606280E+02   2.2027647491555358E-01
    5300.0000000000000000   1.1866229197742564E+02   2.1693878738467162E-01
    5400.0000000000000000   1.2060112501252723E+02   2.1370933592120966E-01
    5500.0000000000000000   1.2253796835086094E+02   2.1024518035704709E-01
    5600.0000000000000000   1.2446899540449876E+02   2.0721863521020362E-01
    5700.0000000000000000   1.2639608101891459E+02   2.0429805337952289E-01
    5800.0000000000000000   1.2832036559490675E+02   2.0133662658575985E-01
    5900.0000000000000000   1.3024058405701246E+02   1.9850335992975676E-01
    6000.0000000000000000   1.3215713822473845E+02   1.9579265836654330E-01
    6100.0000000000000000   1.3407080121484461E+02   1.9306070511937046E-01
    6200.0000000000000000   1.3597993945629639E+02   1.9055697229424098E-01
    6300.0000000000000000   1.3788578066142821E+02   1.8813282082462485E-01
    6400.0000000000000000   1.3978895882676414E+02   1.8568562574993414E-01
    6500.0000000000000000   1.4168939489354651E+02   1.8321692746763593E-01
    6600.0000000000000000   1.4358604107927005E+02   1.8091276337240975E-01
    6700.0000000000000000   1.4547969160810533E+02   1.7864383680414053E-01
    6800.0000000000000000   1.4737000104820686E+02   1.7647963774134373E-01
    6900.0000000000000000   1.4925734418518141E+02   1.7435930179309744E-01
    7000.0000000000000000   1.5114130946412368E+02   1.7235918267790082E-01
    7100.0000000000000000   1.5302273943015021E+02   1.7034449947658203E-01
    7200.0000000000000000   1.5490102987261400E+02   1.6841496189157587E-01
    7300.0000000000000000   1.5677720225814025E+02   1.6645777175277288E-01
    7400.0000000000000000   1.5865115389268627E+02   1.6448069604928736E-01
    7500.0000000000000000   1.6052045730287483E+02   1.6279459839403240E-01
    7600.0000000000000000   1.6238740797701837E+02   1.6109089543819477E-01
    7700.0000000000000000   1.6425428992697272E+02   1.5912256695967431E-01
    7800.0000000000000000   1.6611618131397702E+02   1.5747677080849765E-01
    7900.0000000000000000   1.6797633588416821E+02   1.5578712705400954E-01
    8000.0000000000000000   1.6983333577081524E+02   1.5421347307832697E-01
    8100.0000000000000000   1.7168837678773144E+02   1.5260097784350374E-01
    8200.0000000000000000   1.7354125243384672E+02   1.5099397253765912E-01
    8300.0000000000000000   1.7539149908021579E+02   1.4945599235148277E-01
    8400.0000000000000000   1.7723762871829999E+02   1.4815567006566341E-01
    8500.0000000000000000   1.7908427362011793E+02   1.4654938492276856E-01
    8600.0000000000000000   1.8092607794635268E+02   1.4525453093674012E-01
    8700.0000000000000000   1.8276786073542499E+02   1.4374383940633659E-01
    8800.0000000000000000   1.8460655365856155E+02   1.4237214708231408E-01
    8900.0000000000000000   1.8644270111975055E+02   1.4104247458060001E-01
    9000.0000000000000000   1.8827501804170771E+02   1.3993810832818718E-01
    9100.0000000000000000   1.9010851996429216E+02   1.3847872832857416E-01
    9200.0000000000000000   1.9193881773139000E+02   1.3717595759859882E-01
    9300.0000000000000000   1.9376728299386130E+02   1.3586630372242528E-01
    9400.0000000000000000   1.9559209447707039E+02   1.3474393033834373E-01
    9500.0000000000000000   1.9741402140112839E+02   1.3373644569358015E-01
    9600.0000000000000000   1.9923592328029440E+02   1.3254265650628796E-01
    9700.0000000000000000   2.0105663090709271E+02   1.3128888282339563E-01
    9800.0000000000000000   2.0287504189919747E+02   1.3009136070264143E-01
    9900.0000000000000000   2.0469111991004934E+02   1.2895503864972077E-01
   10000.0000000000000000   2.0650506905199009E+02   1.2786051928743314E-01
   11000.0000000000000000   2.2454266634494400E+02   1.1804967849232305E-01
   12000.0000000000000000   2.4240821699427789E+02   1.0997296560587611E-01
   13000.0000000000000000   2.6012548646726731E+02   1.0266978107110042E-01
   14000.0000000000000000   2.7770237917649627E+02   9.6498592818496681E-02
   15000.0000000000000000   2.9515198085550156E+02   9.1128298505403188E-02
   16000.0000000000000000   3.1248654702078869E+02   8.6238244961148167E-02
   17000.0000000000000000   3.2971490933067736E+02   8.1765209597699492E-02
   18000.0000000000000000   3.4684570790192487E+02   7.7568750911496315E-02
   19000.0000000000000000   3.6387557892767092E+02   7.4219556498313424E-02
   20000.0000000000000000   3.8081756675362891E+02   7.1134916031004775E-02
   21000.0000000000000000   3.9768293513280719E+02   6.8016494426682714E-02
   22000.0000000000000000   4.1445870648400120E+02   6.5792301395758535E-02
   23000.0000000000000000   4.3116748924362673E+02   6.3416198545964600E-02
   24000.0000000000000000   4.4781601914155510E+02   6.0699049866299884E-02
   25000.0000000000000000   4.6438997094734009E+02   5.8491614544414504E-02
   26000.0000000000000000   4.8090129192069719E+02   5.6474419624228299E-02
   27000.0000000000000000   4.9735060336272159E+02   5.4748548047117242E-02
   28000.0000000000000000   5.1374150503367980E+02   5.3123214205233714E-02
   29000.0000000000000000   5.3007704532058642E+02   5.1381430385723861E-02
   30000.0000000000000000   5.4635567337816599E+02   5.0231921654243714E-02
   31000.0000000000000000   5.6257985459235510E+02   4.8984963443297343E-02
   32000.0000000000000000   5.7876125908913457E+02   4.7596873530195830E-02
   33000.0000000000000000   5.9491145334362750E+02   4.5923148176146081E-02
   33175.9990000000034343   5.9774217912796348E+02   4.5881023619889195E-02
   33176.0009999999965657   5.9774221116355432E+02   4.5881016741215752E-02
   34000.0000000000000000   6.1100203764683954E+02   4.4745070481465546E-02
   35000.0000000000000000   6.2703332302096067E+02   4.4057672050545685E-02
   36000.0000000000000000   6.4304048644729107E+02   4.2785899496394990E-02
   37000.0000000000000000   6.5900561784470722E+02   4.1654822177952251E-02
   38000.0000000000000000   6.7491977890840224E+02   4.1194375245075528E-02
   39000.0000000000000000   6.9081692754892936E+02   3.9749978673158146E-02
   40000.0000000000000000   7.0665399271203580E+02   3.8972595164571265E-02
   41000.0000000000000000   7.2247160809614968E+02   3.8148917613993735E-02
   42000.0000000000000000   7.3823268269616074E+02   3.7561656843372634E-02
   43000.0000000000000000   7.5397646058803002E+02   3.6661852460146083E-02
   44000.0000000000000000   7.6968969218293012E+02   3.6036223695144247E-02
   45000.0000000000000000   7.8534116989211191E+02   3.5617807152776619E-02
   46000.0000000000000000   8.0098750168625429E+02   3.4738082258267390E-02
   47000.0000000000000000   8.1661696641432547E+02   3.3825545788607317E-02
   48000.0000000000000000   8.3218958135474168E+02   3.3682144300964348E-02
   49000.0000000000000000   8.4776075498457499E+02   3.2608312265597718E-02
   50000.0000000000000000   8.6328974907824693E+02   3.1906735328527509E-02
