       0.1000000000000000   1.8569393769140238E+01   1.5679869248131724E-03
       0.2000000000000000   1.6347405285715034E+01   3.0618271898113412E-03
       0.3000000000000000   1.5611915632404687E+01   4.5414774366875198E-03
       0.4000000000000000   1.5334160275697261E+01   5.9501839257064338E-03
       0.5000000000000000   1.5196876671097565E+01   7.3382808375742565E-03
       0.6000000000000000   1.5127463837936114E+01   8.7083726563440163E-03
       0.7000000000000000   1.5097688400332281E+01   1.0062840615035092E-02
       0.7999999999999999   1.5091940544349157E+01   1.1403357953034508E-02
       0.8999999999999999   1.5102989077758318E+01   1.2727521946074963E-02
       0.9999999999999999   1.5123973300125947E+01   1.4040928581190696E-02
       2.0000000000000000   1.5519293495924400E+01   2.6609096946126686E-02
       3.0000000000000000   1.5927949779405447E+01   3.8506383264519425E-02
       4.0000000000000000   1.6267800256198260E+01   5.0052583366441999E-02
       5.0000000000000000   1.6536572783675659E+01   6.1452447897708026E-02
       6.0000000000000000   1.6742616496419174E+01   7.2848629269820581E-02
       7.0000000000000000   1.6895744347291021E+01   8.4337201461833988E-02
       8.0000000000000000   1.7003737083573135E+01   9.5992913188381004E-02
       9.0000000000000000   1.7073188365361002E+01   1.0787510582289139E-01
      10.0000000000000000   1.7109280629767106E+01   1.2003523875210367E-01
      11.0000000000000000   1.7116456562245972E+01   1.3251686610101990E-01
      12.0000000000000000   1.7098337874939645E+01   1.4535883227206858E-01
      13.0000000000000000   1.7058081678479180E+01   1.5859614763727384E-01
      14.0000000000000000   1.6998146339535737E+01   1.7226422002141062E-01
      15.0000000000000000   1.6920678009655603E+01   1.8639709391298520E-01
      16.0000000000000000   1.6827577612036780E+01   2.0102726335256241E-01
      17.0000000000000000   1.6720388323846858E+01   2.1618892497141798E-01
      18.0000000000000000   1.6600528551966416E+01   2.3191599950908595E-01
      19.0000000000000000   1.6469174516909415E+01   2.4824354494398290E-01
      20.0000000000000000   1.6327376634692737E+01   2.6520834790893744E-01
      21.0000000000000000   1.6176039317985012E+01   2.8284903017274304E-01
      22.0000000000000000   1.6015987604871096E+01   3.0120555991943160E-01
      23.0000000000000000   1.5847943796639090E+01   3.2032034351143990E-01
      24.0000000000000000   1.5672532112931007E+01   3.4023896050324864E-01
      25.0000000000000000   1.5490318594324775E+01   3.6100967701646985E-01
      26.0000000000000000   1.5301807973836713E+01   3.8268412485783376E-01
      27.0000000000000000   1.5107451002722303E+01   4.0531764255424207E-01
      28.0000000000000000   1.4907655633491604E+01   4.2896957932083696E-01
      29.0000000000000000   1.4702783227765686E+01   4.5370389904164904E-01
      30.0000000000000000   1.4493166850203167E+01   4.7958942216475325E-01
      31.0000000000000000   1.4279102758850106E+01   5.0670048105754162E-01
      32.0000000000000000   1.4060869633165305E+01   5.3511711855824551E-01
      33.0000000000000000   1.3838717009861538E+01   5.6492596634945036E-01
      34.0000000000000000   1.3612880762845426E+01   5.9622054059759166E-01
      35.0000000000000000   1.3383581453963691E+01   6.2910186136523238E-01
      36.0000000000000000   1.3151029783790520E+01   6.6367899098920713E-01
      37.0000000000000000   1.2915430020383296E+01   7.0006956947941701E-01
      38.0000000000000000   1.2676984578843381E+01   7.3840030300899728E-01
      39.0000000000000000   1.2435896872893762E+01   7.7880738605081901E-01
      40.0000000000000000   1.2192377396302650E+01   8.2143675639071423E-01
      41.0000000000000000   1.1946647065085234E+01   8.6644424548023069E-01
      42.0000000000000000   1.1698943121925744E+01   9.1399537934525910E-01
      43.0000000000000000   1.1449525030684875E+01   9.6426484655842759E-01
      44.0000000000000000   1.1198680422540965E+01   1.0174354019184835E+00
      45.0000000000000000   1.0946731103581454E+01   1.0736962272605923E+00
      46.0000000000000000   1.0694040621051146E+01   1.1332403024956585E+00
      47.0000000000000000   1.0441020891635116E+01   1.1962607980339741E+00
      48.0000000000000000   1.0188138782049966E+01   1.2629461906045742E+00
      49.0000000000000000   9.9359219155446059E+00   1.3334739489791068E+00
      50.0000000000000000   9.6849627615966121E+00   1.4080026760590572E+00
      51.0000000000000000   9.4359202215812896E+00   1.4866627427834891E+00
      52.0000000000000000   9.1895179208292070E+00   1.5695456199680198E+00
      53.0000000000000000   8.9465375231682600E+00   1.6566924149384017E+00
      54.0000000000000000   8.7078068006357707E+00   1.7480824059408389E+00
      55.0000000000000000   8.4741815849710385E+00   1.8436226876744755E+00
      56.0000000000000000   8.2465222668180100E+00   1.9431402337055461E+00
      57.0000000000000000   8.0256659456573427E+00   2.0463774953492506E+00
      58.0000000000000000   7.8123951472432296E+00   2.1529933502915011E+00
      59.0000000000000000   7.6074083439935070E+00   2.2625689568694507E+00
      60.0000000000000000   7.4112940430861105E+00   2.3746188592483586E+00
      61.0000000000000000   7.2245097630989328E+00   2.4886071176828208E+00
      62.0000000000000000   7.0473710755287522E+00   2.6039656501522650E+00
      63.0000000000000000   6.8800488251807046E+00   2.7201139899398021E+00
      64.0000000000000000   6.7225748910078886E+00   2.8364782289290567E+00
      65.0000000000000000   6.5748549514575432E+00   2.9525077162314388E+00
      66.0000000000000000   6.4366859682875504E+00   3.0676885183173663E+00
      67.0000000000000000   6.3077762071272847E+00   3.1815531910787853E+00
      68.0000000000000000   6.1877657912828621E+00   3.2936868933685441E+00
      69.0000000000000000   6.0762462282821126E+00   3.4037302177160642E+00
      70.0000000000000000   5.9727778872522910E+00   3.5113793103792541E+00
      71.0000000000000000   5.8769048813864995E+00   3.6163839257862382E+00
      72.0000000000000000   5.7881671944644300E+00   3.7185440329944099E+00
      73.0000000000000000   5.7061101403195567E+00   3.8177055176744692E+00
      74.0000000000000000   5.6302914275945284E+00   3.9137554179030323E+00
      75.0000000000000000   5.5602861475034402E+00   4.0066170452044778E+00
      76.0000000000000000   5.4956901917179506E+00   4.0962451196587741E+00
      77.0000000000000000   5.4361220790540239E+00   4.1826213488286177E+00
      78.0000000000000000   5.3812239928855332E+00   4.2657501801912998E+00
      79.0000000000000000   5.3306619158449076E+00   4.3456550489392454E+00
      80.0000000000000000   5.2841252283841698E+00   4.4223750249698632E+00
      81.0000000000000000   5.2413259154971055E+00   4.4959618690860603E+00
      82.0000000000000000   5.2019975206001510E+00   4.5664774758744286E+00
      83.0000000000000000   5.1658939379131681E+00   4.6339916724099783E+00
      84.0000000000000000   5.1327881239987718E+00   4.6985803388899505E+00
      85.0000000000000000   5.1024707900732338E+00   4.7603238151361609E+00
      86.0000000000000000   5.0747491022046125E+00   4.8193055591510401E+00
      87.0000000000000000   5.0494454220409430E+00   4.8756110280112193E+00
      88.0000000000000000   5.0263961155300469E+00   4.9293267347737881E+00
      89.0000000000000000   5.0054504048124491E+00   4.9805394968712324E+00
      90.0000000000000000   4.9864693170163532E+00   5.0293357961037781E+00
      91.0000000000000000   4.9693246996335505E+00   5.0758012716669878E+00
      92.0000000000000000   4.9538983099145932E+00   5.1200203112578384E+00
      93.0000000000000000   4.9400809774961960E+00   5.1620757273419011E+00
      94.0000000000000000   4.9277718361179845E+00   5.2020485050856529E+00
      95.0000000000000000   4.9168776203256552E+00   5.2400176103667206E+00
      96.0000000000000000   4.9073120229695961E+00   5.2760598479604193E+00
      97.0000000000000000   4.8989951089405785E+00   5.3102497614670980E+00
      98.0000000000000000   4.8918527801502831E+00   5.3426595678647342E+00
      99.0000000000000000   4.8858162912386103E+00   5.3733591203034630E+00
     100.0000000000000000   4.8808218020350127E+00   5.4024158947797227E+00
     110.0000000000000000   4.8769412223065203E+00   5.6158235446531313E+00
     120.0000000000000000   4.9316458172862321E+00   5.7229494443501494E+00
     130.0000000000000000   5.0224202052888902E+00   5.7594271735425853E+00
     140.0000000000000000   5.1365856520308881E+00   5.7487855941720083E+00
     150.0000000000000000   5.2665364849742664E+00   5.7066770491223444E+00
     160.0000000000000000   5.4074701274472190E+00   5.6436438507067725E+00
     170.0000000000000000   5.5562245848951806E+00   5.5668776410130016E+00
     180.0000000000000000   5.7083351405374501E+00   5.4907063651635868E+00
     190.0000000000000000   5.8625273673392071E+00   5.4153474817920175E+00
     200.0000000000000000   6.0253750266413846E+00   5.3213683273798633E+00
     210.0000000000000000   6.1886485839676988E+00   5.2310591566488469E+00
     220.0000000000000000   6.3585059588007162E+00   5.1271729680803837E+00
     230.0000000000000000   6.5218795071169735E+00   5.0449424677527306E+00
     240.0000000000000000   6.6910776552963211E+00   4.9506086537521385E+00
     250.0000000000000000   6.8597838810245930E+00   4.8609851026902575E+00
     260.0000000000000000   7.0279931255886794E+00   4.7757316051934380E+00
     270.0000000000000000   7.1957060285018777E+00   4.6945361043790150E+00
     280.0000000000000000   7.3629271061244843E+00   4.6171131397565652E+00
     287.9990000000000236   7.5020892288952892E+00   4.5429770056753034E+00
     288.0009999999999764   7.5021263706017463E+00   4.5429527046294043E+00
     290.0000000000000000   7.5344138597975627E+00   4.5310201384652666E+00
     300.0000000000000000   7.7004937735536299E+00   4.4608906141786822E+00
     310.0000000000000000   7.8705741180165569E+00   4.3825489748722699E+00
     320.0000000000000000   8.0399305988895389E+00   4.3078847811245824E+00
     330.0000000000000000   8.2085885866642876E+00   4.2366340148442108E+00
     340.0000000000000000   8.3765726506315215E+00   4.1685575137181337E+00
     350.0000000000000000   8.5439064705146066E+00   4.1034381575423975E+00
     360.0000000000000000   8.7106127867849512E+00   4.0410784149684620E+00
     370.0000000000000000   8.8767133655041182E+00   3.9812982272508304E+00
     380.0000000000000000   9.0460274545570503E+00   3.9150950181898190E+00
     390.0000000000000000   9.2108849425636077E+00   3.8602649835073719E+00
     400.0000000000000000   9.3788599780829873E+00   3.7992174081873156E+00
     410.0000000000000000   9.5425576711753006E+00   3.7487286695163462E+00
     420.0000000000000000   9.7092770156805823E+00   3.6922263719190913E+00
     430.0000000000000000   9.8718906614927739E+00   3.6455672556375256E+00
     440.0000000000000000   1.0037430553966244E+01   3.5930941484866685E+00
     450.0000000000000000   1.0202386104449214E+01   3.5425593867217660E+00
     460.0000000000000000   1.0363458925275475E+01   3.5009484333073697E+00
     470.0000000000000000   1.0527337557560323E+01   3.4538001205400652E+00
     480.0000000000000000   1.0690680261135768E+01   3.4082922609619049E+00
     490.0000000000000000   1.0853501825694650E+01   3.3643373691427079E+00
     500.0000000000000000   1.1015816535754464E+01   3.3218539669381992E+00
     510.0000000000000000   1.1177638116511906E+01   3.2807662166394120E+00
     520.0000000000000000   1.1338979702054734E+01   3.2410035523996967E+00
     530.0000000000000000   1.1499853863670271E+01   3.2025002302604881E+00
     540.0000000000000000   1.1660272658950991E+01   3.1651948818122730E+00
     550.0000000000000000   1.1823194996082298E+01   3.1232299236267393E+00
     560.0000000000000000   1.1982697955264319E+01   3.0882689711625835E+00
     570.0000000000000000   1.2141779303284654E+01   3.0543401955567040E+00
     580.0000000000000000   1.2300449257407415E+01   3.0213967480173727E+00
     590.0000000000000000   1.2458717583302086E+01   2.9893947473128346E+00
     600.0000000000000000   1.2619378918604205E+01   2.9530309315090326E+00
     610.0000000000000000   1.2776834674030182E+01   2.9228860866843056E+00
     620.0000000000000000   1.2933916884512096E+01   2.8935616469239904E+00
     630.0000000000000000   1.3093335176678329E+01   2.8600410464907542E+00
     640.0000000000000000   1.3249657350348080E+01   2.8323450396404453E+00
     650.0000000000000000   1.3408289409288923E+01   2.8005513381395084E+00
     660.0000000000000000   1.3563882944564362E+01   2.7743516688780976E+00
     670.0000000000000000   1.3721759969357693E+01   2.7441479891226201E+00
     680.0000000000000000   1.3876655828206925E+01   2.7193239141356553E+00
     690.0000000000000000   1.4033805996732438E+01   2.6905895885014495E+00
     700.0000000000000000   1.4188033073374962E+01   2.6670331640265390E+00
     710.0000000000000000   1.4344483660737660E+01   2.6396583854860611E+00
     720.0000000000000000   1.4498068325157048E+01   2.6172738935974489E+00
     730.0000000000000000   1.4653845511561423E+01   2.5911588206828413E+00
     740.0000000000000000   1.4809286801718018E+01   2.5656771940880536E+00
     750.0000000000000000   1.4961940268701905E+01   2.5449156105277755E+00
     760.0000000000000000   1.5116745321203453E+01   2.5205585418310901E+00
     770.0000000000000000   1.5271232455593019E+01   2.4967688940082193E+00
     780.0000000000000000   1.5423005223277380E+01   2.4774598976784823E+00
     790.0000000000000000   1.5576888767584784E+01   2.4546805824982014E+00
     800.0000000000000000   1.5730471277824904E+01   2.4324109416993140E+00
     810.0000000000000000   1.5883762934468383E+01   2.4106251442547637E+00
     820.0000000000000000   1.6034418616431982E+01   2.3930488818825117E+00
     830.0000000000000000   1.6187140631889072E+01   2.3721521848383658E+00
     840.0000000000000000   1.6339583899969593E+01   2.3516962165740805E+00
     850.0000000000000000   1.6491754493430324E+01   2.3316639933986396E+00
     860.0000000000000000   1.6643654713552468E+01   2.3120448967706406E+00
     870.0000000000000000   1.6793003566474560E+01   2.2963475019744726E+00
     880.0000000000000000   1.6944375686683511E+01   2.2774872069309673E+00
     890.0000000000000000   1.7095490630757382E+01   2.2590014779410734E+00
     900.0000000000000000   1.7246351853929305E+01   2.2408793610744291E+00
     910.0000000000000000   1.7396961873742907E+01   2.2231116239170405E+00
     920.0000000000000000   1.7547323272195236E+01   2.2056891955517721E+00
     930.0000000000000000   1.7697438824767602E+01   2.1886029637781683E+00
     940.0000000000000000   1.7847311630095341E+01   2.1718435944828274E+00
     950.0000000000000000   1.7996945148737815E+01   2.1554014848135252E+00
     960.0000000000000000   1.8146343054110361E+01   2.1392669836844473E+00
     970.0000000000000000   1.8293346232664529E+01   2.1265644927938987E+00
     980.0000000000000000   1.8442296670632448E+01   2.1109793469117299E+00
     990.0000000000000000   1.8591022115422728E+01   2.0956757443024983E+00
    1000.0000000000000000   1.8739525386983836E+01   2.0806461662161615E+00
    1100.0000000000000000   2.0214969195532888E+01   1.9411771471487185E+00
    1200.0000000000000000   2.1670877405230101E+01   1.8228070033867567E+00
    1300.0000000000000000   2.3111253794408288E+01   1.7186944832981843E+00
    1400.0000000000000000   2.4537702664108405E+01   1.6259808071962727E+00
    1500.0000000000000000   2.5949682790064347E+01   1.5446186844584275E+00
    1600.0000000000000000   2.7348447486011853E+01   1.4726016717901480E+00
    1700.0000000000000000   2.8736798888012313E+01   1.4065874509516993E+00
    1800.0000000000000000   3.0113841834687030E+01   1.3473444959635912E+00
    1900.0000000000000000   3.1482010462544501E+01   1.2922985643344838E+00
    2000.0000000000000000   3.2840248368215633E+01   1.2424236801460284E+00
    2100.0000000000000000   3.4189348398626883E+01   1.1968782397528184E+00
    2200.0000000000000000   3.5529913444568237E+01   1.1550646909355937E+00
    2300.0000000000000000   3.6863648687277383E+01   1.1154943319702508E+00
    2400.0000000000000000   3.8188392730136272E+01   1.0800205988459253E+00
    2500.0000000000000000   3.9506976809192061E+01   1.0462538394933953E+00
    2600.0000000000000000   4.0818745234953546E+01   1.0147949183387970E+00
    2700.0000000000000000   4.2125438927129288E+01   9.8433530438942629E-01
    2800.0000000000000000   4.3424043147731744E+01   9.5717406609017741E-01
    2900.0000000000000000   4.4716784994623147E+01   9.3165689607675495E-01
    3000.0000000000000000   4.6005192233802511E+01   9.0670066324210441E-01
    3100.0000000000000000   4.7288212010638844E+01   8.8314771383529478E-01
    3200.0000000000000000   4.8565683929394822E+01   8.6110620176696440E-01
    3300.0000000000000000   4.9836789188300394E+01   8.4116302186166081E-01
    3400.0000000000000000   5.1104312066955927E+01   8.2144082709050481E-01
    3500.0000000000000000   5.2368610590637473E+01   8.0180307995624589E-01
    3600.0000000000000000   5.3626272840411765E+01   7.8444195965208829E-01
    3700.0000000000000000   5.4880218098018680E+01   7.6757273800247150E-01
    3800.0000000000000000   5.6129405943948271E+01   7.5180730291603859E-01
    3900.0000000000000000   5.7376676231537928E+01   7.3554023176743166E-01
    4000.0000000000000000   5.8617936287661571E+01   7.2116140686640529E-01
    4100.0000000000000000   5.9856875559669042E+01   7.0656413223847836E-01
    4200.0000000000000000   6.1090396014813805E+01   6.9354973290923061E-01
    4300.0000000000000000   6.2321347668139808E+01   6.8047999740722076E-01
    4400.0000000000000000   6.3548632343557109E+01   6.6804230153485555E-01
    4500.0000000000000000   6.4772635671163499E+01   6.5611430656521774E-01
    4600.0000000000000000   6.5992534932222284E+01   6.4494943481514955E-01
    4700.0000000000000000   6.7211064954081692E+01   6.3337835105211771E-01
    4800.0000000000000000   6.8426283405714372E+01   6.2230296985373468E-01
    4900.0000000000000000   6.9637211565385456E+01   6.1219374418529082E-01
    5000.0000000000000000   7.0845040895884750E+01   6.0250683780474767E-01
    5100.0000000000000000   7.2050424641255120E+01   5.9296352590050794E-01
    5200.0000000000000000   7.3253485266080347E+01   5.8352949176094371E-01
    5300.0000000000000000   7.4454105374603387E+01   5.7427524213747616E-01
    5400.0000000000000000   7.5650963269508253E+01   5.6578837309106256E-01
    5500.0000000000000000   7.6844169658481420E+01   5.5800684433138426E-01
    5600.0000000000000000   7.8036408009937318E+01   5.4979703003530611E-01
    5700.0000000000000000   7.9227024845834691E+01   5.4147599225136034E-01
    5800.0000000000000000   8.0412908289627467E+01   5.3431404834769669E-01
    5900.0000000000000000   8.1598444784522528E+01   5.2656601008032178E-01
    6000.0000000000000000   8.2780034945035908E+01   5.1963183602485163E-01
    6100.0000000000000000   8.3959609687223178E+01   5.1278286605034473E-01
    6200.0000000000000000   8.5138501866944594E+01   5.0559874328064214E-01
    6300.0000000000000000   8.6313853784282941E+01   4.9905768088004560E-01
    6400.0000000000000000   8.7486494798448447E+01   4.9283835409522275E-01
    6500.0000000000000000   8.8656021104977967E+01   4.8729172704052748E-01
    6600.0000000000000000   8.9825564775643414E+01   4.8095971895038470E-01
    6700.0000000000000000   9.0992349350411516E+01   4.7519446122967152E-01
    6800.0000000000000000   9.2157733932778882E+01   4.6925583826313350E-01
    6900.0000000000000000   9.3319721315369591E+01   4.6402235029280609E-01
    7000.0000000000000000   9.4481135315834166E+01   4.5841037008179020E-01
    7100.0000000000000000   9.5640866493516683E+01   4.5287172680395027E-01
    7200.0000000000000000   9.6800621810041136E+01   4.4681395990469924E-01
    7300.0000000000000000   9.7954844846466983E+01   4.4216821059797057E-01
    7400.0000000000000000   9.9106893059713485E+01   4.3769944088184121E-01
    7500.0000000000000000   1.0025819257354252E+02   4.3306173135990444E-01
    7600.0000000000000000   1.0141062844521008E+02   4.2746549780559273E-01
    7700.0000000000000000   1.0255720727313880E+02   4.2349876272556780E-01
    7800.0000000000000000   1.0370397691092093E+02   4.1890715361272779E-01
    7900.0000000000000000   1.0484914209958687E+02   4.1435613820322448E-01
    8000.0000000000000000   1.0598971489922273E+02   4.1098267271919842E-01
    8100.0000000000000000   1.0713445339074370E+02   4.0580047917182355E-01
    8200.0000000000000000   1.0827116062352954E+02   4.0256637502036613E-01
    8300.0000000000000000   1.0941214053475034E+02   3.9779077195830026E-01
    8400.0000000000000000   1.1054938672347647E+02   3.9379241055074166E-01
    8500.0000000000000000   1.1168331265632808E+02   3.9036374174453037E-01
    8600.0000000000000000   1.1281907154604065E+02   3.8589587865552982E-01
    8700.0000000000000000   1.1394774955857240E+02   3.8322017749958737E-01
    8800.0000000000000000   1.1508080491844531E+02   3.7905243742274775E-01
    8900.0000000000000000   1.1621078282125791E+02   3.7538862779486798E-01
    9000.0000000000000000   1.1733973460426313E+02   3.7156594738028564E-01
    9100.0000000000000000   1.1846117083728272E+02   3.6958068363602831E-01
    9200.0000000000000000   1.1958790498097081E+02   3.6567960516670672E-01
    9300.0000000000000000   1.2071281038267364E+02   3.6207418344876263E-01
    9400.0000000000000000   1.2183633828549149E+02   3.5857189981277027E-01
    9500.0000000000000000   1.2295892889124005E+02   3.5502227559608696E-01
    9600.0000000000000000   1.2407748912282302E+02   3.5227717288270111E-01
    9700.0000000000000000   1.2519337081518542E+02   3.4996703634558335E-01
    9800.0000000000000000   1.2630893106978753E+02   3.4742836294894930E-01
    9900.0000000000000000   1.2742449400399670E+02   3.4456983878665448E-01
   10000.0000000000000000   1.2853916869706660E+02   3.4164780049516208E-01
   11000.0000000000000000   1.3962189903108236E+02   3.1474192817699098E-01
   12000.0000000000000000   1.5059140008241533E+02   2.9233419349112139E-01
   13000.0000000000000000   1.6145128703320330E+02   2.7472139363541187E-01
   14000.0000000000000000   1.7223242529677074E+02   2.5778904265321745E-01
   15000.0000000000000000   1.8293120507406104E+02   2.4221489828652393E-01
   16000.0000000000000000   1.9355109233485072E+02   2.2927041067689133E-01
   17000.0000000000000000   2.0409077421663551E+02   2.1918161324206772E-01
   18000.0000000000000000   2.1458061254023423E+02   2.0772861510054169E-01
   19000.0000000000000000   2.2499385694794924E+02   1.9887970817300918E-01
   20000.0000000000000000   2.3536771013423464E+02   1.8946412122710912E-01
   21000.0000000000000000   2.4567628901952210E+02   1.8201036072713925E-01
   22000.0000000000000000   2.5592000028041318E+02   1.7660610002657803E-01
   23000.0000000000000000   2.6613066317353537E+02   1.6968262964016148E-01
   24000.0000000000000000   2.7630141534545993E+02   1.6291288508651783E-01
   25000.0000000000000000   2.8643673579722019E+02   1.5634300191143041E-01
   26000.0000000000000000   2.9651291395921305E+02   1.5177910103549669E-01
   27000.0000000000000000   3.0654828826413433E+02   1.4714585837300659E-01
   28000.0000000000000000   3.1653541208596363E+02   1.4312914647214123E-01
   29000.0000000000000000   3.2652458392570134E+02   1.3815553102360784E-01
   30000.0000000000000000   3.3644013496254138E+02   1.3470365548782420E-01
   31000.0000000000000000   3.4635253263872431E+02   1.3137973986602544E-01
   32000.0000000000000000   3.5621835473212172E+02   1.2715581469908624E-01
   33000.0000000000000000   3.6604360076040007E+02   1.2368282325668568E-01
   34000.0000000000000000   3.7584787094829301E+02   1.2053005231163454E-01
   35000.0000000000000000   3.8562012904945607E+02   1.1817039869844961E-01
   36000.0000000000000000   3.9537376581933017E+02   1.1580693461994020E-01
   37000.0000000000000000   4.0513921121661969E+02   1.1117328053451567E-01
   38000.0000000000000000   4.1480787244249512E+02   1.1082889021007333E-01
   39000.0000000000000000   4.2447169952909815E+02   1.0688273733901500E-01
   40000.0000000000000000   4.3416122990648034E+02   1.0415072248711238E-01
   41000.0000000000000000   4.4375791280206141E+02   1.0203815050052688E-01
   42000.0000000000000000   4.5338513226843287E+02   1.0036349114578177E-01
   43000.0000000000000000   4.6292851786618866E+02   9.8064333160990280E-02
   44000.0000000000000000   4.7250968198078522E+02   9.6980655053912582E-02
   45000.0000000000000000   4.8205117328273616E+02   9.5411361983723783E-02
   46000.0000000000000000   4.9152483451060681E+02   9.3842648219538791E-02
   47000.0000000000000000   5.0103746582573984E+02   9.1120774297992813E-02
   48000.0000000000000000   5.1052597040388707E+02   9.0488878929407726E-02
   49000.0000000000000000   5.2000138288045173E+02   8.8496015751273069E-02
   50000.0000000000000000   5.2946715637023919E+02   8.5716577580111947E-02
