       0.1000000000000000   2.3740307743882635E+01
       0.2000000000000000   1.3114803215070420E+01
       0.3000000000000000   9.4141894156716042E+00
       0.4000000000000000   7.5033781072829742E+00
       0.5000000000000000   6.3265785442891094E+00
       0.6000000000000000   5.5244913602148431E+00
       0.7000000000000000   4.9404369465918068E+00
       0.7999999999999999   4.4948758254689238E+00
       0.8999999999999999   4.1430116085632616E+00
       0.9999999999999999   3.8576288223160056E+00
       2.0000000000000000   2.5150195745344202E+00
       3.0000000000000000   2.0393025800506774E+00
       4.0000000000000000   1.7976837178553626E+00
       5.0000000000000000   1.6548933904761447E+00
       6.0000000000000000   1.5636554674544174E+00
       7.0000000000000000   1.5029248751606850E+00
       8.0000000000000000   1.4618367568492627E+00
       9.0000000000000000   1.4341850277736101E+00
      10.0000000000000000   1.4161534378346827E+00
      11.0000000000000000   1.4052594361047581E+00
      12.0000000000000000   1.3998147179068914E+00
      13.0000000000000000   1.3986290608199874E+00
      14.0000000000000000   1.4008380475619449E+00
      15.0000000000000000   1.4057979832388339E+00
      16.0000000000000000   1.4130192046244348E+00
      17.0000000000000000   1.4221223047420768E+00
      18.0000000000000000   1.4328085542440507E+00
      19.0000000000000000   1.4448394054874580E+00
      20.0000000000000000   1.4580219727135988E+00
      21.0000000000000000   1.4721985425845214E+00
      22.0000000000000000   1.4872388629915092E+00
      23.0000000000000000   1.5030343848873380E+00
      24.0000000000000000   1.5194939013688396E+00
      25.0000000000000000   1.5365402024181007E+00
      26.0000000000000000   1.5541074786591684E+00
      27.0000000000000000   1.5721392848174573E+00
      28.0000000000000000   1.5905869264973194E+00
      29.0000000000000000   1.6094081707034822E+00
      30.0000000000000000   1.6285662064938402E+00
      31.0000000000000000   1.6480288007505093E+00
      32.0000000000000000   1.6677676074716974E+00
      33.0000000000000000   1.6877575988799847E+00
      34.0000000000000000   1.7079765939128877E+00
      35.0000000000000000   1.7284048651220287E+00
      36.0000000000000000   1.7490248091384391E+00
      37.0000000000000000   1.7698206689919422E+00
      38.0000000000000000   1.7907782989766758E+00
      39.0000000000000000   1.8118849646238400E+00
      40.0000000000000000   1.8331291718110041E+00
      41.0000000000000000   1.8545005201432558E+00
      42.0000000000000000   1.8759895766855352E+00
      43.0000000000000000   1.8975877667993135E+00
      44.0000000000000000   1.9192872794544098E+00
      45.0000000000000000   1.9410809847973600E+00
      46.0000000000000000   1.9629623621823211E+00
      47.0000000000000000   1.9849254371303091E+00
      48.0000000000000000   2.0069647259557533E+00
      49.0000000000000000   2.0290751869876620E+00
      50.0000000000000000   2.0512521774861021E+00
      51.0000000000000000   2.0734914155054982E+00
      52.0000000000000000   2.0957889460233359E+00
      53.0000000000000000   2.1181411108213881E+00
      54.0000000000000000   2.1405445216188603E+00
      55.0000000000000000   2.1629960360689906E+00
      56.0000000000000000   2.1854927362601133E+00
      57.0000000000000000   2.2080319094302601E+00
      58.0000000000000000   2.2306110306171800E+00
      59.0000000000000000   2.2532277470441282E+00
      60.0000000000000000   2.2758798640229982E+00
      61.0000000000000000   2.2985653322185322E+00
      62.0000000000000000   2.3212822361120775E+00
      63.0000000000000000   2.3440287835411970E+00
      64.0000000000000000   2.3668032962053283E+00
      65.0000000000000000   2.3896042010155378E+00
      66.0000000000000000   2.4124300222316881E+00
      67.0000000000000000   2.4352793742749168E+00
      68.0000000000000000   2.4581509551708636E+00
      69.0000000000000000   2.4810435405468625E+00
      70.0000000000000000   2.5039559781462239E+00
      71.0000000000000000   2.5268871827733381E+00
      72.0000000000000000   2.5498361316759799E+00
      73.0000000000000000   2.5728018602917127E+00
      74.0000000000000000   2.5957834583334258E+00
      75.0000000000000000   2.6187800661818987E+00
      76.0000000000000000   2.6417908715596696E+00
      77.0000000000000000   2.6648151064681325E+00
      78.0000000000000000   2.6878520443378413E+00
      79.0000000000000000   2.7109009974119727E+00
      80.0000000000000000   2.7339613143150951E+00
      81.0000000000000000   2.7570323777970240E+00
      82.0000000000000000   2.7801136026443185E+00
      83.0000000000000000   2.8032044337368660E+00
      84.0000000000000000   2.8263043442561435E+00
      85.0000000000000000   2.8494128339898128E+00
      86.0000000000000000   2.8725294277802571E+00
      87.0000000000000000   2.8956536740691106E+00
      88.0000000000000000   2.9187851435395777E+00
      89.0000000000000000   2.9419234278473052E+00
      90.0000000000000000   2.9650681384503907E+00
      91.0000000000000000   2.9882189054883321E+00
      92.0000000000000000   3.0113753767572304E+00
      93.0000000000000000   3.0345372167453335E+00
      94.0000000000000000   3.0577041057228040E+00
      95.0000000000000000   3.0808757388961854E+00
      96.0000000000000000   3.1040518256124110E+00
      97.0000000000000000   3.1272320886152372E+00
      98.0000000000000000   3.1504162633378265E+00
      99.0000000000000000   3.1736040972505783E+00
     100.0000000000000000   3.1967953492378385E+00
     110.0000000000000000   3.4288499109918749E+00
     120.0000000000000000   3.6610471476329267E+00
     130.0000000000000000   3.8932678228306199E+00
     140.0000000000000000   4.1254337279166400E+00
     150.0000000000000000   4.3574931643553869E+00
     160.0000000000000000   4.5894119865746932E+00
     170.0000000000000000   4.8211679023396847E+00
     180.0000000000000000   5.0527467501938466E+00
     190.0000000000000000   5.2841400135549730E+00
     200.0000000000000000   5.5153431289327690E+00
     210.0000000000000000   5.7463543157134014E+00
     220.0000000000000000   5.9771737555085958E+00
     230.0000000000000000   6.2078030098532642E+00
     240.0000000000000000   6.4382446029913041E+00
     250.0000000000000000   6.6685017206078587E+00
     260.0000000000000000   6.8985779908991907E+00
     270.0000000000000000   7.1284773248574380E+00
     280.0000000000000000   7.3582037994204228E+00
     287.9990000000000236   7.5418403623041135E+00
     288.0009999999999764   7.5418862638645434E+00
     290.0000000000000000   7.5877615720200691E+00
     300.0000000000000000   7.8171548181773689E+00
     310.0000000000000000   8.0463876862272699E+00
     320.0000000000000000   8.2754642647390462E+00
     330.0000000000000000   8.5043885594559931E+00
     340.0000000000000000   8.7331644773187485E+00
     350.0000000000000000   8.9617958158686228E+00
     360.0000000000000000   9.1902862565872674E+00
     370.0000000000000000   9.4186393612968189E+00
     380.0000000000000000   9.6468585707232783E+00
     390.0000000000000000   9.8749472047765661E+00
     400.0000000000000000   1.0102908463984980E+01
     410.0000000000000000   1.0330745431862230E+01
     420.0000000000000000   1.0558461077851168E+01
     430.0000000000000000   1.0786058260729700E+01
     440.0000000000000000   1.1013539732270800E+01
     450.0000000000000000   1.1240908141080824E+01
     460.0000000000000000   1.1468166036519593E+01
     470.0000000000000000   1.1695315872619545E+01
     480.0000000000000000   1.1922360012000700E+01
     490.0000000000000000   1.2149300729682151E+01
     500.0000000000000000   1.2376140216837360E+01
     510.0000000000000000   1.2602880584404854E+01
     520.0000000000000000   1.2829523866608085E+01
     530.0000000000000000   1.3056072024306422E+01
     540.0000000000000000   1.3282526948254469E+01
     550.0000000000000000   1.3508890462185464E+01
     560.0000000000000000   1.3735164325786794E+01
     570.0000000000000000   1.3961350237519719E+01
     580.0000000000000000   1.4187449837334313E+01
     590.0000000000000000   1.4413464709219600E+01
     600.0000000000000000   1.4639396383671341E+01
     610.0000000000000000   1.4865246340009605E+01
     620.0000000000000000   1.5091016008604763E+01
     630.0000000000000000   1.5316706772969200E+01
     640.0000000000000000   1.5542319971779483E+01
     650.0000000000000000   1.5767856900772401E+01
     660.0000000000000000   1.5993318814545308E+01
     670.0000000000000000   1.6218706928303515E+01
     680.0000000000000000   1.6444022419465313E+01
     690.0000000000000000   1.6669266429245397E+01
     700.0000000000000000   1.6894440064113390E+01
     710.0000000000000000   1.7119544397223184E+01
     720.0000000000000000   1.7344580469726608E+01
     730.0000000000000000   1.7569549292074875E+01
     740.0000000000000000   1.7794451845206350E+01
     750.0000000000000000   1.8019289081725219E+01
     760.0000000000000000   1.8244061926980880E+01
     770.0000000000000000   1.8468771280134703E+01
     780.0000000000000000   1.8693418015143209E+01
     790.0000000000000000   1.8918002981722779E+01
     800.0000000000000000   1.9142527006248411E+01
     810.0000000000000000   1.9366990892632547E+01
     820.0000000000000000   1.9591395423134909E+01
     830.0000000000000000   1.9815741359171785E+01
     840.0000000000000000   2.0040029442051548E+01
     850.0000000000000000   2.0264260393708131E+01
     860.0000000000000000   2.0488434917388712E+01
     870.0000000000000000   2.0712553698296585E+01
     880.0000000000000000   2.0936617404245357E+01
     890.0000000000000000   2.1160626686236665E+01
     900.0000000000000000   2.1384582179056544E+01
     910.0000000000000000   2.1608484501810484E+01
     920.0000000000000000   2.1832334258466599E+01
     930.0000000000000000   2.2056132038345595E+01
     940.0000000000000000   2.2279878416627014E+01
     950.0000000000000000   2.2503573954787225E+01
     960.0000000000000000   2.2727219201073400E+01
     970.0000000000000000   2.2950814690908533E+01
     980.0000000000000000   2.3174360947318263E+01
     990.0000000000000000   2.3397858481308983E+01
    1000.0000000000000000   2.3621307792264815E+01
    1100.0000000000000000   2.5853250868057977E+01
    1200.0000000000000000   2.8080846948661527E+01
    1300.0000000000000000   3.0304449320143700E+01
    1400.0000000000000000   3.2524349149734469E+01
    1500.0000000000000000   3.4740789737757957E+01
    1600.0000000000000000   3.6953976844768860E+01
    1700.0000000000000000   3.9164086331935621E+01
    1800.0000000000000000   4.1371269918753129E+01
    1900.0000000000000000   4.3575659593627471E+01
    2000.0000000000000000   4.5777371042393447E+01
    2100.0000000000000000   4.7976506348716001E+01
    2200.0000000000000000   5.0173156146450893E+01
    2300.0000000000000000   5.2367401353755369E+01
    2400.0000000000000000   5.4559314584021259E+01
    2500.0000000000000000   5.6748961304161291E+01
    2600.0000000000000000   5.8936400793402861E+01
    2700.0000000000000000   6.1121686942938162E+01
    2800.0000000000000000   6.3304868927546664E+01
    2900.0000000000000000   6.5485991773381926E+01
    3000.0000000000000000   6.7665096840808147E+01
    3100.0000000000000000   6.9842222237384135E+01
    3200.0000000000000000   7.2017403172896678E+01
    3300.0000000000000000   7.4190672266111818E+01
    3400.0000000000000000   7.6362059810982799E+01
    3500.0000000000000000   7.8531594008723559E+01
    3600.0000000000000000   8.0699301170918687E+01
    3700.0000000000000000   8.2865205897969929E+01
    3800.0000000000000000   8.5029331236433933E+01
    3900.0000000000000000   8.7191698818246152E+01
    4000.0000000000000000   8.9352328984292441E+01
    4100.0000000000000000   9.1511240894447397E+01
    4200.0000000000000000   9.3668452625813188E+01
    4300.0000000000000000   9.5823981260703405E+01
    4400.0000000000000000   9.7977842965645124E+01
    4500.0000000000000000   1.0013005306247707E+02
    4600.0000000000000000   1.0228062609248843E+02
    4700.0000000000000000   1.0442957587444391E+02
    4800.0000000000000000   1.0657691555716708E+02
    4900.0000000000000000   1.0872265766728300E+02
    5000.0000000000000000   1.1086681415268654E+02
    5100.0000000000000000   1.1300939642216561E+02
    5200.0000000000000000   1.1515041538159809E+02
    5300.0000000000000000   1.1728988146709359E+02
    5400.0000000000000000   1.1942780467535208E+02
    5500.0000000000000000   1.2156419459154561E+02
    5600.0000000000000000   1.2369906041498994E+02
    5700.0000000000000000   1.2583241098272502E+02
    5800.0000000000000000   1.2796425479135343E+02
    5900.0000000000000000   1.3009460001713703E+02
    6000.0000000000000000   1.3222345453462782E+02
    6100.0000000000000000   1.3435082593392900E+02
    6200.0000000000000000   1.3647672153667304E+02
    6300.0000000000000000   1.3860114841087491E+02
    6400.0000000000000000   1.4072411338476863E+02
    6500.0000000000000000   1.4284562305963621E+02
    6600.0000000000000000   1.4496568382179788E+02
    6700.0000000000000000   1.4708430185377856E+02
    6800.0000000000000000   1.4920148314477447E+02
    6900.0000000000000000   1.5131723350035449E+02
    7000.0000000000000000   1.5343155855165051E+02
    7100.0000000000000000   1.5554446376384101E+02
    7200.0000000000000000   1.5765595444423232E+02
    7300.0000000000000000   1.5976603574973899E+02
    7400.0000000000000000   1.6187471269397636E+02
    7500.0000000000000000   1.6398199015386078E+02
    7600.0000000000000000   1.6608787287591676E+02
    7700.0000000000000000   1.6819236548210040E+02
    7800.0000000000000000   1.7029547247539702E+02
    7900.0000000000000000   1.7239719824501827E+02
    8000.0000000000000000   1.7449754707132666E+02
    8100.0000000000000000   1.7659652313054733E+02
    8200.0000000000000000   1.7869413049910185E+02
    8300.0000000000000000   1.8079037315783879E+02
    8400.0000000000000000   1.8288525499593896E+02
    8500.0000000000000000   1.8497877981468358E+02
    8600.0000000000000000   1.8707095133093665E+02
    8700.0000000000000000   1.8916177318056731E+02
    8800.0000000000000000   1.9125124892159045E+02
    8900.0000000000000000   1.9333938203722167E+02
    9000.0000000000000000   1.9542617593870631E+02
    9100.0000000000000000   1.9751163396809613E+02
    9200.0000000000000000   1.9959575940084349E+02
    9300.0000000000000000   2.0167855544824184E+02
    9400.0000000000000000   2.0376002525978785E+02
    9500.0000000000000000   2.0584017192545093E+02
    9600.0000000000000000   2.0791899847778643E+02
    9700.0000000000000000   2.0999650789399939E+02
    9800.0000000000000000   2.1207270309781936E+02
    9900.0000000000000000   2.1414758696146578E+02
   10000.0000000000000000   2.1622116230734406E+02
   11000.0000000000000000   2.3688553579387670E+02
   12000.0000000000000000   2.5742184923643379E+02
   13000.0000000000000000   2.7783231213988728E+02
   14000.0000000000000000   2.9811887889943313E+02
   15000.0000000000000000   3.1828330924628926E+02
   16000.0000000000000000   3.3832721092329041E+02
   17000.0000000000000000   3.5825207059667929E+02
   18000.0000000000000000   3.7805927674861533E+02
   19000.0000000000000000   3.9775013696248215E+02
   20000.0000000000000000   4.1732589119956521E+02
   21000.0000000000000000   4.3678772215356963E+02
   22000.0000000000000000   4.5613676343697068E+02
   23000.0000000000000000   4.7537410613381616E+02
   24000.0000000000000000   4.9450080410454541E+02
   25000.0000000000000000   5.1351787832414743E+02
   26000.0000000000000000   5.3242632046447375E+02
   27000.0000000000000000   5.5122709587734641E+02
   28000.0000000000000000   5.6992114610008116E+02
   29000.0000000000000000   5.8850939097458024E+02
   30000.0000000000000000   6.0699273045401503E+02
   31000.0000000000000000   6.2537204615116184E+02
   32000.0000000000000000   6.4364820267651601E+02
   33000.0000000000000000   6.6182204879906249E+02
   34000.0000000000000000   6.7989441846039449E+02
   35000.0000000000000000   6.9786613166515758E+02
   36000.0000000000000000   7.1573799526664618E+02
   37000.0000000000000000   7.3351080366368387E+02
   38000.0000000000000000   7.5118533942121201E+02
   39000.0000000000000000   7.6876237382613829E+02
   40000.0000000000000000   7.8624266738649499E+02
   41000.0000000000000000   8.0362697028170328E+02
   42000.0000000000000000   8.2091602277212405E+02
   43000.0000000000000000   8.3811055556932229E+02
   44000.0000000000000000   8.5521129017584133E+02
   45000.0000000000000000   8.7221893919617230E+02
   46000.0000000000000000   8.8913420662139754E+02
   47000.0000000000000000   9.0595778809377498E+02
   48000.0000000000000000   9.2269037114979767E+02
   49000.0000000000000000   9.3933263544640420E+02
   50000.0000000000000000   9.5588525297239994E+02
