       0.0010000000000000   1.0000000000000000E+30   0.0000000000000000E+00
       0.1000000000000000   7.3129244143781840E+00   3.9808115022541557E-03
       0.2000000000000000   6.4579732884609156E+00   7.7464126466389649E-03
       0.3000000000000000   6.1853496572910203E+00   1.1451995673860335E-02
       0.4000000000000000   6.0917579720201278E+00   1.4957535309650632E-02
       0.5000000000000000   6.0525080555020230E+00   1.8392531159225466E-02
       0.6000000000000000   6.0392534196801000E+00   2.1765459583147535E-02
       0.7000000000000000   6.0409094803892813E+00   2.5083895613029882E-02
       0.7999999999999999   6.0514076722398995E+00   2.8353378161858279E-02
       0.8999999999999999   6.0679175200187601E+00   3.1570207719400660E-02
       0.9999999999999999   6.0878204788881094E+00   3.4748269008529051E-02
       2.0000000000000000   6.3370894081418792E+00   6.4685557458001031E-02
       3.0000000000000000   6.5629785711883173E+00   9.2510652452768613E-02
       4.0000000000000000   6.7439721944859032E+00   1.1926544063936191E-01
       5.0000000000000000   6.8853932565738676E+00   1.4554952991496137E-01
       6.0000000000000000   6.9941776627002268E+00   1.7174686432170386E-01
       7.0000000000000000   7.0763221777688194E+00   1.9810998845155925E-01
       8.0000000000000000   7.1363487774224357E+00   2.2482676416612402E-01
       9.0000000000000000   7.1778188995277992E+00   2.5204267638187994E-01
      10.0000000000000000   7.2034924217222231E+00   2.7987880029888024E-01
      11.0000000000000000   7.2156195727348340E+00   3.0843656026896765E-01
      12.0000000000000000   7.2160199338037199E+00   3.3780454262701359E-01
      13.0000000000000000   7.2062222907787703E+00   3.6806176997084228E-01
      14.0000000000000000   7.1874667198240871E+00   3.9928347142629517E-01
      15.0000000000000000   7.1608186491385943E+00   4.3153972951453151E-01
      16.0000000000000000   7.1272073965309017E+00   4.6489560303491401E-01
      17.0000000000000000   7.0874232209872847E+00   4.9941483235781148E-01
      18.0000000000000000   7.0421773935283660E+00   5.3515750634374193E-01
      19.0000000000000000   6.9920921083596790E+00   5.7218126246266299E-01
      20.0000000000000000   6.9377307694026396E+00   6.1054142704577807E-01
      21.0000000000000000   6.8796022889114585E+00   6.5029041927514142E-01
      22.0000000000000000   6.8181792977878599E+00   6.9147640560863177E-01
      23.0000000000000000   6.7538986287394769E+00   7.3414341175883346E-01
      24.0000000000000000   6.6871661922527483E+00   7.7833090332940646E-01
      25.0000000000000000   6.6183675845774523E+00   8.2407188549589494E-01
      26.0000000000000000   6.5478700416616871E+00   8.7139207105850580E-01
      27.0000000000000000   6.4760257660879930E+00   9.2030854202116930E-01
      28.0000000000000000   6.4031753207844631E+00   9.7082825012854712E-01
      29.0000000000000000   6.3296478510298355E+00   1.0229467195797433E+00
      30.0000000000000000   6.2557645752444575E+00   1.0766463667342088E+00
      31.0000000000000000   6.1818371102945875E+00   1.1318952448564770E+00
      32.0000000000000000   6.1081700228260374E+00   1.1886454634692409E+00
      33.0000000000000000   6.0350575265044935E+00   1.2468324614037170E+00
      34.0000000000000000   5.9627843716154416E+00   1.3063740190550837E+00
      35.0000000000000000   5.8916233555341444E+00   1.3671699788990437E+00
      36.0000000000000000   5.8218336940650293E+00   1.4291023785592354E+00
      37.0000000000000000   5.7536588105518334E+00   1.4920361451467952E+00
      38.0000000000000000   5.6873242090294847E+00   1.5558203638720487E+00
      39.0000000000000000   5.6230350710200092E+00   1.6202901279945388E+00
      40.0000000000000000   5.5609745797001677E+00   1.6852688756386907E+00
      41.0000000000000000   5.5013020359398199E+00   1.7505712414853909E+00
      42.0000000000000000   5.4441518259085715E+00   1.8160061582666636E+00
      43.0000000000000000   5.3896328438265755E+00   1.8813801772072889E+00
      44.0000000000000000   5.3378284301770771E+00   1.9465007634132074E+00
      45.0000000000000000   5.2887967924058650E+00   2.0111795822639280E+00
      46.0000000000000000   5.2425722247550732E+00   2.0752354036538438E+00
      47.0000000000000000   5.1991665900007762E+00   2.1384967101129546E+00
      48.0000000000000000   5.1585712199977269E+00   2.2008038468890203E+00
      49.0000000000000000   5.1207590937486955E+00   2.2620106918202105E+00
      50.0000000000000000   5.0856871438260276E+00   2.3219858279091476E+00
      51.0000000000000000   5.0532986136688720E+00   2.3806132459797995E+00
      52.0000000000000000   5.0235254458611598E+00   2.4377926018547980E+00
      53.0000000000000000   4.9962904848973126E+00   2.4934390966723572E+00
      54.0000000000000000   4.9715095839745480E+00   2.5474830364626984E+00
      55.0000000000000000   4.9490934752282598E+00   2.5998691475820812E+00
      56.0000000000000000   4.9289494882000335E+00   2.6505557105345710E+00
      57.0000000000000000   4.9109831160643376E+00   2.6995133760992673E+00
      58.0000000000000000   4.8950990073992751E+00   2.7467243753920534E+00
      59.0000000000000000   4.8812021709297904E+00   2.7921812309990002E+00
      60.0000000000000000   4.8691990215154108E+00   2.8358854383983756E+00
      61.0000000000000000   4.8589976937425847E+00   2.8778467378946111E+00
      62.0000000000000000   4.8505088287747018E+00   2.9180818107059494E+00
      63.0000000000000000   4.8436459311247573E+00   2.9566133511836474E+00
      64.0000000000000000   4.8383256379498905E+00   2.9934691488090590E+00
      65.0000000000000000   4.8344679329845004E+00   3.0286812460307990E+00
      66.0000000000000000   4.8319962615904792E+00   3.0622851751900786E+00
      67.0000000000000000   4.8308375846683118E+00   3.0943192731090425E+00
      68.0000000000000000   4.8309223839183257E+00   3.1248240707068384E+00
      69.0000000000000000   4.8321846232287191E+00   3.1538417541140484E+00
      70.0000000000000000   4.8345616777473044E+00   3.1814156916648564E+00
      71.0000000000000000   4.8379942391606754E+00   3.2075900232939878E+00
      72.0000000000000000   4.8424262069013695E+00   3.2324093049920206E+00
      73.0000000000000000   4.8478045635665294E+00   3.2559182044408463E+00
      74.0000000000000000   4.8540792431171509E+00   3.2781612420772954E+00
      75.0000000000000000   4.8612029788710514E+00   3.2991825885020978E+00
      76.0000000000000000   4.8691312296601579E+00   3.3190258187989023E+00
      77.0000000000000000   4.8778219449036841E+00   3.3377338574685416E+00
      78.0000000000000000   4.8872354943454113E+00   3.3553487915527516E+00
      79.0000000000000000   4.8973345189851383E+00   3.3719117882329361E+00
      80.0000000000000000   4.9080838027733700E+00   3.3874630174029026E+00
      81.0000000000000000   4.9194501482516477E+00   3.4020415924756660E+00
      82.0000000000000000   4.9314022605755055E+00   3.4156855269080206E+00
      83.0000000000000000   4.9439106332567082E+00   3.4284317040192924E+00
      84.0000000000000000   4.9569474389771351E+00   3.4403158585493525E+00
      85.0000000000000000   4.9704864306729872E+00   3.4513725676223261E+00
      86.0000000000000000   4.9845028442315238E+00   3.4616352500308989E+00
      87.0000000000000000   4.9989733067691047E+00   3.4711361747115279E+00
      88.0000000000000000   5.0138757595829757E+00   3.4799064628803666E+00
      89.0000000000000000   5.0291893650449682E+00   3.4879761189352694E+00
      90.0000000000000000   5.0448944385871908E+00   3.4953740409880543E+00
      91.0000000000000000   5.0609723777874898E+00   3.5021280465078037E+00
      92.0000000000000000   5.0774055955220714E+00   3.5082648979625470E+00
      93.0000000000000000   5.0941774579595576E+00   3.5138103302841408E+00
      94.0000000000000000   5.1112722265371264E+00   3.5187890796946575E+00
      95.0000000000000000   5.1286750035985511E+00   3.5232249134917377E+00
      96.0000000000000000   5.1463716815903116E+00   3.5271406604519093E+00
      97.0000000000000000   5.1643488955091632E+00   3.5305582415643411E+00
      98.0000000000000000   5.1825939778687253E+00   3.5334987008950032E+00
      99.0000000000000000   5.2010949193730864E+00   3.5359822361319200E+00
     100.0000000000000000   5.2198403261944781E+00   3.5380282292687801E+00
     103.9989999999999952   5.2970386773443590E+00   3.5421972360228837E+00
     104.0010000000000048   5.2970781167129370E+00   3.5421978277795834E+00
     110.0000000000000000   5.4186088573346662E+00   3.5381623298736584E+00
     120.0000000000000000   5.6327319738338595E+00   3.5108737311342719E+00
     130.0000000000000000   5.8569882062847425E+00   3.4661060045585010E+00
     140.0000000000000000   6.0880349490889083E+00   3.4104297443628333E+00
     150.0000000000000000   6.3236620420853562E+00   3.3482153919513888E+00
     153.9989999999999952   6.4188177335069811E+00   3.3221970990427994E+00
     154.0010000000000048   6.4188654325326651E+00   3.3221839688754953E+00
     160.0000000000000000   6.5623675523513212E+00   3.2823884513937829E+00
     170.0000000000000000   6.8031071855050849E+00   3.2149154437998582E+00
     180.0000000000000000   7.0451409183614713E+00   3.1471192186707238E+00
     190.0000000000000000   7.2879361138080911E+00   3.0798859730230559E+00
     200.0000000000000000   7.5311045633452824E+00   3.0138029086029112E+00
     210.0000000000000000   7.7743605683209278E+00   2.9492509030020839E+00
     220.0000000000000000   8.0156787622618513E+00   2.8900174419907989E+00
     230.0000000000000000   8.2548107435915998E+00   2.8364453090296164E+00
     240.0000000000000000   8.4975546191336893E+00   2.7778110448990065E+00
     250.0000000000000000   8.7388718084601020E+00   2.7225706754218955E+00
     260.0000000000000000   8.9788423959506947E+00   2.6704185317680023E+00
     270.0000000000000000   9.2175403530059672E+00   2.6210851946886335E+00
     280.0000000000000000   9.4592693527215932E+00   2.5676999206573305E+00
     290.0000000000000000   9.6954858191294253E+00   2.5235895390972036E+00
     300.0000000000000000   9.9346439029689080E+00   2.4755203418089766E+00
     310.0000000000000000   1.0168624117728069E+01   2.4358051592274141E+00
     320.0000000000000000   1.0405445708368674E+01   2.3922464072389671E+00
     330.0000000000000000   1.0641138825970593E+01   2.3507899394806282E+00
     340.0000000000000000   1.0875751668397291E+01   2.3112788349029829E+00
     350.0000000000000000   1.1109329386702699E+01   2.2735717210398225E+00
     360.0000000000000000   1.1341914293057854E+01   2.2375408960974674E+00
     370.0000000000000000   1.1577030781932006E+01   2.1982578945961539E+00
     380.0000000000000000   1.1807673070400782E+01   2.1653900750530215E+00
     390.0000000000000000   1.2037435424451552E+01   2.1338745444908538E+00
     400.0000000000000000   1.2269658986145386E+01   2.0992200626105624E+00
     410.0000000000000000   1.2497686647229754E+01   2.0702822135331487E+00
     420.0000000000000000   1.2728134239231922E+01   2.0382837005620855E+00
     430.0000000000000000   1.2954547414942970E+01   2.0116090009067080E+00
     440.0000000000000000   1.3183333464948561E+01   1.9819555255636403E+00
     450.0000000000000000   1.3411312170939826E+01   1.9534214012697100E+00
     460.0000000000000000   1.3638507810469306E+01   1.9259418030777222E+00
     470.0000000000000000   1.3861935077496955E+01   1.9031348730685766E+00
     480.0000000000000000   1.4087665255052341E+01   1.8775049886365558E+00
     490.0000000000000000   1.4312678787609808E+01   1.8527667508374328E+00
     500.0000000000000000   1.4536995738560931E+01   1.8288724719797231E+00
     510.0000000000000000   1.4760635278759912E+01   1.8057778665271857E+00
     520.0000000000000000   1.4983615744033978E+01   1.7834417461881054E+00
     530.0000000000000000   1.5205954672179029E+01   1.7618257593747835E+00
     540.0000000000000000   1.5430448580479416E+01   1.7377403684827704E+00
     550.0000000000000000   1.5651521279941607E+01   1.7175235239546949E+00
     560.0000000000000000   1.5872000777336794E+01   1.6979241135417942E+00
     570.0000000000000000   1.6091901872365476E+01   1.6789130567941988E+00
     580.0000000000000000   1.6311238766616270E+01   1.6604631060830339E+00
     590.0000000000000000   1.6532672249080367E+01   1.6396874048176324E+00
     600.0000000000000000   1.6750888207505508E+01   1.6223379360430339E+00
     610.0000000000000000   1.6968579431502842E+01   1.6054756309476494E+00
     620.0000000000000000   1.7188336954186020E+01   1.5863688981035509E+00
     630.0000000000000000   1.7404981622901555E+01   1.5704671463374484E+00
     640.0000000000000000   1.7621136735581825E+01   1.5549911635550253E+00
     650.0000000000000000   1.7839322945035676E+01   1.5373495749545629E+00
     660.0000000000000000   1.8054498086240589E+01   1.5227172853192332E+00
     670.0000000000000000   1.8271688350331800E+01   1.5059685608773143E+00
     680.0000000000000000   1.8485924116675381E+01   1.4921116883476369E+00
     690.0000000000000000   1.8702157123508684E+01   1.4761863556758001E+00
     700.0000000000000000   1.8915491423146321E+01   1.4630438670991859E+00
     710.0000000000000000   1.9130803407591163E+01   1.4478796061180490E+00
     720.0000000000000000   1.9345664906037477E+01   1.4330916400946125E+00
     730.0000000000000000   1.9557696590492931E+01   1.4209375577959054E+00
     740.0000000000000000   1.9771687147865947E+01   1.4068276544458997E+00
     750.0000000000000000   1.9985250674061593E+01   1.3930543962785271E+00
     760.0000000000000000   2.0196052351356958E+01   1.3817805561559326E+00
     770.0000000000000000   2.0408790553544630E+01   1.3686142116754301E+00
     780.0000000000000000   2.0621123372008618E+01   1.3557501720483225E+00
     790.0000000000000000   2.0830760991799874E+01   1.3452639303993137E+00
     800.0000000000000000   2.1042310214451742E+01   1.3329454178067299E+00
     810.0000000000000000   2.1253473741776464E+01   1.3208996084615827E+00
     820.0000000000000000   2.1464258167995350E+01   1.3091169011627548E+00
     830.0000000000000000   2.1672425961289719E+01   1.2995672905726592E+00
     840.0000000000000000   2.1882476722058307E+01   1.2882605540014500E+00
     850.0000000000000000   2.2092165701088284E+01   1.2771925704105505E+00
     860.0000000000000000   2.2301498746427761E+01   1.2663553602387247E+00
     870.0000000000000000   2.2510481352743248E+01   1.2557414661107049E+00
     880.0000000000000000   2.2716937313294377E+01   1.2472027584973879E+00
     890.0000000000000000   2.2925241452478978E+01   1.2369935325415615E+00
     900.0000000000000000   2.3133210209967981E+01   1.2269881758100143E+00
     910.0000000000000000   2.3340848616525662E+01   1.2171803202977911E+00
     920.0000000000000000   2.3548161515328349E+01   1.2075639137509189E+00
     930.0000000000000000   2.3755153543826900E+01   1.1981332223771177E+00
     940.0000000000000000   2.3961829175884620E+01   1.1888827846371668E+00
     950.0000000000000000   2.4168192751385288E+01   1.1798073765210957E+00
     960.0000000000000000   2.4374248515017729E+01   1.1709019724437784E+00
     970.0000000000000000   2.4580000630344390E+01   1.1621617271017068E+00
     980.0000000000000000   2.4785453180835965E+01   1.1535819674598269E+00
     990.0000000000000000   2.4990610171497327E+01   1.1451581864224392E+00
    1000.0000000000000000   2.5195475525506076E+01   1.1368860392853142E+00
    1100.0000000000000000   2.7228891796752915E+01   1.0616558598079853E+00
    1200.0000000000000000   2.9238771825858045E+01   9.9647573301718695E-01
    1300.0000000000000000   3.1227657453274183E+01   9.3920611732802717E-01
    1400.0000000000000000   3.3197631133439543E+01   8.8829075298831406E-01
    1500.0000000000000000   3.5148708700121105E+01   8.4360995021523622E-01
    1600.0000000000000000   3.7082516001050855E+01   8.0405311700971127E-01
    1700.0000000000000000   3.9002059014523034E+01   7.6785409325962994E-01
    1800.0000000000000000   4.0908446819371726E+01   7.3448707023827198E-01
    1843.9990000000000236   4.1741493177862736E+01   7.2155916445558244E-01
    1844.0009999999999764   4.1741531204732269E+01   7.2155847359645864E-01
    1900.0000000000000000   4.2799401117238652E+01   7.0521184051750052E-01
    2000.0000000000000000   4.4679116744135406E+01   6.7784271902021442E-01
    2100.0000000000000000   4.6546749706857142E+01   6.5289268581790028E-01
    2200.0000000000000000   4.8403030109380133E+01   6.3004738913877911E-01
    2300.0000000000000000   5.0250133582015060E+01   6.0834959221391949E-01
    2400.0000000000000000   5.2087073999669400E+01   5.8833727090279031E-01
    2500.0000000000000000   5.3914386933915168E+01   5.6981644779202989E-01
    2600.0000000000000000   5.5732543011036299E+01   5.5262753011970644E-01
    2700.0000000000000000   5.7541967288834776E+01   5.3663602626386342E-01
    2800.0000000000000000   5.9343113278601599E+01   5.2170270636715288E-01
    2900.0000000000000000   6.1137775595959816E+01   5.0716897765514113E-01
    3000.0000000000000000   6.2923350223722217E+01   4.9409746170234664E-01
    3100.0000000000000000   6.4703049576611988E+01   4.8129457185749080E-01
    3200.0000000000000000   6.6475828855788563E+01   4.6921279416654543E-01
    3300.0000000000000000   6.8241746370735015E+01   4.5785845893224503E-01
    3400.0000000000000000   7.0001212387792407E+01   4.4712053129633139E-01
    3500.0000000000000000   7.1754514805917267E+01   4.3693201852780611E-01
    3600.0000000000000000   7.3501768742615354E+01   4.2728260530041889E-01
    3700.0000000000000000   7.5243025367010461E+01   4.1817707610524607E-01
    3800.0000000000000000   7.6978894408456284E+01   4.0945480731947548E-01
    3900.0000000000000000   7.8710620483634401E+01   4.0074071796735083E-01
    4000.0000000000000000   8.0435566678643880E+01   3.9289715271373343E-01
    4100.0000000000000000   8.2156865843237412E+01   3.8497343062153139E-01
    4200.0000000000000000   8.3871886300476689E+01   3.7779953839103364E-01
    4300.0000000000000000   8.5583425143694967E+01   3.7054961334643582E-01
    4400.0000000000000000   8.7289895209978894E+01   3.6371462755743855E-01
    4500.0000000000000000   8.8991164901926766E+01   3.5736602468215495E-01
    4600.0000000000000000   9.0688716117348221E+01   3.5106731539017239E-01
    4700.0000000000000000   9.2382560793601300E+01   3.4487366754081789E-01
    4800.0000000000000000   9.4071917268868901E+01   3.3899344009760196E-01
    4900.0000000000000000   9.5756917174006929E+01   3.3340678528959294E-01
    5000.0000000000000000   9.7438033400642510E+01   3.2800863606311137E-01
    5100.0000000000000000   9.9115380744613731E+01   3.2278277808832834E-01
    5200.0000000000000000   1.0078906321497152E+02   3.1771686721102826E-01
    5300.0000000000000000   1.0245922265023161E+02   3.1279142294039886E-01
    5400.0000000000000000   1.0412557177230072E+02   3.0808393125073136E-01
    5500.0000000000000000   1.0578782946158378E+02   3.0366061090051932E-01
    5600.0000000000000000   1.0744710249174588E+02   2.9928192948862531E-01
    5700.0000000000000000   1.0910429463368217E+02   2.9474995707668089E-01
    5800.0000000000000000   1.1075661481737342E+02   2.9070691608943372E-01
    5900.0000000000000000   1.1240643512389479E+02   2.8665285657303252E-01
    6000.0000000000000000   1.1405342989576006E+02   2.8262471144574836E-01
    6100.0000000000000000   1.1569623072748087E+02   2.7896813787660107E-01
    6200.0000000000000000   1.1733690310246729E+02   2.7524023770224071E-01
    6300.0000000000000000   1.1897494046120457E+02   2.7153202283956357E-01
    6400.0000000000000000   1.2060892141104257E+02   2.6816710524312176E-01
    6500.0000000000000000   1.2223966809827674E+02   2.6498521679161019E-01
    6600.0000000000000000   1.2386919238137197E+02   2.6155875689733415E-01
    6700.0000000000000000   1.2549481954196685E+02   2.5847165258897231E-01
    6800.0000000000000000   1.2711889763258107E+02   2.5522418784743905E-01
    6900.0000000000000000   1.2873908446366676E+02   2.5231880558566883E-01
    7000.0000000000000000   1.3035808332312016E+02   2.4920127386065952E-01
    7100.0000000000000000   1.3197460472123777E+02   2.4615896624311931E-01
    7200.0000000000000000   1.3358795651767556E+02   2.4332463262185480E-01
    7300.0000000000000000   1.3519847528173548E+02   2.4061483346262050E-01
    7400.0000000000000000   1.3680552939488152E+02   2.3816167635078533E-01
    7500.0000000000000000   1.3841226689763317E+02   2.3538504418065156E-01
    7600.0000000000000000   1.4001658247448489E+02   2.3270620244995993E-01
    7700.0000000000000000   1.4161638332385505E+02   2.3046835796235887E-01
    7800.0000000000000000   1.4321661732131625E+02   2.2780323372066857E-01
    7900.0000000000000000   1.4481327191527197E+02   2.2543991213083991E-01
    8000.0000000000000000   1.4640760122901384E+02   2.2313404066252868E-01
    8100.0000000000000000   1.4800004229810796E+02   2.2086430459345413E-01
    8200.0000000000000000   1.4959002444618577E+02   2.1866046080121079E-01
    8300.0000000000000000   1.5117855290063349E+02   2.1642017782437695E-01
    8400.0000000000000000   1.5276521842533910E+02   2.1418449416750523E-01
    8500.0000000000000000   1.5434836529485673E+02   2.1222124152307065E-01
    8600.0000000000000000   1.5593085192453927E+02   2.1011815544421353E-01
    8700.0000000000000000   1.5751071474099680E+02   2.0812171894659567E-01
    8800.0000000000000000   1.5908786796327499E+02   2.0629922003950951E-01
    8900.0000000000000000   1.6066502328024069E+02   2.0421764307310000E-01
    9000.0000000000000000   1.6223981509279650E+02   2.0224316326299413E-01
    9100.0000000000000000   1.6381109048207483E+02   2.0054104608606099E-01
    9200.0000000000000000   1.6538119136740383E+02   1.9877506947037277E-01
    9300.0000000000000000   1.6694983450950485E+02   1.9701831915601981E-01
    9400.0000000000000000   1.6851727755026795E+02   1.9518013945493054E-01
    9500.0000000000000000   1.7008286953645978E+02   1.9338266238567811E-01
    9600.0000000000000000   1.7164648133694996E+02   1.9164902161234870E-01
    9700.0000000000000000   1.7320773259139705E+02   1.9003776092571747E-01
    9800.0000000000000000   1.7476693362938556E+02   1.8850521141685636E-01
    9900.0000000000000000   1.7632451003832975E+02   1.8699147418254286E-01
   10000.0000000000000000   1.7788063599592448E+02   1.8547352935691994E-01
   11000.0000000000000000   1.9335679856708140E+02   1.7126983245225555E-01
   12000.0000000000000000   2.0868675819226380E+02   1.5900662559151416E-01
   13000.0000000000000000   2.2388121699634985E+02   1.4867036639012940E-01
   14000.0000000000000000   2.3895533622147249E+02   1.3958646173601050E-01
   15000.0000000000000000   2.5391742839489544E+02   1.3174783474323240E-01
   16000.0000000000000000   2.6877766957993293E+02   1.2477396276462857E-01
   17000.0000000000000000   2.8354363036474336E+02   1.1853174247187047E-01
   18000.0000000000000000   2.9822164862978985E+02   1.1294507619214617E-01
   19000.0000000000000000   3.1281847391829047E+02   1.0785083549699216E-01
   20000.0000000000000000   3.2733684333390880E+02   1.0328709017946723E-01
   21000.0000000000000000   3.4178523814786990E+02   9.9000818415803840E-02
   22000.0000000000000000   3.5616609410779631E+02   9.5044334227360944E-02
   23000.0000000000000000   3.7048107924964972E+02   9.1465086787601887E-02
   24000.0000000000000000   3.8473230053850784E+02   8.8357460225133591E-02
   25000.0000000000000000   3.9892509742501619E+02   8.5434874099161479E-02
   26000.0000000000000000   4.1306730414834249E+02   8.2463082995669346E-02
   27000.0000000000000000   4.2714846029536000E+02   8.0246646881587336E-02
   28000.0000000000000000   4.4119373807730778E+02   7.7291488271767780E-02
   29000.0000000000000000   4.5517892857291486E+02   7.5019131486607840E-02
   30000.0000000000000000   4.6912019846343463E+02   7.3018717902569266E-02
   31000.0000000000000000   4.8301847028211438E+02   7.0763395436767837E-02
   32000.0000000000000000   4.9686276170525014E+02   6.9352981397020771E-02
   33000.0000000000000000   5.1068628640300238E+02   6.7082575935818484E-02
   34000.0000000000000000   5.2445982696267413E+02   6.5380524004088961E-02
   35000.0000000000000000   5.3818688740532525E+02   6.4096244806565034E-02
   36000.0000000000000000   5.5189041926565312E+02   6.2178547115031201E-02
   37000.0000000000000000   5.6554808020215273E+02   6.0833511206426306E-02
   38000.0000000000000000   5.7918017532184331E+02   5.9438047293451250E-02
   39000.0000000000000000   5.9276414054987481E+02   5.8504154032214754E-02
   40000.0000000000000000   6.0631670431365251E+02   5.7389872265400023E-02
   41000.0000000000000000   6.1985083534368744E+02   5.6206881658261848E-02
   42000.0000000000000000   6.3335635622105679E+02   5.4411676096776926E-02
   43000.0000000000000000   6.4682861583452188E+02   5.3364888015581750E-02
   44000.0000000000000000   6.6026852906524925E+02   5.2365446681924888E-02
   45000.0000000000000000   6.7367005234360533E+02   5.1391569869822337E-02
   46000.0000000000000000   6.8705371505010396E+02   5.0453457002386931E-02
   47000.0000000000000000   7.0040771630908728E+02   4.9760915699362550E-02
   48000.0000000000000000   7.1375118005849686E+02   4.8466452845850071E-02
   49000.0000000000000000   7.2705793572588198E+02   4.7510778740035897E-02
   50000.0000000000000000   7.4032763056561544E+02   4.7001081546429423E-02
