       1.0000000000000000   1.0000000000000000E+30   0.0000000000000000E+00
       2.0000000000000000   1.0000000000000000E+30  -4.8510133473174646E+00
       3.0000000000000000   1.0000000000000000E+30  -7.0012699207456199E+00
       4.0000000000000000   1.0000000000000000E+30  -7.3504454872677885E+00
       5.0000000000000000   1.0000000000000000E+30  -7.0981050951589948E+00
       6.0000000000000000   1.0000000000000000E+30  -6.6639675799844147E+00
       7.0000000000000000   1.0000000000000000E+30  -6.1965240015055274E+00
       8.0000000000000000   1.0000000000000000E+30  -5.7487504813066241E+00
       9.0000000000000000   1.0000000000000000E+30  -5.3379245206867818E+00
      10.0000000000000000   1.0000000000000000E+30  -4.9675106340372457E+00
      11.0000000000000000   1.0000000000000000E+30  -4.6356911742044451E+00
      12.0000000000000000   1.0000000000000000E+30  -4.3388328026642373E+00
      13.0000000000000000   1.0000000000000000E+30  -4.0729145519683883E+00
      14.0000000000000000   1.0000000000000000E+30  -3.8340998279411922E+00
      15.0000000000000000   1.0000000000000000E+30  -3.6189403063404857E+00
      16.0000000000000000   1.0000000000000000E+30  -3.4244215821088497E+00
      17.0000000000000000   1.0000000000000000E+30  -3.2479433441600674E+00
      18.0000000000000000   1.0000000000000000E+30  -3.0872755776204195E+00
      19.0000000000000000   1.0000000000000000E+30  -2.9405091881180505E+00
      20.0000000000000000   1.0000000000000000E+30  -2.8060088436331689E+00
      21.0000000000000000   1.0000000000000000E+30  -2.6823709482088050E+00
      22.0000000000000000   1.0000000000000000E+30  -2.5683874481489828E+00
      23.0000000000000000   1.0000000000000000E+30  -2.4630152156075167E+00
      24.0000000000000000   1.0000000000000000E+30  -2.3653503910877949E+00
      25.0000000000000000   1.0000000000000000E+30  -2.2746069764793067E+00
      26.0000000000000000   1.0000000000000000E+30  -2.1900990002095262E+00
      27.0000000000000000   1.0000000000000000E+30  -2.1112256522611563E+00
      28.0000000000000000   1.0000000000000000E+30  -2.0374588747061044E+00
      29.0000000000000000   1.0000000000000000E+30  -1.9683329777383134E+00
      30.0000000000000000   1.0000000000000000E+30  -1.9034359259739921E+00
      31.0000000000000000   1.0000000000000000E+30  -1.8424020034790243E+00
      32.0000000000000000   1.0000000000000000E+30  -1.7849056190092982E+00
      33.0000000000000000   1.0000000000000000E+30  -1.7306560565233458E+00
      34.0000000000000000   1.0000000000000000E+30  -1.6793930115680262E+00
      35.0000000000000000   1.0000000000000000E+30  -1.6308827830150954E+00
      36.0000000000000000   1.0000000000000000E+30  -1.5849150130510719E+00
      37.0000000000000000   1.0000000000000000E+30  -1.5412998873233299E+00
      38.0000000000000000   1.0000000000000000E+30  -1.4998657225720036E+00
      39.0000000000000000   1.0000000000000000E+30  -1.4604568816238677E+00
      40.0000000000000000   1.0000000000000000E+30  -1.4229319658506052E+00
      41.0000000000000000   1.0000000000000000E+30  -1.3871622435501454E+00
      42.0000000000000000   1.0000000000000000E+30  -1.3530302795568951E+00
      43.0000000000000000   1.0000000000000000E+30  -1.3204287370134129E+00
      44.0000000000000000   1.0000000000000000E+30  -1.2892593268738837E+00
      45.0000000000000000   1.0000000000000000E+30  -1.2594318845441868E+00
      46.0000000000000000   1.0000000000000000E+30  -1.2308635562430128E+00
      47.0000000000000000   1.0000000000000000E+30  -1.2034780803135747E+00
      48.0000000000000000   1.0000000000000000E+30  -1.1772051509222936E+00
      49.0000000000000000   1.0000000000000000E+30  -1.1519798534275580E+00
      50.0000000000000000   1.0000000000000000E+30  -1.1277421622517358E+00
      51.0000000000000000   1.0000000000000000E+30  -1.1044364933942348E+00
      52.0000000000000000   1.0000000000000000E+30  -1.0820113048247688E+00
      53.0000000000000000   1.0000000000000000E+30  -1.0604187389281023E+00
      54.0000000000000000   1.0000000000000000E+30  -1.0396143019628681E+00
      55.0000000000000000   1.0000000000000000E+30  -1.0195565761701926E+00
      56.0000000000000000   1.0000000000000000E+30  -1.0002069607424537E+00
      57.0000000000000000   1.0000000000000000E+30  -9.8152943835371620E-01
      58.0000000000000000   1.0000000000000000E+30  -9.6349036437473212E-01
      59.0000000000000000   1.0000000000000000E+30  -9.4605827625741767E-01
      60.0000000000000000   1.0000000000000000E+30  -9.2920372088566172E-01
      61.0000000000000000   1.0000000000000000E+30  -9.1289909795858826E-01
      62.0000000000000000   1.0000000000000000E+30  -8.9711851770543749E-01
      63.0000000000000000   1.0000000000000000E+30  -8.8183767143330638E-01
      64.0000000000000000   1.0000000000000000E+30  -8.6703371358456416E-01
      65.0000000000000000   1.0000000000000000E+30  -8.5268515413369139E-01
      66.0000000000000000   1.0000000000000000E+30  -8.3877176028663170E-01
      67.0000000000000000   1.0000000000000000E+30  -8.2527446656242942E-01
      68.0000000000000000   1.0000000000000000E+30  -8.1217529243897746E-01
      69.0000000000000000   1.0000000000000000E+30  -7.9945726683436269E-01
      70.0000000000000000   1.0000000000000000E+30  -7.8710435877401996E-01
      71.0000000000000000   1.0000000000000000E+30  -7.7510141366326490E-01
      72.0000000000000000   1.0000000000000000E+30  -7.6343409464595502E-01
      73.0000000000000000   1.0000000000000000E+30  -7.5208882858402570E-01
      74.0000000000000000   1.0000000000000000E+30  -7.4105275624050404E-01
      75.0000000000000000   1.0000000000000000E+30  -7.3031368629094739E-01
      76.0000000000000000   1.0000000000000000E+30  -7.1986005282590082E-01
      77.0000000000000000   1.0000000000000000E+30  -7.0968087604034835E-01
      78.0000000000000000   1.0000000000000000E+30  -6.9976572583598950E-01
      79.0000000000000000   1.0000000000000000E+30  -6.9010468808860981E-01
      80.0000000000000000   1.0000000000000000E+30  -6.8068833335660262E-01
      81.0000000000000000   1.0000000000000000E+30  -6.7150768782780990E-01
      82.0000000000000000   1.0000000000000000E+30  -6.6255420632086259E-01
      83.0000000000000000   1.0000000000000000E+30  -6.5381974717414948E-01
      84.0000000000000000   1.0000000000000000E+30  -6.4529654887086518E-01
      85.0000000000000000   1.0000000000000000E+30  -6.3697720826222182E-01
      86.0000000000000000   1.0000000000000000E+30  -6.2885466026328252E-01
      87.0000000000000000   1.0000000000000000E+30  -6.2092215890700486E-01
      88.0000000000000000   1.0000000000000000E+30  -6.1317325965203695E-01
      89.0000000000000000   1.0000000000000000E+30  -6.0560180284892462E-01
      90.0000000000000000   1.0000000000000000E+30  -5.9820189827751347E-01
      91.0000000000000000   1.0000000000000000E+30  -5.9096791067575338E-01
      92.0000000000000000   1.0000000000000000E+30  -5.8389444618680697E-01
      93.0000000000000000   1.0000000000000000E+30  -5.7697633965744211E-01
      94.0000000000000000   1.0000000000000000E+30  -5.7020864272619209E-01
      95.0000000000000000   1.0000000000000000E+30  -5.6358661264480880E-01
      96.0000000000000000   1.0000000000000000E+30  -5.5710570178104857E-01
      97.0000000000000000   1.0000000000000000E+30  -5.5076154775502129E-01
      98.0000000000000000   1.0000000000000000E+30  -5.4454996416508983E-01
      99.0000000000000000   1.0000000000000000E+30  -5.3846693186275973E-01
     100.0000000000000000   1.0000000000000000E+30  -5.3250859073915890E-01
     110.0000000000000000   1.0000000000000000E+30  -4.7903343713097241E-01
     120.0000000000000000   1.0000000000000000E+30  -4.3471293233843522E-01
     130.0000000000000000   1.0000000000000000E+30  -3.9742105045610554E-01
     140.0000000000000000   1.0000000000000000E+30  -3.6563766123686381E-01
     150.0000000000000000   1.0000000000000000E+30  -3.3824799686396662E-01
     160.0000000000000000   1.0000000000000000E+30  -3.1441659291899826E-01
     170.0000000000000000   1.0000000000000000E+30  -2.9350537996474951E-01
     180.0000000000000000   1.0000000000000000E+30  -2.7501891668307193E-01
     190.0000000000000000   1.0000000000000000E+30  -2.5856684264054430E-01
     200.0000000000000000   1.0000000000000000E+30  -2.4383756200861970E-01
     210.0000000000000000   1.0000000000000000E+30  -2.3057943353151747E-01
     220.0000000000000000   1.0000000000000000E+30  -2.1858708771855315E-01
     230.0000000000000000   1.0000000000000000E+30  -2.0769131525720677E-01
     240.0000000000000000   1.0000000000000000E+30  -1.9775148701516745E-01
     250.0000000000000000   1.0000000000000000E+30  -1.8864979750496266E-01
     260.0000000000000000   1.0000000000000000E+30  -1.8028684097732542E-01
     270.0000000000000000   1.0000000000000000E+30  -1.7257817445607473E-01
     280.0000000000000000   1.0000000000000000E+30  -1.6545162067023886E-01
     290.0000000000000000   1.0000000000000000E+30  -1.5884513194753466E-01
     300.0000000000000000   1.0000000000000000E+30  -1.5270508384929055E-01
     310.0000000000000000   1.0000000000000000E+30  -1.4698490120916036E-01
     320.0000000000000000   1.0000000000000000E+30  -1.4164394359904578E-01
     330.0000000000000000   1.0000000000000000E+30  -1.3664659496518630E-01
     340.0000000000000000   1.0000000000000000E+30  -1.3196151520591948E-01
     350.0000000000000000   1.0000000000000000E+30  -1.2756102113911699E-01
     360.0000000000000000   1.0000000000000000E+30  -1.2342057156231294E-01
     370.0000000000000000   1.0000000000000000E+30  -1.1951833659640122E-01
     380.0000000000000000   1.0000000000000000E+30  -1.1583483568961933E-01
     390.0000000000000000   1.0000000000000000E+30  -1.1235263187636876E-01
     400.0000000000000000   1.0000000000000000E+30  -1.0905607237748047E-01
     410.0000000000000000   1.0000000000000000E+30  -1.0593106757203655E-01
     420.0000000000000000   1.0000000000000000E+30  -1.0296490189661699E-01
     430.0000000000000000   1.0000000000000000E+30  -1.0014607143317245E-01
     440.0000000000000000   1.0000000000000000E+30  -9.7464143904613137E-02
     450.0000000000000000   1.0000000000000000E+30  -9.4909637562761162E-02
     460.0000000000000000   1.0000000000000000E+30  -9.2473916068462003E-02
     470.0000000000000000   1.0000000000000000E+30  -9.0149096960477945E-02
     480.0000000000000000   1.0000000000000000E+30  -8.7927971713030337E-02
     490.0000000000000000   1.0000000000000000E+30  -8.5803935710665552E-02
     500.0000000000000000   1.0000000000000000E+30  -8.3770926738443566E-02
     510.0000000000000000   1.0000000000000000E+30  -8.1823370806988704E-02
     520.0000000000000000   1.0000000000000000E+30  -7.9956134314924557E-02
     530.0000000000000000   1.0000000000000000E+30  -7.8164481702952801E-02
     540.0000000000000000   1.0000000000000000E+30  -7.6444037880123827E-02
     550.0000000000000000   1.0000000000000000E+30  -7.4790754808354162E-02
     560.0000000000000000   1.0000000000000000E+30  -7.3200881719680158E-02
     570.0000000000000000   1.0000000000000000E+30  -7.1670938515123461E-02
     580.0000000000000000   1.0000000000000000E+30  -7.0197691956810984E-02
     590.0000000000000000   1.0000000000000000E+30  -6.8778134318113152E-02
     600.0000000000000000   1.0000000000000000E+30  -6.7409464201670433E-02
     610.0000000000000000   1.0000000000000000E+30  -6.6089069273574455E-02
     620.0000000000000000   1.0000000000000000E+30  -6.4814510694757257E-02
     630.0000000000000000   1.0000000000000000E+30  -6.3583509058706689E-02
     640.0000000000000000   1.0000000000000000E+30  -6.2393931668718400E-02
     650.0000000000000000   1.0000000000000000E+30  -6.1243781008621295E-02
     660.0000000000000000   1.0000000000000000E+30  -6.0131184278795720E-02
     670.0000000000000000   1.0000000000000000E+30  -5.9054383884760135E-02
     680.0000000000000000   1.0000000000000000E+30  -5.8011728779001161E-02
     690.0000000000000000   1.0000000000000000E+30  -5.7001666568354717E-02
     700.0000000000000000   1.0000000000000000E+30  -5.6022736309373461E-02
     710.0000000000000000   1.0000000000000000E+30  -5.5073561922947108E-02
     720.0000000000000000   1.0000000000000000E+30  -5.4152846167161407E-02
     730.0000000000000000   1.0000000000000000E+30  -5.3259365114140020E-02
     740.0000000000000000   1.0000000000000000E+30  -5.2391963082541300E-02
     750.0000000000000000   1.0000000000000000E+30  -5.1549547982597810E-02
     760.0000000000000000   1.0000000000000000E+30  -5.0731087035169709E-02
     770.0000000000000000   1.0000000000000000E+30  -4.9935602830335567E-02
     780.0000000000000000   1.0000000000000000E+30  -4.9162169694617890E-02
     790.0000000000000000   1.0000000000000000E+30  -4.8409910339106417E-02
     800.0000000000000000   1.0000000000000000E+30  -4.7677992763547908E-02
     810.0000000000000000   1.0000000000000000E+30  -4.6965627393962317E-02
     820.0000000000000000   1.0000000000000000E+30  -4.6272064433559849E-02
     830.0000000000000000   1.0000000000000000E+30  -4.5596591408706429E-02
     840.0000000000000000   1.0000000000000000E+30  -4.4938530893442935E-02
     850.0000000000000000   1.0000000000000000E+30  -4.4297238397636794E-02
     860.0000000000000000   1.0000000000000000E+30  -4.3672100405246751E-02
     870.0000000000000000   1.0000000000000000E+30  -4.3062532550441936E-02
     880.0000000000000000   1.0000000000000000E+30  -4.2467977920443600E-02
     890.0000000000000000   1.0000000000000000E+30  -4.1887905474970774E-02
     900.0000000000000000   1.0000000000000000E+30  -4.1321808573082111E-02
     910.0000000000000000   1.0000000000000000E+30  -4.0769203599025222E-02
     920.0000000000000000   1.0000000000000000E+30  -4.0229628679444615E-02
     930.0000000000000000   1.0000000000000000E+30  -3.9702642484963607E-02
     940.0000000000000000   1.0000000000000000E+30  -3.9187823109760107E-02
     950.0000000000000000   1.0000000000000000E+30  -3.8684767023297977E-02
     960.0000000000000000   1.0000000000000000E+30  -3.8193088088870147E-02
     970.0000000000000000   1.0000000000000000E+30  -3.7712416644055585E-02
     980.0000000000000000   1.0000000000000000E+30  -3.7242398638596172E-02
     990.0000000000000000   1.0000000000000000E+30  -3.6782694825570492E-02
    1000.0000000000000000   1.0000000000000000E+30  -3.6332980002070747E-02
    1100.0000000000000000   1.0000000000000000E+30  -3.2322414048374611E-02
    1200.0000000000000000   1.0000000000000000E+30  -2.9034485573030053E-02
    1300.0000000000000000   1.0000000000000000E+30  -2.6294616593772267E-02
    1400.0000000000000000   1.0000000000000000E+30  -2.3979686855491511E-02
    1500.0000000000000000   1.0000000000000000E+30  -2.2000483100502170E-02
    1600.0000000000000000   1.0000000000000000E+30  -2.0290847943247894E-02
    1700.0000000000000000   1.0000000000000000E+30  -1.8800730027141693E-02
    1800.0000000000000000   1.0000000000000000E+30  -1.7491595554986281E-02
    1900.0000000000000000   1.0000000000000000E+30  -1.6333317683429830E-02
    2000.0000000000000000   1.0000000000000000E+30  -1.5302018217499444E-02
    2100.0000000000000000   1.0000000000000000E+30  -1.4378538919198632E-02
    2200.0000000000000000   1.0000000000000000E+30  -1.3547338694224989E-02
    2300.0000000000000000   1.0000000000000000E+30  -1.2795684785204898E-02
    2400.0000000000000000   1.0000000000000000E+30  -1.2113050693110944E-02
    2500.0000000000000000   1.0000000000000000E+30  -1.1490661891267639E-02
    2600.0000000000000000   1.0000000000000000E+30  -1.0921148804808012E-02
    2700.0000000000000000   1.0000000000000000E+30  -1.0398278721859775E-02
    2800.0000000000000000   1.0000000000000000E+30  -9.9167465253970650E-03
    2900.0000000000000000   1.0000000000000000E+30  -9.4720097713418723E-03
    3000.0000000000000000   1.0000000000000000E+30  -9.0601575611114812E-03
    3100.0000000000000000   1.0000000000000000E+30  -8.6778054248169579E-03
    3200.0000000000000000   1.0000000000000000E+30  -8.3220104098613874E-03
    3300.0000000000000000   1.0000000000000000E+30  -7.9902020009173704E-03
    3400.0000000000000000   1.0000000000000000E+30  -7.6801255441465016E-03
    3500.0000000000000000   1.0000000000000000E+30  -7.3897956222532387E-03
    3600.0000000000000000   1.0000000000000000E+30  -7.1174574043862352E-03
    3700.0000000000000000   1.0000000000000000E+30  -6.8615544297506758E-03
    3800.0000000000000000   1.0000000000000000E+30  -6.6207016140866467E-03
    3900.0000000000000000   1.0000000000000000E+30  -6.3936625210645253E-03
    4000.0000000000000000   1.0000000000000000E+30  -6.1793301357572468E-03
    4100.0000000000000000   1.0000000000000000E+30  -5.9767105289557634E-03
    4200.0000000000000000   1.0000000000000000E+30  -5.7849089196977382E-03
    4300.0000000000000000   1.0000000000000000E+30  -5.6031177367611672E-03
    4400.0000000000000000   1.0000000000000000E+30  -5.4306063538468209E-03
    4500.0000000000000000   1.0000000000000000E+30  -5.2667122321097071E-03
    4600.0000000000000000   1.0000000000000000E+30  -5.1108332509154806E-03
    4700.0000000000000000   1.0000000000000000E+30  -4.9624210457220631E-03
    4800.0000000000000000   1.0000000000000000E+30  -4.8209752027625489E-03
    4900.0000000000000000   1.0000000000000000E+30  -4.6860381852333443E-03
    5000.0000000000000000   1.0000000000000000E+30  -4.5571908861378957E-03
    5100.0000000000000000   1.0000000000000000E+30  -4.4340487197129545E-03
    5200.0000000000000000   1.0000000000000000E+30  -4.3162581771872786E-03
    5300.0000000000000000   1.0000000000000000E+30  -4.2034937840580390E-03
    5400.0000000000000000   1.0000000000000000E+30  -4.0954554055657039E-03
    5500.0000000000000000   1.0000000000000000E+30  -3.9918658549634870E-03
    5600.0000000000000000   1.0000000000000000E+30  -3.8924687657976693E-03
    5700.0000000000000000   1.0000000000000000E+30  -3.7970266949713598E-03
    5800.0000000000000000   1.0000000000000000E+30  -3.7053194280436633E-03
    5900.0000000000000000   1.0000000000000000E+30  -3.6171424621679830E-03
    6000.0000000000000000   1.0000000000000000E+30  -3.5323056454224667E-03
    6100.0000000000000000   1.0000000000000000E+30  -3.4506319541308316E-03
    6200.0000000000000000   1.0000000000000000E+30  -3.3719563921974457E-03
    6300.0000000000000000   1.0000000000000000E+30  -3.2961249985523256E-03
    6400.0000000000000000   1.0000000000000000E+30  -3.2229939505775177E-03
    6500.0000000000000000   1.0000000000000000E+30  -3.1524287529113410E-03
    6600.0000000000000000   1.0000000000000000E+30  -3.0843035023402597E-03
    6700.0000000000000000   1.0000000000000000E+30  -3.0185002206215713E-03
    6800.0000000000000000   1.0000000000000000E+30  -2.9549082480610509E-03
    6900.0000000000000000   1.0000000000000000E+30  -2.8934236915197742E-03
    7000.0000000000000000   1.0000000000000000E+30  -2.8339489212635422E-03
    7100.0000000000000000   1.0000000000000000E+30  -2.7763921117116234E-03
    7200.0000000000000000   1.0000000000000000E+30  -2.7206668217032194E-03
    7300.0000000000000000   1.0000000000000000E+30  -2.6666916103909306E-03
    7400.0000000000000000   1.0000000000000000E+30  -2.6143896853006261E-03
    7500.0000000000000000   1.0000000000000000E+30  -2.5636885794745848E-03
    7600.0000000000000000   1.0000000000000000E+30  -2.5145198549467217E-03
    7700.0000000000000000   1.0000000000000000E+30  -2.4668188300910536E-03
    7800.0000000000000000   1.0000000000000000E+30  -2.4205243286425293E-03
    7900.0000000000000000   1.0000000000000000E+30  -2.3755784484173277E-03
    8000.0000000000000000   1.0000000000000000E+30  -2.3319263479615756E-03
    8100.0000000000000000   1.0000000000000000E+30  -2.2895160495364614E-03
    8200.0000000000000000   1.0000000000000000E+30  -2.2482982570065256E-03
    8300.0000000000000000   1.0000000000000000E+30  -2.2082261873394141E-03
    8400.0000000000000000   1.0000000000000000E+30  -2.1692554145511535E-03
    8500.0000000000000000   1.0000000000000000E+30  -2.1313437250434584E-03
    8600.0000000000000000   1.0000000000000000E+30  -2.0944509833797005E-03
    8700.0000000000000000   1.0000000000000000E+30  -2.0585390076361299E-03
    8800.0000000000000000   1.0000000000000000E+30  -2.0235714535451091E-03
    8900.0000000000000000   1.0000000000000000E+30  -1.9895137067192877E-03
    9000.0000000000000000   1.0000000000000000E+30  -1.9563327823103483E-03
    9100.0000000000000000   1.0000000000000000E+30  -1.9239972315141620E-03
    9200.0000000000000000   1.0000000000000000E+30  -1.8924770543864737E-03
    9300.0000000000000000   1.0000000000000000E+30  -1.8617436184805716E-03
    9400.0000000000000000   1.0000000000000000E+30  -1.8317695828609039E-03
    9500.0000000000000000   1.0000000000000000E+30  -1.8025288270850550E-03
    9600.0000000000000000   1.0000000000000000E+30  -1.7739963847813775E-03
    9700.0000000000000000   1.0000000000000000E+30  -1.7461483814809786E-03
    9800.0000000000000000   1.0000000000000000E+30  -1.7189619763913237E-03
    9900.0000000000000000   1.0000000000000000E+30  -1.6924153078246476E-03
   10000.0000000000000000   1.0000000000000000E+30  -1.6664874420178268E-03
   11000.0000000000000000   1.0000000000000000E+30  -1.4372129494405214E-03
   12000.0000000000000000   1.0000000000000000E+30  -1.2521493345960871E-03
   13000.0000000000000000   1.0000000000000000E+30  -1.1002374634490912E-03
   14000.0000000000000000   1.0000000000000000E+30  -9.7375263835160512E-04
   15000.0000000000000000   1.0000000000000000E+30  -8.6714831148714964E-04
   16000.0000000000000000   1.0000000000000000E+30  -7.7634693806704800E-04
   17000.0000000000000000   1.0000000000000000E+30  -6.9828922295442841E-04
   18000.0000000000000000   1.0000000000000000E+30  -6.3063865131326991E-04
   19000.0000000000000000   1.0000000000000000E+30  -5.7158254861096596E-04
   20000.0000000000000000   1.0000000000000000E+30  -5.1969494379647350E-04
   21000.0000000000000000   1.0000000000000000E+30  -4.7384004429283535E-04
   22000.0000000000000000   1.0000000000000000E+30  -4.3310302068991978E-04
   23000.0000000000000000   1.0000000000000000E+30  -3.9673953885666362E-04
   24000.0000000000000000   1.0000000000000000E+30  -3.6413840273948961E-04
   25000.0000000000000000   1.0000000000000000E+30  -3.3479352108185231E-04
   26000.0000000000000000   1.0000000000000000E+30  -3.0828260696635782E-04
   27000.0000000000000000   1.0000000000000000E+30  -2.8425080733246488E-04
   28000.0000000000000000   1.0000000000000000E+30  -2.6239798875882345E-04
   29000.0000000000000000   1.0000000000000000E+30  -2.4246876692149443E-04
   30000.0000000000000000   1.0000000000000000E+30  -2.2424461737170987E-04
