       1.0000000000000000   1.0000000000000000E+30   0.0000000000000000E+00
       2.0000000000000000   1.0000000000000000E+30  -6.9690679502285036E-01
       3.0000000000000000   1.0000000000000000E+30  -8.8110691270902874E-01
       4.0000000000000000   1.0000000000000000E+30  -8.2400520721134085E-01
       5.0000000000000000   1.0000000000000000E+30  -7.1494832810355580E-01
       6.0000000000000000   1.0000000000000000E+30  -6.0587716140090531E-01
       7.0000000000000000   1.0000000000000000E+30  -5.0963356744476285E-01
       8.0000000000000000   1.0000000000000000E+30  -4.2788359472167325E-01
       9.0000000000000000   1.0000000000000000E+30  -3.5920492389451109E-01
      10.0000000000000000   1.0000000000000000E+30  -3.0154417274349254E-01
      11.0000000000000000   1.0000000000000000E+30  -2.5295477057510823E-01
      12.0000000000000000   1.0000000000000000E+30  -2.1178387853672961E-01
      13.0000000000000000   1.0000000000000000E+30  -1.7668307280342876E-01
      14.0000000000000000   1.0000000000000000E+30  -1.4656825111896399E-01
      15.0000000000000000   1.0000000000000000E+30  -1.2057092966806562E-01
      16.0000000000000000   1.0000000000000000E+30  -9.7994178048337280E-02
      17.0000000000000000   1.0000000000000000E+30  -7.8276327029713558E-02
      18.0000000000000000   1.0000000000000000E+30  -6.0962201423120276E-02
      19.0000000000000000   1.0000000000000000E+30  -4.5680679508996409E-02
      20.0000000000000000   1.0000000000000000E+30  -3.2127282341522186E-02
      21.0000000000000000   1.0000000000000000E+30  -2.0050664846506767E-02
      22.0000000000000000   1.0000000000000000E+30  -9.2421026510741966E-03
      23.0000000000000000   1.0000000000000000E+30   4.7272775755768319E-04
      24.0000000000000000   1.0000000000000000E+30   9.2402113293383516E-03
      25.0000000000000000   1.0000000000000000E+30   1.7183905251518340E-02
      26.0000000000000000   1.0000000000000000E+30   2.4408605608477546E-02
      27.0000000000000000   1.0000000000000000E+30   3.1003602985017434E-02
      28.0000000000000000   1.0000000000000000E+30   3.7045304415852992E-02
      29.0000000000000000   1.0000000000000000E+30   4.2599357338972868E-02
      30.0000000000000000   1.0000000000000000E+30   4.7722379838581887E-02
      31.0000000000000000   1.0000000000000000E+30   5.2463377796974763E-02
      32.0000000000000000   1.0000000000000000E+30   5.6864911637790470E-02
      33.0000000000000000   7.4397822789803895E+03   6.0964061678248763E-02
      34.0000000000000000   3.6436880329856704E+03   6.4793230640942640E-02
      35.0000000000000000   2.3895794630356349E+03   6.8380813813590013E-02
      36.0000000000000000   1.7692435214535735E+03   7.1751761100594905E-02
      37.0000000000000000   1.4013880861458963E+03   7.4928050346783598E-02
      38.0000000000000000   1.1591207141047691E+03   7.7929087505178990E-02
      39.0000000000000000   9.8818512430288274E+02   8.0772046222461813E-02
      40.0000000000000000   8.6153415913566380E+02   8.3472157043214895E-02
      41.0000000000000000   7.6419538310346616E+02   8.6042954547148706E-02
      42.0000000000000000   6.8722206182848299E+02   8.8496489225540292E-02
      43.0000000000000000   6.2494652978207830E+02   9.0843509692345836E-02
      44.0000000000000000   5.7360872937907629E+02   9.3093619848811676E-02
      45.0000000000000000   5.3061894005978991E+02   9.5255414829244267E-02
      46.0000000000000000   4.9413728525935215E+02   9.7336598911912389E-02
      47.0000000000000000   4.6282198352552354E+02   9.9344088053244323E-02
      48.0000000000000000   4.3567238410210336E+02   1.0128409927225994E-01
      49.0000000000000000   4.1192766822571741E+02   1.0316222875718428E-01
      50.0000000000000000   3.9099950709943926E+02   1.0498352027287142E-01
      51.0000000000000000   3.7242612375296267E+02   1.0675252520446799E-01
      52.0000000000000000   3.5584023759884724E+02   1.0847335537039192E-01
      53.0000000000000000   3.4094624286513391E+02   1.1014972956879948E-01
      54.0000000000000000   3.2750366751839499E+02   1.1178501468026932E-01
      55.0000000000000000   3.1531499003133928E+02   1.1338226203062388E-01
      56.0000000000000000   3.0421653469937445E+02   1.1494423961772780E-01
      57.0000000000000000   2.9407157735839843E+02   1.1647346072152318E-01
      58.0000000000000000   2.8476506176613725E+02   1.1797220934494160E-01
      59.0000000000000000   2.7619950555386930E+02   1.1944256287245081E-01
      60.0000000000000000   2.6829179566699867E+02   1.2088641228118163E-01
      61.0000000000000000   2.6097065651641788E+02   1.2230548019531109E-01
      62.0000000000000000   2.5417463226355699E+02   1.2370133703650807E-01
      63.0000000000000000   2.4785046588386115E+02   1.2507541549075038E-01
      64.0000000000000000   2.4195178722074567E+02   1.2642902348388305E-01
      65.0000000000000000   2.3643804370000001E+02   1.2776335583420831E-01
      66.0000000000000000   2.3127362311816208E+02   1.2907950472960739E-01
      67.0000000000000000   2.2642712958751486E+02   1.3037846915870188E-01
      68.0000000000000000   2.2187078245227340E+02   1.3166116340995260E-01
      69.0000000000000000   2.1757991458314532E+02   1.3292842473905186E-01
      70.0000000000000000   2.1353255147677777E+02   1.3418102029316017E-01
      71.0000000000000000   2.0970905643839413E+02   1.3541965337024300E-01
      72.0000000000000000   2.0609183010382475E+02   1.3664496908279028E-01
      73.0000000000000000   2.0266505487566170E+02   1.3785755948732603E-01
      74.0000000000000000   1.9941447666545176E+02   1.3905796823422018E-01
      75.0000000000000000   1.9632721776711747E+02   1.4024669478627405E-01
      76.0000000000000000   1.9339161582402758E+02   1.4142419824921329E-01
      77.0000000000000000   1.9059708475963399E+02   1.4259090085254181E-01
      78.0000000000000000   1.8793399426968332E+02   1.4374719111507944E-01
      79.0000000000000000   1.8539356506118310E+02   1.4489342672584535E-01
      80.0000000000000000   1.8296777749916004E+02   1.4602993716772045E-01
      81.0000000000000000   1.8064929170971621E+02   1.4715702610847003E-01
      82.0000000000000000   1.7843137750479420E+02   1.4827497358114997E-01
      83.0000000000000000   1.7630785275437952E+02   1.4938403797368882E-01
      84.0000000000000000   1.7427302904658083E+02   1.5048445784541370E-01
      85.0000000000000000   1.7232166365381977E+02   1.5157645358651253E-01
      86.0000000000000000   1.7044891697115145E+02   1.5266022893483411E-01
      87.0000000000000000   1.6865031471601995E+02   1.5373597236300635E-01
      88.0000000000000000   1.6692171428196673E+02   1.5480385834757532E-01
      89.0000000000000000   1.6525927472550214E+02   1.5586404853075481E-01
      90.0000000000000000   1.6365942993840693E+02   1.5691669278433173E-01
      91.0000000000000000   1.6211886461949061E+02   1.5796193018438234E-01
      92.0000000000000000   1.6063449271219142E+02   1.5899988990463274E-01
      93.0000000000000000   1.5920343801893222E+02   1.6003069203554923E-01
      94.0000000000000000   1.5782301674111145E+02   1.6105444833561011E-01
      95.0000000000000000   1.5649072172607436E+02   1.6207126292058338E-01
      96.0000000000000000   1.5520420823023750E+02   1.6308123289612866E-01
      97.0000000000000000   1.5396128103145938E+02   1.6408444893854499E-01
      98.0000000000000000   1.5275988274435622E+02   1.6508099582804589E-01
      99.0000000000000000   1.5159808321005664E+02   1.6607095293856614E-01
     100.0000000000000000   1.5047406984729406E+02   1.6705439468772998E-01
     110.0000000000000000   1.4098196306617101E+02   1.7654403137727551E-01
     120.0000000000000000   1.3388758689681268E+02   1.8543958917108905E-01
     130.0000000000000000   1.2843792840326498E+02   1.9377574265375069E-01
     140.0000000000000000   1.2416567316903043E+02   2.0157971373322087E-01
     150.0000000000000000   1.2076549169179798E+02   2.0887621845779150E-01
     160.0000000000000000   1.1802943437009631E+02   2.1568936032140945E-01
     170.0000000000000000   1.1581094764565283E+02   2.2204319210941156E-01
     180.0000000000000000   1.1400374607837297E+02   2.2796172718716681E-01
     190.0000000000000000   1.1252884906493043E+02   2.3346875381084997E-01
     200.0000000000000000   1.1132632494848471E+02   2.3858760833143614E-01
     210.0000000000000000   1.1034986213469504E+02   2.4334097113240860E-01
     220.0000000000000000   1.0956309864849791E+02   2.4775070675060176E-01
     230.0000000000000000   1.0893707944334562E+02   2.5183775080901205E-01
     240.0000000000000000   1.0844845668879080E+02   2.5562203875333428E-01
     250.0000000000000000   1.0807819134107568E+02   2.5912246896338992E-01
     260.0000000000000000   1.0781060019035318E+02   2.6235689271717699E-01
     270.0000000000000000   1.0763264559084257E+02   2.6534212432797660E-01
     280.0000000000000000   1.0753339862672745E+02   2.6809396589870760E-01
     290.0000000000000000   1.0750362817723415E+02   2.7062724224933932E-01
     300.0000000000000000   1.0753548268401212E+02   2.7295584255559302E-01
     310.0000000000000000   1.0762224107236403E+02   2.7509276605707633E-01
     320.0000000000000000   1.0775811588076161E+02   2.7705016985439063E-01
     330.0000000000000000   1.0793809624260197E+02   2.7883941733673528E-01
     340.0000000000000000   1.0815782160027632E+02   2.8047112618701464E-01
     350.0000000000000000   1.0841347934386074E+02   2.8195521522270939E-01
     360.0000000000000000   1.0870172123926439E+02   2.8330094956725022E-01
     370.0000000000000000   1.0901959473435214E+02   2.8451698382456581E-01
     380.0000000000000000   1.0936448613642416E+02   2.8561140306209681E-01
     390.0000000000000000   1.0973407333022575E+02   2.8659176150523524E-01
     400.0000000000000000   1.1012628621508935E+02   2.8746511891720367E-01
     410.0000000000000000   1.1053927342719592E+02   2.8823807468912671E-01
     420.0000000000000000   1.1097137420994800E+02   2.8891679970045220E-01
     430.0000000000000000   1.1142109452492944E+02   2.8950706603378562E-01
     440.0000000000000000   1.1188708667452990E+02   2.9001427464347113E-01
     450.0000000000000000   1.1236813184728166E+02   2.9044348108615609E-01
     460.0000000000000000   1.1286312510736451E+02   2.9079941942581472E-01
     470.0000000000000000   1.1337106243736612E+02   2.9108652442654109E-01
     480.0000000000000000   1.1389102951334719E+02   2.9130895214486496E-01
     490.0000000000000000   1.1442219194742846E+02   2.9147059903010630E-01
     500.0000000000000000   1.1496378677845139E+02   2.9157511963693872E-01
     510.0000000000000000   1.1551511502803831E+02   2.9162594304927031E-01
     520.0000000000000000   1.1607553516935400E+02   2.9162628810909658E-01
     530.0000000000000000   1.1664445738041714E+02   2.9157917753834478E-01
     540.0000000000000000   1.1722133847400119E+02   2.9148745103607820E-01
     550.0000000000000000   1.1780567741283843E+02   2.9135377742787610E-01
     560.0000000000000000   1.1839701133267263E+02   2.9118066593882208E-01
     570.0000000000000000   1.1899491200721771E+02   2.9097047665640324E-01
     580.0000000000000000   1.1959898269870217E+02   2.9072543024471115E-01
     590.0000000000000000   1.2020885534574708E+02   2.9044761696675364E-01
     600.0000000000000000   1.2082418804711276E+02   2.9013900506735185E-01
     610.0000000000000000   1.2144466280558476E+02   2.8980144856505946E-01
     620.0000000000000000   1.2206998350112030E+02   2.8943669449780857E-01
     630.0000000000000000   1.2269987406650404E+02   2.8904638966347057E-01
     640.0000000000000000   1.2333407684227232E+02   2.8863208689332603E-01
     650.0000000000000000   1.2397235109067107E+02   2.8819525089343107E-01
     660.0000000000000000   1.2461447165098177E+02   2.8773726368613595E-01
     670.0000000000000000   1.2526022772076165E+02   2.8725942968145990E-01
     680.0000000000000000   1.2590942174944733E+02   2.8676298040569587E-01
     690.0000000000000000   1.2656186843241406E+02   2.8624907891248125E-01
     700.0000000000000000   1.2721739379500421E+02   2.8571882389956860E-01
     710.0000000000000000   1.2787583435727511E+02   2.8517325355273510E-01
     720.0000000000000000   1.2853703637128470E+02   2.8461334913659053E-01
     730.0000000000000000   1.2920085512367237E+02   2.8404003835050395E-01
     740.0000000000000000   1.2986715429710512E+02   2.8345419846647302E-01
     750.0000000000000000   1.3053580538487452E+02   2.8285665926443820E-01
     760.0000000000000000   1.3120668715355646E+02   2.8224820577939025E-01
     770.0000000000000000   1.3187968514919288E+02   2.8162958087348033E-01
     780.0000000000000000   1.3255469124294211E+02   2.8100148764538163E-01
     790.0000000000000000   1.3323160321256725E+02   2.8036459168818861E-01
     800.0000000000000000   1.3391032435651064E+02   2.7971952320630844E-01
     810.0000000000000000   1.3459076313763634E+02   2.7906687900102300E-01
     820.0000000000000000   1.3527283285401478E+02   2.7840722433365639E-01
     830.0000000000000000   1.3595645133438927E+02   2.7774109467464286E-01
     840.0000000000000000   1.3664154065619465E+02   2.7706899734617296E-01
     850.0000000000000000   1.3732802688420642E+02   2.7639141306552567E-01
     860.0000000000000000   1.3801583982808390E+02   2.7570879739569026E-01
     870.0000000000000000   1.3870491281723588E+02   2.7502158210939209E-01
     880.0000000000000000   1.3939518249158451E+02   2.7433017647220720E-01
     890.0000000000000000   1.4008658860693572E+02   2.7363496845003121E-01
     900.0000000000000000   1.4077907385378370E+02   2.7293632584581162E-01
     910.0000000000000000   1.4147258368848171E+02   2.7223459737008565E-01
     920.0000000000000000   1.4216706617580891E+02   2.7153011364956336E-01
     930.0000000000000000   1.4286247184204828E+02   2.7082318817769080E-01
     940.0000000000000000   1.4355875353776759E+02   2.7011411821085723E-01
     950.0000000000000000   1.4425586630956798E+02   2.6940318561365939E-01
     960.0000000000000000   1.4495376728012400E+02   2.6869065765639982E-01
     970.0000000000000000   1.4565241553590016E+02   2.6797678776777767E-01
     980.0000000000000000   1.4635177202197875E+02   2.6726181624554002E-01
     990.0000000000000000   1.4705179944348006E+02   2.6654597092765930E-01
    1000.0000000000000000   1.4775246217310158E+02   2.6582946782644751E-01
    1100.0000000000000000   1.5478722666476716E+02   2.5866843393225353E-01
    1200.0000000000000000   1.6185594472201703E+02   2.5161087488144995E-01
    1300.0000000000000000   1.6894067729942643E+02   2.4474736346974213E-01
    1400.0000000000000000   1.7602941135243120E+02   2.3812756324898834E-01
    1500.0000000000000000   1.8311396735922125E+02   2.3177592600734520E-01
    1600.0000000000000000   1.9018871715153486E+02   2.2570130954128581E-01
    1700.0000000000000000   1.9724977089443493E+02   2.1990297206777690E-01
    1800.0000000000000000   2.0429444638445884E+02   2.1437435804116822E-01
    1900.0000000000000000   2.1132091393677516E+02   2.0910551151476109E-01
    2000.0000000000000000   2.1832795363722846E+02   2.0408462256563906E-01
    2100.0000000000000000   2.2531478630753389E+02   1.9929901858146415E-01
    2200.0000000000000000   2.3228095389251374E+02   1.9473579612764016E-01
    2300.0000000000000000   2.3922623362662839E+02   1.9038221814729372E-01
    2400.0000000000000000   2.4615057568571123E+02   1.8622595707656278E-01
    2500.0000000000000000   2.5305405741717624E+02   1.8225523652183639E-01
    2600.0000000000000000   2.5993684943336973E+02   1.7845890622296343E-01
    2700.0000000000000000   2.6679919029794257E+02   1.7482647338107027E-01
    2800.0000000000000000   2.7364136750492753E+02   1.7134810577774678E-01
    2900.0000000000000000   2.8046370311139373E+02   1.6801461703506163E-01
    3000.0000000000000000   2.8726654284188936E+02   1.6481744096854414E-01
    3100.0000000000000000   2.9405024780343422E+02   1.6174859969601330E-01
    3200.0000000000000000   3.0081518817725032E+02   1.5880066861390102E-01
    3300.0000000000000000   3.0756173841658909E+02   1.5596674029725333E-01
    3400.0000000000000000   3.1429027359830036E+02   1.5324038865969347E-01
    3500.0000000000000000   3.2100116666235596E+02   1.5061563421834828E-01
    3600.0000000000000000   3.2769478633746058E+02   1.4808691097402482E-01
    3700.0000000000000000   3.3437149559846733E+02   1.4564903518992889E-01
    3800.0000000000000000   3.4103165053700832E+02   1.4329717619953172E-01
    3900.0000000000000000   3.4767559955371121E+02   1.4102682927287427E-01
    4000.0000000000000000   3.5430368280088044E+02   1.3883379050478517E-01
    4100.0000000000000000   3.6091623182020118E+02   1.3671413364718213E-01
    4200.0000000000000000   3.6751356933209138E+02   1.3466418878315553E-01
    4300.0000000000000000   3.7409600914266235E+02   1.3268052272756281E-01
    4400.0000000000000000   3.8066385614149482E+02   1.3075992103364836E-01
    4500.0000000000000000   3.8721740636910090E+02   1.2889937148513494E-01
    4600.0000000000000000   3.9375694713737835E+02   1.2709604895650162E-01
    4700.0000000000000000   4.0028275718985242E+02   1.2534730152947920E-01
    4800.0000000000000000   4.0679510689125533E+02   1.2365063776031288E-01
    4900.0000000000000000   4.1329425843817552E+02   1.2200371499943745E-01
    5000.0000000000000000   4.1978046608424006E+02   1.2040432867249730E-01
    5100.0000000000000000   4.2625397637467194E+02   1.1885040243884019E-01
    5200.0000000000000000   4.3271502838616169E+02   1.1733997915056811E-01
    5300.0000000000000000   4.3916385396887415E+02   1.1587121254180814E-01
    5400.0000000000000000   4.4560067798810690E+02   1.1444235958404343E-01
    5500.0000000000000000   4.5202571856368786E+02   1.1305177344907263E-01
    5600.0000000000000000   4.5843918730563990E+02   1.1169789702644833E-01
    5700.0000000000000000   4.6484128954501040E+02   1.1037925694709344E-01
    5800.0000000000000000   4.7123222455904244E+02   1.0909445806922101E-01
    5900.0000000000000000   4.7761218579010551E+02   1.0784217838671872E-01
    6000.0000000000000000   4.8398136105797857E+02   1.0662116432382479E-01
    6100.0000000000000000   4.9033993276522898E+02   1.0543022638325139E-01
    6200.0000000000000000   4.9668807809554971E+02   1.0426823511792405E-01
    6300.0000000000000000   5.0302596920500122E+02   1.0313411739923767E-01
    6400.0000000000000000   5.0935377340618459E+02   1.0202685295720028E-01
    6500.0000000000000000   5.1567165334542142E+02   1.0094547117006776E-01
    6600.0000000000000000   5.2197976717306585E+02   9.9889048083096260E-02
    6700.0000000000000000   5.2827826870709669E+02   9.8856703637865750E-02
    6800.0000000000000000   5.3456730759017285E+02   9.7847599095280291E-02
    6900.0000000000000000   5.4084702944034348E+02   9.6860934636847640E-02
    7000.0000000000000000   5.4711757599562065E+02   9.5895947130193296E-02
    7100.0000000000000000   5.5337908525262674E+02   9.4951908045989811E-02
    7200.0000000000000000   5.5963169159953725E+02   9.4028121514593083E-02
    7300.0000000000000000   5.6587552594353338E+02   9.3123922511680807E-02
    7400.0000000000000000   5.7211071583298542E+02   9.2238675163104675E-02
    7500.0000000000000000   5.7833738557458048E+02   9.1371771159991108E-02
    7600.0000000000000000   5.8455565634560401E+02   9.0522628275880049E-02
    7700.0000000000000000   5.9076564630158327E+02   8.9690688978373262E-02
    7800.0000000000000000   5.9696747067949036E+02   8.8875419128383606E-02
    7900.0000000000000000   6.0316124189669904E+02   8.8076306760642320E-02
    8000.0000000000000000   6.0934706964588202E+02   8.7292860939635772E-02
    8100.0000000000000000   6.1552506098603044E+02   8.6524610685610723E-02
    8200.0000000000000000   6.2169532042976573E+02   8.5771103965715023E-02
    8300.0000000000000000   6.2785795002711211E+02   8.5031906745730093E-02
    8400.0000000000000000   6.3401304944588776E+02   8.4306602098207631E-02
    8500.0000000000000000   6.4016071604886690E+02   8.3594789363147612E-02
    8600.0000000000000000   6.4630104496786123E+02   8.2896083357653125E-02
    8700.0000000000000000   6.5243412917485398E+02   8.2210113631267651E-02
    8800.0000000000000000   6.5856005955032538E+02   8.1536523763952692E-02
    8900.0000000000000000   6.6467892494889270E+02   8.0874970703888591E-02
    9000.0000000000000000   6.7079081226238645E+02   8.0225124142493165E-02
    9100.0000000000000000   6.7689580648047763E+02   7.9586665924244057E-02
    9200.0000000000000000   6.8299399074896746E+02   7.8959289489067830E-02
    9300.0000000000000000   6.8908544642583956E+02   7.8342699345219952E-02
    9400.0000000000000000   6.9517025313517911E+02   7.7736610570729919E-02
    9500.0000000000000000   7.0124848881905098E+02   7.7140748341623558E-02
    9600.0000000000000000   7.0732022978742680E+02   7.6554847485259092E-02
    9700.0000000000000000   7.1338555076624709E+02   7.5978652057232157E-02
    9800.0000000000000000   7.1944452494369989E+02   7.5411914940412314E-02
    9900.0000000000000000   7.2549722401479573E+02   7.4854397464769587E-02
   10000.0000000000000000   7.3154371822430880E+02   7.4305869046747033E-02
   11000.0000000000000000   7.9168188843146243E+02   6.9269399964333955E-02
   12000.0000000000000000   8.5126749436188322E+02   6.4926984333361429E-02
   13000.0000000000000000   9.1035215425866613E+02   6.1140720094213695E-02
   14000.0000000000000000   9.6897932587866774E+02   5.7807402159542214E-02
   15000.0000000000000000   1.0271860420136293E+03   5.4848186633314949E-02
   16000.0000000000000000   1.0850041959694297E+03   5.2201755286681868E-02
   17000.0000000000000000   1.1424615117616647E+03   4.9819668363793923E-02
   18000.0000000000000000   1.1995822887685188E+03   4.7663127840523054E-02
   19000.0000000000000000   1.2563879819472559E+03   4.5700674447761158E-02
   20000.0000000000000000   1.3128976600872625E+03   4.3906517715193369E-02
   21000.0000000000000000   1.3691283721829095E+03   4.2259304325286226E-02
   22000.0000000000000000   1.4250954436043837E+03   4.0741195768680932E-02
   23000.0000000000000000   1.4808127179357848E+03   3.9337168028766335E-02
   24000.0000000000000000   1.5362927562661164E+03   3.8034473137776761E-02
   25000.0000000000000000   1.5915470028023885E+03   3.6822220423626463E-02
   26000.0000000000000000   1.6465859235608586E+03   3.5691047407716558E-02
   27000.0000000000000000   1.7014191233406204E+03   3.4632858653329282E-02
   28000.0000000000000000   1.7560554450300488E+03   3.3640616681801828E-02
   29000.0000000000000000   1.8105030544289345E+03   3.2708173190333423E-02
   30000.0000000000000000   1.8647695131096800E+03   3.1830131756963809E-02
