       0.1000000000000000   3.0802748605573665E+01   9.4842544444760104E-04
       0.2000000000000000   2.6963359795175133E+01   1.8720438535924865E-03
       0.3000000000000000   2.5586068700650291E+01   2.8096706782701516E-03
       0.4000000000000000   2.4964811163391474E+01   3.7253682816574818E-03
       0.5000000000000000   2.4567249119698751E+01   4.6513610103659222E-03
       0.6000000000000000   2.4274921730974935E+01   5.5898500623106084E-03
       0.7000000000000000   2.4040779698064210E+01   6.5428887887774559E-03
       0.7999999999999999   2.3839970426924804E+01   7.5119510591028053E-03
       0.8999999999999999   2.3661181809916233E+01   8.4963891469508456E-03
       0.9999999999999999   2.3493955347648587E+01   9.4995248656143463E-03
       2.0000000000000000   2.1993101973764027E+01   2.0641943038738113E-02
       3.0000000000000000   2.0521194113782677E+01   3.4088398406682950E-02
       4.0000000000000000   1.9118309116964792E+01   5.0005431469375076E-02
       5.0000000000000000   1.7835289405267716E+01   6.8401329082691809E-02
       6.0000000000000000   1.6686182910227814E+01   8.9218430833385584E-02
       7.0000000000000000   1.5665403095679103E+01   1.1237818786972881E-01
       8.0000000000000000   1.4759076178723518E+01   1.3781296987379715E-01
       9.0000000000000000   1.3951576097917462E+01   1.6547649324954813E-01
      10.0000000000000000   1.3228162782876067E+01   1.9534746262574995E-01
      11.0000000000000000   1.2576037592749840E+01   2.2742689054363702E-01
      12.0000000000000000   1.1984453661081742E+01   2.6173421803107944E-01
      13.0000000000000000   1.1444567617345067E+01   2.9830345351238280E-01
      14.0000000000000000   1.0949135233754159E+01   3.3717877447403144E-01
      15.0000000000000000   1.0492285073199483E+01   3.7840875338543278E-01
      16.0000000000000000   1.0069276249913335E+01   4.2204019522964459E-01
      17.0000000000000000   9.6762719012126635E+00   4.6811296458108409E-01
      18.0000000000000000   9.3101931087564775E+00   5.1665229943137414E-01
      19.0000000000000000   8.9685707559447074E+00   5.6766165904822463E-01
      20.0000000000000000   8.6494345362446783E+00   6.2111503844664540E-01
      21.0000000000000000   8.3512183051345001E+00   6.7694895352609219E-01
      22.0000000000000000   8.0726814351609022E+00   7.3505486359270800E-01
      23.0000000000000000   7.8128332193809484E+00   7.9527348086477390E-01
      24.0000000000000000   7.5708683225696598E+00   8.5739129330326880E-01
      25.0000000000000000   7.3461113771003967E+00   9.2113966304064065E-01
      26.0000000000000000   7.1379650702448796E+00   9.8619818062042641E-01
      27.0000000000000000   6.9458670440810870E+00   1.0522018968131794E+00
      28.0000000000000000   6.7692557361434122E+00   1.1187522356937274E+00
      29.0000000000000000   6.6075453023990915E+00   1.1854308184978970E+00
      30.0000000000000000   6.4601115938562499E+00   1.2518146886406816E+00
      31.0000000000000000   6.3262864911692116E+00   1.3174916355225239E+00
      31.9989999999999988   6.2054759310045213E+00   1.3820100181400634E+00
      32.0000000000000000   6.2053612044907407E+00   1.3820739331127083E+00
      32.0009999999999977   6.2052464901369566E+00   1.3821378466351593E+00
      33.0000000000000000   6.0965942089971632E+00   1.4452097321883957E+00
      33.9990000000000023   5.9993157435276947E+00   1.5065306478269953E+00
      34.0000000000000000   5.9992238098410970E+00   1.5065910623014467E+00
      34.0009999999999977   5.9991318867820631E+00   1.5066514747578623E+00
      35.0000000000000000   5.9124815513843725E+00   1.5659585704672390E+00
      36.0000000000000000   5.8356055237590905E+00   1.6231031195972878E+00
      37.0000000000000000   5.7678521350970096E+00   1.6778647790292169E+00
      38.0000000000000000   5.7085057347301573E+00   1.7301298429709673E+00
      39.0000000000000000   5.6568857927153324E+00   1.7798265274284313E+00
      40.0000000000000000   5.6123518181396053E+00   1.8269199123712607E+00
      41.0000000000000000   5.5743060702106728E+00   1.8714066312888185E+00
      42.0000000000000000   5.5421946591564044E+00   1.9133096153634528E+00
      43.0000000000000000   5.5155072524586952E+00   1.9526731633112773E+00
      44.0000000000000000   5.4937758203159515E+00   1.9895584465181835E+00
      45.0000000000000000   5.4765726018839684E+00   2.0240395801509523E+00
      46.0000000000000000   5.4635077589859939E+00   2.0562001941574684E+00
      47.0000000000000000   5.4542267190900970E+00   2.0861305524483602E+00
      48.0000000000000000   5.4484074477887106E+00   2.1139251540557167E+00
      49.0000000000000000   5.4457577329032620E+00   2.1396807717634672E+00
      50.0000000000000000   5.4460125592809367E+00   2.1634948730975037E+00
      51.0000000000000000   5.4489316098153928E+00   2.1854643719957960E+00
      52.0000000000000000   5.4542969444232900E+00   2.2056846571863553E+00
      53.0000000000000000   5.4619108417304787E+00   2.2242488545289283E+00
      54.0000000000000000   5.4715938258706212E+00   2.2412472812667077E+00
      55.0000000000000000   5.4831828596691539E+00   2.2567670605113532E+00
      56.0000000000000000   5.4965297220739373E+00   2.2708918664577271E+00
      57.0000000000000000   5.5114995877060524E+00   2.2837017032961553E+00
      58.0000000000000000   5.5279695828513766E+00   2.2952729341699829E+00
      59.0000000000000000   5.5458276627646637E+00   2.3056782075497275E+00
      60.0000000000000000   5.5649716237887814E+00   2.3149864227161805E+00
      61.0000000000000000   5.5853079853816476E+00   2.3232629300831471E+00
      62.0000000000000000   5.6067512404993964E+00   2.3305695390113441E+00
      63.0000000000000000   5.6292230622502517E+00   2.3369646559186443E+00
      64.0000000000000000   5.6526516135587022E+00   2.3425034138603906E+00
      65.0000000000000000   5.6769709331621137E+00   2.3472378107821621E+00
      66.0000000000000000   5.7021203832668466E+00   2.3512168527863446E+00
      67.0000000000000000   5.7280441546515171E+00   2.3544866993761340E+00
      68.0000000000000000   5.7546908230305931E+00   2.3570908083858000E+00
      69.0000000000000000   5.7820129501071005E+00   2.3590700788932364E+00
      70.0000000000000000   5.8099667259265395E+00   2.3604629906931827E+00
      71.0000000000000000   5.8385116456795760E+00   2.3613057396398642E+00
      72.0000000000000000   5.8676102203797988E+00   2.3616323678770597E+00
      73.0000000000000000   5.8972277151432282E+00   2.3614748887502932E+00
      74.0000000000000000   5.9273319132396436E+00   2.3608634060424603E+00
      75.0000000000000000   5.9578928951786532E+00   2.3598262327796014E+00
      76.0000000000000000   5.9888828775014957E+00   2.3583899773008739E+00
      77.0000000000000000   6.0202759907915917E+00   2.3565796776796724E+00
      78.0000000000000000   6.0520481535365604E+00   2.3544188761388827E+00
      79.0000000000000000   6.0841769206748761E+00   2.3519297153091983E+00
      80.0000000000000000   6.1166413533532893E+00   2.3491330237142178E+00
      81.0000000000000000   6.1494219004243194E+00   2.3460483961876761E+00
      82.0000000000000000   6.1825002908291999E+00   2.3426942694530948E+00
      83.0000000000000000   6.2158594354336358E+00   2.3390879930838562E+00
      84.0000000000000000   6.2494833369421761E+00   2.3352458961231584E+00
      85.0000000000000000   6.2833570085301123E+00   2.3311833495422674E+00
      86.0000000000000000   6.3174663988675341E+00   2.3269148248120408E+00
      87.0000000000000000   6.3517983223120904E+00   2.3224539495998502E+00
      88.0000000000000000   6.3863404020389893E+00   2.3178135559673216E+00
      89.0000000000000000   6.4210810037317048E+00   2.3130057334333318E+00
      90.0000000000000000   6.4560091885143116E+00   2.3080418708419774E+00
      91.0000000000000000   6.4911146632307508E+00   2.3029326994570076E+00
      92.0000000000000000   6.5263877357675870E+00   2.2976883325590611E+00
      93.0000000000000000   6.5618192740049857E+00   2.2923183025334213E+00
      94.0000000000000000   6.5974006679971611E+00   2.2868315956100491E+00
      95.0000000000000000   6.6331237950880526E+00   2.2812366844073004E+00
      96.0000000000000000   6.6689809877163659E+00   2.2755415584218484E+00
      97.0000000000000000   6.7049650036680477E+00   2.2697537525983855E+00
      98.0000000000000000   6.7410689984266670E+00   2.2638803741105500E+00
      99.0000000000000000   6.7772865002925835E+00   2.2579281274330878E+00
     100.0000000000000000   6.8136113858934930E+00   2.2519033379087086E+00
     100.9989999999999952   6.8500013837142957E+00   2.2458180965034442E+00
     101.0010000000000048   6.8500743345393156E+00   2.2458058510092576E+00
     110.0000000000000000   7.1816292168480445E+00   2.1888264175506777E+00
     120.0000000000000000   7.5555648049632405E+00   2.1233377502122193E+00
     124.9989999999999952   7.7438207241325587E+00   2.0905395388290562E+00
     125.0010000000000048   7.7438961661022327E+00   2.0905264549255094E+00
     130.0000000000000000   7.9327058475000323E+00   2.0579747374945168E+00
     140.0000000000000000   8.3113575752331013E+00   1.9941442690081916E+00
     150.0000000000000000   8.6848708100994827E+00   1.9388534360854797E+00
     160.0000000000000000   9.0661587592621675E+00   1.8795925396994275E+00
     164.9989999999999952   9.2555401958894592E+00   1.8518930685614019E+00
     165.0010000000000048   9.2556224560913982E+00   1.8518758326894269E+00
     166.9989999999999952   9.3321908586279676E+00   1.8400899194962921E+00
     167.0010000000000048   9.3322729386527410E+00   1.8400729691625928E+00
     169.9989999999999952   9.4441937195033265E+00   1.8253502829819255E+00
     170.0000000000000000   9.4442346186749493E+00   1.8253420002150007E+00
     170.0010000000000048   9.4442755178124163E+00   1.8253337175289133E+00
     180.0000000000000000   9.8193578828887205E+00   1.7754519976816359E+00
     190.0000000000000000   1.0196686859309937E+01   1.7248722764240167E+00
     200.0000000000000000   1.0566334093521496E+01   1.6824409997264438E+00
     210.0000000000000000   1.0942749718452184E+01   1.6349465734470543E+00
     220.0000000000000000   1.1311875033213580E+01   1.5947524040415255E+00
     230.0000000000000000   1.1678625442665441E+01   1.5572769220634384E+00
     240.0000000000000000   1.2047284451604451E+01   1.5187956706193009E+00
     250.0000000000000000   1.2413591666281681E+01   1.4828233921405622E+00
     260.0000000000000000   1.2777678996395140E+01   1.4491103780606016E+00
     270.0000000000000000   1.3139667347733146E+01   1.4174396222496131E+00
     280.0000000000000000   1.3503427668855851E+01   1.3847287387559981E+00
     290.0000000000000000   1.3861438795311827E+01   1.3567116699937627E+00
     300.0000000000000000   1.4221259122977402E+01   1.3275496268234168E+00
     310.0000000000000000   1.4575674747203363E+01   1.3025675737208351E+00
     320.0000000000000000   1.4931909644638020E+01   1.2763790009954341E+00
     330.0000000000000000   1.5286440287913363E+01   1.2515419564866996E+00
     340.0000000000000000   1.5639337821690813E+01   1.2279501234898800E+00
     350.0000000000000000   1.5990668739396964E+01   1.2055082529052417E+00
     360.0000000000000000   1.6340495265063414E+01   1.1841307502794489E+00
     370.0000000000000000   1.6692065336500086E+01   1.1616186415225425E+00
     380.0000000000000000   1.7038996009685182E+01   1.1422081224445952E+00
     390.0000000000000000   1.7384587064459129E+01   1.1236486015576079E+00
     400.0000000000000000   1.7731937763923529E+01   1.1039354962884369E+00
     410.0000000000000000   1.8074933841767979E+01   1.0869648646110817E+00
     420.0000000000000000   1.8419697247032563E+01   1.0688397264437499E+00
     430.0000000000000000   1.8763217460866478E+01   1.0514569791102344E+00
     440.0000000000000000   1.9102611027975346E+01   1.0365273076683537E+00
     447.9990000000000236   1.9374453789543939E+01   1.0243078375032255E+00
     448.0009999999999764   1.9374523105211836E+01   1.0243039690457652E+00
     450.0000000000000000   1.9443782120637483E+01   1.0204529252716790E+00
     460.0000000000000000   1.9783819369052637E+01   1.0049952204501440E+00
     470.0000000000000000   2.0122755457943281E+01   9.9011825777545415E-01
     471.9990000000000236   2.0188690364766643E+01   9.8818803934577526E-01
     472.0009999999999764   2.0188759126364040E+01   9.8818448614636167E-01
     480.0000000000000000   2.0460621636716784E+01   9.7578882488017971E-01
     490.0000000000000000   2.0794686806604705E+01   9.6353936191603551E-01
     500.0000000000000000   2.1130527846673033E+01   9.5018144978539187E-01
     510.0000000000000000   2.1465384715422488E+01   9.3728694864620088E-01
     520.0000000000000000   2.1799283333415651E+01   9.2483135361243562E-01
     530.0000000000000000   2.2134902228250976E+01   9.1135562960694882E-01
     540.0000000000000000   2.2466930525542974E+01   8.9973975019417651E-01
     550.0000000000000000   2.2798071843797526E+01   8.8849789101519849E-01
     560.0000000000000000   2.3128348060953115E+01   8.7761163378547258E-01
     570.0000000000000000   2.3457780105415708E+01   8.6706379733065353E-01
     580.0000000000000000   2.3786387893187538E+01   8.5683839523957839E-01
     590.0000000000000000   2.4116706775985090E+01   8.4564056716587321E-01
     600.0000000000000000   2.4443695330890012E+01   8.3603883682181868E-01
     610.0000000000000000   2.4769915960768962E+01   8.2671599116803740E-01
     620.0000000000000000   2.5097843914513696E+01   8.1644627143228143E-01
     630.0000000000000000   2.5422549280025532E+01   8.0766659102732252E-01
     640.0000000000000000   2.5748967343078764E+01   7.9795544597785462E-01
     650.0000000000000000   2.6072220588398476E+01   7.8967247133042007E-01
     660.0000000000000000   2.6397188318656493E+01   7.8047392427259343E-01
     670.0000000000000000   2.6719049339648411E+01   7.7264589893831037E-01
     680.0000000000000000   2.7042622279993150E+01   7.6391901289096975E-01
     686.9990000000000236   2.7265611247986715E+01   7.5936671291972113E-01
     687.0009999999999764   2.7265676267797943E+01   7.5936480143484630E-01
     690.0000000000000000   2.7363146508392550E+01   7.5650895385923056E-01
     700.0000000000000000   2.7685377415855278E+01   7.4821676250398605E-01
     710.0000000000000000   2.8004616108145427E+01   7.4119186810916360E-01
     720.0000000000000000   2.8325554563754171E+01   7.3330115404046659E-01
     730.0000000000000000   2.8643556004384763E+01   7.2663188193913086E-01
     740.0000000000000000   2.8963247575144784E+01   7.1911319392486150E-01
     750.0000000000000000   2.9282329310612489E+01   7.1177754877000710E-01
     760.0000000000000000   2.9598544973567130E+01   7.0559956618090303E-01
     770.0000000000000000   2.9916445873135952E+01   6.9859542694312049E-01
     780.0000000000000000   3.0233765872221511E+01   6.9175600038718132E-01
     790.0000000000000000   3.0548288235636765E+01   6.8601707649333543E-01
     800.0000000000000000   3.0864486656750490E+01   6.7947474914102646E-01
     810.0000000000000000   3.1180133260472406E+01   6.7308022655799848E-01
     812.9990000000000236   3.1275346175206391E+01   6.7091841998018420E-01
     813.0009999999999764   3.1275409654417810E+01   6.7091698378193043E-01
     820.0000000000000000   3.1495233997394610E+01   6.6682956882406819E-01
     830.0000000000000000   3.1807621872213552E+01   6.6160997445556136E-01
     840.0000000000000000   3.2121674215240276E+01   6.5561667626373754E-01
     850.0000000000000000   3.2435208389641538E+01   6.4975251871291029E-01
     860.0000000000000000   3.2748230407839557E+01   6.4401399138103133E-01
     870.0000000000000000   3.3060748020409257E+01   6.3839697168210252E-01
     880.0000000000000000   3.3372770601796141E+01   6.3289680180039176E-01
     890.0000000000000000   3.3682195577224761E+01   6.2833697355192664E-01
     900.0000000000000000   3.3993263397995264E+01   6.2304726133867627E-01
     910.0000000000000000   3.4303857011760734E+01   6.1786419749378996E-01
     920.0000000000000000   3.4613982712237664E+01   6.1278466933144993E-01
     930.0000000000000000   3.4923647037021290E+01   6.0780553716387598E-01
     940.0000000000000000   3.5232856697397054E+01   6.0292366301624900E-01
     945.9990000000000236   3.5417315112400701E+01   6.0035039635074794E-01
     946.0009999999999764   3.5417377270974654E+01   6.0034928317293579E-01
     950.0000000000000000   3.5541618429162554E+01   5.9813596862843987E-01
     960.0000000000000000   3.5849938775257840E+01   5.9343951367103231E-01
     970.0000000000000000   3.6157823952119315E+01   5.8883153974019442E-01
     980.0000000000000000   3.6465279842620511E+01   5.8430946640669690E-01
     990.0000000000000000   3.6772312062026010E+01   5.7987086075544148E-01
    1000.0000000000000000   3.7078926042114063E+01   5.7551340251535221E-01
    1100.0000000000000000   4.0123192449546451E+01   5.3594286583988315E-01
    1200.0000000000000000   4.3132733448444341E+01   5.0184781527102096E-01
    1300.0000000000000000   4.6111228414853571E+01   4.7205067597577605E-01
    1400.0000000000000000   4.9061753623423243E+01   4.4568173107402220E-01
    1500.0000000000000000   5.1985134278586621E+01   4.2257875642100456E-01
    1600.0000000000000000   5.4885390534657837E+01   4.0169801098584196E-01
    1700.0000000000000000   5.7760886974049043E+01   3.8355830482998454E-01
    1800.0000000000000000   6.0618553989836613E+01   3.6646244783308302E-01
    1900.0000000000000000   6.3454634363913890E+01   3.5145492119983290E-01
    2000.0000000000000000   6.6273879343891295E+01   3.3746899858573998E-01
    2100.0000000000000000   6.9075694123457424E+01   3.2473618083075689E-01
    2200.0000000000000000   7.1862612163235980E+01   3.1277280786222017E-01
    2300.0000000000000000   7.4632607390530964E+01   3.0208376690313871E-01
    2400.0000000000000000   7.7389631243340688E+01   2.9190451371373488E-01
    2500.0000000000000000   8.0132483714990741E+01   2.8254126339315550E-01
    2587.9989999999997963   8.2534615168987372E+01   2.7498203520036252E-01
    2588.0010000000002037   8.2534669731742369E+01   2.7498185242573442E-01
    2600.0000000000000000   8.2862314750000778E+01   2.7382395601680481E-01
    2695.9989999999997963   8.5470779936444742E+01   2.6608458865634266E-01
    2696.0010000000002037   8.5470834382199143E+01   2.6608439397195638E-01
    2700.0000000000000000   8.5579696152523312E+01   2.6569396277845497E-01
    2800.0000000000000000   8.8284712841342966E+01   2.5817119148562717E-01
    2900.0000000000000000   9.0979855369258644E+01   2.5086041918721547E-01
    3000.0000000000000000   9.3662706844389731E+01   2.4423247101053436E-01
    3100.0000000000000000   9.6336624101789695E+01   2.3774385922077060E-01
    3184.9989999999997963   9.8600223978145266E+01   2.3272206571759105E-01
    3185.0010000000002037   9.8600277160319123E+01   2.3272194833420307E-01
    3200.0000000000000000   9.8999893918253520E+01   2.3171345549713088E-01
    3300.0000000000000000   1.0165348463595544E+02   2.2602282620797390E-01
    3400.0000000000000000   1.0429789530617155E+02   2.2061967302678931E-01
    3500.0000000000000000   1.0693328338317355E+02   2.1550400448186399E-01
    3600.0000000000000000   1.0956052312298284E+02   2.1058069398675325E-01
    3700.0000000000000000   1.1217836212188985E+02   2.0604134277759800E-01
    3703.9989999999997963   1.1228347887793292E+02   2.0578217413636415E-01
    3704.0010000000002037   1.1228353139731909E+02   2.0578205065595812E-01
    3800.0000000000000000   1.1479000447235167E+02   2.0145746716982771E-01
    3900.0000000000000000   1.1739201528031798E+02   1.9732724575473640E-01
    4000.0000000000000000   1.1998627486733524E+02   1.9341525668152754E-01
    4006.9989999999997963   1.2016844750415771E+02   1.9303598313322351E-01
    4007.0010000000002037   1.2016849963376769E+02   1.9303586461596314E-01
    4100.0000000000000000   1.2257482089840246E+02   1.8945659130378012E-01
    4200.0000000000000000   1.2515626912116069E+02   1.8566917075765621E-01
    4300.0000000000000000   1.2773019045549981E+02   1.8212687631118399E-01
    4400.0000000000000000   1.3029688976508794E+02   1.7877697484521771E-01
    4500.0000000000000000   1.3285802285844466E+02   1.7544712826679196E-01
    4600.0000000000000000   1.3541113896081606E+02   1.7245172257422942E-01
    4700.0000000000000000   1.3796041443063251E+02   1.6929602685670814E-01
    4800.0000000000000000   1.4050203743090654E+02   1.6643327083616027E-01
    4900.0000000000000000   1.4303757401966891E+02   1.6370330544711018E-01
    5000.0000000000000000   1.4556802819973709E+02   1.6100464913451326E-01
    5100.0000000000000000   1.4809288239963649E+02   1.5840117695792122E-01
    5200.0000000000000000   1.5061228472647358E+02   1.5588616930546470E-01
    5300.0000000000000000   1.5312719569050213E+02   1.5337267968604107E-01
    5400.0000000000000000   1.5563679546494330E+02   1.5095820781259098E-01
    5500.0000000000000000   1.5813948580296309E+02   1.4879965957871499E-01
    5600.0000000000000000   1.6063838113083011E+02   1.4657674525853459E-01
    5700.0000000000000000   1.6313329711398521E+02   1.4436305244368650E-01
    5800.0000000000000000   1.6562081661044735E+02   1.4245013410074883E-01
    5900.0000000000000000   1.6810672955230737E+02   1.4032564277877066E-01
    6000.0000000000000000   1.7058644064807046E+02   1.3839417055254669E-01
    6100.0000000000000000   1.7306143607407930E+02   1.3655539848423631E-01
    6200.0000000000000000   1.7553326522162607E+02   1.3466197136816355E-01
    6300.0000000000000000   1.7800077893657132E+02   1.3281345389616053E-01
    6400.0000000000000000   1.8046182505557294E+02   1.3121036813361511E-01
    6500.0000000000000000   1.8291964714314864E+02   1.2957279951426973E-01
    6600.0000000000000000   1.8537374501625871E+02   1.2796539254121023E-01
    6700.0000000000000000   1.8782474304170930E+02   1.2630659409498876E-01
    6800.0000000000000000   1.9027055628805047E+02   1.2481719010872785E-01
    6900.0000000000000000   1.9271312146896344E+02   1.2329489336709683E-01
    7000.0000000000000000   1.9515174649940792E+02   1.2184448194791488E-01
    7100.0000000000000000   1.9758873098573363E+02   1.2025312180333775E-01
    7200.0000000000000000   2.0002080486003990E+02   1.1880861608621895E-01
    7300.0000000000000000   2.0244768553020984E+02   1.1751617115892325E-01
    7400.0000000000000000   2.0487120576812768E+02   1.1623742141649568E-01
    7500.0000000000000000   2.0729217791849308E+02   1.1492881418918720E-01
    7600.0000000000000000   2.0971043810442998E+02   1.1359878640752072E-01
    7700.0000000000000000   2.1212343729424646E+02   1.1242873388642205E-01
    7800.0000000000000000   2.1453562646998850E+02   1.1110883396080622E-01
    7900.0000000000000000   2.1694195667653733E+02   1.1000715297349209E-01
    8000.0000000000000000   2.1934567585393225E+02   1.0888705394125768E-01
    8100.0000000000000000   2.2174810423894854E+02   1.0765838778377107E-01
    8200.0000000000000000   2.2414493040753186E+02   1.0662705906122873E-01
    8300.0000000000000000   2.2653971547773634E+02   1.0555187892249052E-01
    8400.0000000000000000   2.2893313225945241E+02   1.0439179999783092E-01
    8500.0000000000000000   2.3131861654927550E+02   1.0357892476586161E-01
    8600.0000000000000000   2.3370612088845806E+02   1.0246169128759161E-01
    8700.0000000000000000   2.3609046517898449E+02   1.0136212726660428E-01
    8800.0000000000000000   2.3846682907321824E+02   1.0065373528205497E-01
    8900.0000000000000000   2.4084670210555686E+02   9.9524293710732487E-02
    9000.0000000000000000   2.4322212704778158E+02   9.8540158633783029E-02
    9100.0000000000000000   2.4559316322801189E+02   9.7660035659605807E-02
    9200.0000000000000000   2.4795881891640758E+02   9.6978015549886817E-02
    9300.0000000000000000   2.5032816430955543E+02   9.5902653160558654E-02
    9400.0000000000000000   2.5269267098483502E+02   9.4989085150395391E-02
    9500.0000000000000000   2.5505259805053950E+02   9.4226954892275575E-02
    9600.0000000000000000   2.5741239875537048E+02   9.3312961322417856E-02
    9700.0000000000000000   2.5976925672542330E+02   9.2442009301273109E-02
    9800.0000000000000000   2.6212253033763847E+02   9.1654855489908468E-02
    9900.0000000000000000   2.6447280084594183E+02   9.0915605439824937E-02
   10000.0000000000000000   2.6682075869809199E+02   9.0181680603726333E-02
   11000.0000000000000000   2.9017214076146269E+02   8.3465438138498285E-02
   12000.0000000000000000   3.1331627040398547E+02   7.7294176674086376E-02
   13000.0000000000000000   3.3626233450473387E+02   7.2150974291365397E-02
   13425.9989999999997963   3.4597886319795941E+02   7.0323818399713411E-02
   13426.0010000000002037   3.4597890985347300E+02   7.0323755443550157E-02
   14000.0000000000000000   3.5902824666015778E+02   6.7749190884250077E-02
   15000.0000000000000000   3.8163045118156282E+02   6.3999588067970598E-02
   15718.9989999999997963   3.9778951221823337E+02   6.1535039732238048E-02
   15719.0010000000002037   3.9778955496069511E+02   6.1535123453539335E-02
   16000.0000000000000000   4.0408763836022871E+02   6.0537604183051499E-02
   16395.9989999999997963   4.1294265993350655E+02   5.9210204348665828E-02
   16396.0010000000002037   4.1294270364274468E+02   5.9210234972150777E-02
   17000.0000000000000000   4.2640679500284119E+02   5.7371974730601079E-02
   18000.0000000000000000   4.4858988532891647E+02   5.4837847359588923E-02
   19000.0000000000000000   4.7065523188076446E+02   5.2501871870410680E-02
   20000.0000000000000000   4.9262145792315806E+02   4.9908835109752824E-02
   21000.0000000000000000   5.1447238274269614E+02   4.7848055746511436E-02
   22000.0000000000000000   5.3621791967291904E+02   4.6066069742456320E-02
   23000.0000000000000000   5.5786580241112244E+02   4.4458907842861418E-02
   24000.0000000000000000   5.7942824153689844E+02   4.2996371732411491E-02
   25000.0000000000000000   6.0092680237462037E+02   4.1092350178903850E-02
   26000.0000000000000000   6.2231506394828887E+02   4.0000638556387288E-02
   27000.0000000000000000   6.4364310954909979E+02   3.8442594006012853E-02
   28000.0000000000000000   6.6487286369436583E+02   3.7610723407470396E-02
   29000.0000000000000000   6.8605766444406163E+02   3.6468803974870879E-02
   30000.0000000000000000   7.0715111239393616E+02   3.5521278257673067E-02
   31000.0000000000000000   7.2821290864606692E+02   3.4286051425799727E-02
   32000.0000000000000000   7.4919302528296839E+02   3.3376451603639140E-02
   33000.0000000000000000   7.7010059805766423E+02   3.2632781355154787E-02
   34000.0000000000000000   7.9095877615943732E+02   3.1795951211671787E-02
   35000.0000000000000000   8.1176537651296383E+02   3.1015166405290773E-02
   36000.0000000000000000   8.3253940159131878E+02   2.9863042120320756E-02
   37000.0000000000000000   8.5322131490268112E+02   2.9405250265199207E-02
   38000.0000000000000000   8.7384795748377530E+02   2.8777791526268040E-02
   39000.0000000000000000   8.9446082378118911E+02   2.7971866385686876E-02
   40000.0000000000000000   9.1501476140921818E+02   2.7273697902837374E-02
   41000.0000000000000000   9.3550510704128271E+02   2.6717117613267609E-02
   42000.0000000000000000   9.5597065977312457E+02   2.6160078530994588E-02
   43000.0000000000000000   9.7637259728923107E+02   2.5778108079831840E-02
   44000.0000000000000000   9.9670716544237939E+02   2.5556144499270319E-02
   45000.0000000000000000   1.0170676554524562E+03   2.4820314741822110E-02
   46000.0000000000000000   1.0373673622629242E+03   2.4279334319470387E-02
   47000.0000000000000000   1.0576193374754403E+03   2.3612293075627747E-02
   48000.0000000000000000   1.0777877963100291E+03   2.3521908686510225E-02
   49000.0000000000000000   1.0979675481814854E+03   2.2822346389973189E-02
   50000.0000000000000000   1.1180924334736333E+03   2.2505783467663045E-02
   90533.9989999999961583   1.9106048858118916E+03   1.3497396633664401E-02
   90534.0010000000038417   1.9106049255112589E+03   1.3497385527734457E-02
