       0.1000000000000000   7.8431234543143740E+00   3.7117987953739322E-03
       0.2000000000000000   6.9544135133835816E+00   7.1930070910288671E-03
       0.3000000000000000   6.6846456927003963E+00   1.0594789678573344E-02
       0.4000000000000000   6.6043295777059452E+00   1.3792617784925779E-02
       0.5000000000000000   6.5800780363342595E+00   1.6910855043867926E-02
       0.6000000000000000   6.5819642804620910E+00   1.9960608195653304E-02
       0.7000000000000000   6.5982047593114928E+00   2.2951502006786716E-02
       0.7999999999999999   6.6224770623471176E+00   2.5890778511808311E-02
       0.8999999999999999   6.6518254221154649E+00   2.8778277849572785E-02
       0.9999999999999999   6.6836216597459357E+00   3.1626758767251677E-02
       2.0000000000000000   7.0063182897966065E+00   5.8510636729831624E-02
       3.0000000000000000   7.2477994420416474E+00   8.3973747889557665E-02
       4.0000000000000000   7.4104988308775077E+00   1.0916599500979283E-01
       5.0000000000000000   7.5127412922814365E+00   1.3469303348591971E-01
       6.0000000000000000   7.5687345757043234E+00   1.6093362688723317E-01
       7.0000000000000000   7.5887785039779674E+00   1.8815018968483999E-01
       8.0000000000000000   7.5802612251450583E+00   2.1654911762432563E-01
       9.0000000000000000   7.5487095047251440E+00   2.4630368497499266E-01
      10.0000000000000000   7.4983459472871674E+00   2.7756829998938853E-01
      11.0000000000000000   7.4325192488101512E+00   3.1048387081796608E-01
      12.0000000000000000   7.3539351101523076E+00   3.4518169026974710E-01
      13.0000000000000000   7.2648429187406460E+00   3.8178507909092813E-01
      14.0000000000000000   7.1671328839979545E+00   4.2041018883774250E-01
      15.0000000000000000   7.0624469490217168E+00   4.6116344748482174E-01
      16.0000000000000000   6.9522429077384880E+00   5.0413834703339044E-01
      17.0000000000000000   6.8378307430370269E+00   5.4941263685601338E-01
      18.0000000000000000   6.7204212530540968E+00   5.9704225146554690E-01
      19.0000000000000000   6.6011440421551271E+00   6.4705564858571651E-01
      20.0000000000000000   6.4810696001376034E+00   6.9944720733220023E-01
      21.0000000000000000   6.3612186161713540E+00   7.5417012902260361E-01
      22.0000000000000000   6.2425683913287839E+00   8.1112955787172081E-01
      23.0000000000000000   6.1260481834744871E+00   8.7017751086432926E-01
      24.0000000000000000   6.0125309995768941E+00   9.3110986168580068E-01
      25.0000000000000000   5.9028231401008560E+00   9.9366581217307515E-01
      26.0000000000000000   5.7976489613785001E+00   1.0575315444005049E+00
      27.0000000000000000   5.6976360256648739E+00   1.1223476749571744E+00
      28.0000000000000000   5.6033023688755197E+00   1.1877203340167690E+00
      29.0000000000000000   5.5150471412536275E+00   1.2532351162786288E+00
      30.0000000000000000   5.4331475332517121E+00   1.3184723861021734E+00
      31.0000000000000000   5.3577605903930250E+00   1.3830226733010409E+00
      31.9989999999999988   5.2889972201191364E+00   1.4464376354967259E+00
      32.0000000000000000   5.2889316562888071E+00   1.4465004576301432E+00
      32.0009999999999977   5.2888660989689136E+00   1.4465632783372735E+00
      33.0000000000000000   5.2266061012670884E+00   1.5085556134657092E+00
      33.9990000000000023   5.1706979315614845E+00   1.5688220803722197E+00
      34.0000000000000000   5.1706450856812358E+00   1.5688814522449928E+00
      34.0009999999999977   5.1705922459632001E+00   1.5689408221258005E+00
      35.0000000000000000   5.1208420576390763E+00   1.6272195096385516E+00
      36.0000000000000000   5.0769394373830092E+00   1.6833611898499738E+00
      37.0000000000000000   5.0386440763458689E+00   1.7371468042802696E+00
      38.0000000000000000   5.0056408835752570E+00   1.7884626365037348E+00
      39.0000000000000000   4.9776041748558919E+00   1.8372366839816270E+00
      40.0000000000000000   4.9542068509492960E+00   1.8834336402302914E+00
      41.0000000000000000   4.9351273075006414E+00   1.9270496221750519E+00
      42.0000000000000000   4.9200545471898893E+00   1.9681069457569289E+00
      43.0000000000000000   4.9086916714535409E+00   2.0066492225843859E+00
      44.0000000000000000   4.9007580855336776E+00   2.0427368885961630E+00
      45.0000000000000000   4.8959906505136086E+00   2.0764432936343749E+00
      46.0000000000000000   4.8941441615447570E+00   2.1078512871812762E+00
      47.0000000000000000   4.8949912164972620E+00   2.1370503495919020E+00
      48.0000000000000000   4.8983217121478493E+00   2.1641342021303083E+00
      49.0000000000000000   4.9039420843731119E+00   2.1891988526830830E+00
      50.0000000000000000   4.9116743850132742E+00   2.2123410217106683E+00
      51.0000000000000000   4.9213552692306877E+00   2.2336568977564606E+00
      52.0000000000000000   4.9328349661808524E+00   2.2532411680210007E+00
      53.0000000000000000   4.9459762347011615E+00   2.2711862823187454E+00
      54.0000000000000000   4.9606533616022892E+00   2.2875819081488995E+00
      55.0000000000000000   4.9767511940088296E+00   2.3025145454825657E+00
      56.0000000000000000   4.9941642442489185E+00   2.3160672717707942E+00
      57.0000000000000000   5.0127958877058978E+00   2.3283195205182778E+00
      58.0000000000000000   5.0325574865472538E+00   2.3393471095805358E+00
      59.0000000000000000   5.0533677288702874E+00   2.3492221667521940E+00
      60.0000000000000000   5.0751520414615969E+00   2.3580130942179642E+00
      61.0000000000000000   5.0978418539933719E+00   2.3657847681544975E+00
      62.0000000000000000   5.1213741453272412E+00   2.3725985454143070E+00
      63.0000000000000000   5.1456909290563537E+00   2.3785124006274883E+00
      64.0000000000000000   5.1707387983279984E+00   2.3835810548786003E+00
      65.0000000000000000   5.1964685228275904E+00   2.3878561129356641E+00
      66.0000000000000000   5.2228346790145155E+00   2.3913862055908837E+00
      67.0000000000000000   5.2497953160337962E+00   2.3942171340002290E+00
      68.0000000000000000   5.2773116540825695E+00   2.3963920137330970E+00
      69.0000000000000000   5.3053478105139096E+00   2.3979514168771838E+00
      70.0000000000000000   5.3338705518870935E+00   2.3989335106759717E+00
      71.0000000000000000   5.3628490689183703E+00   2.3993741921731533E+00
      72.0000000000000000   5.3922547737984443E+00   2.3993072176952586E+00
      73.0000000000000000   5.4220611153278542E+00   2.3987643270981187E+00
      74.0000000000000000   5.4522434113651563E+00   2.3977753623648987E+00
      75.0000000000000000   5.4827786899597095E+00   2.3963683858230151E+00
      76.0000000000000000   5.5136455783282026E+00   2.3945697655921356E+00
      77.0000000000000000   5.5448241359067634E+00   2.3924043095507357E+00
      78.0000000000000000   5.5762957675110849E+00   2.3898953391907858E+00
      79.0000000000000000   5.6080431120301402E+00   2.3870647854132949E+00
      80.0000000000000000   5.6400499472988166E+00   2.3839332735639052E+00
      81.0000000000000000   5.6723011030267685E+00   2.3805202034263142E+00
      82.0000000000000000   5.7047823821246793E+00   2.3768438244058316E+00
      83.0000000000000000   5.7374804878196386E+00   2.3729213060972469E+00
      84.0000000000000000   5.7703829565973948E+00   2.3687688045722495E+00
      85.0000000000000000   5.8034780982138132E+00   2.3644015244862633E+00
      86.0000000000000000   5.8367549395348384E+00   2.3598337773372871E+00
      87.0000000000000000   5.8702031725404780E+00   2.3550790368623846E+00
      88.0000000000000000   5.9038131116306820E+00   2.3501499869556772E+00
      89.0000000000000000   5.9375756437416323E+00   2.3450585744570378E+00
      90.0000000000000000   5.9714821925858113E+00   2.3398160507770922E+00
      91.0000000000000000   6.0055246814813410E+00   2.3344330147461601E+00
      92.0000000000000000   6.0396954993819119E+00   2.3289194519870509E+00
      93.0000000000000000   6.0739874697221454E+00   2.3232847717887486E+00
      94.0000000000000000   6.1083938216594742E+00   2.3175378416437442E+00
      95.0000000000000000   6.1429081634806826E+00   2.3116870195996935E+00
      96.0000000000000000   6.1775244580235569E+00   2.3057401845673091E+00
      97.0000000000000000   6.2122369999175717E+00   2.2997047647174500E+00
      98.0000000000000000   6.2470403943026414E+00   2.2935877641021887E+00
      99.0000000000000000   6.2819295380882636E+00   2.2873957875559818E+00
     100.0000000000000000   6.3168996004819107E+00   2.2811350641386055E+00
     100.9989999999999952   6.3519109243898173E+00   2.2748178221460473E+00
     101.0010000000000048   6.3519810906205159E+00   2.2748051158322520E+00
     110.0000000000000000   6.6701528401503349E+00   2.2158885315317542E+00
     120.0000000000000000   7.0276897142607417E+00   2.1485241577267611E+00
     124.9989999999999952   7.2073226732190774E+00   2.1148797783907329E+00
     125.0010000000000048   7.2073946196127538E+00   2.1148663669200070E+00
     130.0000000000000000   7.3873674975110761E+00   2.0815215215358069E+00
     140.0000000000000000   7.7478513807556073E+00   2.0162441436046183E+00
     150.0000000000000000   8.1031111336114900E+00   1.9597273214886803E+00
     160.0000000000000000   8.4640095430093201E+00   1.8994968997818458E+00
     164.9989999999999952   8.6432271418674969E+00   1.8713492180714919E+00
     165.0010000000000048   8.6433044889279493E+00   1.8713318073629039E+00
     166.9989999999999952   8.7156762122096296E+00   1.8593729592200012E+00
     167.0010000000000048   8.7157533909013623E+00   1.8593558374890764E+00
     169.9989999999999952   8.8217332552725889E+00   1.8443799762597233E+00
     170.0000000000000000   8.8217717134040647E+00   1.8443716102760985E+00
     170.0010000000000048   8.8218101715031736E+00   1.8443632443741214E+00
     180.0000000000000000   9.1766559073112930E+00   1.7936879374673960E+00
     190.0000000000000000   9.5331976921844941E+00   1.7423844878770878E+00
     200.0000000000000000   9.8827802280653589E+00   1.6992902692894656E+00
     210.0000000000000000   1.0238062019397683E+01   1.6511860883417049E+00
     220.0000000000000000   1.0586760512123323E+01   1.6104289884241971E+00
     230.0000000000000000   1.0933189414334104E+01   1.5724320293787157E+00
     240.0000000000000000   1.1281116775336447E+01   1.5334661879820961E+00
     250.0000000000000000   1.1626820861668804E+01   1.4970422981555425E+00
     260.0000000000000000   1.1970426289345642E+01   1.4629072851878810E+00
     270.0000000000000000   1.2312047183730906E+01   1.4308412273502507E+00
     280.0000000000000000   1.2655090670103823E+01   1.3977591999744314E+00
     290.0000000000000000   1.2992958546456146E+01   1.3693929240607710E+00
     300.0000000000000000   1.3332296328545677E+01   1.3399016578053164E+00
     310.0000000000000000   1.3666770201218513E+01   1.3146086419226011E+00
     320.0000000000000000   1.4002735129439632E+01   1.2881258389472128E+00
     330.0000000000000000   1.4337098725055336E+01   1.2630099375718591E+00
     340.0000000000000000   1.4669927649258513E+01   1.2391534077023370E+00
     350.0000000000000000   1.5001284190226832E+01   1.2164599133840761E+00
     360.0000000000000000   1.5331226626362536E+01   1.1948428836046687E+00
     370.0000000000000000   1.5662617928657994E+01   1.1721024642266904E+00
     380.0000000000000000   1.5989841758005639E+01   1.1524740557702222E+00
     390.0000000000000000   1.6315805709909501E+01   1.1337063461493013E+00
     400.0000000000000000   1.6643242863076306E+01   1.1137940982297612E+00
     410.0000000000000000   1.6966769659872877E+01   1.0966327739906669E+00
     420.0000000000000000   1.7291782195322288E+01   1.0783248494491360E+00
     430.0000000000000000   1.7615630411805853E+01   1.0607667244948156E+00
     440.0000000000000000   1.7935774401444224E+01   1.0456686283103176E+00
     447.9990000000000236   1.8192129670498204E+01   1.0333191579624645E+00
     448.0009999999999764   1.8192194949391876E+01   1.0333152575067877E+00
     450.0000000000000000   1.8257420582975595E+01   1.0294323554381255E+00
     460.0000000000000000   1.8578004623531882E+01   1.0138189092919763E+00
     470.0000000000000000   1.8897557065914764E+01   9.9879199950433373E-01
     471.9990000000000236   1.8959824722388586E+01   9.9683247227885197E-01
     472.0009999999999764   1.8959889483932891E+01   9.9682888986449036E-01
     480.0000000000000000   1.9216107103366095E+01   9.8431808601706039E-01
     490.0000000000000000   1.9531246994340041E+01   9.7192930594797688E-01
     500.0000000000000000   1.9847897667764617E+01   9.5843695952298469E-01
     510.0000000000000000   2.0163626020209549E+01   9.4541264653589885E-01
     520.0000000000000000   2.0478456263065354E+01   9.3283162022577149E-01
     530.0000000000000000   2.0794753694689255E+01   9.1923462050082438E-01
     540.0000000000000000   2.1107832501974343E+01   9.0750141131261175E-01
     550.0000000000000000   2.1420079756635463E+01   8.9614597278238761E-01
     560.0000000000000000   2.1731515889110561E+01   8.8514970402226489E-01
     570.0000000000000000   2.2042160446164878E+01   8.7449525311115861E-01
     580.0000000000000000   2.2352032037963252E+01   8.6416647379129485E-01
     590.0000000000000000   2.2663370645646488E+01   8.5286835590506960E-01
     600.0000000000000000   2.2971725277386156E+01   8.4316928260575974E-01
     610.0000000000000000   2.3279359515653631E+01   8.3375190883673578E-01
     620.0000000000000000   2.3588460722945428E+01   8.2339035170472774E-01
     630.0000000000000000   2.3894675125077562E+01   8.1452140781023463E-01
     640.0000000000000000   2.4202363225019504E+01   8.0472346313895127E-01
     650.0000000000000000   2.4507216772841819E+01   7.9635604898298618E-01
     660.0000000000000000   2.4813547442415722E+01   7.8707532461327168E-01
     670.0000000000000000   2.5117096027427479E+01   7.7916729167599541E-01
     680.0000000000000000   2.5422121187958613E+01   7.7036248030090548E-01
     686.9990000000000236   2.5632511889255209E+01   7.6575683462917654E-01
     687.0009999999999764   2.5632573155538200E+01   7.6575490803786728E-01
     690.0000000000000000   2.5724416558730528E+01   7.6287649549314362E-01
     700.0000000000000000   2.6028185482133118E+01   7.5451029958416804E-01
     710.0000000000000000   2.6329275518008100E+01   7.4741324763176920E-01
     720.0000000000000000   2.6631834499712074E+01   7.3945215261097430E-01
     730.0000000000000000   2.6931764290523759E+01   7.3271420936082299E-01
     740.0000000000000000   2.7233155923932170E+01   7.2512849655927003E-01
     750.0000000000000000   2.7533976792764904E+01   7.1772741268664020E-01
     760.0000000000000000   2.7832232440107351E+01   7.1148552011198896E-01
     770.0000000000000000   2.8131947554153250E+01   7.0441894505778735E-01
     780.0000000000000000   2.8431119008413710E+01   6.9751850489823963E-01
     790.0000000000000000   2.8727786887725902E+01   6.9171994010871374E-01
     800.0000000000000000   2.9025907901855085E+01   6.8511929737091393E-01
     810.0000000000000000   2.9323512363930785E+01   6.7866773988784002E-01
     812.9990000000000236   2.9413245352900535E+01   6.7648907166212480E-01
     813.0009999999999764   2.9413305178766876E+01   6.7648762425590669E-01
     820.0000000000000000   2.9620605972070027E+01   6.7236128476271761E-01
     830.0000000000000000   2.9915272335455676E+01   6.6708708946716089E-01
     840.0000000000000000   3.0211383732583727E+01   6.6104034759121177E-01
     850.0000000000000000   3.0507010011852625E+01   6.5512386610033169E-01
     860.0000000000000000   3.0802156880631813E+01   6.4933409870156178E-01
     870.0000000000000000   3.1096831573616157E+01   6.4366688847769526E-01
     880.0000000000000000   3.1391042752502457E+01   6.3811754473896887E-01
     890.0000000000000000   3.1682930403600874E+01   6.3350952780731462E-01
     900.0000000000000000   3.1976246771862208E+01   6.2817258189820235E-01
     910.0000000000000000   3.2269119101053867E+01   6.2294321039805933E-01
     920.0000000000000000   3.2561553291621451E+01   6.1781827285052193E-01
     930.0000000000000000   3.2853555451688855E+01   6.1279460291373145E-01
     940.0000000000000000   3.3145131835303125E+01   6.0786903701917516E-01
     945.9990000000000236   3.3319120119913443E+01   6.0526995540687167E-01
     946.0009999999999764   3.3319178710343444E+01   6.0526883367135897E-01
     950.0000000000000000   3.3436288710737294E+01   6.0303847232070507E-01
     960.0000000000000000   3.3727032168390011E+01   5.9829994486097771E-01
     970.0000000000000000   3.4017368002730016E+01   5.9365067351966705E-01
     980.0000000000000000   3.4307301706249021E+01   5.8908805601853953E-01
     990.0000000000000000   3.4596838528031796E+01   5.8460963841957170E-01
    1000.0000000000000000   3.4885983548414778E+01   5.8021308021579832E-01
    1100.0000000000000000   3.7756940481493871E+01   5.4028674587767300E-01
    1200.0000000000000000   4.0595261350294280E+01   5.0588948818582569E-01
    1300.0000000000000000   4.3404397738290726E+01   4.7583221082253185E-01
    1400.0000000000000000   4.6187233761007718E+01   4.4923679225862601E-01
    1500.0000000000000000   4.8944632918036007E+01   4.2593472679946098E-01
    1600.0000000000000000   5.1680270554202551E+01   4.0487748015965513E-01
    1700.0000000000000000   5.4392792504996706E+01   3.8658013848622552E-01
    1800.0000000000000000   5.7088427163139016E+01   3.6934257269999271E-01
    1900.0000000000000000   5.9763915186785908E+01   3.5420691217558381E-01
    2000.0000000000000000   6.2423534555756270E+01   3.4010452525462498E-01
    2100.0000000000000000   6.5066814379125915E+01   3.2726535210580537E-01
    2200.0000000000000000   6.7696053029402833E+01   3.1520444155053012E-01
    2300.0000000000000000   7.0309497830628999E+01   3.0442560308718036E-01
    2400.0000000000000000   7.2910696231796209E+01   2.9416338550099136E-01
    2500.0000000000000000   7.5498620224515463E+01   2.8472323490805956E-01
    2587.9989999999997963   7.7765165492909247E+01   2.7710082782270334E-01
    2588.0010000000002037   7.7765216972041230E+01   2.7710064365671794E-01
    2600.0000000000000000   7.8074324057604059E+01   2.7593443493159314E-01
    2695.9989999999997963   8.0535599126184735E+01   2.6813099865852019E-01
    2696.0010000000002037   8.0535650488130671E+01   2.6813080268274381E-01
    2700.0000000000000000   8.0638345986826707E+01   2.6773779284523841E-01
    2800.0000000000000000   8.3190789423908086E+01   2.6015272920763083E-01
    2900.0000000000000000   8.5733891637087041E+01   2.5278359779834975E-01
    3000.0000000000000000   8.8265530314225444E+01   2.4610085421510888E-01
    3100.0000000000000000   9.0788708468317509E+01   2.3956068660801860E-01
    3184.9989999999997963   9.2924813111647239E+01   2.3449740404390670E-01
    3185.0010000000002037   9.2924863298603512E+01   2.3449728570813988E-01
    3200.0000000000000000   9.3301925068162959E+01   2.3348168113879778E-01
    3300.0000000000000000   9.5806059069558728E+01   2.2774515163674156E-01
    3400.0000000000000000   9.8301571423574970E+01   2.2229857555395482E-01
    3500.0000000000000000   1.0078861849891604E+02   2.1714176162662499E-01
    3600.0000000000000000   1.0326799241252645E+02   2.1217940464365068E-01
    3700.0000000000000000   1.0573859495262072E+02   2.0760294563357529E-01
    3703.9989999999997963   1.0583776732106354E+02   2.0734233127740367E-01
    3704.0010000000002037   1.0583781687316497E+02   2.0734220707467543E-01
    3800.0000000000000000   1.0820328646945836E+02   2.0298375679087496E-01
    3900.0000000000000000   1.1065902782801288E+02   1.9881988668888348E-01
    4000.0000000000000000   1.1310750170461954E+02   1.9487579586601084E-01
    4006.9989999999997963   1.1327939001855003E+02   1.9449433062358787E-01
    4007.0010000000002037   1.1327943920099240E+02   1.9449421148104426E-01
    4100.0000000000000000   1.1555053025109859E+02   1.9088646901646947E-01
    4200.0000000000000000   1.1798689421129193E+02   1.8706973031395985E-01
    4300.0000000000000000   1.2041622239857132E+02   1.8349937267582025E-01
    4400.0000000000000000   1.2283879532805361E+02   1.8012258230206024E-01
    4500.0000000000000000   1.2525609382351618E+02   1.7676694726834599E-01
    4600.0000000000000000   1.2766594824748729E+02   1.7374678587431835E-01
    4700.0000000000000000   1.3007207909312234E+02   1.7056730501495884E-01
    4800.0000000000000000   1.3247110595539397E+02   1.6768167717031363E-01
    4900.0000000000000000   1.3486442835943225E+02   1.6492970049862785E-01
    5000.0000000000000000   1.3725294601911102E+02   1.6220984470403946E-01
    5100.0000000000000000   1.3963620568835469E+02   1.5958593975961188E-01
    5200.0000000000000000   1.4201434558150143E+02   1.5705122428277721E-01
    5300.0000000000000000   1.4438822595929278E+02   1.5451871302611100E-01
    5400.0000000000000000   1.4675712394163557E+02   1.5208586969164092E-01
    5500.0000000000000000   1.4911962413317914E+02   1.4990956666692123E-01
    5600.0000000000000000   1.5147850125089482E+02   1.4766948300932681E-01
    5700.0000000000000000   1.5383359677037978E+02   1.4543917718946611E-01
    5800.0000000000000000   1.5618187710303090E+02   1.4351017497443477E-01
    5900.0000000000000000   1.5852849585732707E+02   1.4137010347833920E-01
    6000.0000000000000000   1.6086937130078093E+02   1.3942353096378229E-01
    6100.0000000000000000   1.6320582955101690E+02   1.3757011617521403E-01
    6200.0000000000000000   1.6553925293327256E+02   1.3566248296749525E-01
    6300.0000000000000000   1.6786862368816207E+02   1.3380017636573832E-01
    6400.0000000000000000   1.7019203168659880E+02   1.3218369994544135E-01
    6500.0000000000000000   1.7251236564876189E+02   1.3053312173995849E-01
    6600.0000000000000000   1.7482918452191109E+02   1.2891306986185883E-01
    6700.0000000000000000   1.7714304734966188E+02   1.2724197573833576E-01
    6800.0000000000000000   1.7945210314025667E+02   1.2574061071981760E-01
    6900.0000000000000000   1.8175807800061938E+02   1.2420667381806184E-01
    7000.0000000000000000   1.8406035962058516E+02   1.2274493009193545E-01
    7100.0000000000000000   1.8636099687403740E+02   1.2114253317735649E-01
    7200.0000000000000000   1.8865708392543681E+02   1.1968727456655173E-01
    7300.0000000000000000   1.9094837229419954E+02   1.1838434957352405E-01
    7400.0000000000000000   1.9323649530296990E+02   1.1709538211728387E-01
    7500.0000000000000000   1.9552217849781968E+02   1.1577680958753875E-01
    7600.0000000000000000   1.9780527887199264E+02   1.1443705947574397E-01
    7700.0000000000000000   2.0008353124043111E+02   1.1325751862779192E-01
    7800.0000000000000000   2.0236089821153070E+02   1.1192835585050105E-01
    7900.0000000000000000   2.0463289016938444E+02   1.1081762937258213E-01
    8000.0000000000000000   2.0690239928904492E+02   1.0968869448570262E-01
    8100.0000000000000000   2.0917060268906783E+02   1.0845139475022753E-01
    8200.0000000000000000   2.1143366648516189E+02   1.0741162771131037E-01
    8300.0000000000000000   2.1369476151452648E+02   1.0632819782699750E-01
    8400.0000000000000000   2.1595448869759193E+02   1.0516005134233430E-01
    8500.0000000000000000   2.1820700909821784E+02   1.0433928463892167E-01
    8600.0000000000000000   2.2046118094823535E+02   1.0321432995278707E-01
    8700.0000000000000000   2.2271239683429263E+02   1.0210720941945550E-01
    8800.0000000000000000   2.2495636908697287E+02   1.0139142029284133E-01
    8900.0000000000000000   2.2720332406816090E+02   1.0025473585412831E-01
    9000.0000000000000000   2.2944618256732826E+02   9.9263507306164317E-02
    9100.0000000000000000   2.3168499912262499E+02   9.8376435584817373E-02
    9200.0000000000000000   2.3391889282711696E+02   9.7687606974202382E-02
    9300.0000000000000000   2.3615593755254181E+02   9.6605572037508483E-02
    9400.0000000000000000   2.3838854505080468E+02   9.5685463316091665E-02
    9500.0000000000000000   2.4061694748114448E+02   9.4916920231817484E-02
    9600.0000000000000000   2.4284510984852466E+02   9.3996637927918750E-02
    9700.0000000000000000   2.4507052716113583E+02   9.3119517622012121E-02
    9800.0000000000000000   2.4729262986269936E+02   9.2326312475075792E-02
    9900.0000000000000000   2.4951193676156794E+02   9.1581124674296840E-02
   10000.0000000000000000   2.5172906385534381E+02   9.0841372437275747E-02
   11000.0000000000000000   2.7377985660149886E+02   8.4072294466665018E-02
   12000.0000000000000000   2.9563544902581054E+02   7.7856433746895354E-02
   13000.0000000000000000   3.1730506846246993E+02   7.2675051977509564E-02
   13425.9989999999997963   3.2648153909766671E+02   7.0833245402246975E-02
   13426.0010000000002037   3.2648158310037957E+02   7.0833182379335266E-02
   14000.0000000000000000   3.3880553324353281E+02   6.8240194205782326E-02
   15000.0000000000000000   3.6015221836222213E+02   6.4461646055724728E-02
   15718.9989999999997963   3.7541403679653905E+02   6.1978415994784486E-02
   15719.0010000000002037   3.7541407727932807E+02   6.1978499666339559E-02
   16000.0000000000000000   3.8136239374614883E+02   6.0974105693392067E-02
   16395.9989999999997963   3.8972584534932133E+02   5.9637391501700499E-02
   16396.0010000000002037   3.8972588668396713E+02   5.9637422079204083E-02
   17000.0000000000000000   4.0244282126202768E+02   5.7785736774362231E-02
   18000.0000000000000000   4.2339571842578289E+02   5.5231237933508655E-02
   19000.0000000000000000   4.4423781770034748E+02   5.2876901335364768E-02
   20000.0000000000000000   4.6498607498418750E+02   5.0267225339277750E-02
   21000.0000000000000000   4.8562639851338366E+02   4.8191293253935556E-02
   22000.0000000000000000   5.0616790932209886E+02   4.6395447057744545E-02
   23000.0000000000000000   5.2661775849249591E+02   4.4775556135500987E-02
   24000.0000000000000000   5.4698706263489487E+02   4.3301286819634709E-02
   25000.0000000000000000   5.6729525534260608E+02   4.1386413471118662E-02
   26000.0000000000000000   5.8750116207332462E+02   4.0284634081950738E-02
   27000.0000000000000000   6.0764959627267365E+02   3.8717222367089542E-02
   28000.0000000000000000   6.2770678655351151E+02   3.7876613309894606E-02
   29000.0000000000000000   6.4772042493349556E+02   3.6726521822733525E-02
   30000.0000000000000000   6.6764929375710892E+02   3.5771336191059516E-02
   31000.0000000000000000   6.8754673967514350E+02   3.4528914096297054E-02
   32000.0000000000000000   7.0736828833793606E+02   3.3612541919023194E-02
   33000.0000000000000000   7.2712219455248226E+02   3.2862485376520208E-02
   34000.0000000000000000   7.4682920005140943E+02   3.2019622349262637E-02
   35000.0000000000000000   7.6648745729831353E+02   3.1233129030597374E-02
   36000.0000000000000000   7.8611400082039063E+02   3.0075594689583807E-02
   37000.0000000000000000   8.0565583525486863E+02   2.9612668031808287E-02
   38000.0000000000000000   8.2514588734138670E+02   2.8980328905538595E-02
   39000.0000000000000000   8.4462123241840538E+02   2.8169759024321187E-02
   40000.0000000000000000   8.6404168341500406E+02   2.7467164496397245E-02
   41000.0000000000000000   8.8340314937074652E+02   2.6906361507728186E-02
   42000.0000000000000000   9.0274029221708872E+02   2.6345289138551671E-02
   43000.0000000000000000   9.2201855439301539E+02   2.5959462134315367E-02
   44000.0000000000000000   9.4123464469317742E+02   2.5733807172560252E-02
   45000.0000000000000000   9.6047181441284727E+02   2.4994440639397712E-02
   46000.0000000000000000   9.7965279444192322E+02   2.4450068370515467E-02
   47000.0000000000000000   9.9878927356992529E+02   2.3779771330861569E-02
   48000.0000000000000000   1.0178493837404103E+03   2.3686259035029571E-02
   49000.0000000000000000   1.0369177269701765E+03   2.2983689204808356E-02
   50000.0000000000000000   1.0559353414817363E+03   2.2664232188417243E-02
   90533.9989999999961583   1.8049207791630754E+03   1.3590305171034052E-02
   90534.0010000000038417   1.8049208166073149E+03   1.3590294063252559E-02
