       0.1000000000000000   1.5590584221755096E+01   1.8694762300381657E-03
       0.2000000000000000   1.3764732524796907E+01   3.6452011543501093E-03
       0.3000000000000000   1.3174015470307255E+01   5.4031222141124298E-03
       0.4000000000000000   1.2961466173569111E+01   7.0775547947857084E-03
       0.5000000000000000   1.2860496198325492E+01   8.7311826330774139E-03
       0.6000000000000000   1.2811460177453293E+01   1.0368960286319846E-02
       0.7000000000000000   1.2790799811728409E+01   1.1995265329973481E-02
       0.7999999999999999   1.2785941438131234E+01   1.3613312634390740E-02
       0.8999999999999999   1.2791063504353524E+01   1.5222459902858381E-02
       0.9999999999999999   1.2800912042824978E+01   1.6829014875217801E-02
       2.0000000000000000   1.2909674823615156E+01   3.2965814844159669E-02
       3.0000000000000000   1.2874744084561854E+01   4.9885352396250145E-02
       4.0000000000000000   1.2715421429428519E+01   6.8097628271563543E-02
       5.0000000000000000   1.2475369143595513E+01   8.7874964257630472E-02
       6.0000000000000000   1.2185918025172768E+01   1.0938695879514469E-01
       7.0000000000000000   1.1868180499773926E+01   1.3274609856999098E-01
       8.0000000000000000   1.1535976210528862E+01   1.5803811899835338E-01
       9.0000000000000000   1.1198451392639837E+01   1.8533380550146128E-01
      10.0000000000000000   1.0861588727835340E+01   2.1469770677711875E-01
      11.0000000000000000   1.0529310477412986E+01   2.4619152733237051E-01
      12.0000000000000000   1.0204130893144555E+01   2.7987641698521937E-01
      13.0000000000000000   9.8876377141615510E+00   3.1581407774034442E-01
      14.0000000000000000   9.5807785574451501E+00   3.5406653183637493E-01
      15.0000000000000000   9.2841162266980728E+00   3.9469325956450640E-01
      16.0000000000000000   8.9979807238609695E+00   4.3774728051440959E-01
      17.0000000000000000   8.7225553334316661E+00   4.8327155523944804E-01
      18.0000000000000000   8.4579646156680610E+00   5.3129237250782435E-01
      19.0000000000000000   8.2043095845353591E+00   5.8181296448387454E-01
      20.0000000000000000   7.9616977012745833E+00   6.3480631805748733E-01
      21.0000000000000000   7.7302547586656400E+00   6.9020750637670902E-01
      22.0000000000000000   7.5101289263733753E+00   7.4790632611609253E-01
      23.0000000000000000   7.3014797110896232E+00   8.0774175415521088E-01
      24.0000000000000000   7.1044629744091594E+00   8.6949855623587768E-01
      25.0000000000000000   6.9192139345313048E+00   9.3290643806320384E-01
      26.0000000000000000   6.7458253177077196E+00   9.9764342843067544E-01
      27.0000000000000000   6.5843273913580838E+00   1.0633431245678020E+00
      28.0000000000000000   6.4346716382916558E+00   1.1296056095685512E+00
      29.0000000000000000   6.2967193514850877E+00   1.1960112752226588E+00
      30.0000000000000000   6.1702380235434386E+00   1.2621360409113882E+00
      31.0000000000000000   6.0549036523946169E+00   1.3275666715650749E+00
      31.9989999999999988   5.9504096504580142E+00   1.3918508215234122E+00
      32.0000000000000000   5.9503102690178959E+00   1.3919145076667390E+00
      32.0009999999999977   5.9502108978481179E+00   1.3919781923708707E+00
      33.0000000000000000   5.8559828304233603E+00   1.4548268506549304E+00
      33.9990000000000023   5.7714738220106003E+00   1.5159347502527623E+00
      34.0000000000000000   5.7713939122463751E+00   1.5159949563736439E+00
      34.0009999999999977   5.7713140116593449E+00   1.5160551604860117E+00
      35.0000000000000000   5.6959806335323817E+00   1.5751587671980498E+00
      36.0000000000000000   5.6291611080231005E+00   1.6321085033397049E+00
      37.0000000000000000   5.5703490558095918E+00   1.6866836473856170E+00
      38.0000000000000000   5.5189660303976122E+00   1.7387699570920807E+00
      39.0000000000000000   5.4744509704387516E+00   1.7882951573598833E+00
      40.0000000000000000   5.4362672912375167E+00   1.8352238777821166E+00
      41.0000000000000000   5.4039075619824057E+00   1.8795523382326818E+00
      42.0000000000000000   5.3768963632535636E+00   1.9213030894412755E+00
      43.0000000000000000   5.3547915616128972E+00   1.9605200794610744E+00
      44.0000000000000000   5.3371844281258340E+00   1.9972641561826587E+00
      45.0000000000000000   5.3236988205399252E+00   2.0316091357414110E+00
      46.0000000000000000   5.3139898846335791E+00   2.0636383712596662E+00
      47.0000000000000000   5.3077423090727569E+00   2.0934418700430868E+00
      48.0000000000000000   5.3046683830062848E+00   2.1211138928516751E+00
      49.0000000000000000   5.3045059581343006E+00   2.1467509909626785E+00
      50.0000000000000000   5.3070164031563518E+00   2.1704504256821382E+00
      51.0000000000000000   5.3119826040698408E+00   2.1923089187397493E+00
      52.0000000000000000   5.3192070712245547E+00   2.2124216794502245E+00
      53.0000000000000000   5.3285101457047057E+00   2.2308816660121420E+00
      54.0000000000000000   5.3397283413056309E+00   2.2477790388038792E+00
      55.0000000000000000   5.3527128070989507E+00   2.2632007740075748E+00
      56.0000000000000000   5.3673279367116908E+00   2.2772304080372137E+00
      57.0000000000000000   5.3834501436012445E+00   2.2899478157408146E+00
      58.0000000000000000   5.4009665942955793E+00   2.3014292387281645E+00
      59.0000000000000000   5.4197742302516732E+00   2.3117472111499158E+00
      60.0000000000000000   5.4397789047409395E+00   2.3209705246386356E+00
      61.0000000000000000   5.4608943815211619E+00   2.3291644281653214E+00
      62.0000000000000000   5.4830416766924213E+00   2.3363906353997805E+00
      63.0000000000000000   5.5061483504584467E+00   2.3427074624010209E+00
      64.0000000000000000   5.5301478880028574E+00   2.3481699568515997E+00
      65.0000000000000000   5.5549791495162699E+00   2.3528300359515799E+00
      66.0000000000000000   5.5805858728516906E+00   2.3567366293762539E+00
      67.0000000000000000   5.6069162269225563E+00   2.3599358242329065E+00
      68.0000000000000000   5.6339224106046908E+00   2.3624710097226140E+00
      69.0000000000000000   5.6615602911264267E+00   2.3643830198154379E+00
      70.0000000000000000   5.6897890789657115E+00   2.3657102724866839E+00
      71.0000000000000000   5.7185710338554552E+00   2.3664889048646698E+00
      72.0000000000000000   5.7478712010693673E+00   2.3667529032597701E+00
      73.0000000000000000   5.7776571723837238E+00   2.3665342279005790E+00
      74.0000000000000000   5.8078988702612797E+00   2.3658629320044371E+00
      75.0000000000000000   5.8385683451280661E+00   2.3647672804329831E+00
      76.0000000000000000   5.8696396290086961E+00   2.3632738356082346E+00
      77.0000000000000000   5.9010885294282538E+00   2.3614075918194963E+00
      78.0000000000000000   5.9328925148796099E+00   2.3591920495036858E+00
      79.0000000000000000   5.9650305750294796E+00   2.3566493113923603E+00
      80.0000000000000000   5.9974831006862575E+00   2.3538001678902769E+00
      81.0000000000000000   6.0302317744054283E+00   2.3506641773932784E+00
      82.0000000000000000   6.0632594713066705E+00   2.3472597417763574E+00
      83.0000000000000000   6.0965501681757672E+00   2.3436041772623684E+00
      84.0000000000000000   6.1300888600253556E+00   2.3397137809683075E+00
      85.0000000000000000   6.1638614849207531E+00   2.3356038932828973E+00
      86.0000000000000000   6.1978548544041958E+00   2.3312889563685446E+00
      87.0000000000000000   6.2320565888328963E+00   2.3267825697914195E+00
      88.0000000000000000   6.2664550645507218E+00   2.3220975386580633E+00
      89.0000000000000000   6.3010393523219657E+00   2.3172459266173764E+00
      90.0000000000000000   6.3357991734588417E+00   2.3122390976770570E+00
      91.0000000000000000   6.3707248537273236E+00   2.3070877592442924E+00
      92.0000000000000000   6.4058072817188236E+00   2.3018020016750800E+00
      93.0000000000000000   6.4410378706253750E+00   2.2963913353163736E+00
      94.0000000000000000   6.4764085230042747E+00   2.2908647252031877E+00
      95.0000000000000000   6.5119115982545281E+00   2.2852306235618687E+00
      96.0000000000000000   6.5475398825895930E+00   2.2794970002619022E+00
      97.0000000000000000   6.5832865612761902E+00   2.2736713713496615E+00
      98.0000000000000000   6.6191451927922857E+00   2.2677608257964024E+00
      99.0000000000000000   6.6551096856920129E+00   2.2617720505343906E+00
     100.0000000000000000   6.6911742755245651E+00   2.2557113539995535E+00
     100.9989999999999952   6.7272973005882362E+00   2.2495908458588194E+00
     101.0010000000000048   6.7273697101956245E+00   2.2495785303558442E+00
     110.0000000000000000   7.0562547026788014E+00   2.1923062297999212E+00
     120.0000000000000000   7.4268045452751084E+00   2.1265366840992699E+00
     124.9989999999999952   7.6132515589772947E+00   2.0936126255303957E+00
     125.0010000000000048   7.6133262647517119E+00   2.0935994930126745E+00
     130.0000000000000000   7.8002686309177074E+00   2.0609303026299859E+00
     140.0000000000000000   8.1750511815579259E+00   1.9968867386830103E+00
     150.0000000000000000   8.5446226153649896E+00   1.9414213005034380E+00
     160.0000000000000000   8.9213412130431013E+00   1.8820335804306643E+00
     164.9989999999999952   9.1084421878698230E+00   1.8542757130769902E+00
     165.0010000000000048   9.1085233265806558E+00   1.8542584544547867E+00
     166.9989999999999952   9.1841465996950848E+00   1.8424500494599607E+00
     167.0010000000000048   9.1842275609392896E+00   1.8424330768453216E+00
     169.9989999999999952   9.2948173602526278E+00   1.8276775024402641E+00
     170.0000000000000000   9.2948577022451158E+00   1.8276692088709454E+00
     170.0010000000000048   9.2948980442038618E+00   1.8276609153825742E+00
     180.0000000000000000   9.6654327081847704E+00   1.7776764097120501E+00
     190.0000000000000000   1.0038072997359642E+01   1.7270033506737901E+00
     200.0000000000000000   1.0403203819681689E+01   1.6844869094190134E+00
     210.0000000000000000   1.0774837462240743E+01   1.6369144324274154E+00
     220.0000000000000000   1.1139350406975476E+01   1.5966484449230511E+00
     230.0000000000000000   1.1501511234463443E+01   1.5591066381163072E+00
     240.0000000000000000   1.1865478425027884E+01   1.5205639299599372E+00
     250.0000000000000000   1.2227123215041003E+01   1.4845345305036566E+00
     260.0000000000000000   1.2586575937982884E+01   1.4507682748278512E+00
     270.0000000000000000   1.2943956021574417E+01   1.4190477632556315E+00
     280.0000000000000000   1.3303022272841524E+01   1.3862902685543630E+00
     290.0000000000000000   1.3656477196342184E+01   1.3582294356490607E+00
     300.0000000000000000   1.4011658393923931E+01   1.3290262148357788E+00
     310.0000000000000000   1.4361564775940350E+01   1.3040053413436743E+00
     320.0000000000000000   1.4713210533876563E+01   1.2777801029437823E+00
     330.0000000000000000   1.5063176350557642E+01   1.2529083678318040E+00
     340.0000000000000000   1.5411532332291744E+01   1.2292836593792533E+00
     350.0000000000000000   1.5758343996748806E+01   1.2068105856252007E+00
     360.0000000000000000   1.6103672650930449E+01   1.1854034240811790E+00
     370.0000000000000000   1.6450673792614790E+01   1.1628630855565614E+00
     380.0000000000000000   1.6793148701601030E+01   1.1434256620876859E+00
     390.0000000000000000   1.7134302910849513E+01   1.1248404683676188E+00
     400.0000000000000000   1.7477147925188302E+01   1.1051028367828433E+00
     410.0000000000000000   1.7815744706879336E+01   1.0881087480332381E+00
     420.0000000000000000   1.8156041274107228E+01   1.0699611516545602E+00
     430.0000000000000000   1.8495113518557950E+01   1.0525568807215588E+00
     440.0000000000000000   1.8830160142110614E+01   1.0376065615166732E+00
     447.9990000000000236   1.9098504278202832E+01   1.0253711693450180E+00
     448.0009999999999764   1.9098572679803279E+01   1.0253672969701491E+00
     450.0000000000000000   1.9166918417225073E+01   1.0215123533158921E+00
     460.0000000000000000   1.9502560012318938E+01   1.0060355951651454E+00
     470.0000000000000000   1.9837117101720153E+01   9.9114030610287518E-01
     471.9990000000000236   1.9902226197465652E+01   9.8920650766055374E-01
     472.0009999999999764   1.9902294053824701E+01   9.8920295089293098E-01
     480.0000000000000000   2.0170620444695892E+01   9.7679323178912059E-01
     490.0000000000000000   2.0500416066890562E+01   9.6452677361936778E-01
     500.0000000000000000   2.0831924359252636E+01   9.5115247665108438E-01
     510.0000000000000000   2.1162463296989046E+01   9.3824216783793402E-01
     520.0000000000000000   2.1492058392730407E+01   9.2577131148933256E-01
     530.0000000000000000   2.1823313601694721E+01   9.1228084390848163E-01
     540.0000000000000000   2.2151066890053126E+01   9.0065071203304614E-01
     550.0000000000000000   2.2477946480950582E+01   8.8939506669821700E-01
     560.0000000000000000   2.2803973906665910E+01   8.7849546648005705E-01
     570.0000000000000000   2.3129169765619231E+01   8.6793470859247612E-01
     580.0000000000000000   2.3453553661863818E+01   8.5769678641510350E-01
     590.0000000000000000   2.3779590796570471E+01   8.4648682068195247E-01
     600.0000000000000000   2.4102379994816239E+01   8.3687331737315029E-01
     610.0000000000000000   2.4424412662634083E+01   8.2753904681209745E-01
     620.0000000000000000   2.4748095750484062E+01   8.1725823460030367E-01
     630.0000000000000000   2.5068636047680158E+01   8.0846777945897386E-01
     640.0000000000000000   2.5390832501600112E+01   7.9874616358645434E-01
     650.0000000000000000   2.5709942573595679E+01   7.9045300900484727E-01
     660.0000000000000000   2.6030711016772329E+01   7.8124456062138692E-01
     670.0000000000000000   2.6348449798940891E+01   7.7340690098092724E-01
     680.0000000000000000   2.6667844901941894E+01   7.6467063670066071E-01
     686.9990000000000236   2.6888000636059690E+01   7.6011191967437741E-01
     687.0009999999999764   2.6888064809928519E+01   7.6011000637267234E-01
     690.0000000000000000   2.6984266942446965E+01   7.5725144516157006E-01
     700.0000000000000000   2.7302340623225355E+01   7.4895035723469494E-01
     710.0000000000000000   2.7617496368207547E+01   7.4191679293452395E-01
     720.0000000000000000   2.7934297416854399E+01   7.3401762684331295E-01
     730.0000000000000000   2.8248234384345988E+01   7.2734011227313689E-01
     740.0000000000000000   2.8563807651594779E+01   7.1981338343957735E-01
     750.0000000000000000   2.8878780474170135E+01   7.1246989160890073E-01
     760.0000000000000000   2.9190958447839151E+01   7.0628424935444278E-01
     770.0000000000000000   2.9504768465819634E+01   6.9927263067876622E-01
     780.0000000000000000   2.9818006531602098E+01   6.9242589845798974E-01
     790.0000000000000000   3.0128516523712442E+01   6.8667983652673625E-01
     800.0000000000000000   3.0440650093524379E+01   6.8013053290919523E-01
     810.0000000000000000   3.0752240318484446E+01   6.7372919025113720E-01
     812.9990000000000236   3.0846220457399713E+01   6.7156536797528066E-01
     813.0009999999999764   3.0846283114764855E+01   6.7156393043727569E-01
     820.0000000000000000   3.1063293086438719E+01   6.6747186330779207E-01
     830.0000000000000000   3.1371700490439743E+01   6.6224574551349369E-01
     840.0000000000000000   3.1681720754589470E+01   6.5624606482633041E-01
     850.0000000000000000   3.1991230788462769E+01   6.5037566107341949E-01
     860.0000000000000000   3.2300236529646533E+01   6.4463101939951117E-01
     870.0000000000000000   3.2608745604256498E+01   6.3900801297821053E-01
     880.0000000000000000   3.2916767215999933E+01   6.3350197993573643E-01
     890.0000000000000000   3.3222255903804793E+01   6.2893640820263741E-01
     900.0000000000000000   3.3529337144771361E+01   6.2364106845881928E-01
     910.0000000000000000   3.3835951421607533E+01   6.1845248947020992E-01
     920.0000000000000000   3.4142104932855062E+01   6.1336755513057839E-01
     930.0000000000000000   3.4447804112481109E+01   6.0838312247099890E-01
     940.0000000000000000   3.4753055561682714E+01   6.0349605036770015E-01
     945.9990000000000236   3.4935164929935091E+01   6.0091971339232009E-01
     946.0009999999999764   3.4935226287138150E+01   6.0091859919680157E-01
     950.0000000000000000   3.5057865903826219E+01   5.9870325753714748E-01
     960.0000000000000000   3.5362241573021308E+01   5.9400180074581954E-01
     970.0000000000000000   3.5666188684136081E+01   5.8938891879920363E-01
     980.0000000000000000   3.5969713025968176E+01   5.8486202858528580E-01
     990.0000000000000000   3.6272820125456420E+01   5.8041869460886830E-01
    1000.0000000000000000   3.6575515329574024E+01   5.7605659411655818E-01
    1100.0000000000000000   3.9580925063479569E+01   5.3644388420160816E-01
    1200.0000000000000000   4.2552111592878596E+01   5.0231311366625209E-01
    1300.0000000000000000   4.5492699441083964E+01   4.7248530366276903E-01
    1400.0000000000000000   4.8405718641073072E+01   4.4608971681746518E-01
    1500.0000000000000000   5.1292002151174806E+01   4.2296336872345519E-01
    1600.0000000000000000   5.4155488603375950E+01   4.0206193988285427E-01
    1700.0000000000000000   5.6994607171339069E+01   3.8390379210710873E-01
    1800.0000000000000000   5.9816123946395415E+01   3.6679138234600778E-01
    1900.0000000000000000   6.2616396852620575E+01   3.5176890999072452E-01
    2000.0000000000000000   6.5400066424261851E+01   3.3776942084206035E-01
    2100.0000000000000000   6.8166566076843651E+01   3.2502422944408471E-01
    2200.0000000000000000   7.0918374192133129E+01   3.1304952186943935E-01
    2300.0000000000000000   7.3653527606906678E+01   3.0235005711878543E-01
    2400.0000000000000000   7.6375883671857750E+01   2.9216118320598011E-01
    2500.0000000000000000   7.9084281838409964E+01   2.8278902400491795E-01
    2587.9989999999997963   8.1456271821532184E+01   2.7522248287978696E-01
    2588.0010000000002037   8.1456325698811341E+01   2.7522229994417330E-01
    2600.0000000000000000   8.1779849515692348E+01   2.7406344181816900E-01
    2695.9989999999997963   8.4355605381395605E+01   2.6631666521985514E-01
    2696.0010000000002037   8.4355659141745434E+01   2.6631647038618728E-01
    2700.0000000000000000   8.4463150404415501E+01   2.6592574111260547E-01
    2800.0000000000000000   8.7134273373824939E+01   2.5839577210910764E-01
    2900.0000000000000000   8.9795650171503524E+01   2.5107826188746296E-01
    3000.0000000000000000   9.2444931680153161E+01   2.4444399199651354E-01
    3100.0000000000000000   9.5085392798661928E+01   2.3794943651739425E-01
    3184.9989999999997963   9.7320704394483883E+01   2.3292286294153122E-01
    3185.0010000000002037   9.7320756912164512E+01   2.3292274544844860E-01
    3200.0000000000000000   9.7715369052341003E+01   2.3191343352494290E-01
    3300.0000000000000000   1.0033580793677898E+02   2.2621751969202772E-01
    3400.0000000000000000   1.0294719951699945E+02   2.2080937034975126E-01
    3500.0000000000000000   1.0554970080772797E+02   2.1568897057393480E-01
    3600.0000000000000000   1.0814416697039324E+02   2.1076117282743226E-01
    3700.0000000000000000   1.1072938093415311E+02   2.0621755957047391E-01
    3703.9989999999997963   1.1083318010796377E+02   2.0595822492837840E-01
    3704.0010000000002037   1.1083323196969660E+02   2.0595810136503429E-01
    3800.0000000000000000   1.1330846751576475E+02   2.0162963024057948E-01
    3900.0000000000000000   1.1587808274494728E+02   1.9749554821374185E-01
    4000.0000000000000000   1.1844006131121917E+02   1.9357987788540892E-01
    4006.9989999999997963   1.1861995614781969E+02   1.9320035307272898E-01
    4007.0010000000002037   1.1862000762461470E+02   1.9320023448378496E-01
    4100.0000000000000000   1.2099639120628422E+02   1.8961769814449372E-01
    4200.0000000000000000   1.2354572600306219E+02   1.8582691880308388E-01
    4300.0000000000000000   1.2608764980014952E+02   1.8228141081737584E-01
    4400.0000000000000000   1.2862246174178324E+02   1.7892843165730687E-01
    4500.0000000000000000   1.3115177734518804E+02   1.7559563462301980E-01
    4600.0000000000000000   1.3367321027812878E+02   1.7259739782537201E-01
    4700.0000000000000000   1.3619083216842631E+02   1.6943898311141076E-01
    4800.0000000000000000   1.3870093009991569E+02   1.6657361354118885E-01
    4900.0000000000000000   1.4120503181828653E+02   1.6384113391027325E-01
    5000.0000000000000000   1.4370411732717059E+02   1.6114005699694756E-01
    5100.0000000000000000   1.4619768373105069E+02   1.5853425262153778E-01
    5200.0000000000000000   1.4868587679243254E+02   1.5601699632058952E-01
    5300.0000000000000000   1.5116963397950832E+02   1.5350133710363537E-01
    5400.0000000000000000   1.5364815761546126E+02   1.5108477050488214E-01
    5500.0000000000000000   1.5611989125758353E+02   1.4892419853159056E-01
    5600.0000000000000000   1.5858787145781051E+02   1.4669932783864570E-01
    5700.0000000000000000   1.6105191974669376E+02   1.4448374264285060E-01
    5800.0000000000000000   1.6350870671636707E+02   1.4256899275993840E-01
    5900.0000000000000000   1.6596387660043408E+02   1.4044272779370873E-01
    6000.0000000000000000   1.6841295158465172E+02   1.3850953706269969E-01
    6100.0000000000000000   1.7085738115798398E+02   1.3666909904679425E-01
    6200.0000000000000000   1.7329867645219758E+02   1.3477405611842214E-01
    6300.0000000000000000   1.7573571832267072E+02   1.3292397069556602E-01
    6400.0000000000000000   1.7816640988542630E+02   1.3131936270659869E-01
    6500.0000000000000000   1.8059391352696204E+02   1.2968031557487811E-01
    6600.0000000000000000   1.8301774254434571E+02   1.2807147191043705E-01
    6700.0000000000000000   1.8543850634133312E+02   1.2641127680961681E-01
    6800.0000000000000000   1.8785417339602208E+02   1.2492051452241210E-01
    6900.0000000000000000   1.9026663226396388E+02   1.2339689624434552E-01
    7000.0000000000000000   1.9267520904593619E+02   1.2194519855156145E-01
    7100.0000000000000000   1.9508214606128004E+02   1.2035258597603940E-01
    7200.0000000000000000   1.9748425637897435E+02   1.1890686032646675E-01
    7300.0000000000000000   1.9988126514208304E+02   1.1761322669200329E-01
    7400.0000000000000000   2.0227495955246209E+02   1.1633331826080007E-01
    7500.0000000000000000   2.0466613211813649E+02   1.1502358121823755E-01
    7600.0000000000000000   2.0705462370193808E+02   1.1369245140803344E-01
    7700.0000000000000000   2.0943794999710065E+02   1.1252132361271650E-01
    7800.0000000000000000   2.1182045054727769E+02   1.1120037418582947E-01
    7900.0000000000000000   2.1419720394949923E+02   1.1009766853671074E-01
    8000.0000000000000000   2.1657137696825208E+02   1.0897656879364591E-01
    8100.0000000000000000   2.1894425719052725E+02   1.0774692503010450E-01
    8200.0000000000000000   2.2131164203996642E+02   1.0671464099987581E-01
    8300.0000000000000000   2.2367700363005147E+02   1.0563852708287827E-01
    8400.0000000000000000   2.2604099837253960E+02   1.0447753517574672E-01
    8500.0000000000000000   2.2839722731498361E+02   1.0366376705673980E-01
    8600.0000000000000000   2.3075539360856686E+02   1.0254566011792215E-01
    8700.0000000000000000   2.3311044763816105E+02   1.0144524142358960E-01
    8800.0000000000000000   2.3545769036055577E+02   1.0073601294163147E-01
    8900.0000000000000000   2.3780832355793001E+02   9.9605752464064043E-02
    9000.0000000000000000   2.4015458997893515E+02   9.8620815512326140E-02
    9100.0000000000000000   2.4249654782440822E+02   9.7739907158837541E-02
    9200.0000000000000000   2.4483323055930072E+02   9.7057117651781655E-02
    9300.0000000000000000   2.4717348153591860E+02   9.5981001354891612E-02
    9400.0000000000000000   2.4950898636136392E+02   9.5066694454945672E-02
    9500.0000000000000000   2.5183999797228674E+02   9.4303839871997336E-02
    9600.0000000000000000   2.5417085847718369E+02   9.3389136107642448E-02
    9700.0000000000000000   2.5649882235435177E+02   9.2517487604999366E-02
    9800.0000000000000000   2.5882326435517609E+02   9.1729650624237505E-02
    9900.0000000000000000   2.6114475150173729E+02   9.0989730331588151E-02
   10000.0000000000000000   2.6346395728593006E+02   9.0255147809355230E-02
   11000.0000000000000000   2.8652962998569586E+02   8.3532946913678172E-02
   12000.0000000000000000   3.0939088362546858E+02   7.7356662587875255E-02
   13000.0000000000000000   3.3205690228842099E+02   7.2209165520258314E-02
   13425.9989999999997963   3.4165499652760826E+02   7.0380362930490423E-02
   13426.0010000000002037   3.4165504260051927E+02   7.0380299966826571E-02
   14000.0000000000000000   3.5454534073818678E+02   6.7803665707851429E-02
   15000.0000000000000000   3.7687239221962153E+02   6.4050813653498337E-02
   15718.9989999999997963   3.9283489883121126E+02   6.1584169864918117E-02
   15719.0010000000002037   3.9283494108043948E+02   6.1584253580641339E-02
   16000.0000000000000000   3.9905641804545542E+02   6.0585963537693785E-02
   16395.9989999999997963   4.0780379312477095E+02   5.9257519696095863E-02
   16396.0010000000002037   4.0780383631482619E+02   5.9257550314427782E-02
   17000.0000000000000000   4.2110434800314897E+02   5.7417785915451686E-02
   18000.0000000000000000   4.4301819811569140E+02   5.4881377493604805E-02
   19000.0000000000000000   4.6481592647733947E+02   5.2543347537015180E-02
   20000.0000000000000000   4.8651577557154553E+02   4.9948450223846627E-02
   21000.0000000000000000   5.0810203309517539E+02   4.7885977593053415E-02
   22000.0000000000000000   5.2958442991110758E+02   4.6102443675348839E-02
   23000.0000000000000000   5.5097056512034726E+02   4.4493860986665294E-02
   24000.0000000000000000   5.7227239980822321E+02   4.3030015931217767E-02
   25000.0000000000000000   5.9351101639060118E+02   4.1124784369446728E-02
   26000.0000000000000000   6.1464117461829107E+02   4.0031950695620828E-02
   27000.0000000000000000   6.3571176775573031E+02   3.8472862650189982E-02
   28000.0000000000000000   6.5668568827391516E+02   3.7640019015917674E-02
   29000.0000000000000000   6.7761500074243122E+02   3.6497189994287270E-02
   30000.0000000000000000   6.9845447112791430E+02   3.5548812029976812E-02
   31000.0000000000000000   7.1926236866761019E+02   3.4312784952998346E-02
   32000.0000000000000000   7.3998991415234048E+02   3.3402432196000142E-02
   33000.0000000000000000   7.6064604358390159E+02   3.2658052183475041E-02
   34000.0000000000000000   7.8125336344622929E+02   3.1820551780235323E-02
   35000.0000000000000000   8.0180976517580052E+02   3.1039132958843144E-02
   36000.0000000000000000   8.2233380802626425E+02   2.9886407995840126E-02
   37000.0000000000000000   8.4276742468071711E+02   2.9428046197240151E-02
   38000.0000000000000000   8.6314657530679381E+02   2.8800045913064634E-02
   39000.0000000000000000   8.8351176092912931E+02   2.7993605521933432E-02
   40000.0000000000000000   9.0381894389091713E+02   2.7294946184047326E-02
   41000.0000000000000000   9.2406358845395209E+02   2.6737897715788488E-02
   42000.0000000000000000   9.4428356412150754E+02   2.6180411571088656E-02
   43000.0000000000000000   9.6444100530135870E+02   2.5798013754686520E-02
   44000.0000000000000000   9.8453226082258402E+02   2.5575641212354481E-02
   45000.0000000000000000   1.0046483686335852E+03   2.4839419714634815E-02
   46000.0000000000000000   1.0247047404692153E+03   2.4298063691422459E-02
   47000.0000000000000000   1.0447141215021736E+03   2.3630661993541677E-02
   48000.0000000000000000   1.0646416045658007E+03   2.3539931385011079E-02
   49000.0000000000000000   1.0845797096620709E+03   2.2840036263864161E-02
   50000.0000000000000000   1.1044638907051610E+03   2.2523153137228958E-02
   90533.9989999999961583   1.8875323324813676E+03   1.3507534746319882E-02
   90534.0010000000038417   1.8875323716911548E+03   1.3507523640186259E-02
