       0.1000000000000000   4.8280763762844399E+03
       0.2000000000000000   2.4527220200565489E+03
       0.3000000000000000   1.6551723984063760E+03
       0.4000000000000000   1.2541722837624452E+03
       0.5000000000000000   1.0124410459571122E+03
       0.6000000000000000   8.5062118180039818E+02
       0.7000000000000000   7.3460573651424056E+02
       0.7999999999999999   6.4729817868227576E+02
       0.8999999999999999   5.7917860314983568E+02
       0.9999999999999999   5.2452292701550959E+02
       2.0000000000000000   2.7593712261211334E+02
       3.0000000000000000   1.9143749444319576E+02
       4.0000000000000000   1.4860162115485448E+02
       5.0000000000000000   1.2262663837137910E+02
       6.0000000000000000   1.0516412807787144E+02
       7.0000000000000000   9.2606914449579790E+01
       8.0000000000000000   8.3138482657893434E+01
       9.0000000000000000   7.5743164874243689E+01
      10.0000000000000000   6.9807984589450811E+01
      11.0000000000000000   6.4940755090123801E+01
      12.0000000000000000   6.0878703101145348E+01
      13.0000000000000000   5.7439052176121045E+01
      14.0000000000000000   5.4490669616302753E+01
      15.0000000000000000   5.1936989285098242E+01
      16.0000000000000000   4.9705299541251186E+01
      17.0000000000000000   4.7739787903134527E+01
      18.0000000000000000   4.5996888842309879E+01
      19.0000000000000000   4.4442090627726628E+01
      20.0000000000000000   4.3047693329680001E+01
      21.0000000000000000   4.1791202723199902E+01
      22.0000000000000000   4.0654158930397777E+01
      23.0000000000000000   3.9621268286761527E+01
      24.0000000000000000   3.8679750530366228E+01
      25.0000000000000000   3.7818841410043923E+01
      26.0000000000000000   3.7029409131444979E+01
      27.0000000000000000   3.6303655328028356E+01
      28.0000000000000000   3.5634879564633124E+01
      29.0000000000000000   3.5017292143605509E+01
      30.0000000000000000   3.4445864023220899E+01
      31.0000000000000000   3.3916205524294668E+01
      32.0000000000000000   3.3424467576815637E+01
      33.0000000000000000   3.2967260756948846E+01
      34.0000000000000000   3.2541588480313798E+01
      35.0000000000000000   3.2144791541770878E+01
      36.0000000000000000   3.1774501811393574E+01
      37.0000000000000000   3.1428603367829929E+01
      38.0000000000000000   3.1105199710069030E+01
      39.0000000000000000   3.0802585965122582E+01
      40.0000000000000000   3.0519225223388954E+01
      41.0000000000000000   3.0253728303950346E+01
      41.9990000000000023   3.0005077368726880E+01
      42.0000000000000000   3.0004836381460489E+01
      42.0009999999999977   3.0004595409681766E+01
      43.0000000000000000   2.9771406013733799E+01
      44.0000000000000000   2.9552396190053070E+01
      44.9990000000000023   2.9347056195546568E+01
      45.0000000000000000   2.9346857089710806E+01
      45.0009999999999977   2.9346657996484623E+01
      46.0000000000000000   2.9153920291550065E+01
      47.0000000000000000   2.8972790220958860E+01
      48.0000000000000000   2.8802736655013703E+01
      49.0000000000000000   2.8643088136087680E+01
      50.0000000000000000   2.8493226167767478E+01
      51.0000000000000000   2.8352580086215017E+01
      52.0000000000000000   2.8220622517832197E+01
      53.0000000000000000   2.8096865345306156E+01
      54.0000000000000000   2.7980856117517174E+01
      55.0000000000000000   2.7872174846861235E+01
      56.0000000000000000   2.7770431146251823E+01
      57.0000000000000000   2.7675261664223548E+01
      58.0000000000000000   2.7586327782869912E+01
      59.0000000000000000   2.7503313547147137E+01
      60.0000000000000000   2.7425923799262357E+01
      61.0000000000000000   2.7353882494522743E+01
      62.0000000000000000   2.7286931178571173E+01
      63.0000000000000000   2.7224827608098689E+01
      64.0000000000000000   2.7167344499405328E+01
      65.0000000000000000   2.7114268391503057E+01
      66.0000000000000000   2.7065398611206529E+01
      67.0000000000000000   2.7020546330171847E+01
      67.9989999999999952   2.6979572855457079E+01
      68.0000000000000000   2.6979533704124808E+01
      68.0010000000000048   2.6979494556476283E+01
      69.0000000000000000   2.6942193086236170E+01
      70.0000000000000000   2.6908366307057573E+01
      71.0000000000000000   2.6877904014998293E+01
      72.0000000000000000   2.6850665070874619E+01
      73.0000000000000000   2.6826515991830743E+01
      74.0000000000000000   2.6805330439879143E+01
      75.0000000000000000   2.6786988750944566E+01
      76.0000000000000000   2.6771377500692324E+01
      76.9989999999999952   2.6758400816478833E+01
      77.0000000000000000   2.6758389103760482E+01
      77.0010000000000048   2.6758377393577085E+01
      78.0000000000000000   2.6747921443699518E+01
      79.0000000000000000   2.6739877530524851E+01
      80.0000000000000000   2.6734165183780384E+01
      81.0000000000000000   2.6730696738862317E+01
      82.0000000000000000   2.6729388774569571E+01
      83.0000000000000000   2.6730161860186566E+01
      84.0000000000000000   2.6732940320332375E+01
      85.0000000000000000   2.6737652016478460E+01
      86.0000000000000000   2.6744228143334094E+01
      87.0000000000000000   2.6752603039220158E+01
      88.0000000000000000   2.6762714009246892E+01
      89.0000000000000000   2.6774501160308212E+01
      90.0000000000000000   2.6787907246866290E+01
      91.0000000000000000   2.6802877526992400E+01
      92.0000000000000000   2.6819359627542784E+01
      93.0000000000000000   2.6837303417989805E+01
      94.0000000000000000   2.6856660892271222E+01
      95.0000000000000000   2.6877386057983802E+01
      96.0000000000000000   2.6899434832455920E+01
      97.0000000000000000   2.6922764945169725E+01
      98.0000000000000000   2.6947335846150629E+01
      99.0000000000000000   2.6973108619790146E+01
     100.0000000000000000   2.7000045903844956E+01
     110.0000000000000000   2.7326217491068665E+01
     120.0000000000000000   2.7736823849078267E+01
     120.9989999999999952   2.7781635992996101E+01
     121.0010000000000048   2.7781726331287697E+01
     130.0000000000000000   2.8211388663304032E+01
     140.0000000000000000   2.8735316098364915E+01
     150.0000000000000000   2.9297937805251330E+01
     160.0000000000000000   2.9891288131796156E+01
     167.9989999999999952   3.0383910230951788E+01
     168.0010000000000048   3.0384035158444231E+01
     169.9989999999999952   3.0509246596031517E+01
     170.0000000000000000   3.0509309466156992E+01
     170.0010000000000048   3.0509372336481501E+01
     180.0000000000000000   3.1147321372787889E+01
     190.0000000000000000   3.1801656835404845E+01
     200.0000000000000000   3.2469407392286165E+01
     210.0000000000000000   3.3148241015534516E+01
     220.0000000000000000   3.3836269669252502E+01
     230.0000000000000000   3.4531951469465874E+01
     231.9989999999999952   3.4671820373440340E+01
     232.0010000000000048   3.4671960436678070E+01
     233.9989999999999952   3.4812004844200828E+01
     234.0010000000000048   3.4812145148695620E+01
     236.9989999999999952   3.5022723241603636E+01
     237.0010000000000048   3.5022863892089802E+01
     240.0000000000000000   3.5234017374601507E+01
     250.0000000000000000   3.5941415546889807E+01
     260.0000000000000000   3.6653268629234120E+01
     270.0000000000000000   3.7368840587725934E+01
     280.0000000000000000   3.8087510725030931E+01
     290.0000000000000000   3.8808753129752212E+01
     300.0000000000000000   3.9532120288976699E+01
     310.0000000000000000   4.0257229919820048E+01
     320.0000000000000000   4.0983754311790179E+01
     330.0000000000000000   4.1711411643821528E+01
     340.0000000000000000   4.2439958866099836E+01
     350.0000000000000000   4.3169185830941430E+01
     360.0000000000000000   4.3898910427105378E+01
     370.0000000000000000   4.4628974525645567E+01
     380.0000000000000000   4.5359240585582306E+01
     390.0000000000000000   4.6089588799433081E+01
     398.9990000000000236   4.6746812764638058E+01
     399.0009999999999764   4.6746958823501629E+01
     400.0000000000000000   4.6819914682370062E+01
     410.0000000000000000   4.7550127028110012E+01
     415.9990000000000236   4.7988093362174624E+01
     416.0009999999999764   4.7988239361917877E+01
     420.0000000000000000   4.8280146169043306E+01
     430.0000000000000000   4.9009902490173459E+01
     440.0000000000000000   4.9739335155456310E+01
     450.0000000000000000   5.0468391012754132E+01
     460.0000000000000000   5.1197023649487441E+01
     470.0000000000000000   5.1925192575866255E+01
     480.0000000000000000   5.2652862516623770E+01
     490.0000000000000000   5.3380002795124049E+01
     500.0000000000000000   5.4106586796614970E+01
     510.0000000000000000   5.4832591499226851E+01
     510.9989999999999668   5.4905086753853880E+01
     511.0009999999999195   5.4905231883486913E+01
     520.0000000000000000   5.5557997063378934E+01
     530.0000000000000000   5.6282786471422106E+01
     537.9990000000000236   5.6862092139454532E+01
     538.0009999999999764   5.6862236932959163E+01
     540.0000000000000000   5.7006945210892198E+01
     550.0000000000000000   5.7730460995401693E+01
     560.0000000000000000   5.8453323518379840E+01
     570.0000000000000000   5.9175524235319983E+01
     580.0000000000000000   5.9897056171014889E+01
     590.0000000000000000   6.0617913748512755E+01
     600.0000000000000000   6.1338092637280546E+01
     610.0000000000000000   6.2057589618081998E+01
     620.0000000000000000   6.2776402462675762E+01
     630.0000000000000000   6.3494529826475720E+01
     640.0000000000000000   6.4211971152784770E+01
     650.0000000000000000   6.4928726587134207E+01
     660.0000000000000000   6.5644796900624797E+01
     670.0000000000000000   6.6360183421345496E+01
     680.0000000000000000   6.7074887972755008E+01
     690.0000000000000000   6.7788912818520615E+01
     700.0000000000000000   6.8502260612869932E+01
     710.0000000000000000   6.9214934356065399E+01
     720.0000000000000000   6.9926937354253681E+01
     730.0000000000000000   7.0638273183448518E+01
     740.0000000000000000   7.1348945656982465E+01
     750.0000000000000000   7.2058958796294647E+01
     760.0000000000000000   7.2768316804499719E+01
     770.0000000000000000   7.3477024042647230E+01
     780.0000000000000000   7.4185085008230857E+01
     790.0000000000000000   7.4892504315864883E+01
     800.0000000000000000   7.5599286679798610E+01
     810.0000000000000000   7.6305436898189271E+01
     820.0000000000000000   7.7010959838841273E+01
     830.0000000000000000   7.7715860426424243E+01
     840.0000000000000000   7.8420143630853687E+01
     850.0000000000000000   7.9123814456881846E+01
     860.0000000000000000   7.9826877934683850E+01
     870.0000000000000000   8.0529339111336327E+01
     880.0000000000000000   8.1231203043238651E+01
     890.0000000000000000   8.1932474789172701E+01
     900.0000000000000000   8.2633159404170186E+01
     910.0000000000000000   8.3333261933912070E+01
     920.0000000000000000   8.4032787409780667E+01
     930.0000000000000000   8.4731740844349602E+01
     940.0000000000000000   8.5430127227437836E+01
     950.0000000000000000   8.6127951522472230E+01
     960.0000000000000000   8.6825218663374145E+01
     970.0000000000000000   8.7521933551673186E+01
     980.0000000000000000   8.8218101054040375E+01
     990.0000000000000000   8.8913726000032369E+01
    1000.0000000000000000   8.9608813180185649E+01
    1100.0000000000000000   9.6531131034312224E+01
    1200.0000000000000000   1.0340460879547288E+02
    1300.0000000000000000   1.1023326904471990E+02
    1400.0000000000000000   1.1702066991059493E+02
    1500.0000000000000000   1.2376994727654005E+02
    1563.9990000000000236   1.2807070105839432E+02
    1564.0009999999999764   1.2807083523978926E+02
    1600.0000000000000000   1.3048386551539465E+02
    1700.0000000000000000   1.3716486686162139E+02
    1800.0000000000000000   1.4381511585632416E+02
    1900.0000000000000000   1.5043653797502495E+02
    2000.0000000000000000   1.5703085264159458E+02
    2100.0000000000000000   1.6359960123009415E+02
    2200.0000000000000000   1.7014417075236690E+02
    2300.0000000000000000   1.7666581389931275E+02
    2400.0000000000000000   1.8316566602790260E+02
    2475.9989999999997963   1.8809155378979591E+02
    2476.0010000000002037   1.8809168326611046E+02
    2500.0000000000000000   1.8964475959944252E+02
    2526.9989999999997963   1.9139061533671583E+02
    2527.0010000000002037   1.9139074461109900E+02
    2600.0000000000000000   1.9610403649272914E+02
    2631.9989999999997963   1.9816689819024947E+02
    2632.0010000000002037   1.9816702706305114E+02
    2700.0000000000000000   2.0254435854311762E+02
    2800.0000000000000000   2.0896651659742284E+02
    2871.9989999999997963   2.1357957003856558E+02
    2872.0010000000002037   2.1357969805756795E+02
    2900.0000000000000000   2.1537123832354493E+02
    3000.0000000000000000   2.2175919497158930E+02
    3100.0000000000000000   2.2813100724929720E+02
    3200.0000000000000000   2.3448725044628853E+02
    3300.0000000000000000   2.4082845891900251E+02
    3400.0000000000000000   2.4715513002937718E+02
    3500.0000000000000000   2.5346772761525077E+02
    3600.0000000000000000   2.5976668505776843E+02
    3700.0000000000000000   2.6605240800079957E+02
    3800.0000000000000000   2.7232527676886133E+02
    3900.0000000000000000   2.7858564852299133E+02
    4000.0000000000000000   2.8483385918812621E+02
    4100.0000000000000000   2.9107022518060700E+02
    4200.0000000000000000   2.9729504496035196E+02
    4300.0000000000000000   3.0350860042882175E+02
    4400.0000000000000000   3.0971115819096707E+02
    4500.0000000000000000   3.1590297069684385E+02
    4600.0000000000000000   3.2208427727653282E+02
    4700.0000000000000000   3.2825530508029487E+02
    4800.0000000000000000   3.3441626993420391E+02
    4900.0000000000000000   3.4056737712043497E+02
    5000.0000000000000000   3.4670882208994055E+02
    5100.0000000000000000   3.5284079111470368E+02
    5200.0000000000000000   3.5896346188554026E+02
    5300.0000000000000000   3.6507700406095688E+02
    5400.0000000000000000   3.7118157977182312E+02
    5500.0000000000000000   3.7727734408611548E+02
    5600.0000000000000000   3.8336444543752714E+02
    5700.0000000000000000   3.8944302602125407E+02
    5800.0000000000000000   3.9551322216012568E+02
    5900.0000000000000000   4.0157516464347157E+02
    6000.0000000000000000   4.0762897904144660E+02
    6100.0000000000000000   4.1367478599671870E+02
    6200.0000000000000000   4.1971270149564606E+02
    6300.0000000000000000   4.2574283712053710E+02
    6400.0000000000000000   4.3176530028466499E+02
    6500.0000000000000000   4.3778019445144145E+02
    6600.0000000000000000   4.4378761933899278E+02
    6700.0000000000000000   4.4978767111130406E+02
    6800.0000000000000000   4.5578044255711006E+02
    6900.0000000000000000   4.6176602325726054E+02
    7000.0000000000000000   4.6774449974169147E+02
    7100.0000000000000000   4.7371595563659707E+02
    7200.0000000000000000   4.7968047180261243E+02
    7300.0000000000000000   4.8563812646467557E+02
    7400.0000000000000000   4.9158899533418708E+02
    7500.0000000000000000   4.9753315172390126E+02
    7600.0000000000000000   5.0347066665626869E+02
    7700.0000000000000000   5.0940160896545518E+02
    7800.0000000000000000   5.1532604539368469E+02
    7900.0000000000000000   5.2124404068217052E+02
    8000.0000000000000000   5.2715565765697045E+02
    8100.0000000000000000   5.3306095731025778E+02
    8200.0000000000000000   5.3895999887712992E+02
    8300.0000000000000000   5.4485283990840185E+02
    8400.0000000000000000   5.5073953633945132E+02
    8500.0000000000000000   5.5662014255566135E+02
    8600.0000000000000000   5.6249471145430016E+02
    8700.0000000000000000   5.6836329450340213E+02
    8800.0000000000000000   5.7422594179762120E+02
    8900.0000000000000000   5.8008270211129627E+02
    9000.0000000000000000   5.8593362294896338E+02
    9100.0000000000000000   5.9177875059334599E+02
    9200.0000000000000000   5.9761813015105611E+02
    9300.0000000000000000   6.0345180559613618E+02
    9400.0000000000000000   6.0927981981156449E+02
    9500.0000000000000000   6.1510221462874040E+02
    9600.0000000000000000   6.2091903086519903E+02
    9700.0000000000000000   6.2673030836069995E+02
    9800.0000000000000000   6.3253608601140343E+02
    9900.0000000000000000   6.3833640180291297E+02
   10000.0000000000000000   6.4413129284145850E+02
   11000.0000000000000000   7.0178943282581554E+02
   12000.0000000000000000   7.5894039282037215E+02
   13000.0000000000000000   8.1561047458047960E+02
   14000.0000000000000000   8.7182150419665868E+02
   15000.0000000000000000   9.2759191337767425E+02
   16000.0000000000000000   9.8293750497348390E+02
   17000.0000000000000000   1.0378720086313156E+03
   18000.0000000000000000   1.0924074929124749E+03
   19000.0000000000000000   1.1465546767628034E+03
   20000.0000000000000000   1.2003231688608403E+03
   20005.9989999999997963   1.2006446012840472E+03
   20006.0010000000002037   1.2006447084437657E+03
   21000.0000000000000000   1.2537216542773026E+03
   22000.0000000000000000   1.3067580419798715E+03
   23000.0000000000000000   1.3594395827899009E+03
   24000.0000000000000000   1.4117729647305491E+03
   25000.0000000000000000   1.4637643908568743E+03
   26000.0000000000000000   1.5154196433585535E+03
   27000.0000000000000000   1.5667441367907318E+03
   28000.0000000000000000   1.6177429626119279E+03
   29000.0000000000000000   1.6684209267117947E+03
   30000.0000000000000000   1.7187825812369069E+03
   31000.0000000000000000   1.7688322517433817E+03
   32000.0000000000000000   1.8185740604964758E+03
   33000.0000000000000000   1.8680119465663308E+03
   34000.0000000000000000   1.9171496832478899E+03
   35000.0000000000000000   1.9659908932331211E+03
   36000.0000000000000000   2.0145390618807266E+03
   37000.0000000000000000   2.0627975488721536E+03
   38000.0000000000000000   2.1107695984904312E+03
   39000.0000000000000000   2.1584583487178761E+03
   40000.0000000000000000   2.2058668393155731E+03
   41000.0000000000000000   2.2529980190259967E+03
   42000.0000000000000000   2.2998547520117449E+03
   43000.0000000000000000   2.3464398236300472E+03
   44000.0000000000000000   2.3927559456273511E+03
   45000.0000000000000000   2.4388057608242343E+03
   46000.0000000000000000   2.4845918473524348E+03
   47000.0000000000000000   2.5301167224991254E+03
   48000.0000000000000000   2.5753828461977641E+03
   49000.0000000000000000   2.6203926242122670E+03
   50000.0000000000000000   2.6651484110443052E+03
