       0.0010000000000000   1.0000000000000000E+30   0.0000000000000000E+00
       0.1000000000000000   8.5273610582883741E+00   3.4142974709597757E-03
       0.2000000000000000   7.5170593160590249E+00   6.6573930700754612E-03
       0.3000000000000000   7.1878299778164099E+00   9.8609110021097620E-03
       0.4000000000000000   7.0681927722174542E+00   1.2902678083427033E-02
       0.5000000000000000   7.0125684098517871E+00   1.5892915209674573E-02
       0.6000000000000000   6.9877439480829855E+00   1.8837955168513377E-02
       0.7000000000000000   6.9807667678435941E+00   2.1743529139034448E-02
       0.7999999999999999   6.9845079718559182E+00   2.4613739552212088E-02
       0.8999999999999999   6.9956543906567132E+00   2.7444270012288122E-02
       0.9999999999999999   7.0110971820917145E+00   3.0247135777053537E-02
       2.0000000000000000   7.2389385489190410E+00   5.6894777842308418E-02
       3.0000000000000000   7.4579886645798741E+00   8.1935836373968132E-02
       4.0000000000000000   7.6361546230288067E+00   1.0615370220815494E-01
       5.0000000000000000   7.7757708716142604E+00   1.3002133631595034E-01
       6.0000000000000000   7.8827150421882175E+00   1.5385176798261846E-01
       7.0000000000000000   7.9627113827000660E+00   1.7785048994455357E-01
       8.0000000000000000   8.0201840436765455E+00   2.0217131688738049E-01
       9.0000000000000000   8.0587295713553946E+00   2.2693240245833907E-01
      10.0000000000000000   8.0811561249250410E+00   2.5223196951722765E-01
      11.0000000000000000   8.0898013525150780E+00   2.7815046100521079E-01
      12.0000000000000000   8.0865622404173987E+00   3.0475675369427313E-01
      13.0000000000000000   8.0730550732549062E+00   3.3211060316653773E-01
      14.0000000000000000   8.0505679759953885E+00   3.6026931371768800E-01
      15.0000000000000000   8.0202125521672034E+00   3.8928536559702803E-01
      16.0000000000000000   7.9829620720137715E+00   4.1920620713648238E-01
      17.0000000000000000   7.9396261897875737E+00   4.5007906400828229E-01
      18.0000000000000000   7.8909368149916217E+00   4.8194787111242932E-01
      19.0000000000000000   7.8375181240645100E+00   5.1485510836162574E-01
      20.0000000000000000   7.7799289643422824E+00   5.4884236909723405E-01
      21.0000000000000000   7.7186618485102425E+00   5.8395009499705708E-01
      22.0000000000000000   7.6541681544951912E+00   6.2021640291043967E-01
      23.0000000000000000   7.5868536045911297E+00   6.5767809122357324E-01
      24.0000000000000000   7.5170823088308287E+00   6.9637106461296583E-01
      25.0000000000000000   7.4451918527275982E+00   7.3632886185580637E-01
      26.0000000000000000   7.3714940048540543E+00   7.7758278830573035E-01
      27.0000000000000000   7.2962785586652528E+00   8.2016145362967707E-01
      28.0000000000000000   7.2198180916638401E+00   8.6409015153612490E-01
      29.0000000000000000   7.1423676986877025E+00   9.0939054861646051E-01
      30.0000000000000000   7.0641714991860844E+00   9.5607976951480000E-01
      31.0000000000000000   6.9854604203666755E+00   1.0041699523605998E+00
      32.0000000000000000   6.9064585668275704E+00   1.0536670871666054E+00
      33.0000000000000000   6.8273794724633419E+00   1.1045707262738391E+00
      34.0000000000000000   6.7484307912045498E+00   1.1568728408966511E+00
      35.0000000000000000   6.6698132348389434E+00   1.2105571147904932E+00
      36.0000000000000000   6.5917214911702446E+00   1.2655981600590183E+00
      37.0000000000000000   6.5143442106511973E+00   1.3219608170100878E+00
      38.0000000000000000   6.4378640705767909E+00   1.3795995486114332E+00
      39.0000000000000000   6.3624569681903047E+00   1.4384579867989138E+00
      40.0000000000000000   6.2882919927413745E+00   1.4984685962893398E+00
      41.0000000000000000   6.2155301727336676E+00   1.5595526579440162E+00
      42.0000000000000000   6.1443238352394589E+00   1.6216203834595784E+00
      43.0000000000000000   6.0748157249230026E+00   1.6845713462198886E+00
      44.0000000000000000   6.0071379710613835E+00   1.7482951026974074E+00
      45.0000000000000000   5.9414109089220348E+00   1.8126722475996226E+00
      46.0000000000000000   5.8777424797014186E+00   1.8775755311306421E+00
      47.0000000000000000   5.8162273833169325E+00   1.9428712974362836E+00
      48.0000000000000000   5.7569465021124140E+00   2.0084210755265057E+00
      49.0000000000000000   5.6999665608880408E+00   2.0740833016135118E+00
      50.0000000000000000   5.6453399647477998E+00   2.1397151046302847E+00
      51.0000000000000000   5.5931048665469580E+00   2.2051741089320323E+00
      52.0000000000000000   5.5432855833789434E+00   2.2703201722665876E+00
      53.0000000000000000   5.4958930750132957E+00   2.3350170260571148E+00
      54.0000000000000000   5.4509257238151330E+00   2.3991337615938759E+00
      55.0000000000000000   5.4083701897608263E+00   2.4625461426875708E+00
      56.0000000000000000   5.3682024965078092E+00   2.5251377175431116E+00
      57.0000000000000000   5.3303893123418398E+00   2.5868004267866307E+00
      58.0000000000000000   5.2948886451983759E+00   2.6474356900109588E+00
      59.0000000000000000   5.2616512930877350E+00   2.7069545790889973E+00
      60.0000000000000000   5.2306223204184139E+00   2.7652777391117205E+00
      61.0000000000000000   5.2017415111483132E+00   2.8223359669106363E+00
      62.0000000000000000   5.1749448523900519E+00   2.8780696917642206E+00
      63.0000000000000000   5.1501654163199984E+00   2.9324287890101619E+00
      64.0000000000000000   5.1273341991531565E+00   2.9853721898874030E+00
      65.0000000000000000   5.1063809361900487E+00   3.0368674041295609E+00
      66.0000000000000000   5.0872347876842365E+00   3.0868899809874359E+00
      67.0000000000000000   5.0698249380970264E+00   3.1354229286823920E+00
      68.0000000000000000   5.0540811123946936E+00   3.1824561105342415E+00
      69.0000000000000000   5.0399340047404504E+00   3.2279856337671156E+00
      70.0000000000000000   5.0273156303519286E+00   3.2720132422839425E+00
      71.0000000000000000   5.0161596091392715E+00   3.3145457260969060E+00
      72.0000000000000000   5.0064013939423644E+00   3.3555943521095339E+00
      73.0000000000000000   4.9979784391213631E+00   3.3951743241621957E+00
      74.0000000000000000   4.9908303237086571E+00   3.4333042753683314E+00
      75.0000000000000000   4.9848988093214155E+00   3.4700058193061469E+00
      76.0000000000000000   4.9801279924012221E+00   3.5053030167258781E+00
      77.0000000000000000   4.9764641685385262E+00   3.5392221206757801E+00
      78.0000000000000000   4.9738559348096798E+00   3.5717911140900154E+00
      79.0000000000000000   4.9722541407481371E+00   3.6030394041693152E+00
      80.0000000000000000   4.9716118505895741E+00   3.6329975252768212E+00
      81.0000000000000000   4.9718842919502579E+00   3.6616968730840100E+00
      82.0000000000000000   4.9730288000580005E+00   3.6891694680115945E+00
      83.0000000000000000   4.9750047489671125E+00   3.7154477456131190E+00
      84.0000000000000000   4.9777734769477364E+00   3.7405643724519089E+00
      85.0000000000000000   4.9812982157562820E+00   3.7645520844737410E+00
      86.0000000000000000   4.9855440117079182E+00   3.7874435465269700E+00
      87.0000000000000000   4.9904776461504987E+00   3.8092712344726163E+00
      88.0000000000000000   4.9960675703235333E+00   3.8300673159579262E+00
      89.0000000000000000   5.0022838086221579E+00   3.8498635836275645E+00
      90.0000000000000000   5.0090978942200604E+00   3.8686913649952936E+00
      91.0000000000000000   5.0164827949195967E+00   3.8865814631685800E+00
      92.0000000000000000   5.0244128406169919E+00   3.9035641048359682E+00
      93.0000000000000000   5.0328636541869445E+00   3.9196688979262153E+00
      94.0000000000000000   5.0418120849960877E+00   3.9349247978242108E+00
      95.0000000000000000   5.0512361450191445E+00   3.9493600811175185E+00
      96.0000000000000000   5.0611149477984778E+00   3.9630023259472789E+00
      97.0000000000000000   5.0714286501282597E+00   3.9758783981301580E+00
      98.0000000000000000   5.0821583956670429E+00   3.9880144423675206E+00
      99.0000000000000000   5.0932862654841511E+00   3.9994358774884873E+00
     100.0000000000000000   5.1047952221912745E+00   4.0101673960961524E+00
     110.0000000000000000   5.2376411750851721E+00   4.0844620915648209E+00
     120.0000000000000000   5.3948819361382974E+00   4.1118710530645970E+00
     130.0000000000000000   5.5685794986505828E+00   4.1068693927512943E+00
     140.0000000000000000   5.7536314600123690E+00   4.0796107383660880E+00
     150.0000000000000000   5.9466549016030656E+00   4.0371987569999384E+00
     160.0000000000000000   6.1453434430684579E+00   3.9846186999307625E+00
     170.0000000000000000   6.3480857331768821E+00   3.9253866493446750E+00
     180.0000000000000000   6.5537319203862117E+00   3.8619948999795448E+00
     190.0000000000000000   6.7614464022753635E+00   3.7962170233284320E+00
     200.0000000000000000   6.9706123921878005E+00   3.7293178470247184E+00
     210.0000000000000000   7.1807685456532191E+00   3.6621990999601408E+00
     220.0000000000000000   7.3915658978076149E+00   3.5955013830140667E+00
     230.0000000000000000   7.6027380224546404E+00   3.5296762214052504E+00
     240.0000000000000000   7.8140799563466210E+00   3.4650374595315356E+00
     250.0000000000000000   8.0254330857833960E+00   3.4017982278234191E+00
     260.0000000000000000   8.2353230658147556E+00   3.3436912393161466E+00
     270.0000000000000000   8.4444362065378673E+00   3.2884548515214531E+00
     280.0000000000000000   8.6526223230673285E+00   3.2358581642728206E+00
     287.9990000000000236   8.8194795394047780E+00   3.1937576144263087E+00
     288.0009999999999764   8.8195248130974075E+00   3.1937405473220970E+00
     290.0000000000000000   8.8647544406142362E+00   3.1767780915421886E+00
     300.0000000000000000   9.0710571754862599E+00   3.1292470020639875E+00
     310.0000000000000000   9.2811287577788182E+00   3.0755465617197379E+00
     320.0000000000000000   9.4901903895808726E+00   3.0243919379182187E+00
     330.0000000000000000   9.6982861285086770E+00   2.9755953630868834E+00
     340.0000000000000000   9.9054574417271333E+00   2.9289873119107637E+00
     350.0000000000000000   1.0111743237179139E+01   2.8844144903515203E+00
     360.0000000000000000   1.0317180026082557E+01   2.8417379493887873E+00
     370.0000000000000000   1.0521802142031500E+01   2.8008313524297570E+00
     380.0000000000000000   1.0725641815418204E+01   2.7615796649123050E+00
     390.0000000000000000   1.0932587229558122E+01   2.7175568738189955E+00
     400.0000000000000000   1.1134862460574384E+01   2.6814961714147278E+00
     410.0000000000000000   1.1340172689594466E+01   2.6408217078575014E+00
     420.0000000000000000   1.1540995970675070E+01   2.6075627438664450E+00
     430.0000000000000000   1.1744779090078655E+01   2.5698455466807637E+00
     440.0000000000000000   1.1947815946193650E+01   2.5335505084794021E+00
     450.0000000000000000   1.2150129555531905E+01   2.4985950493569322E+00
     460.0000000000000000   1.2348256671976801E+01   2.4701481763604893E+00
     470.0000000000000000   1.2549228740304766E+01   2.4375248472314359E+00
     480.0000000000000000   1.2749540550928439E+01   2.4060344168319112E+00
     490.0000000000000000   1.2949211137530895E+01   2.3756161391209485E+00
     500.0000000000000000   1.3148258706671839E+01   2.3462135935828741E+00
     510.0000000000000000   1.3346700646727554E+01   2.3177743440019198E+00
     520.0000000000000000   1.3544553599501501E+01   2.2902495615021521E+00
     530.0000000000000000   1.3741833477102842E+01   2.2635937432631343E+00
     537.9990000000000236   1.3901133134779428E+01   2.2402302068719728E+00
     538.0009999999999764   1.3901173711679778E+01   2.2402233398539413E+00
     540.0000000000000000   1.3938555525288143E+01   2.2377644067726186E+00
     550.0000000000000000   1.4134734346285416E+01   2.2127218540135223E+00
     560.0000000000000000   1.4333468114071426E+01   2.1842233391176777E+00
     570.0000000000000000   1.4528562346030174E+01   2.1607287534288875E+00
     580.0000000000000000   1.4723153824990963E+01   2.1379134365387746E+00
     590.0000000000000000   1.4917254921450372E+01   2.1157469185051503E+00
     600.0000000000000000   1.5113840250046000E+01   2.0903049522575152E+00
     610.0000000000000000   1.5306956563163970E+01   2.0694244314673371E+00
     620.0000000000000000   1.5499617015893477E+01   2.0491093426246958E+00
     630.0000000000000000   1.5694712274200786E+01   2.0256449665842609E+00
     640.0000000000000000   1.5886453395061341E+01   2.0064565085689838E+00
     650.0000000000000000   1.6080605505559511E+01   1.9841969337266667E+00
     660.0000000000000000   1.6271467112601897E+01   1.9660421499893213E+00
     670.0000000000000000   1.6464714040084161E+01   1.9448919460754868E+00
     680.0000000000000000   1.6654733240404639E+01   1.9276879511721154E+00
     690.0000000000000000   1.6847110472456265E+01   1.9075617268505891E+00
     700.0000000000000000   1.7036321911127004E+01   1.8912343586725182E+00
     710.0000000000000000   1.7227862669668308E+01   1.8720554659086694E+00
     720.0000000000000000   1.7416298748087463E+01   1.8565381521052573E+00
     730.0000000000000000   1.7607034178161658E+01   1.8382375858631002E+00
     740.0000000000000000   1.7797374465029069E+01   1.8203746264759852E+00
     750.0000000000000000   1.7984684582586951E+01   1.8059858512641949E+00
     760.0000000000000000   1.8174262627961703E+01   1.7889087683545943E+00
     770.0000000000000000   1.8363465762491533E+01   1.7722247342258008E+00
     780.0000000000000000   1.8549712323092475E+01   1.7588449222847142E+00
     790.0000000000000000   1.8738192621917886E+01   1.7428670292074333E+00
     800.0000000000000000   1.8926316593086575E+01   1.7272435645457367E+00
     810.0000000000000000   1.9111556494232619E+01   1.7147696477956504E+00
     820.0000000000000000   1.9298993701800182E+01   1.6997832467849012E+00
     830.0000000000000000   1.9486091726775570E+01   1.6851175853548159E+00
     840.0000000000000000   1.9672855787568544E+01   1.6707622777611133E+00
     850.0000000000000000   1.9859291061665612E+01   1.6567072879544869E+00
     860.0000000000000000   2.0042942257362416E+01   1.6455741017343284E+00
     870.0000000000000000   2.0228744675123249E+01   1.6320587803135349E+00
     880.0000000000000000   2.0414233305846899E+01   1.6188167984498736E+00
     890.0000000000000000   2.0599412783678432E+01   1.6058397355870193E+00
     900.0000000000000000   2.0784287686699805E+01   1.5931194572214316E+00
     910.0000000000000000   2.0968862514029677E+01   1.5806481279746416E+00
     920.0000000000000000   2.1153141663603176E+01   1.5684182235084634E+00
     930.0000000000000000   2.1337129410801651E+01   1.5564225385963011E+00
     940.0000000000000000   2.1518473724301732E+01   1.5470450019666435E+00
     950.0000000000000000   2.1701901001238568E+01   1.5354705489847726E+00
     960.0000000000000000   2.1885048992809615E+01   1.5241111245333128E+00
     970.0000000000000000   2.2067921551454617E+01   1.5129605962560773E+00
     980.0000000000000000   2.2250522445240108E+01   1.5020130616759686E+00
     990.0000000000000000   2.2432855359794722E+01   1.4912628380003172E+00
    1000.0000000000000000   2.2614923894720633E+01   1.4807044576225030E+00
    1100.0000000000000000   2.4423992466775392E+01   1.3825826928914899E+00
    1200.0000000000000000   2.6209843024565430E+01   1.2992556312237944E+00
    1300.0000000000000000   2.7977041724898733E+01   1.2258382925027542E+00
    1400.0000000000000000   2.9725474495856734E+01   1.1619626241696328E+00
    1500.0000000000000000   3.1460723225109437E+01   1.1029191498538784E+00
    1600.0000000000000000   3.3178330174179706E+01   1.0520023741514979E+00
    1700.0000000000000000   3.4883347622691254E+01   1.0052905677953379E+00
    1800.0000000000000000   3.6574966377276688E+01   9.6333768403518949E-01
    1900.0000000000000000   3.8255864459042186E+01   9.2431430926948133E-01
    2000.0000000000000000   3.9925093747921700E+01   8.8887902363346516E-01
    2100.0000000000000000   4.1583371338562024E+01   8.5656225439462086E-01
    2200.0000000000000000   4.3231360232222976E+01   8.2696225858661954E-01
    2300.0000000000000000   4.4871333107295044E+01   7.9878536040533432E-01
    2400.0000000000000000   4.6500435257229050E+01   7.7370878051121095E-01
    2500.0000000000000000   4.8122480300531457E+01   7.4961406259104701E-01
    2600.0000000000000000   4.9736245666829838E+01   7.2723979424143537E-01
    2700.0000000000000000   5.1342133507408796E+01   7.0640435926420830E-01
    2800.0000000000000000   5.2942075502851146E+01   6.8616786792958717E-01
    2900.0000000000000000   5.4533226901623344E+01   6.6800398847218556E-01
    3000.0000000000000000   5.6119080981340545E+01   6.5021988677013010E-01
    3100.0000000000000000   5.7698327889696444E+01   6.3350683366427074E-01
    3200.0000000000000000   5.9269657369001017E+01   6.1848422099475342E-01
    3300.0000000000000000   6.0836461044835850E+01   6.0362402656292413E-01
    3400.0000000000000000   6.2397398202535292E+01   5.8958241418688717E-01
    3500.0000000000000000   6.3952668061173014E+01   5.7629864484269455E-01
    3600.0000000000000000   6.5503960536117148E+01   5.6308970135567404E-01
    3700.0000000000000000   6.7048592094326523E+01   5.5111873387342403E-01
    3800.0000000000000000   6.8588017448704889E+01   5.3978542479486791E-01
    3900.0000000000000000   7.0122547889811841E+01   5.2898988897047938E-01
    4000.0000000000000000   7.1653806444832881E+01   5.1812178924223284E-01
    4100.0000000000000000   7.3178969061135959E+01   5.0831307424601313E-01
    4200.0000000000000000   7.4701053435787841E+01   4.9841599139876847E-01
    4300.0000000000000000   7.6218807324380876E+01   4.8894444845943652E-01
    4400.0000000000000000   7.7731042391788250E+01   4.8035014614596339E-01
    4500.0000000000000000   7.9240325890279337E+01   4.7169486832156354E-01
    4600.0000000000000000   8.0745948701263302E+01   4.6328616838317666E-01
    4700.0000000000000000   8.2247273163942154E+01   4.5534393464117073E-01
    4800.0000000000000000   8.3744893209697594E+01   4.4769092058147447E-01
    4900.0000000000000000   8.5238984360671139E+01   4.4028169788838711E-01
    5000.0000000000000000   8.6729469866139524E+01   4.3315231557185224E-01
    5100.0000000000000000   8.8216410365166738E+01   4.2629669965896200E-01
    5200.0000000000000000   8.9699885569645417E+01   4.1970149800514100E-01
    5300.0000000000000000   9.1179972437556117E+01   4.1335249247487127E-01
    5400.0000000000000000   9.2656877805983285E+01   4.0719927930108213E-01
    5500.0000000000000000   9.4130944765505234E+01   4.0116052357410031E-01
    5600.0000000000000000   9.5601474922455765E+01   3.9544534681206023E-01
    5700.0000000000000000   9.7068732582591736E+01   3.8997690146211095E-01
    5800.0000000000000000   9.8534717786603352E+01   3.8419740058518459E-01
    5900.0000000000000000   9.9996251890093717E+01   3.7902635217704511E-01
    6000.0000000000000000   1.0145520282386094E+02   3.7395817667180070E-01
    6100.0000000000000000   1.0291241120360900E+02   3.6873809395359253E-01
    6200.0000000000000000   1.0436541105008941E+02   3.6407281629882282E-01
    6300.0000000000000000   1.0581595399128832E+02   3.5949957247629338E-01
    6400.0000000000000000   1.0726519205737861E+02   3.5469708110555453E-01
    6500.0000000000000000   1.0871093304588287E+02   3.5027683730669557E-01
    6600.0000000000000000   1.1015466439036372E+02   3.4583498552027075E-01
    6700.0000000000000000   1.1159528288852999E+02   3.4168359949354304E-01
    6800.0000000000000000   1.1303399916199035E+02   3.3750269959076507E-01
    6900.0000000000000000   1.1446978003105160E+02   3.3357718296887195E-01
    7000.0000000000000000   1.1590363952520762E+02   3.2964041461506105E-01
    7100.0000000000000000   1.1733443252553528E+02   3.2599604205626675E-01
    7200.0000000000000000   1.1876363752688248E+02   3.2226508906042267E-01
    7300.0000000000000000   1.2018980564092583E+02   3.1883848250993041E-01
    7400.0000000000000000   1.2161588674989481E+02   3.1499511861291035E-01
    7500.0000000000000000   1.2303847733767702E+02   3.1155568374430853E-01
    7600.0000000000000000   1.2445767356337650E+02   3.0848835238851097E-01
    7700.0000000000000000   1.2587743141667198E+02   3.0489287687378952E-01
    7800.0000000000000000   1.2729363836476193E+02   3.0171954405324464E-01
    7900.0000000000000000   1.2870797599968211E+02   2.9856873652617300E-01
    8000.0000000000000000   1.3012034799209991E+02   2.9552216762166977E-01
    8100.0000000000000000   1.3153020521358960E+02   2.9262375441774241E-01
    8200.0000000000000000   1.3293951981668161E+02   2.8952334234268551E-01
    8300.0000000000000000   1.3434590446561043E+02   2.8667876718495372E-01
    8400.0000000000000000   1.3575011870894056E+02   2.8399530815999324E-01
    8500.0000000000000000   1.3715393951811379E+02   2.8104113114559753E-01
    8600.0000000000000000   1.3855384977874638E+02   2.7857438436850290E-01
    8700.0000000000000000   1.3995402963268475E+02   2.7575986253940110E-01
    8800.0000000000000000   1.4135199463322439E+02   2.7307906418631478E-01
    8900.0000000000000000   1.4274686040333489E+02   2.7070973670186904E-01
    9000.0000000000000000   1.4414041290271152E+02   2.6834893494942291E-01
    9100.0000000000000000   1.4553370470997112E+02   2.6573206482216771E-01
    9200.0000000000000000   1.4692489548163044E+02   2.6323960879852570E-01
    9300.0000000000000000   1.4831318910251329E+02   2.6103153341081908E-01
    9400.0000000000000000   1.4969984536569373E+02   2.5887481416141239E-01
    9500.0000000000000000   1.5108590608715201E+02   2.5657380261883600E-01
    9600.0000000000000000   1.5247059513603045E+02   2.5427503013491898E-01
    9700.0000000000000000   1.5385352443394569E+02   2.5205293813935820E-01
    9800.0000000000000000   1.5523478149382464E+02   2.4989376842482125E-01
    9900.0000000000000000   1.5661446081208899E+02   2.4778224680399091E-01
   10000.0000000000000000   1.5799259218355340E+02   2.4571492389632529E-01
   11000.0000000000000000   1.7169443911814730E+02   2.2692806484093325E-01
   12000.0000000000000000   1.8526223042050356E+02   2.1109818200547301E-01
   13000.0000000000000000   1.9870987142250726E+02   1.9753833992616790E-01
   14000.0000000000000000   2.1204923122085196E+02   1.8560641346502743E-01
   15000.0000000000000000   2.2528843784981578E+02   1.7520993983819186E-01
   16000.0000000000000000   2.3843726794776572E+02   1.6582872006614427E-01
   17000.0000000000000000   2.5150036294054524E+02   1.5756849199592168E-01
   18000.0000000000000000   2.6448067544545387E+02   1.5056420928944525E-01
   19000.0000000000000000   2.7739473223247683E+02   1.4348250630339984E-01
   20000.0000000000000000   2.9023455821421737E+02   1.3751720510429469E-01
   21000.0000000000000000   3.0300868089341708E+02   1.3221603797680481E-01
   22000.0000000000000000   3.1572946094125376E+02   1.2658806596853986E-01
   23000.0000000000000000   3.2838678758408560E+02   1.2190759179266339E-01
   24000.0000000000000000   3.4098644282692646E+02   1.1782527920095723E-01
   25000.0000000000000000   3.5353559097238372E+02   1.1385051630189146E-01
   26000.0000000000000000   3.6603265252081565E+02   1.1039998497970144E-01
   27000.0000000000000000   3.7849354294065660E+02   1.0630865019083965E-01
   28000.0000000000000000   3.9089829360289269E+02   1.0336859203219374E-01
   29000.0000000000000000   4.0325654721376253E+02   1.0065037221516777E-01
   30000.0000000000000000   4.1559120535805226E+02   9.6996210508580705E-02
   31000.0000000000000000   4.2786947174465166E+02   9.4533647214843849E-02
   32000.0000000000000000   4.4011715440853089E+02   9.1748040945059853E-02
   33000.0000000000000000   4.5231321238445855E+02   9.0187437541646570E-02
   34000.0000000000000000   4.6448490403576636E+02   8.7918185166446297E-02
   35000.0000000000000000   4.7663418737197418E+02   8.4953614931911212E-02
   36000.0000000000000000   4.8873134765882247E+02   8.3255078652509806E-02
   37000.0000000000000000   5.0079519962745314E+02   8.1719140452832267E-02
   38000.0000000000000000   5.1284655912015376E+02   7.9284068688075249E-02
   39000.0000000000000000   5.2485998025602885E+02   7.7460080410648821E-02
   40000.0000000000000000   5.3683996675213109E+02   7.5601983289575070E-02
   41000.0000000000000000   5.4879566009372024E+02   7.4124536670859456E-02
   42000.0000000000000000   5.6070657249798603E+02   7.3026235159059052E-02
   43000.0000000000000000   5.7261866418301565E+02   7.1112253996060901E-02
   44000.0000000000000000   5.8448622334501090E+02   6.9805434058663671E-02
   45000.0000000000000000   5.9632522321650561E+02   6.8625154168691152E-02
   46000.0000000000000000   6.0815845267975862E+02   6.6994873813290653E-02
   47000.0000000000000000   6.1994761153404613E+02   6.6337544346079955E-02
   48000.0000000000000000   6.3172844909207481E+02   6.4789683688007457E-02
   49000.0000000000000000   6.4347460332614014E+02   6.3801425979535115E-02
   50000.0000000000000000   6.5520702393166255E+02   6.2484458842216983E-02
