       0.0010000000000000   1.0000000000000000E+30   0.0000000000000000E+00
       0.1000000000000000   1.0000000000000000E+30   0.0000000000000000E+00
       0.2000000000000000   1.0000000000000000E+30   0.0000000000000000E+00
       0.3000000000000000   1.0000000000000000E+30   0.0000000000000000E+00
       0.4000000000000000   1.0000000000000000E+30   0.0000000000000000E+00
       0.5000000000000000   1.0000000000000000E+30   0.0000000000000000E+00
       0.6000000000000000   1.0000000000000000E+30   0.0000000000000000E+00
       0.7000000000000000   1.0000000000000000E+30   0.0000000000000000E+00
       0.7999999999999999   1.0000000000000000E+30   0.0000000000000000E+00
       0.8999999999999999   1.0000000000000000E+30   0.0000000000000000E+00
       0.9999999999999999   1.0000000000000000E+30   0.0000000000000000E+00
       2.0000000000000000   1.0000000000000000E+30   0.0000000000000000E+00
       3.0000000000000000   1.0000000000000000E+30   0.0000000000000000E+00
       4.0000000000000000   1.0000000000000000E+30   0.0000000000000000E+00
       5.0000000000000000   1.0000000000000000E+30   0.0000000000000000E+00
       6.0000000000000000   1.0000000000000000E+30   0.0000000000000000E+00
       7.0000000000000000   1.0000000000000000E+30   0.0000000000000000E+00
       8.0000000000000000   1.0000000000000000E+30   0.0000000000000000E+00
       9.0000000000000000   1.0000000000000000E+30   0.0000000000000000E+00
      10.0000000000000000   1.0000000000000000E+30   0.0000000000000000E+00
      11.0000000000000000   1.0000000000000000E+30   0.0000000000000000E+00
      12.0000000000000000   1.0000000000000000E+30   0.0000000000000000E+00
      13.0000000000000000   1.0000000000000000E+30   0.0000000000000000E+00
      14.0000000000000000   1.0000000000000000E+30   0.0000000000000000E+00
      15.0000000000000000   1.0000000000000000E+30   0.0000000000000000E+00
      16.0000000000000000   1.0000000000000000E+30   0.0000000000000000E+00
      17.0000000000000000   1.0000000000000000E+30   0.0000000000000000E+00
      18.0000000000000000   1.0000000000000000E+30   0.0000000000000000E+00
      19.0000000000000000   1.0000000000000000E+30   0.0000000000000000E+00
      20.0000000000000000   1.0000000000000000E+30   0.0000000000000000E+00
      21.0000000000000000   1.0000000000000000E+30   0.0000000000000000E+00
      22.0000000000000000   1.0000000000000000E+30   0.0000000000000000E+00
      23.0000000000000000   1.0000000000000000E+30   0.0000000000000000E+00
      24.0000000000000000   1.0000000000000000E+30   0.0000000000000000E+00
      25.0000000000000000   1.0000000000000000E+30   0.0000000000000000E+00
      26.0000000000000000   1.0000000000000000E+30   0.0000000000000000E+00
      27.0000000000000000   1.0000000000000000E+30   0.0000000000000000E+00
      28.0000000000000000   1.0000000000000000E+30   0.0000000000000000E+00
      29.0000000000000000   1.0000000000000000E+30   0.0000000000000000E+00
      30.0000000000000000   1.0000000000000000E+30   0.0000000000000000E+00
      31.0000000000000000   1.0000000000000000E+30   0.0000000000000000E+00
      32.0000000000000000   1.0000000000000000E+30   0.0000000000000000E+00
      33.0000000000000000   1.0000000000000000E+30   0.0000000000000000E+00
      33.9990000000000023   1.0000000000000000E+30   0.0000000000000000E+00
      34.0000000000000000   1.0000000000000000E+30   0.0000000000000000E+00
      34.0009999999999977   1.0000000000000000E+30   0.0000000000000000E+00
      35.0000000000000000   1.0000000000000000E+30   0.0000000000000000E+00
      36.0000000000000000   1.0000000000000000E+30   0.0000000000000000E+00
      37.0000000000000000   1.0000000000000000E+30   0.0000000000000000E+00
      38.0000000000000000   1.0000000000000000E+30   0.0000000000000000E+00
      39.0000000000000000   1.0000000000000000E+30   0.0000000000000000E+00
      40.0000000000000000   1.0000000000000000E+30   0.0000000000000000E+00
      41.0000000000000000   1.0000000000000000E+30   0.0000000000000000E+00
      42.0000000000000000   1.0000000000000000E+30   0.0000000000000000E+00
      43.0000000000000000   1.0000000000000000E+30   0.0000000000000000E+00
      44.0000000000000000   1.0000000000000000E+30   0.0000000000000000E+00
      45.0000000000000000   1.0000000000000000E+30   0.0000000000000000E+00
      46.0000000000000000   1.0000000000000000E+30   0.0000000000000000E+00
      47.0000000000000000   1.0000000000000000E+30   0.0000000000000000E+00
      48.0000000000000000   1.0000000000000000E+30   0.0000000000000000E+00
      49.0000000000000000   1.0000000000000000E+30   0.0000000000000000E+00
      50.0000000000000000   1.0000000000000000E+30   0.0000000000000000E+00
      51.0000000000000000   1.0000000000000000E+30   0.0000000000000000E+00
      52.0000000000000000   1.0000000000000000E+30   0.0000000000000000E+00
      53.0000000000000000   1.0000000000000000E+30   0.0000000000000000E+00
      54.0000000000000000   1.0000000000000000E+30   0.0000000000000000E+00
      55.0000000000000000   1.0000000000000000E+30   0.0000000000000000E+00
      56.0000000000000000   1.0000000000000000E+30   0.0000000000000000E+00
      57.0000000000000000   1.0000000000000000E+30   0.0000000000000000E+00
      58.0000000000000000   1.0000000000000000E+30   0.0000000000000000E+00
      59.0000000000000000   1.0000000000000000E+30   0.0000000000000000E+00
      60.0000000000000000   1.0000000000000000E+30   0.0000000000000000E+00
      61.0000000000000000   1.0000000000000000E+30   0.0000000000000000E+00
      62.0000000000000000   1.0000000000000000E+30   0.0000000000000000E+00
      63.0000000000000000   1.0000000000000000E+30   0.0000000000000000E+00
      64.0000000000000000   1.0000000000000000E+30   0.0000000000000000E+00
      65.0000000000000000   1.0000000000000000E+30   0.0000000000000000E+00
      65.9989999999999952   1.0000000000000000E+30   0.0000000000000000E+00
      66.0000000000000000   1.0000000000000000E+30   0.0000000000000000E+00
      66.0010000000000048   1.0000000000000000E+30   0.0000000000000000E+00
      67.0000000000000000   1.0000000000000000E+30   0.0000000000000000E+00
      68.0000000000000000   1.0000000000000000E+30   0.0000000000000000E+00
      69.0000000000000000   1.0000000000000000E+30   0.0000000000000000E+00
      70.0000000000000000   1.0000000000000000E+30   0.0000000000000000E+00
      71.0000000000000000   1.0000000000000000E+30   0.0000000000000000E+00
      72.0000000000000000   1.0000000000000000E+30   0.0000000000000000E+00
      73.0000000000000000   1.0000000000000000E+30   0.0000000000000000E+00
      74.0000000000000000   1.0000000000000000E+30   0.0000000000000000E+00
      75.0000000000000000   1.0000000000000000E+30   0.0000000000000000E+00
      76.0000000000000000   1.0000000000000000E+30   0.0000000000000000E+00
      77.0000000000000000   1.0000000000000000E+30   0.0000000000000000E+00
      78.0000000000000000   1.0000000000000000E+30   0.0000000000000000E+00
      79.0000000000000000   1.0000000000000000E+30   0.0000000000000000E+00
      80.0000000000000000   1.0000000000000000E+30   0.0000000000000000E+00
      81.0000000000000000   1.0000000000000000E+30   0.0000000000000000E+00
      82.0000000000000000   1.0000000000000000E+30   0.0000000000000000E+00
      83.0000000000000000   1.0000000000000000E+30   0.0000000000000000E+00
      84.0000000000000000   1.0000000000000000E+30   0.0000000000000000E+00
      85.0000000000000000   1.0000000000000000E+30   0.0000000000000000E+00
      86.0000000000000000   1.0000000000000000E+30   0.0000000000000000E+00
      87.0000000000000000   1.0000000000000000E+30   0.0000000000000000E+00
      88.0000000000000000   1.0000000000000000E+30   0.0000000000000000E+00
      89.0000000000000000   1.0000000000000000E+30   0.0000000000000000E+00
      90.0000000000000000   1.0000000000000000E+30   0.0000000000000000E+00
      91.0000000000000000   1.0000000000000000E+30   0.0000000000000000E+00
      92.0000000000000000   1.0000000000000000E+30   0.0000000000000000E+00
      93.0000000000000000   1.0000000000000000E+30   0.0000000000000000E+00
      94.0000000000000000   1.0000000000000000E+30   0.0000000000000000E+00
      95.0000000000000000   1.0000000000000000E+30   0.0000000000000000E+00
      96.0000000000000000   1.0000000000000000E+30   0.0000000000000000E+00
      97.0000000000000000   1.0000000000000000E+30   0.0000000000000000E+00
      98.0000000000000000   1.0000000000000000E+30   0.0000000000000000E+00
      99.0000000000000000   1.0000000000000000E+30   0.0000000000000000E+00
     100.0000000000000000   1.0000000000000000E+30   0.0000000000000000E+00
     110.0000000000000000   1.0000000000000000E+30   0.0000000000000000E+00
     120.0000000000000000   1.0000000000000000E+30   0.0000000000000000E+00
     130.0000000000000000   1.0000000000000000E+30   0.0000000000000000E+00
     140.0000000000000000   1.0000000000000000E+30   0.0000000000000000E+00
     150.0000000000000000   1.0000000000000000E+30   0.0000000000000000E+00
     160.0000000000000000   1.0000000000000000E+30   0.0000000000000000E+00
     170.0000000000000000   1.0000000000000000E+30   0.0000000000000000E+00
     180.0000000000000000   1.0000000000000000E+30   0.0000000000000000E+00
     190.0000000000000000   1.0000000000000000E+30   0.0000000000000000E+00
     200.0000000000000000   1.0000000000000000E+30   0.0000000000000000E+00
     205.9989999999999952   1.0000000000000000E+30   0.0000000000000000E+00
     206.0010000000000048   1.0000000000000000E+30   0.0000000000000000E+00
     210.0000000000000000   1.0000000000000000E+30   0.0000000000000000E+00
     220.0000000000000000   1.0000000000000000E+30   0.0000000000000000E+00
     230.0000000000000000   1.0000000000000000E+30   0.0000000000000000E+00
     240.0000000000000000   1.0000000000000000E+30   0.0000000000000000E+00
     250.0000000000000000   1.0000000000000000E+30   0.0000000000000000E+00
     260.0000000000000000   1.0000000000000000E+30   0.0000000000000000E+00
     270.0000000000000000   1.0000000000000000E+30   0.0000000000000000E+00
     280.0000000000000000   1.0000000000000000E+30   0.0000000000000000E+00
     290.0000000000000000   1.0000000000000000E+30   0.0000000000000000E+00
     300.0000000000000000   1.0000000000000000E+30   0.0000000000000000E+00
     310.0000000000000000   1.0000000000000000E+30   0.0000000000000000E+00
     320.0000000000000000   1.0000000000000000E+30   0.0000000000000000E+00
     330.0000000000000000   1.0000000000000000E+30   0.0000000000000000E+00
     340.0000000000000000   1.0000000000000000E+30   0.0000000000000000E+00
     350.0000000000000000   1.0000000000000000E+30   0.0000000000000000E+00
     360.0000000000000000   1.0000000000000000E+30   0.0000000000000000E+00
     370.0000000000000000   1.0000000000000000E+30   0.0000000000000000E+00
     380.0000000000000000   1.0000000000000000E+30   0.0000000000000000E+00
     390.0000000000000000   1.0000000000000000E+30   0.0000000000000000E+00
     400.0000000000000000   1.0000000000000000E+30   0.0000000000000000E+00
     410.0000000000000000   1.0000000000000000E+30   0.0000000000000000E+00
     420.0000000000000000   1.0000000000000000E+30   0.0000000000000000E+00
     430.0000000000000000   1.0000000000000000E+30   0.0000000000000000E+00
     440.0000000000000000   1.0000000000000000E+30   0.0000000000000000E+00
     450.0000000000000000   1.0000000000000000E+30   0.0000000000000000E+00
     460.0000000000000000   1.0000000000000000E+30   0.0000000000000000E+00
     470.0000000000000000   1.0000000000000000E+30   0.0000000000000000E+00
     480.0000000000000000   1.0000000000000000E+30   0.0000000000000000E+00
     490.0000000000000000   1.0000000000000000E+30   0.0000000000000000E+00
     500.0000000000000000   1.0000000000000000E+30   0.0000000000000000E+00
     510.0000000000000000   1.0000000000000000E+30   0.0000000000000000E+00
     520.0000000000000000   1.0000000000000000E+30   0.0000000000000000E+00
     530.0000000000000000   1.0000000000000000E+30   0.0000000000000000E+00
     540.0000000000000000   1.0000000000000000E+30   0.0000000000000000E+00
     550.0000000000000000   1.0000000000000000E+30   0.0000000000000000E+00
     560.0000000000000000   1.0000000000000000E+30   0.0000000000000000E+00
     570.0000000000000000   1.0000000000000000E+30   0.0000000000000000E+00
     580.0000000000000000   1.0000000000000000E+30   0.0000000000000000E+00
     590.0000000000000000   1.0000000000000000E+30   0.0000000000000000E+00
     600.0000000000000000   1.0000000000000000E+30   0.0000000000000000E+00
     610.0000000000000000   1.0000000000000000E+30   0.0000000000000000E+00
     620.0000000000000000   1.0000000000000000E+30   0.0000000000000000E+00
     630.0000000000000000   1.0000000000000000E+30   0.0000000000000000E+00
     640.0000000000000000   1.0000000000000000E+30   0.0000000000000000E+00
     650.0000000000000000   1.0000000000000000E+30   0.0000000000000000E+00
     660.0000000000000000   1.0000000000000000E+30   0.0000000000000000E+00
     670.0000000000000000   1.0000000000000000E+30   0.0000000000000000E+00
     680.0000000000000000   1.0000000000000000E+30   0.0000000000000000E+00
     690.0000000000000000   1.0000000000000000E+30   0.0000000000000000E+00
     700.0000000000000000   1.0000000000000000E+30   0.0000000000000000E+00
     710.0000000000000000   1.0000000000000000E+30   0.0000000000000000E+00
     720.0000000000000000   1.0000000000000000E+30   0.0000000000000000E+00
     730.0000000000000000   1.0000000000000000E+30   0.0000000000000000E+00
     740.0000000000000000   1.0000000000000000E+30   0.0000000000000000E+00
     750.0000000000000000   1.0000000000000000E+30   0.0000000000000000E+00
     760.0000000000000000   1.0000000000000000E+30   0.0000000000000000E+00
     770.0000000000000000   1.0000000000000000E+30   0.0000000000000000E+00
     780.0000000000000000   1.0000000000000000E+30   0.0000000000000000E+00
     790.0000000000000000   1.0000000000000000E+30   0.0000000000000000E+00
     800.0000000000000000   1.0000000000000000E+30   0.0000000000000000E+00
     810.0000000000000000   1.0000000000000000E+30   0.0000000000000000E+00
     820.0000000000000000   1.0000000000000000E+30   0.0000000000000000E+00
     830.0000000000000000   1.0000000000000000E+30   0.0000000000000000E+00
     840.0000000000000000   1.0000000000000000E+30   0.0000000000000000E+00
     850.0000000000000000   1.0000000000000000E+30   0.0000000000000000E+00
     860.0000000000000000   1.0000000000000000E+30   0.0000000000000000E+00
     870.0000000000000000   1.0000000000000000E+30   0.0000000000000000E+00
     880.0000000000000000   1.0000000000000000E+30   0.0000000000000000E+00
     890.0000000000000000   1.0000000000000000E+30   0.0000000000000000E+00
     900.0000000000000000   1.0000000000000000E+30   0.0000000000000000E+00
     910.0000000000000000   1.0000000000000000E+30   0.0000000000000000E+00
     920.0000000000000000   1.0000000000000000E+30   0.0000000000000000E+00
     930.0000000000000000   1.0000000000000000E+30   0.0000000000000000E+00
     940.0000000000000000   1.0000000000000000E+30   0.0000000000000000E+00
     950.0000000000000000   1.0000000000000000E+30   0.0000000000000000E+00
     960.0000000000000000   1.0000000000000000E+30   0.0000000000000000E+00
     970.0000000000000000   1.0000000000000000E+30   0.0000000000000000E+00
     980.0000000000000000   1.0000000000000000E+30   0.0000000000000000E+00
     990.0000000000000000   1.0000000000000000E+30   0.0000000000000000E+00
    1000.0000000000000000   1.0000000000000000E+30   0.0000000000000000E+00
    1100.0000000000000000   1.0000000000000000E+30   0.0000000000000000E+00
    1200.0000000000000000   1.0000000000000000E+30   0.0000000000000000E+00
    1300.0000000000000000   1.0000000000000000E+30   0.0000000000000000E+00
    1400.0000000000000000   1.0000000000000000E+30   0.0000000000000000E+00
    1500.0000000000000000   1.0000000000000000E+30   0.0000000000000000E+00
    1600.0000000000000000   1.0000000000000000E+30   0.0000000000000000E+00
    1700.0000000000000000   1.0000000000000000E+30   0.0000000000000000E+00
    1800.0000000000000000   1.0000000000000000E+30   0.0000000000000000E+00
    1900.0000000000000000   1.0000000000000000E+30   0.0000000000000000E+00
    2000.0000000000000000   1.0000000000000000E+30   0.0000000000000000E+00
    2100.0000000000000000   1.0000000000000000E+30   0.0000000000000000E+00
    2200.0000000000000000   1.0000000000000000E+30   0.0000000000000000E+00
    2300.0000000000000000   1.0000000000000000E+30   0.0000000000000000E+00
    2400.0000000000000000   1.0000000000000000E+30   0.0000000000000000E+00
    2500.0000000000000000   1.0000000000000000E+30   0.0000000000000000E+00
    2600.0000000000000000   1.0000000000000000E+30   0.0000000000000000E+00
    2700.0000000000000000   1.0000000000000000E+30   0.0000000000000000E+00
    2800.0000000000000000   1.0000000000000000E+30   0.0000000000000000E+00
    2900.0000000000000000   2.7686520973723692E+08   1.0277387995531955E-05
    3000.0000000000000000   7.2192221677474916E+07   3.9730728459692511E-05
    3100.0000000000000000   3.5381950056207404E+07   8.1700474301858375E-05
    3200.0000000000000000   2.1686715229112461E+07   1.3432126236395103E-04
    3300.0000000000000000   1.4940510162790369E+07   1.9645269906877036E-04
    3400.0000000000000000   1.1066004281757995E+07   2.6722595190862886E-04
    3500.0000000000000000   8.6121051545658987E+06   3.4591924927225852E-04
    3600.0000000000000000   6.9490138890272705E+06   4.3186525497991801E-04
    3700.0000000000000000   5.7636764530066112E+06   5.2448779190045257E-04
    3800.0000000000000000   4.8857871982466327E+06   6.2322107336907565E-04
    3900.0000000000000000   4.2153611972515397E+06   7.2755055667479132E-04
    4000.0000000000000000   3.6903937188363024E+06   8.3700408497522697E-04
    4100.0000000000000000   3.2708009327682769E+06   9.5110647013603466E-04
    4200.0000000000000000   2.9295252878694539E+06   1.0694238482785484E-03
    4300.0000000000000000   2.6478165986064435E+06   1.1915254217514163E-03
    4400.0000000000000000   2.4122839165913993E+06   1.3170015824839406E-03
    4500.0000000000000000   2.2131223261014083E+06   1.4454794406304459E-03
    4600.0000000000000000   2.0431018707205267E+06   1.5765483819431350E-03
    4700.0000000000000000   1.8966873861996927E+06   1.7098504335021387E-03
    4800.0000000000000000   1.7696348513621010E+06   1.8450237483481134E-03
    4900.0000000000000000   1.6586301888506203E+06   1.9817171205458685E-03
    5000.0000000000000000   1.5610500831684356E+06   2.1195939913217793E-03
    5100.0000000000000000   1.4747955340779827E+06   2.2583300307903770E-03
    5200.0000000000000000   1.3981730603551313E+06   2.3976079112956630E-03
    5300.0000000000000000   1.3297964493330596E+06   2.5371308511680248E-03
    5400.0000000000000000   1.2685293197541812E+06   2.6766056438430937E-03
    5500.0000000000000000   1.2134226885537396E+06   2.8157666765367519E-03
    5600.0000000000000000   1.1636889375835690E+06   2.9543497059117832E-03
    5700.0000000000000000   1.1186606870643026E+06   3.0921156525082253E-03
    5800.0000000000000000   1.0777720391402480E+06   3.2288459731711458E-03
    5900.0000000000000000   1.0405434884143497E+06   3.3643278278392137E-03
    6000.0000000000000000   1.0065631095810793E+06   3.4983688891224744E-03
    6100.0000000000000000   9.7547562298045319E+05   3.6307948214166028E-03
    6200.0000000000000000   9.4697359646839323E+05   3.7614479417516222E-03
    6300.0000000000000000   9.2078974639394321E+05   3.8901861689602381E-03
    6400.0000000000000000   8.9669057922847988E+05   4.0168845077906213E-03
    6500.0000000000000000   8.7447148050725134E+05   4.1414330952332960E-03
    6600.0000000000000000   8.5395315274044732E+05   4.2637327083630844E-03
    6700.0000000000000000   8.3497613317828649E+05   4.3837048553680858E-03
    6800.0000000000000000   8.1740012427275174E+05   4.5012791632525863E-03
    6900.0000000000000000   8.0109997817136766E+05   4.6164007881370562E-03
    7000.0000000000000000   7.8596481002075190E+05   4.7290223738251551E-03
    7100.0000000000000000   7.7189506288659340E+05   4.8391112070077045E-03
    7200.0000000000000000   7.5880172220712795E+05   4.9466429508623231E-03
    7300.0000000000000000   7.4660504363735579E+05   5.0516018436140469E-03
    7400.0000000000000000   7.3523305373011332E+05   5.1539812210219839E-03
    7500.0000000000000000   7.2462111050626845E+05   5.2537807614325902E-03
    7600.0000000000000000   7.1471074702610692E+05   5.3510069299648076E-03
    7700.0000000000000000   7.0544865716078621E+05   5.4456750564074513E-03
    7800.0000000000000000   6.9678717475835851E+05   5.5378006727473091E-03
    7900.0000000000000000   6.8868234710647620E+05   5.6274089071526685E-03
    8000.0000000000000000   6.8109439206955582E+05   5.7145268837079021E-03
    8100.0000000000000000   6.7398733057658642E+05   5.7991837475912184E-03
    8200.0000000000000000   6.6732789336804405E+05   5.8814142762147921E-03
    8300.0000000000000000   6.6108567836837901E+05   5.9612562542587441E-03
    8400.0000000000000000   6.5523301272508840E+05   6.0387479781172934E-03
    8500.0000000000000000   6.4974444257049018E+05   6.1139298338716919E-03
    8600.0000000000000000   6.4459651776589674E+05   6.1868447992899358E-03
    8700.0000000000000000   6.3976763491582347E+05   6.2575373920095946E-03
    8800.0000000000000000   6.3523802794594597E+05   6.3260512901805585E-03
    8900.0000000000000000   6.3098949112413893E+05   6.3924307015324955E-03
    9000.0000000000000000   6.2700488700357475E+05   6.4567241134893070E-03
    9100.0000000000000000   6.2326860837485152E+05   6.5189772519525886E-03
    9200.0000000000000000   6.1976620511676522E+05   6.5792360424322457E-03
    9300.0000000000000000   6.1648425247199705E+05   6.6375469344336496E-03
    9400.0000000000000000   6.1341020369809598E+05   6.6939568314050325E-03
    9500.0000000000000000   6.1053250656197837E+05   6.7485115396455136E-03
    9600.0000000000000000   6.0784038632953027E+05   6.8012564649561069E-03
    9700.0000000000000000   6.0532372109619365E+05   6.8522379319731997E-03
    9800.0000000000000000   6.0297314002806123E+05   6.9015007089540826E-03
    9900.0000000000000000   6.0078012049024971E+05   6.9490860277522052E-03
   10000.0000000000000000   5.9873620550554327E+05   6.9950414514084016E-03
   11000.0000000000000000   5.8504142655362817E+05   7.3738716177156769E-03
   12000.0000000000000000   5.8023761439206637E+05   7.6314591049186625E-03
   13000.0000000000000000   5.8119071652975841E+05   7.7978921302252133E-03
   14000.0000000000000000   5.8604916266664350E+05   7.8960173749731688E-03
   15000.0000000000000000   5.9365672172760300E+05   7.9429655003223510E-03
   16000.0000000000000000   6.0325811779920105E+05   7.9515458051957026E-03
   17000.0000000000000000   6.1434120591752254E+05   7.9313584353779276E-03
   18000.0000000000000000   6.2654764343921992E+05   7.8896304207116737E-03
   19000.0000000000000000   6.3961997817643150E+05   7.8318312171931775E-03
   20000.0000000000000000   6.5336897833671048E+05   7.7621229396786983E-03
   21000.0000000000000000   6.6765280384159740E+05   7.6836889039628951E-03
   22000.0000000000000000   6.8236332861710235E+05   7.5989747175316587E-03
   23000.0000000000000000   6.9741684880789497E+05   7.5098672149409001E-03
   24000.0000000000000000   7.1274773215782340E+05   7.4178259668815812E-03
   25000.0000000000000000   7.2830391254099912E+05   7.3239823972372949E-03
   26000.0000000000000000   7.4404365295553498E+05   7.2292143951609381E-03
   27000.0000000000000000   7.5993318234297575E+05   7.1342030198646537E-03
   28000.0000000000000000   7.7594494290721277E+05   7.0394755845535123E-03
   29000.0000000000000000   7.9205629214023822E+05   6.9454388104984357E-03
   30000.0000000000000000   8.0824849926189648E+05   6.8524044621649065E-03
   31000.0000000000000000   8.2450596572857455E+05   6.7606095480828307E-03
   32000.0000000000000000   8.4001572889669833E+05   6.6921065128637304E-03
   33000.0000000000000000   8.5623240435745683E+05   6.6091237190410547E-03
   34000.0000000000000000   8.7338418469837983E+05   6.5057573600427890E-03
   35000.0000000000000000   8.8950096646769065E+05   6.4296971406483079E-03
   36000.0000000000000000   9.0558373773374595E+05   6.3563886789980281E-03
   37000.0000000000000000   9.2254307438558736E+05   6.2643137320856322E-03
   38000.0000000000000000   9.3853713952015620E+05   6.1967188151508907E-03
   39000.0000000000000000   9.5537522652658727E+05   6.1112930256966534E-03
   40000.0000000000000000   9.7215020829426637E+05   6.0291806011726051E-03
   41000.0000000000000000   9.8801308060510398E+05   5.9692122967373957E-03
   42000.0000000000000000   1.0046791890411943E+06   5.8926445353497947E-03
   43000.0000000000000000   1.0212882072300265E+06   5.8188624980853552E-03
   44000.0000000000000000   1.0378420169816787E+06   5.7477086853302039E-03
   45000.0000000000000000   1.0535471242500790E+06   5.6961431499266430E-03
   46000.0000000000000000   1.0700066706028096E+06   5.6294015066652384E-03
   47000.0000000000000000   1.0864161889659048E+06   5.5648996751296162E-03
   48000.0000000000000000   1.1027772923432312E+06   5.5025201847353307E-03
   49000.0000000000000000   1.1190915228636982E+06   5.4421539005232479E-03
   50000.0000000000000000   1.1353603684060869E+06   5.3836990409376071E-03
