       0.0010000000000000   1.0000000000000000E+30   0.0000000000000000E+00
       0.1000000000000000   3.1465115068744829E+01   9.2808939989197478E-04
       0.2000000000000000   2.7533296385485510E+01   1.8315216037496785E-03
       0.3000000000000000   2.6123488211641341E+01   2.7476009992871251E-03
       0.4000000000000000   2.5489499052938466E+01   3.6409795410863562E-03
       0.5000000000000000   2.5087690912387753E+01   4.5427748979563641E-03
       0.6000000000000000   2.4796202546661412E+01   5.4548763555677731E-03
       0.7000000000000000   2.4566717143278595E+01   6.3790750858731997E-03
       0.7999999999999999   2.4373414191238219E+01   7.3166391328833812E-03
       0.8999999999999999   2.4204501302289213E+01   8.2666349657301002E-03
       0.9999999999999999   2.4048878068161638E+01   9.2323515217352190E-03
       2.0000000000000000   2.2707479225067324E+01   1.9811353943371496E-02
       3.0000000000000000   2.1393731198442772E+01   3.2325163845628779E-02
       4.0000000000000000   2.0109142210822334E+01   4.6950550647359805E-02
       5.0000000000000000   1.8902737636801433E+01   6.3730505466574952E-02
       6.0000000000000000   1.7797228909772414E+01   8.2641539206449691E-02
       7.0000000000000000   1.6797007502877445E+01   1.0362603216670399E-01
       8.0000000000000000   1.5896271507966869E+01   1.2662219408608014E-01
       9.0000000000000000   1.5085220079223619E+01   1.5157608829357719E-01
      10.0000000000000000   1.4352993851095086E+01   1.7844894600731609E-01
      11.0000000000000000   1.3689287129880135E+01   2.0721762521074816E-01
      12.0000000000000000   1.3084867862539097E+01   2.3787372182433661E-01
      13.0000000000000000   1.2531764215771144E+01   2.7042252638562514E-01
      14.0000000000000000   1.2023153860159622E+01   3.0488143511151106E-01
      15.0000000000000000   1.1553312829725936E+01   3.4127663408127634E-01
      16.0000000000000000   1.1117469403619202E+01   3.7963972473642549E-01
      17.0000000000000000   1.0711624103226168E+01   4.2000636280227510E-01
      18.0000000000000000   1.0332460161924015E+01   4.6241209573940373E-01
      19.0000000000000000   9.9772161410345515E+00   5.0688954549869603E-01
      20.0000000000000000   9.6435991729457307E+00   5.5346513522974827E-01
      21.0000000000000000   9.3297093208544464E+00   6.0215509477710194E-01
      22.0000000000000000   9.0339816365029879E+00   6.5296099737877411E-01
      23.0000000000000000   8.7551259209540326E+00   7.0586587714665361E-01
      24.0000000000000000   8.4920802694469000E+00   7.6083025837171503E-01
      25.0000000000000000   8.2439751056361494E+00   8.1778760179373866E-01
      26.0000000000000000   8.0100957418157410E+00   8.7664093964869727E-01
      27.0000000000000000   7.7898504875638066E+00   9.3726016830681236E-01
      28.0000000000000000   7.5827418846477084E+00   9.9948052509520058E-01
      29.0000000000000000   7.3883393651127109E+00   1.0631027340446138E+00
      30.0000000000000000   7.2062566373498846E+00   1.1278947716250256E+00
      31.0000000000000000   7.0361302172707356E+00   1.1935956578577955E+00
      32.0000000000000000   6.8776034290160357E+00   1.2599208026910516E+00
      33.0000000000000000   6.7303119710336379E+00   1.3265691258922621E+00
      33.9990000000000023   6.5940066376757986E+00   1.3931643242587339E+00
      34.0000000000000000   6.5938754914027076E+00   1.3932308891608114E+00
      34.0009999999999977   6.5937443555845725E+00   1.3932974537656588E+00
      35.0000000000000000   6.4678920090240855E+00   1.4595960883155226E+00
      36.0000000000000000   6.3519363207181190E+00   1.5253626209552327E+00
      37.0000000000000000   6.2455613875723399E+00   1.5902437076550651E+00
      38.0000000000000000   6.1483021006401799E+00   1.6539741297077404E+00
      39.0000000000000000   6.0596805460096892E+00   1.7163150135724683E+00
      40.0000000000000000   5.9792122234856251E+00   1.7770570371655037E+00
      41.0000000000000000   5.9064121999863008E+00   1.8360221503692826E+00
      42.0000000000000000   5.8408011186451354E+00   1.8930639033321031E+00
      43.0000000000000000   5.7819104377549975E+00   1.9480666621628491E+00
      44.0000000000000000   5.7292868375420598E+00   2.0009439210898652E+00
      45.0000000000000000   5.6824955171474780E+00   2.0516360604588195E+00
      46.0000000000000000   5.6411227546048623E+00   2.1001076577800912E+00
      47.0000000000000000   5.6047774848253411E+00   2.1463446485569917E+00
      48.0000000000000000   5.5730921639801769E+00   2.1903514513861806E+00
      49.0000000000000000   5.5457230090810095E+00   2.2321481814223931E+00
      50.0000000000000000   5.5223497489335740E+00   2.2717680304879369E+00
      51.0000000000000000   5.5026749874018863E+00   2.3092548667281076E+00
      52.0000000000000000   5.4864233199755095E+00   2.3446610745762579E+00
      53.0000000000000000   5.4733402444164154E+00   2.3780456480133401E+00
      54.0000000000000000   5.4631909674085772E+00   2.4094725303810423E+00
      55.0000000000000000   5.4557591378801149E+00   2.4390091932114411E+00
      56.0000000000000000   5.4508455894869687E+00   2.4667254367018248E+00
      57.0000000000000000   5.4482671627408132E+00   2.4926922825019746E+00
      58.0000000000000000   5.4478553124163556E+00   2.5169812978997435E+00
      59.0000000000000000   5.4494550490096696E+00   2.5396638209767843E+00
      60.0000000000000000   5.4529239586996594E+00   2.5608103033095166E+00
      61.0000000000000000   5.4581309373688489E+00   2.5804900679656799E+00
      62.0000000000000000   5.4649553926050167E+00   2.5987708294314329E+00
      63.0000000000000000   5.4732863196903416E+00   2.6157184636867470E+00
      64.0000000000000000   5.4830214802319857E+00   2.6313968131328536E+00
      65.0000000000000000   5.4940666545327339E+00   2.6458675484171286E+00
      65.9989999999999952   5.5063221011779993E+00   2.6591773092834052E+00
      66.0000000000000000   5.5063349532094996E+00   2.6591900774802180E+00
      66.0010000000000048   5.5063478063834221E+00   2.6592028445861149E+00
      67.0000000000000000   5.5197461883973284E+00   2.6714214932176041E+00
      68.0000000000000000   5.5342263004293617E+00   2.6826165525163042E+00
      69.0000000000000000   5.5497068343127411E+00   2.6928276805994913E+00
      70.0000000000000000   5.5661244640976797E+00   2.7021049953253855E+00
      71.0000000000000000   5.5834205579312020E+00   2.7104963475177208E+00
      72.0000000000000000   5.6015407846665681E+00   2.7180473732249406E+00
      73.0000000000000000   5.6204347546219013E+00   2.7248015552867439E+00
      74.0000000000000000   5.6400556930484962E+00   2.7308002915934444E+00
      75.0000000000000000   5.6603601321843984E+00   2.7360829762991581E+00
      76.0000000000000000   5.6813076847572441E+00   2.7406870425659919E+00
      77.0000000000000000   5.7028607315328692E+00   2.7446480904072774E+00
      78.0000000000000000   5.7249842416763066E+00   2.7479999313438745E+00
      79.0000000000000000   5.7476455572099985E+00   2.7507746749186617E+00
      80.0000000000000000   5.7708142067287715E+00   2.7530028058230611E+00
      81.0000000000000000   5.7944617353078467E+00   2.7547132595688129E+00
      82.0000000000000000   5.8185615496015046E+00   2.7559334963049453E+00
      83.0000000000000000   5.8430887760999619E+00   2.7566895724504747E+00
      84.0000000000000000   5.8680201308124609E+00   2.7570062099946293E+00
      85.0000000000000000   5.8933338012955554E+00   2.7569068632214182E+00
      86.0000000000000000   5.9190093377612802E+00   2.7564137828361988E+00
      87.0000000000000000   5.9450275517013145E+00   2.7555480786640563E+00
      88.0000000000000000   5.9713704324476744E+00   2.7543297733988958E+00
      89.0000000000000000   5.9980210514327190E+00   2.7527778662665159E+00
      90.0000000000000000   6.0249634928837290E+00   2.7509103814295659E+00
      91.0000000000000000   6.0521827813805746E+00   2.7487444201519193E+00
      92.0000000000000000   6.0796648165804861E+00   2.7462962091895737E+00
      93.0000000000000000   6.1073963132188620E+00   2.7435811467524149E+00
      94.0000000000000000   6.1353647458136642E+00   2.7406138461232512E+00
      95.0000000000000000   6.1635582976505852E+00   2.7374081770237071E+00
      96.0000000000000000   6.1919658136968945E+00   2.7339773048193456E+00
      97.0000000000000000   6.2205767570940793E+00   2.7303337276575803E+00
      98.0000000000000000   6.2493811687358471E+00   2.7264893116417128E+00
      99.0000000000000000   6.2783696308279602E+00   2.7224553240747946E+00
     100.0000000000000000   6.3075332311710595E+00   2.7182424650128167E+00
     110.0000000000000000   6.6071455847507066E+00   2.6682794246079298E+00
     120.0000000000000000   6.9172420380489621E+00   2.6089527050467063E+00
     130.0000000000000000   7.2338439654698456E+00   2.5450513722201196E+00
     140.0000000000000000   7.5544378176322953E+00   2.4794895192556257E+00
     150.0000000000000000   7.8773837747396058E+00   2.4140422072114283E+00
     160.0000000000000000   8.2015846661125646E+00   2.3497809328388808E+00
     170.0000000000000000   8.5262919945990774E+00   2.2873365344711254E+00
     180.0000000000000000   8.8497928177256870E+00   2.2303879340738422E+00
     190.0000000000000000   9.1705107695302654E+00   2.1786032725873867E+00
     200.0000000000000000   9.4947057649554445E+00   2.1243355036404550E+00
     205.9989999999999952   9.6881192925595858E+00   2.0936210657599723E+00
     206.0010000000000048   9.6881888749222647E+00   2.0936052986746621E+00
     210.0000000000000000   9.8166947354073955E+00   2.0738405375150908E+00
     220.0000000000000000   1.0136625673642394E+01   2.0267122927669612E+00
     230.0000000000000000   1.0459403883153547E+01   1.9775591088178346E+00
     240.0000000000000000   1.0780055076667278E+01   1.9316140597095666E+00
     250.0000000000000000   1.1098702302893519E+01   1.8885558553920310E+00
     260.0000000000000000   1.1415458593749889E+01   1.8481054880427885E+00
     270.0000000000000000   1.1730427813258315E+01   1.8100195012331657E+00
     280.0000000000000000   1.2043705431071524E+01   1.7740844998461283E+00
     290.0000000000000000   1.2359442958082868E+01   1.7362457603781887E+00
     300.0000000000000000   1.2669473695610847E+01   1.7042218378672871E+00
     310.0000000000000000   1.2981933644104050E+01   1.6702544854660299E+00
     320.0000000000000000   1.3292831440118102E+01   1.6380530550026333E+00
     330.0000000000000000   1.3602234636623093E+01   1.6074770316415512E+00
     340.0000000000000000   1.3910206354408013E+01   1.5784006957953816E+00
     350.0000000000000000   1.4216805636949054E+01   1.5507112104408496E+00
     360.0000000000000000   1.4522087770388662E+01   1.5243070036136628E+00
     370.0000000000000000   1.4826104575709399E+01   1.4990963908464874E+00
     380.0000000000000000   1.5132342753883210E+01   1.4721416056794558E+00
     390.0000000000000000   1.5433904123238257E+01   1.4491599359336134E+00
     400.0000000000000000   1.5734338087543144E+01   1.4271407691089064E+00
     410.0000000000000000   1.6036961265557139E+01   1.4033992656149479E+00
     420.0000000000000000   1.6335192983286195E+01   1.3831952681211108E+00
     430.0000000000000000   1.6635594344185559E+01   1.3612916480267963E+00
     440.0000000000000000   1.6934923370807702E+01   1.3402542620236311E+00
     450.0000000000000000   1.7233212604282986E+01   1.3200308617535854E+00
     460.0000000000000000   1.7527398309570383E+01   1.3028864299187861E+00
     470.0000000000000000   1.7823729093538677E+01   1.2840973612849451E+00
     480.0000000000000000   1.8119108910902984E+01   1.2659913031355556E+00
     490.0000000000000000   1.8413564531952353E+01   1.2485303094236053E+00
     500.0000000000000000   1.8707121491172963E+01   1.2316792528743965E+00
     510.0000000000000000   1.8999804189002372E+01   1.2154055494183782E+00
     520.0000000000000000   1.9291635937399253E+01   1.1996789426239227E+00
     530.0000000000000000   1.9582639043567404E+01   1.1844712853722470E+00
     540.0000000000000000   1.9872834863083543E+01   1.1697563614039832E+00
     550.0000000000000000   2.0162243857157932E+01   1.1555097175519859E+00
     560.0000000000000000   2.0453672744965221E+01   1.1398413864587036E+00
     570.0000000000000000   2.0741534842147317E+01   1.1265000525175111E+00
     580.0000000000000000   2.1028666540329901E+01   1.1135615959149885E+00
     590.0000000000000000   2.1315085113492948E+01   1.1010074083017571E+00
     600.0000000000000000   2.1603499271005468E+01   1.0870868113145351E+00
     610.0000000000000000   2.1888509827046104E+01   1.0752805411428883E+00
     620.0000000000000000   2.2172855341912577E+01   1.0638081687541536E+00
     630.0000000000000000   2.2459177114137368E+01   1.0510108520523840E+00
     640.0000000000000000   2.2742205505776010E+01   1.0401914075576755E+00
     650.0000000000000000   2.3027203208518923E+01   1.0280738870854715E+00
     660.0000000000000000   2.3308969238236209E+01   1.0178526482189378E+00
     670.0000000000000000   2.3592695845881732E+01   1.0063594499471900E+00
     680.0000000000000000   2.3873250766901407E+01   9.9668759656025441E-01
     690.0000000000000000   2.4155755271499839E+01   9.8576949733897123E-01
     700.0000000000000000   2.4435147279557690E+01   9.7660324191696546E-01
     710.0000000000000000   2.4716475260807549E+01   9.6621631284034248E-01
     720.0000000000000000   2.4994749694251549E+01   9.5751628419212864E-01
     730.0000000000000000   2.5274943769095866E+01   9.4762112141875576E-01
     740.0000000000000000   2.5554585807251676E+01   9.3796685398060753E-01
     750.0000000000000000   2.5831243720052694E+01   9.2991279883105071E-01
     760.0000000000000000   2.6109810890858363E+01   9.2069776579927076E-01
     770.0000000000000000   2.6387853517850481E+01   9.1169877898910900E-01
     780.0000000000000000   2.6662981880372314E+01   9.0422086059777529E-01
     790.0000000000000000   2.6940003808911815E+01   8.9561580567390708E-01
     800.0000000000000000   2.7216526883295323E+01   8.8720506034992075E-01
     810.0000000000000000   2.7490205458358972E+01   8.8024300873350791E-01
     820.0000000000000000   2.7765756584995525E+01   8.7218749889980307E-01
     830.0000000000000000   2.8040832923768022E+01   8.6430716839661692E-01
     840.0000000000000000   2.8315440700432802E+01   8.5659678869524136E-01
     850.0000000000000000   2.8589585693351570E+01   8.4905149506466326E-01
     860.0000000000000000   2.8860981441693433E+01   8.4284939019418237E-01
     870.0000000000000000   2.9134230315709029E+01   8.3560349690086888E-01
     880.0000000000000000   2.9407038931338466E+01   8.2850663593390206E-01
     890.0000000000000000   2.9679413001546589E+01   8.2155450010498143E-01
     900.0000000000000000   2.9951358170815666E+01   8.1474291785912833E-01
     910.0000000000000000   3.0222880245871281E+01   8.0806773592138093E-01
     920.0000000000000000   3.0493985216720759E+01   8.0152480851807362E-01
     930.0000000000000000   3.0764679182639387E+01   7.9511003446846884E-01
     940.0000000000000000   3.1034968197385851E+01   7.8881943099699958E-01
     950.0000000000000000   3.1302661201693663E+01   7.8371373322751914E-01
     960.0000000000000000   3.1572167659690617E+01   7.7764783372013468E-01
     970.0000000000000000   3.1841285892121700E+01   7.7169567068798861E-01
     980.0000000000000000   3.2110020994408622E+01   7.6585403561475351E-01
     990.0000000000000000   3.2378377985579093E+01   7.6011982300172565E-01
    1000.0000000000000000   3.2646361802296525E+01   7.5449003001866199E-01
    1100.0000000000000000   3.5308752218804422E+01   7.0243525401661844E-01
    1200.0000000000000000   3.7938400723027947E+01   6.5835738839001001E-01
    1300.0000000000000000   4.0540725055341696E+01   6.1975631277451504E-01
    1400.0000000000000000   4.3116585611000858E+01   5.8623326824891464E-01
    1500.0000000000000000   4.5672000859804847E+01   5.5552494008831221E-01
    1600.0000000000000000   4.8203371778864742E+01   5.2900514480360716E-01
    1700.0000000000000000   5.0716143261244575E+01   5.0478456238884684E-01
    1800.0000000000000000   5.3209950446444779E+01   4.8307001538688876E-01
    1900.0000000000000000   5.5687876206074378E+01   4.6294672198011283E-01
    2000.0000000000000000   5.8149266510959158E+01   4.4470560255163666E-01
    2100.0000000000000000   6.0595157863768421E+01   4.2809048991087389E-01
    2200.0000000000000000   6.3026499906834225E+01   4.1288435456770273E-01
    2300.0000000000000000   6.5445765726541651E+01   3.9846973081020004E-01
    2400.0000000000000000   6.7850299615247494E+01   3.8562330166012077E-01
    2500.0000000000000000   7.0244213023407696E+01   3.7331208542183830E-01
    2600.0000000000000000   7.2626352394953216E+01   3.6189803974539486E-01
    2700.0000000000000000   7.4997244265670517E+01   3.5129370994397990E-01
    2800.0000000000000000   7.7359237793798059E+01   3.4099245704399761E-01
    2900.0000000000000000   7.9709291889892000E+01   3.3175076011305321E-01
    3000.0000000000000000   8.2051228547832650E+01   3.2272485440205367E-01
    3100.0000000000000000   8.4383433712201267E+01   3.1432138773606905E-01
    3200.0000000000000000   8.6705691461536205E+01   3.0662272251903933E-01
    3300.0000000000000000   8.9020461508594607E+01   2.9911902319097766E-01
    3400.0000000000000000   9.1326952461077724E+01   2.9202355727966883E-01
    3500.0000000000000000   9.3625569198354881E+01   2.8528431467966925E-01
    3600.0000000000000000   9.5917588479206472E+01   2.7867239220161494E-01
    3700.0000000000000000   9.8200835817851200E+01   2.7263718243382329E-01
    3800.0000000000000000   1.0047708296185648E+02   2.6686996329588097E-01
    3900.0000000000000000   1.0274750225842078E+02   2.6116545132463964E-01
    4000.0000000000000000   1.0501002851651619E+02   2.5592611878936716E-01
    4100.0000000000000000   1.0726687587017575E+02   2.5077296386866843E-01
    4200.0000000000000000   1.0951661235851638E+02   2.4598223002414490E-01
    4300.0000000000000000   1.1176061842074839E+02   2.4131829862302021E-01
    4400.0000000000000000   1.1399758136905821E+02   2.3702471985860810E-01
    4500.0000000000000000   1.1623102336851348E+02   2.3254795096765943E-01
    4600.0000000000000000   1.1845728896930065E+02   2.2847142769201989E-01
    4700.0000000000000000   1.2067887367619203E+02   2.2444416124638564E-01
    4800.0000000000000000   1.2289523330938815E+02   2.2054709069999767E-01
    4900.0000000000000000   1.2510596835361454E+02   2.1684848786726782E-01
    5000.0000000000000000   1.2731145923035632E+02   2.1330786621203657E-01
    5100.0000000000000000   1.2951214237335219E+02   2.0987456986949615E-01
    5200.0000000000000000   1.3170816870023475E+02   2.0653836351174645E-01
    5300.0000000000000000   1.3389932253532652E+02   2.0333711398984078E-01
    5400.0000000000000000   1.3608541923758722E+02   2.0029712612388270E-01
    5500.0000000000000000   1.3826667463158506E+02   1.9739441755476367E-01
    5600.0000000000000000   1.4044542530571931E+02   1.9434951229806235E-01
    5700.0000000000000000   1.4261760856613964E+02   1.9168749060478651E-01
    5800.0000000000000000   1.4478784500059012E+02   1.8880653861076765E-01
    5900.0000000000000000   1.4695208099158944E+02   1.8625830569354215E-01
    6000.0000000000000000   1.4911385350236966E+02   1.8359281790138066E-01
    6100.0000000000000000   1.5126990135613835E+02   1.8119958339737463E-01
    6200.0000000000000000   1.5342303257680732E+02   1.7878401905761160E-01
    6300.0000000000000000   1.5557270328030208E+02   1.7639374449800985E-01
    6400.0000000000000000   1.5771881472475258E+02   1.7403592307929153E-01
    6500.0000000000000000   1.5986027146041502E+02   1.7185827759175781E-01
    6600.0000000000000000   1.6199820094352461E+02   1.6973135686903298E-01
    6700.0000000000000000   1.6413233087554934E+02   1.6769553493327419E-01
    6800.0000000000000000   1.6626396671750430E+02   1.6560392921065312E-01
    6900.0000000000000000   1.6839198592845531E+02   1.6359231962172333E-01
    7000.0000000000000000   1.7051725086906009E+02   1.6157136597256039E-01
    7100.0000000000000000   1.7263833517371964E+02   1.5969392840838484E-01
    7200.0000000000000000   1.7475583131594928E+02   1.5789660809872791E-01
    7300.0000000000000000   1.7687037083362497E+02   1.5610918954563555E-01
    7400.0000000000000000   1.7898091602703445E+02   1.5447103630970130E-01
    7500.0000000000000000   1.8109151152777298E+02   1.5255829469065282E-01
    7600.0000000000000000   1.8319566356341093E+02   1.5102882268859635E-01
    7700.0000000000000000   1.8529737237453952E+02   1.4946684057341703E-01
    7800.0000000000000000   1.8739895932793121E+02   1.4768377744639613E-01
    7900.0000000000000000   1.8949430064745539E+02   1.4624291056647937E-01
    8000.0000000000000000   1.9159004736647523E+02   1.4455058336321913E-01
    8100.0000000000000000   1.9367910085250136E+02   1.4325484334422098E-01
    8200.0000000000000000   1.9576934598379927E+02   1.4161670824273054E-01
    8300.0000000000000000   1.9785270270918525E+02   1.4038555575567108E-01
    8400.0000000000000000   1.9993714059960382E+02   1.3886770186146516E-01
    8500.0000000000000000   2.0201652472313143E+02   1.3757323482934622E-01
    8600.0000000000000000   2.0409448190807331E+02   1.3621136463021505E-01
    8700.0000000000000000   2.0617070475080956E+02   1.3480578436938476E-01
    8800.0000000000000000   2.0824210021812721E+02   1.3361824083192253E-01
    8900.0000000000000000   2.1031201342626781E+02   1.3237502994897429E-01
    9000.0000000000000000   2.1238018193219813E+02   1.3111189952293356E-01
    9100.0000000000000000   2.1444667247955297E+02   1.2978267765218834E-01
    9200.0000000000000000   2.1650838188365736E+02   1.2868419563900005E-01
    9300.0000000000000000   2.1856629077071315E+02   1.2774171216881014E-01
    9400.0000000000000000   2.2062558184152334E+02   1.2649794137625175E-01
    9500.0000000000000000   2.2268242727581492E+02   1.2528741764065049E-01
    9600.0000000000000000   2.2473617627576584E+02   1.2417459061848013E-01
    9700.0000000000000000   2.2678769935778496E+02   1.2308196771493295E-01
    9800.0000000000000000   2.2883707781335701E+02   1.2200128962265785E-01
    9900.0000000000000000   2.3088419158741041E+02   1.2094394073584616E-01
   10000.0000000000000000   2.3292902350578430E+02   1.1991377906966595E-01
   11000.0000000000000000   2.5326079517822512E+02   1.1073312511927545E-01
   12000.0000000000000000   2.7340308965755918E+02   1.0283469006943145E-01
   13000.0000000000000000   2.9337147796825701E+02   9.6157474239838850E-02
   14000.0000000000000000   3.1318377446120689E+02   9.0304545791978899E-02
   15000.0000000000000000   3.3285351162858490E+02   8.5129833952990688E-02
   16000.0000000000000000   3.5239222022275777E+02   8.0509636537905327E-02
   17000.0000000000000000   3.7180366868564818E+02   7.6626797167029456E-02
   18000.0000000000000000   3.9109967490546660E+02   7.3274176617769152E-02
   19000.0000000000000000   4.1030334754465508E+02   6.9652889192520606E-02
   20000.0000000000000000   4.2939866537681712E+02   6.6662422399715204E-02
   21000.0000000000000000   4.4839497514974710E+02   6.4229877322161538E-02
   22000.0000000000000000   4.6731837879970527E+02   6.1372048870304854E-02
   23000.0000000000000000   4.8614946687690110E+02   5.8989810884603915E-02
   24000.0000000000000000   5.0489816900679568E+02   5.7084857658674847E-02
   25000.0000000000000000   5.2357455204573614E+02   5.5146608299073058E-02
   26000.0000000000000000   5.4217199311691434E+02   5.3591176273579365E-02
   27000.0000000000000000   5.6072232709228649E+02   5.1398202341871063E-02
   28000.0000000000000000   5.7918456873845196E+02   4.9993063599418429E-02
   29000.0000000000000000   5.9758404490950625E+02   4.8854715468549727E-02
   30000.0000000000000000   6.1594944092562923E+02   4.6830942776927932E-02
   31000.0000000000000000   6.3423898136806611E+02   4.5699024121303368E-02
   32000.0000000000000000   6.5247491618564561E+02   4.4295501810346173E-02
   33000.0000000000000000   6.7063290492633939E+02   4.3753036378001493E-02
   34000.0000000000000000   6.8876140978466412E+02   4.2656262285374578E-02
   35000.0000000000000000   7.0686278366269653E+02   4.0959727313325735E-02
   36000.0000000000000000   7.2488703047763499E+02   4.0269386744600975E-02
   37000.0000000000000000   7.4287255886730577E+02   3.9550273248975427E-02
   38000.0000000000000000   7.6082312392584083E+02   3.8255779520873043E-02
   39000.0000000000000000   7.7871149559798687E+02   3.7418860954649795E-02
   40000.0000000000000000   7.9658687326154813E+02   3.6421550313192309E-02
   41000.0000000000000000   8.1438353304226553E+02   3.5708193362668311E-02
   42000.0000000000000000   8.3215865763356965E+02   3.5271582212619744E-02
   43000.0000000000000000   8.4989022728350756E+02   3.4305202301861626E-02
   44000.0000000000000000   8.6759549361354436E+02   3.3538178222881791E-02
   45000.0000000000000000   8.8525629093809687E+02   3.3065278317233562E-02
   46000.0000000000000000   9.0287865652420965E+02   3.2275823482231646E-02
   47000.0000000000000000   9.2043852523437351E+02   3.2097933017165466E-02
   48000.0000000000000000   9.3800992586094412E+02   3.1202956476183822E-02
   49000.0000000000000000   9.5553356523494597E+02   3.0813265654934596E-02
   50000.0000000000000000   9.7303462001494313E+02   3.0164598114574261E-02
