       1.0000000000000000   4.6091522960265499E+00   4.3542213204511834E-02
       2.0000000000000000   4.9342961843845305E+00   8.0743611273313767E-02
       3.0000000000000000   5.1681671301532770E+00   1.1536444120524485E-01
       4.0000000000000000   5.3874750231702899E+00   1.4576440304571195E-01
       5.0000000000000000   5.5253269540141972E+00   1.7787825774890723E-01
       6.0000000000000000   5.6323961230913948E+00   2.0986603816907962E-01
       7.0000000000000000   5.7403244560694882E+00   2.3934673071644305E-01
       8.0000000000000000   5.8027797630660363E+00   2.7166708629189651E-01
       9.0000000000000000   5.8695556933106445E+00   3.0185998203657388E-01
      10.0000000000000000   5.9180268266238736E+00   3.3290442487118022E-01
      11.0000000000000000   5.9220050434121632E+00   3.6946188414291553E-01
      12.0000000000000000   5.9578541208513913E+00   4.0024532700344095E-01
      13.0000000000000000   5.9611696318961709E+00   4.3567906955044183E-01
      14.0000000000000000   5.9715325041584935E+00   4.6922832098453726E-01
      15.0000000000000000   5.9567781047528729E+00   5.0728850490499999E-01
      16.0000000000000000   5.9195411590734777E+00   5.5035334214694454E-01
      17.0000000000000000   5.8986184701389144E+00   5.8997392678473681E-01
      18.0000000000000000   5.8967807088098443E+00   6.2460352516180206E-01
      19.0000000000000000   5.8419009994993951E+00   6.7320563763747898E-01
      20.0000000000000000   5.8096741439989046E+00   7.1618637810506147E-01
      21.0000000000000000   5.7643694816632882E+00   7.6354074936266814E-01
      22.0000000000000000   5.7451361364228903E+00   8.0287962344810582E-01
      23.0000000000000000   5.6771466046717523E+00   8.5919677517706505E-01
      24.0000000000000000   5.6376650931526635E+00   9.0643202594148664E-01
      25.0000000000000000   5.5895382337275246E+00   9.5759906862598476E-01
      26.0000000000000000   5.5335977885537551E+00   1.0129413691493692E+00
      27.0000000000000000   5.4706935549260471E+00   1.0726980562693893E+00
      28.0000000000000000   5.4403196942076857E+00   1.1186634995384694E+00
      29.0000000000000000   5.3658137370467340E+00   1.1867743520015608E+00
      30.0000000000000000   5.3252761017832437E+00   1.2393557361385197E+00
      31.0000000000000000   5.2423458666860920E+00   1.3163353873540864E+00
      32.0000000000000000   5.1944093600401224E+00   1.3757965584122229E+00
      33.0000000000000000   5.1436961786220392E+00   1.4382182049668937E+00
      34.0000000000000000   5.0908074443282132E+00   1.5035467826572331E+00
      35.0000000000000000   5.0363395816424479E+00   1.5716905467504432E+00
      36.0000000000000000   5.0172160312377150E+00   1.6163404140384223E+00
      37.0000000000000000   4.9606005900974246E+00   1.6888139861957026E+00
      38.0000000000000000   4.9040015217319226E+00   1.7636346636387772E+00
      39.0000000000000000   4.8479330140438961E+00   1.8405596583029293E+00
      40.0000000000000000   4.8263497411313594E+00   1.8902333232699793E+00
      41.0000000000000000   4.7716547399903861E+00   1.9699064856784971E+00
      42.0000000000000000   4.7506153942128746E+00   2.0208026997842765E+00
      43.0000000000000000   4.7299249320581493E+00   2.0718776473550902E+00
      44.0000000000000000   4.6790021563378081E+00   2.1536625909549314E+00
      45.0000000000000000   4.6601076054443746E+00   2.2049422063619675E+00
      46.0000000000000000   4.6420099635171566E+00   2.2559845138170211E+00
      47.0000000000000000   4.6248068300561753E+00   2.3066777987753917E+00
      48.0000000000000000   4.6085787010355883E+00   2.3569173054772166E+00
      49.0000000000000000   4.5933917298969771E+00   2.4066044398644859E+00
      50.0000000000000000   4.5792971844578636E+00   2.4556489970760498E+00
      51.0000000000000000   4.5663336922842763E+00   2.5039686567088086E+00
      52.0000000000000000   4.5545282997876413E+00   2.5514893579584523E+00
      53.0000000000000000   4.5438977802602141E+00   2.5981453147473461E+00
      54.0000000000000000   4.5344498451923849E+00   2.6438790298025752E+00
      55.0000000000000000   4.5261842434820689E+00   2.6886411050687617E+00
      56.0000000000000000   4.5190940282639840E+00   2.7323897782241451E+00
      57.0000000000000000   4.5131667411299956E+00   2.7750904144788637E+00
      58.0000000000000000   4.5291413422220730E+00   2.7871860336345984E+00
      59.0000000000000000   4.5248170675919441E+00   2.8280360528590109E+00
      60.0000000000000000   4.5216099750035355E+00   2.8677906021232209E+00
      61.0000000000000000   4.5387082831508829E+00   2.8778365961102894E+00
      62.0000000000000000   4.5370268658525301E+00   2.9157290286023572E+00
      63.0000000000000000   4.5363971374685876E+00   2.9525142991444584E+00
      64.0000000000000000   4.5545490330256611E+00   2.9606072012959683E+00
      65.0000000000000000   4.5553449392884771E+00   2.9955640305407383E+00
      66.0000000000000000   4.5740815492584597E+00   3.0025184894974593E+00
      67.0000000000000000   4.5762386290005983E+00   3.0356906033173110E+00
      68.0000000000000000   4.5955259693776709E+00   3.0415674433491380E+00
      69.0000000000000000   4.5989780027480620E+00   3.0730067696527850E+00
      70.0000000000000000   4.6187823333211986E+00   3.0778671273907241E+00
      71.0000000000000000   4.6234628030885387E+00   3.1076316909392308E+00
      72.0000000000000000   4.6437511951645760E+00   3.1115361386247740E+00
      73.0000000000000000   4.6641746944446938E+00   3.1151299275052589E+00
      74.0000000000000000   4.6703355075321902E+00   3.1426955895324769E+00
      75.0000000000000000   4.6912001735061555E+00   3.1454197638683410E+00
      76.0000000000000000   4.7121842772738889E+00   3.1478721461262320E+00
      77.0000000000000000   4.7197174578458672E+00   3.1733783845563792E+00
      78.0000000000000000   4.7411032141211091E+00   3.1750416251664881E+00
      79.0000000000000000   4.7625945498995517E+00   3.1764678826004538E+00
      80.0000000000000000   4.7713979553334207E+00   3.2000519120463586E+00
      81.0000000000000000   4.7932547812526662E+00   3.2007635345700267E+00
      82.0000000000000000   4.8152049268075379E+00   3.2012693069523133E+00
      83.0000000000000000   4.8372452960604786E+00   3.2015777499440934E+00
      84.0000000000000000   4.8474653949607118E+00   3.2229240454576660E+00
      85.0000000000000000   4.8698305516808000E+00   3.2226057107523993E+00
      86.0000000000000000   4.8922754944229778E+00   3.2221167439887779E+00
      87.0000000000000000   4.9147976714443100E+00   3.2214642576406018E+00
      88.0000000000000000   4.9373947130994917E+00   3.2206549301196818E+00
      89.0000000000000000   4.9600642131144372E+00   3.2196953826346575E+00
      90.0000000000000000   4.9828040308032984E+00   3.2185916838220479E+00
      91.0000000000000000   4.9949381894407408E+00   3.2367623453788155E+00
      92.0000000000000000   5.0179481715493628E+00   3.2351561525262400E+00
      93.0000000000000000   5.0410204352262795E+00   3.2334262472565847E+00
      94.0000000000000000   5.0641530968876660E+00   3.2315778534318818E+00
      95.0000000000000000   5.0873444555488927E+00   3.2296158020317955E+00
      96.0000000000000000   5.1105927391015236E+00   3.2275449513547034E+00
      97.0000000000000000   5.1338963205499759E+00   3.2253698070568149E+00
      98.0000000000000000   5.1572536109224174E+00   3.2230947565131185E+00
      99.0000000000000000   5.1806631050014671E+00   3.2207239652991029E+00
     100.0000000000000000   5.2041233719434938E+00   3.2182613856756590E+00
     110.0000000000000000   5.4412311888301756E+00   3.1893638251072005E+00
     120.0000000000000000   5.6971045415284323E+00   3.1267707199597421E+00
     130.0000000000000000   5.9529571922639786E+00   3.0658873706934346E+00
     140.0000000000000000   6.2086433358448216E+00   3.0070926272404743E+00
     150.0000000000000000   6.4699804290393876E+00   2.9398933384365304E+00
     160.0000000000000000   6.7357119067098203E+00   2.8667901667706546E+00
     170.0000000000000000   6.9996437961033484E+00   2.7987650063732668E+00
     180.0000000000000000   7.2619102939772153E+00   2.7352831038633560E+00
     190.0000000000000000   7.5226349702073705E+00   2.6758784719476569E+00
     200.0000000000000000   7.7864691123744842E+00   2.6125925543809538E+00
     210.0000000000000000   8.0485425474553267E+00   2.5534994349921356E+00
     220.0000000000000000   8.3132093013125932E+00   2.4914068385210544E+00
     230.0000000000000000   8.5719312734891613E+00   2.4398176740360249E+00
     240.0000000000000000   8.8331680481942243E+00   2.3851616187561175E+00
     250.0000000000000000   9.0927841671289151E+00   2.3338394557918214E+00
     260.0000000000000000   9.3508713910268373E+00   2.2855370969336790E+00
     270.0000000000000000   9.6075140052413488E+00   2.2399794818908645E+00
     280.0000000000000000   9.8663396365614648E+00   2.1918166933829926E+00
     290.0000000000000000   1.0120212435733880E+01   2.1512590607990614E+00
     300.0000000000000000   1.0376240126262259E+01   2.1080690050888200E+00
     310.0000000000000000   1.0627614048305237E+01   2.0716964314910427E+00
     320.0000000000000000   1.0881098311010161E+01   2.0327036337222673E+00
     330.0000000000000000   1.1133365243309415E+01   1.9956440996910865E+00
     340.0000000000000000   1.1384466373974375E+01   1.9603704699060849E+00
     350.0000000000000000   1.1634449914200536E+01   1.9267502677397603E+00
     360.0000000000000000   1.1883361013869829E+01   1.8946640604133764E+00
     370.0000000000000000   1.2131241967222016E+01   1.8640039148569614E+00
     380.0000000000000000   1.2381033031298184E+01   1.8310645829333660E+00
     390.0000000000000000   1.2626911927765027E+01   1.8030780700298141E+00
     400.0000000000000000   1.2874691998376015E+01   1.7728372475372409E+00
     410.0000000000000000   1.3118710927134568E+01   1.7471788019897874E+00
     420.0000000000000000   1.3364613706690422E+01   1.7193014544443868E+00
     430.0000000000000000   1.3606899358545615E+01   1.6956834210964644E+00
     440.0000000000000000   1.3851044691423130E+01   1.6698888584916673E+00
     450.0000000000000000   1.4094339830048073E+01   1.6450813867420317E+00
     460.0000000000000000   1.4336810101158134E+01   1.6212032594070009E+00
     470.0000000000000000   1.4575901405539577E+01   1.6010512544173665E+00
     480.0000000000000000   1.4816819219543362E+01   1.5788112198788797E+00
     490.0000000000000000   1.5056981477937093E+01   1.5573551858675900E+00
     500.0000000000000000   1.5296409089551513E+01   1.5366408128064093E+00
     510.0000000000000000   1.5535122039402266E+01   1.5166287979527673E+00
     520.0000000000000000   1.5773139427811362E+01   1.4972826191193214E+00
     530.0000000000000000   1.6010479526573850E+01   1.4785682878470563E+00
     540.0000000000000000   1.6249552780471969E+01   1.4580067998962163E+00
     550.0000000000000000   1.6485563162326354E+01   1.4405122892774218E+00
     560.0000000000000000   1.6720946522283082E+01   1.4235590060399850E+00
     570.0000000000000000   1.6955718276952521E+01   1.4071212215415423E+00
     580.0000000000000000   1.7189893236263437E+01   1.3911748272929862E+00
     590.0000000000000000   1.7425770566161592E+01   1.3734748364989933E+00
     600.0000000000000000   1.7658766796275202E+01   1.3584858887081801E+00
     610.0000000000000000   1.7891207199112710E+01   1.3439233023029493E+00
     620.0000000000000000   1.8125333681701591E+01   1.3276620986071310E+00
     630.0000000000000000   1.8356672742603063E+01   1.3139342802178620E+00
     640.0000000000000000   1.8587492439819950E+01   1.3005789434187525E+00
     650.0000000000000000   1.8819976757649481E+01   1.2855792953643479E+00
     660.0000000000000000   1.9049764253033253E+01   1.2729565065784609E+00
     670.0000000000000000   1.9281207482054121E+01   1.2587240859876505E+00
     680.0000000000000000   1.9510004972985840E+01   1.2467742154519850E+00
     690.0000000000000000   1.9740447328313106E+01   1.2332488507111838E+00
     700.0000000000000000   1.9968294105634353E+01   1.2219187242278902E+00
     710.0000000000000000   2.0197773311125410E+01   1.2090464150853926E+00
     720.0000000000000000   2.0426782003541476E+01   1.1964955214663306E+00
     730.0000000000000000   2.0653257507079601E+01   1.1860206097283184E+00
     740.0000000000000000   2.0881354797540627E+01   1.1740513219952611E+00
     750.0000000000000000   2.1106967374930406E+01   1.1640849715919888E+00
     760.0000000000000000   2.1334185668562210E+01   1.1526555782943337E+00
     770.0000000000000000   2.1560973252377327E+01   1.1414934454902037E+00
     780.0000000000000000   2.1787338191402089E+01   1.1305883181836329E+00
     790.0000000000000000   2.2011288993070242E+01   1.1215565333889004E+00
     800.0000000000000000   2.2236832356626252E+01   1.1111193968513253E+00
     810.0000000000000000   2.2461973513936265E+01   1.1009138842177149E+00
     820.0000000000000000   2.2686718646136718E+01   1.0909323070859649E+00
     830.0000000000000000   2.2909118937186374E+01   1.0827099176421136E+00
     840.0000000000000000   2.3133094332908588E+01   1.0731364334029774E+00
     850.0000000000000000   2.3356692205293797E+01   1.0637656135672686E+00
     860.0000000000000000   2.3579918081646273E+01   1.0545910560018432E+00
     870.0000000000000000   2.3802777059874831E+01   1.0456068504870542E+00
     880.0000000000000000   2.4023371224572347E+01   1.0382568926325766E+00
     890.0000000000000000   2.4245518050508689E+01   1.0296192369013153E+00
     900.0000000000000000   2.4467314533714877E+01   1.0211545834175497E+00
     910.0000000000000000   2.4688765657029581E+01   1.0128576746421849E+00
     920.0000000000000000   2.4909876153772334E+01   1.0047235613220256E+00
     930.0000000000000000   2.5130650639409634E+01   9.9674749497613002E-01
     940.0000000000000000   2.5351093667459004E+01   9.8892487914828142E-01
     950.0000000000000000   2.5571209750674935E+01   9.8125124997607927E-01
     960.0000000000000000   2.5791003353079979E+01   9.7372227699991987E-01
     970.0000000000000000   2.6010478871644562E+01   9.6633377166331114E-01
     980.0000000000000000   2.6229640617742835E+01   9.5908169583948788E-01
     990.0000000000000000   2.6448492806806961E+01   9.5196216400819800E-01
    1000.0000000000000000   2.6667039551604429E+01   9.4497144246621978E-01
    1100.0000000000000000   2.8836544060415296E+01   8.8142337298247175E-01
    1200.0000000000000000   3.0981036815901806E+01   8.2649747848194055E-01
    1300.0000000000000000   3.3103200893747449E+01   7.7834861589008142E-01
    1400.0000000000000000   3.5205234564281881E+01   7.3563757997984536E-01
    1500.0000000000000000   3.7287477744403525E+01   6.9816980174028820E-01
    1600.0000000000000000   3.9351610328375557E+01   6.6501436132949299E-01
    1700.0000000000000000   4.1400495369712118E+01   6.3474120049098437E-01
    1800.0000000000000000   4.3435345020640149E+01   6.0687836212312951E-01
    1900.0000000000000000   4.5454253506213583E+01   5.8240985199525241E-01
    2000.0000000000000000   4.7461122775701497E+01   5.5957478165145436E-01
    2100.0000000000000000   4.9455307438778995E+01   5.3876740111316135E-01
    2200.0000000000000000   5.1437567592028216E+01   5.1972448448766562E-01
    2300.0000000000000000   5.3409968764933133E+01   5.0166688761704525E-01
    2400.0000000000000000   5.5371713097808097E+01   4.8501326671421219E-01
    2500.0000000000000000   5.7321959826055007E+01   4.7013222847206670E-01
    2600.0000000000000000   5.9265325677306421E+01   4.5532311578270329E-01
    2700.0000000000000000   6.1198208992094195E+01   4.4201401747751284E-01
    2800.0000000000000000   6.3122323666979376E+01   4.2961062406918638E-01
    2900.0000000000000000   6.5039373444475530E+01   4.1757328438674618E-01
    3000.0000000000000000   6.6947221952954550E+01   4.0669129264124254E-01
    3100.0000000000000000   6.8848688158751415E+01   3.9605379636854521E-01
    3200.0000000000000000   7.0742680280335563E+01   3.8607359022980003E-01
    3300.0000000000000000   7.2629545409991223E+01   3.7667732287872840E-01
    3400.0000000000000000   7.4509688762762352E+01   3.6777435871873726E-01
    3500.0000000000000000   7.6383313109193821E+01   3.5933540416497822E-01
    3600.0000000000000000   7.8250776894943868E+01   3.5129106831414869E-01
    3700.0000000000000000   8.0111801454150296E+01   3.4374284260194898E-01
    3800.0000000000000000   8.1967132515615674E+01   3.3651263857109809E-01
    3900.0000000000000000   8.3817682280563361E+01   3.2936231757681006E-01
    4000.0000000000000000   8.5661562975197455E+01   3.2285706430454281E-01
    4100.0000000000000000   8.7501291188732637E+01   3.1632662935466704E-01
    4200.0000000000000000   8.9334741083275105E+01   3.1036958232779083E-01
    4300.0000000000000000   9.1164542600406449E+01   3.0431557020684785E-01
    4400.0000000000000000   9.2988730510170043E+01   2.9868694673217228E-01
    4500.0000000000000000   9.4807425221131908E+01   2.9347185340478860E-01
    4600.0000000000000000   9.6622618170636656E+01   2.8819581404651068E-01
    4700.0000000000000000   9.8433499461157808E+01   2.8308060111280220E-01
    4800.0000000000000000   1.0023926399031002E+02   2.7831969340113111E-01
    4900.0000000000000000   1.0204093916081838E+02   2.7370156330280110E-01
    5000.0000000000000000   1.0383862921096495E+02   2.6921502541147713E-01
    5100.0000000000000000   1.0563220965986206E+02   2.6489752040379860E-01
    5200.0000000000000000   1.0742175896858659E+02   2.6074356968000056E-01
    5300.0000000000000000   1.0920760500748314E+02   2.5669868344260166E-01
    5400.0000000000000000   1.1099007874753693E+02   2.5271293240878429E-01
    5500.0000000000000000   1.1276811060943007E+02   2.4900707896024360E-01
    5600.0000000000000000   1.1454197438011906E+02   2.4552302581063581E-01
    5700.0000000000000000   1.1631461776561949E+02   2.4169885531704313E-01
    5800.0000000000000000   1.1808155646917977E+02   2.3842305212867668E-01
    5900.0000000000000000   1.1984658730966973E+02   2.3498094560324334E-01
    6000.0000000000000000   1.2160730217433851E+02   2.3180369328968456E-01
    6100.0000000000000000   1.2336521172890194E+02   2.2866907257226676E-01
    6200.0000000000000000   1.2512019199065047E+02   2.2556925225980748E-01
    6300.0000000000000000   1.2687154768645139E+02   2.2263361855816372E-01
    6400.0000000000000000   1.2861921402821815E+02   2.1990478932358229E-01
    6500.0000000000000000   1.3036429549353682E+02   2.1718775759666856E-01
    6600.0000000000000000   1.3210760668306875E+02   2.1432672855461202E-01
    6700.0000000000000000   1.3384688802893288E+02   2.1174880229161239E-01
    6800.0000000000000000   1.3558411000000447E+02   2.0909331094863096E-01
    6900.0000000000000000   1.3731741876276644E+02   2.0670708414087954E-01
    7000.0000000000000000   1.3904888412793974E+02   2.0421867748486630E-01
    7100.0000000000000000   1.4077777238106259E+02   2.0177637183916747E-01
    7200.0000000000000000   1.4250428310709228E+02   1.9936864348572603E-01
    7300.0000000000000000   1.4422791960799077E+02   1.9706050193401409E-01
    7400.0000000000000000   1.4594781417253353E+02   1.9499326512987328E-01
    7500.0000000000000000   1.4766549989376739E+02   1.9290764686626466E-01
    7600.0000000000000000   1.4938288917410196E+02   1.9055870303212954E-01
    7700.0000000000000000   1.5109527029569614E+02   1.8865504537358121E-01
    7800.0000000000000000   1.5280571652445977E+02   1.8670213853893627E-01
    7900.0000000000000000   1.5451548901885357E+02   1.8456980994778630E-01
    8000.0000000000000000   1.5622065823002626E+02   1.8279138750179277E-01
    8100.0000000000000000   1.5792576459781691E+02   1.8076366355147250E-01
    8200.0000000000000000   1.5962586881358018E+02   1.7914845424952319E-01
    8300.0000000000000000   1.6132682611817646E+02   1.7714772149008123E-01
    8400.0000000000000000   1.6302350612129291E+02   1.7546367607993282E-01
    8500.0000000000000000   1.6471937923947374E+02   1.7363667132133040E-01
    8600.0000000000000000   1.6641271999364548E+02   1.7191521758356482E-01
    8700.0000000000000000   1.6810168878823384E+02   1.7052468274099825E-01
    8800.0000000000000000   1.6979153704325574E+02   1.6877292061553106E-01
    8900.0000000000000000   1.7147897491059317E+02   1.6710560558345569E-01
    9000.0000000000000000   1.7316369114734920E+02   1.6555247587231572E-01
    9100.0000000000000000   1.7484484457468167E+02   1.6423573802648306E-01
    9200.0000000000000000   1.7652707653749377E+02   1.6256375505932760E-01
    9300.0000000000000000   1.7820568543464887E+02   1.6115577245583335E-01
    9400.0000000000000000   1.7988329868634801E+02   1.5963550685254940E-01
    9500.0000000000000000   1.8155885261355306E+02   1.5816372378357679E-01
    9600.0000000000000000   1.8323139216300189E+02   1.5686666666930651E-01
    9700.0000000000000000   1.8490163012238619E+02   1.5565499024008686E-01
    9800.0000000000000000   1.8657048968086147E+02   1.5441346564219088E-01
    9900.0000000000000000   1.8823805712085132E+02   1.5313279486403111E-01
   10000.0000000000000000   1.8990404908093538E+02   1.5185042837460744E-01
   11000.0000000000000000   2.0647328118641195E+02   1.3992073923441647E-01
   12000.0000000000000000   2.2288448890461319E+02   1.2997320637022988E-01
   13000.0000000000000000   2.3915141395184310E+02   1.2173402102061648E-01
   14000.0000000000000000   2.5529535380942752E+02   1.1414222988353720E-01
   15000.0000000000000000   2.7132152304528375E+02   1.0751483303351975E-01
   16000.0000000000000000   2.8723806783736165E+02   1.0180715254252769E-01
   17000.0000000000000000   3.0305017157261284E+02   9.7088892844425137E-02
   18000.0000000000000000   3.1877769787369044E+02   9.2236581835520151E-02
   19000.0000000000000000   3.3441636545722213E+02   8.7945410157379347E-02
   20000.0000000000000000   3.4997399949490114E+02   8.4081980454460942E-02
   21000.0000000000000000   3.6544930342369241E+02   8.0943892509511672E-02
   22000.0000000000000000   3.8085985521861096E+02   7.7571985588305317E-02
   23000.0000000000000000   3.9620216417632395E+02   7.4585667362398453E-02
   24000.0000000000000000   4.1147451125351034E+02   7.1992112323568641E-02
   25000.0000000000000000   4.2668498614171961E+02   6.9643372023184519E-02
   26000.0000000000000000   4.4183880844331020E+02   6.7387056237963885E-02
   27000.0000000000000000   4.5693132257399560E+02   6.5546621045596012E-02
   28000.0000000000000000   4.7198768429034442E+02   6.3050930392084176E-02
   29000.0000000000000000   4.8697866629647007E+02   6.1322401133307662E-02
   30000.0000000000000000   5.0192865028700101E+02   5.9331380387214534E-02
