       0.1000000000000000   6.2999471313918079E+01   4.6861488018690633E-04
       0.2000000000000000   5.3431322570894729E+01   9.6962952740453829E-04
       0.3000000000000000   4.9086317151840539E+01   1.5267511166185425E-03
       0.4000000000000000   4.6402016524597038E+01   2.1194578852813143E-03
       0.5000000000000000   4.4249461429780688E+01   2.7668716334565600E-03
       0.6000000000000000   4.2388584609676592E+01   3.4710966793643759E-03
       0.7000000000000000   4.0721526198991562E+01   4.2338896279100835E-03
       0.7999999999999999   3.9198502156623547E+01   5.0562662669839248E-03
       0.8999999999999999   3.7795325115067300E+01   5.9378143888148575E-03
       0.9999999999999999   3.6490095252222957E+01   6.8798476898452613E-03
       2.0000000000000000   2.7205526220761595E+01   1.9448158439587280E-02
       3.0000000000000000   2.1937935522961752E+01   3.7033118861773372E-02
       4.0000000000000000   1.8596329829270868E+01   5.8802632675991916E-02
       5.0000000000000000   1.6270601094960867E+01   8.4315300964407897E-02
       6.0000000000000000   1.4536474903729994E+01   1.1339226066399269E-01
       7.0000000000000000   1.3176308138635489E+01   1.4600819122001121E-01
       8.0000000000000000   1.2068329836327237E+01   1.8223286658960591E-01
       9.0000000000000000   1.1139757795053765E+01   2.2218814713975996E-01
      10.0000000000000000   1.0344872826195703E+01   2.6601006511946124E-01
      11.0000000000000000   9.6539553611606195E+00   3.1380707502686261E-01
      12.0000000000000000   9.0472448807188872E+00   3.6561209310679549E-01
      13.0000000000000000   8.5114314977166501E+00   4.2132913276802247E-01
      14.0000000000000000   8.0374477342671842E+00   4.8068012094582713E-01
      15.0000000000000000   7.6189830690602269E+00   5.4316383819593161E-01
      16.0000000000000000   7.2513987430196156E+00   6.0804301356958201E-01
      17.0000000000000000   6.9309212708631458E+00   6.7437298997826578E-01
      18.0000000000000000   6.6540872603490300E+00   7.4107265380909604E-01
      19.0000000000000000   6.4174172341560878E+00   8.0702485550058634E-01
      20.0000000000000000   6.2172991901391903E+00   8.7118107657885790E-01
      21.0000000000000000   6.0500235091359480E+00   9.3264554584347914E-01
      21.9989999999999988   5.9120219329087007E+00   9.9066821874840061E-01
      22.0000000000000000   5.9118971679267736E+00   9.9072442966344554E-01
      22.0010000000000012   5.9117724285248254E+00   9.9078063669744287E-01
      22.9989999999999988   5.7994730885117800E+00   1.0448869562479239E+00
      23.0000000000000000   5.7993722289110492E+00   1.0449391329827789E+00
      23.0010000000000012   5.7992713915866467E+00   1.0449913055613906E+00
      24.0000000000000000   5.7091502509764478E+00   1.0950118137322202E+00
      25.0000000000000000   5.6382472286950414E+00   1.1408345006942910E+00
      26.0000000000000000   5.5840196995039344E+00   1.1824323361144506E+00
      27.0000000000000000   5.5441618966665986E+00   1.2199277217871867E+00
      28.0000000000000000   5.5166843517573918E+00   1.2535091320548561E+00
      29.0000000000000000   5.4998826560615539E+00   1.2834059786285159E+00
      30.0000000000000000   5.4923029169728590E+00   1.3098694095813845E+00
      31.0000000000000000   5.4927074537938045E+00   1.3331583477883204E+00
      32.0000000000000000   5.5000432187577113E+00   1.3535297187658897E+00
      33.0000000000000000   5.5134134904500227E+00   1.3712319993632618E+00
      34.0000000000000000   5.5320535037751020E+00   1.3865011437169132E+00
      35.0000000000000000   5.5553095617469310E+00   1.3995582898730734E+00
      36.0000000000000000   5.5826214318734486E+00   1.4106086931907285E+00
      37.0000000000000000   5.6135075764480256E+00   1.4198415013089660E+00
      38.0000000000000000   5.6475528171740148E+00   1.4274300840972562E+00
      39.0000000000000000   5.6843980436952020E+00   1.4335327138174714E+00
      39.9990000000000023   5.7236911691641428E+00   1.4382893123979925E+00
      40.0000000000000000   5.7237316523881150E+00   1.4382934474510047E+00
      40.0009999999999977   5.7237721378263302E+00   1.4382975812939771E+00
      41.0000000000000000   5.7652823762099414E+00   1.4418431193522037E+00
      42.0000000000000000   5.8088133218880866E+00   1.4443003653609057E+00
      43.0000000000000000   5.8541169688146129E+00   1.4457726425010280E+00
      44.0000000000000000   5.9010109840412985E+00   1.4463572071636694E+00
      45.0000000000000000   5.9493346752142333E+00   1.4461420504789226E+00
      46.0000000000000000   5.9989460318299876E+00   1.4452067599733491E+00
      47.0000000000000000   6.0497192038480181E+00   1.4436233205948645E+00
      48.0000000000000000   6.1015423680616747E+00   1.4414568475954712E+00
      49.0000000000000000   6.1543159106491077E+00   1.4387662544975270E+00
      50.0000000000000000   6.2079508775077246E+00   1.4356048591323574E+00
      51.0000000000000000   6.2623676443825147E+00   1.4320209322649529E+00
      52.0000000000000000   6.3174947796458696E+00   1.4280581923087068E+00
      53.0000000000000000   6.3732680617856312E+00   1.4237562513805757E+00
      54.0000000000000000   6.4296296319646569E+00   1.4191510166939689E+00
      55.0000000000000000   6.4865272571900752E+00   1.4142750523479422E+00
      56.0000000000000000   6.5439136950947816E+00   1.4091579056329377E+00
      57.0000000000000000   6.6017461582801760E+00   1.4038263829840096E+00
      58.0000000000000000   6.6599857865475203E+00   1.3983048398680542E+00
      59.0000000000000000   6.7185972471270361E+00   1.3926154017122416E+00
      60.0000000000000000   6.7775483928616165E+00   1.3867781587732915E+00
      61.0000000000000000   6.8368098757764022E+00   1.3808113901250025E+00
      62.0000000000000000   6.8963548987165044E+00   1.3747317125207146E+00
      63.0000000000000000   6.9561589512374624E+00   1.3685542403691295E+00
      64.0000000000000000   7.0161995835383699E+00   1.3622927247588079E+00
      65.0000000000000000   7.0764562071063866E+00   1.3559596787635018E+00
      66.0000000000000000   7.1369099169467622E+00   1.3495664904869660E+00
      67.0000000000000000   7.1975433333531669E+00   1.3431235251083391E+00
      68.0000000000000000   7.2583404608365338E+00   1.3366402170653955E+00
      69.0000000000000000   7.3192865617712943E+00   1.3301251533977225E+00
      70.0000000000000000   7.3803680437386330E+00   1.3235861491275749E+00
      71.0000000000000000   7.4415723576779316E+00   1.3170303155461838E+00
      72.0000000000000000   7.5028879071386223E+00   1.3104641220505822E+00
      73.0000000000000000   7.5643039662104155E+00   1.3038934522318573E+00
      74.0000000000000000   7.6258106056183923E+00   1.2973236547680231E+00
      75.0000000000000000   7.6873986227815276E+00   1.2907595909668730E+00
      76.0000000000000000   7.7490594944342419E+00   1.2842056714257826E+00
      77.0000000000000000   7.8107853024589700E+00   1.2776659022875272E+00
      78.0000000000000000   7.8725686974510056E+00   1.2711439145936072E+00
      79.0000000000000000   7.9344028504437771E+00   1.2646429973022899E+00
      80.0000000000000000   7.9962814120140591E+00   1.2581661261391881E+00
      81.0000000000000000   8.0581984750376225E+00   1.2517159899076951E+00
      82.0000000000000000   8.1201485407618144E+00   1.2452950144992903E+00
      83.0000000000000000   8.1821264879340028E+00   1.2389053848157259E+00
      84.0000000000000000   8.2441275442841206E+00   1.2325490648052868E+00
      85.0000000000000000   8.3061472608074869E+00   1.2262278157761939E+00
      86.0000000000000000   8.3681814880030885E+00   1.2199432131529979E+00
      87.0000000000000000   8.4302263535173676E+00   1.2136966620107470E+00
      88.0000000000000000   8.4922782447747931E+00   1.2074894103321017E+00
      89.0000000000000000   8.5543337867833404E+00   1.2013225630720921E+00
      90.0000000000000000   8.6103212227610619E+00   1.1988820575098600E+00
      91.0000000000000000   8.6730545117610980E+00   1.1926315470919526E+00
      92.0000000000000000   8.7356954926553332E+00   1.1864754399220150E+00
      93.0000000000000000   8.7982454410862001E+00   1.1804114784789874E+00
      94.0000000000000000   8.8607056627495808E+00   1.1744374554096784E+00
      95.0000000000000000   8.9230773959680754E+00   1.1685512534247844E+00
      96.0000000000000000   8.9853618766557162E+00   1.1627508112603486E+00
      97.0000000000000000   9.0475603190795386E+00   1.1570341350298810E+00
      98.0000000000000000   9.1096739348246558E+00   1.1513992885742361E+00
      99.0000000000000000   9.1717038858258704E+00   1.1458444033304320E+00
     100.0000000000000000   9.2336513412799839E+00   1.1403676580512951E+00
     110.0000000000000000   9.8488287556545320E+00   1.0895357497908817E+00
     120.0000000000000000   1.0466545022013502E+01   1.0395496762946397E+00
     130.0000000000000000   1.1076652388541165E+01   9.9557130759784884E-01
     136.9989999999999952   1.1497817089885700E+01   9.6869419494301934E-01
     137.0010000000000048   1.1497944560393213E+01   9.6868289221419601E-01
     138.9989999999999952   1.1620738890840732E+01   9.5978634188333845E-01
     139.0010000000000048   1.1620866051727726E+01   9.5977528809568413E-01
     140.0000000000000000   1.1679974406428135E+01   9.5652290902002968E-01
     150.0000000000000000   1.2281323772581509E+01   9.1951446365274658E-01
     160.0000000000000000   1.2880699687409217E+01   8.8433958027825310E-01
     170.0000000000000000   1.3474324121750474E+01   8.5260118420194353E-01
     180.0000000000000000   1.4062669068106402E+01   8.2379722503798691E-01
     190.0000000000000000   1.4646148540429849E+01   7.9752063727892630E-01
     200.0000000000000000   1.5228558703976255E+01   7.7194666416130242E-01
     210.0000000000000000   1.5806551106808522E+01   7.4844997815069692E-01
     220.0000000000000000   1.6383688925835798E+01   7.2543411037753247E-01
     230.0000000000000000   1.6953590373362744E+01   7.0543773488639760E-01
     240.0000000000000000   1.7522972601829725E+01   6.8564609177278268E-01
     250.0000000000000000   1.8088777034702250E+01   6.6723400958188639E-01
     260.0000000000000000   1.8651197811495447E+01   6.5005703648277013E-01
     270.0000000000000000   1.9210412330495924E+01   6.3399053097175428E-01
     272.9990000000000236   1.9378102576530374E+01   6.2916032059954974E-01
     273.0009999999999764   1.9378216261062587E+01   6.2915642318631781E-01
     280.0000000000000000   1.9766583173854709E+01   6.1892633471738778E-01
     282.9990000000000236   1.9933377142631279E+01   6.1438597629804581E-01
     283.0009999999999764   1.9933490190809717E+01   6.1438229641435793E-01
     290.0000000000000000   2.0322677367851323E+01   6.0377675358382210E-01
     300.0000000000000000   2.0873130974858075E+01   5.9048233425988561E-01
     310.0000000000000000   2.1423672209774622E+01   5.7701388357302008E-01
     320.0000000000000000   2.1971599413920444E+01   5.6429423874961770E-01
     330.0000000000000000   2.2517020914098389E+01   5.5226073921808394E-01
     340.0000000000000000   2.3060037961404234E+01   5.4085754398513186E-01
     350.0000000000000000   2.3600745016633887E+01   5.3003482495236232E-01
     360.0000000000000000   2.4139230438376043E+01   5.1974794856301343E-01
     360.9990000000000236   2.4193668821178715E+01   5.1851289457956584E-01
     361.0009999999999764   2.4193777786391482E+01   5.1851042808823722E-01
     370.0000000000000000   2.4675577025483907E+01   5.0995680723622039E-01
     380.0000000000000000   2.5212342501631447E+01   4.9988211807867394E-01
     390.0000000000000000   2.5744598834270057E+01   4.9099845893583638E-01
     400.0000000000000000   2.6277366289646807E+01   4.8180638124465902E-01
     410.0000000000000000   2.6805805977814050E+01   4.7370765342802928E-01
     420.0000000000000000   2.7334830401708412E+01   4.6528339082659931E-01
     430.0000000000000000   2.7859698434805509E+01   4.5786809731370681E-01
     440.0000000000000000   2.8385208129219457E+01   4.5011622746800756E-01
     450.0000000000000000   2.8909032078099564E+01   4.4267679916705394E-01
     460.0000000000000000   2.9431215896963312E+01   4.3553154645864350E-01
     470.0000000000000000   2.9949534771385142E+01   4.2925715571129303E-01
     480.0000000000000000   3.0468598303415931E+01   4.2263440468415264E-01
     490.0000000000000000   3.0986156563744579E+01   4.1625722188786202E-01
     500.0000000000000000   3.1502249026390242E+01   4.1011195168800829E-01
     510.0000000000000000   3.2016913781861668E+01   4.0418585400397744E-01
     520.0000000000000000   3.2530187294819711E+01   3.9846710442174332E-01
     530.0000000000000000   3.3042104302540032E+01   3.9294476085888597E-01
     540.0000000000000000   3.3552697918429693E+01   3.8760868450730435E-01
     550.0000000000000000   3.4064121478785232E+01   3.8194618189066482E-01
     560.0000000000000000   3.4572149353615046E+01   3.7696283667785141E-01
     570.0000000000000000   3.5078948478829240E+01   3.7213818179965996E-01
     580.0000000000000000   3.5584543065325121E+01   3.6746545279393661E-01
     590.0000000000000000   3.6091013968110659E+01   3.6247217059857390E-01
     600.0000000000000000   3.6594264417956005E+01   3.5808919881192053E-01
     610.0000000000000000   3.7096397603625910E+01   3.5383556671409477E-01
     620.0000000000000000   3.7599434772599061E+01   3.4926726614821435E-01
     630.0000000000000000   3.8099363872652383E+01   3.4526684592025841E-01
     640.0000000000000000   3.8598248686059776E+01   3.4137815386538356E-01
     650.0000000000000000   3.9098054937603344E+01   3.3718179004469817E-01
     660.0000000000000000   3.9594877808634557E+01   3.3351242783001456E-01
     670.0000000000000000   4.0092639160430942E+01   3.2953958079679846E-01
     680.0000000000000000   4.0587476462405640E+01   3.2607207795414289E-01
     690.0000000000000000   4.1083269022726356E+01   3.2230485658814945E-01
     700.0000000000000000   4.1576200158704538E+01   3.1902199375742663E-01
     710.0000000000000000   4.2070091036903925E+01   3.1544523673480074E-01
     720.0000000000000000   4.2563091650200100E+01   3.1195371829622848E-01
     730.0000000000000000   4.3053248157708943E+01   3.0893058560301601E-01
     740.0000000000000000   4.3544438197385517E+01   3.0560989550276529E-01
     750.0000000000000000   4.4032880060365180E+01   3.0273280694685573E-01
     760.0000000000000000   4.4522310013762471E+01   2.9957266443181496E-01
     770.0000000000000000   4.5010922436250759E+01   2.9648277931989153E-01
     780.0000000000000000   4.5496851200132923E+01   2.9381471331870851E-01
     790.0000000000000000   4.5983780167940388E+01   2.9087046646079245E-01
     800.0000000000000000   4.6469928688415870E+01   2.8798944629183021E-01
     810.0000000000000000   4.6955296048700845E+01   2.8517192666127600E-01
     820.0000000000000000   4.7438038130280937E+01   2.8275366207341274E-01
     830.0000000000000000   4.7921822005519758E+01   2.8006348989595509E-01
     840.0000000000000000   4.8404869438805427E+01   2.7742872924388595E-01
     850.0000000000000000   4.8887179124579973E+01   2.7484983225131004E-01
     860.0000000000000000   4.9368755118792905E+01   2.7232618211115311E-01
     870.0000000000000000   4.9847792599700171E+01   2.7017370515952838E-01
     880.0000000000000000   5.0327901981719727E+01   2.6775766533588363E-01
     890.0000000000000000   5.0807322665396789E+01   2.6538929512102227E-01
     900.0000000000000000   5.1286054729703480E+01   2.6306871595386683E-01
     910.0000000000000000   5.1764106004006521E+01   2.6079486776342953E-01
     920.0000000000000000   5.2241485160058261E+01   2.5856644602701290E-01
     930.0000000000000000   5.2718196475483992E+01   2.5638280407861141E-01
     940.0000000000000000   5.3194247114665387E+01   2.5424287555042901E-01
     950.0000000000000000   5.3669648316748813E+01   2.5214499781184213E-01
     960.0000000000000000   5.4144410923297748E+01   2.5008759471434816E-01
     970.0000000000000000   5.4618543377229543E+01   2.4806947231430504E-01
     980.0000000000000000   5.5092052849699598E+01   2.4608964008109360E-01
     990.0000000000000000   5.5564946620992004E+01   2.4414710185236216E-01
    1000.0000000000000000   5.6035465622182741E+01   2.4252214000788269E-01
    1100.0000000000000000   6.0728270937930141E+01   2.2496265039381999E-01
    1200.0000000000000000   6.5367701309380394E+01   2.1014938376519021E-01
    1300.0000000000000000   6.9960931928561479E+01   1.9725959200234910E-01
    1400.0000000000000000   7.4512450156886231E+01   1.8589876021669599E-01
    1500.0000000000000000   7.9024423554694849E+01   1.7596501472497336E-01
    1600.0000000000000000   8.3500027767542562E+01   1.6721206245539022E-01
    1700.0000000000000000   8.7943611237660221E+01   1.5927039950713573E-01
    1800.0000000000000000   9.2356464607859422E+01   1.5212931357841442E-01
    1900.0000000000000000   9.6741738107747992E+01   1.4555667155497584E-01
    1942.9990000000000236   9.8618573765200807E+01   1.4295794546460711E-01
    1943.0009999999999764   9.8618661069437849E+01   1.4295781636055344E-01
    2000.0000000000000000   1.0109934777547889E+02   1.3965514567187487E-01
    2009.9990000000000236   1.0153292172793559E+02   1.3916596768195660E-01
    2010.0009999999999764   1.0153300855117138E+02   1.3916585663833000E-01
    2100.0000000000000000   1.0543215295455607E+02   1.3423141993193147E-01
    2200.0000000000000000   1.0974054811751785E+02   1.2931372706209754E-01
    2218.9989999999997963   1.1055634711856209E+02   1.2843957297734757E-01
    2219.0010000000002037   1.1055643289743361E+02   1.2843948525022919E-01
    2300.0000000000000000   1.1402778277110696E+02   1.2467316576714391E-01
    2400.0000000000000000   1.1829389940693552E+02   1.2037364200287658E-01
    2500.0000000000000000   1.2253780596591345E+02   1.1655058724355048E-01
    2600.0000000000000000   1.2676407355033379E+02   1.1287443139237074E-01
    2700.0000000000000000   1.3097392317237851E+02   1.0930740692999759E-01
    2800.0000000000000000   1.3516351940829250E+02   1.0616481992226252E-01
    2900.0000000000000000   1.3933661512190787E+02   1.0321239856063759E-01
    3000.0000000000000000   1.4349574432253146E+02   1.0029399136089966E-01
    3100.0000000000000000   1.4763916596356060E+02   9.7575594506993005E-02
    3200.0000000000000000   1.5176654984109911E+02   9.5081404451952942E-02
    3300.0000000000000000   1.5588022480677580E+02   9.2698242772481940E-02
    3400.0000000000000000   1.5998038316152383E+02   9.0433579791883517E-02
    3500.0000000000000000   1.6406683231962378E+02   8.8315968011192583E-02
    3600.0000000000000000   1.6814251879866464E+02   8.6198227553091089E-02
    3700.0000000000000000   1.7220301245476833E+02   8.4336723466151578E-02
    3800.0000000000000000   1.7625422409211123E+02   8.2424391718194351E-02
    3900.0000000000000000   1.8029236495773370E+02   8.0677172046529688E-02
    4000.0000000000000000   1.8431827328594639E+02   7.9066915630918846E-02
    4100.0000000000000000   1.8833515999079484E+02   7.7433629195247849E-02
    4200.0000000000000000   1.9234257706818764E+02   7.5822594973322555E-02
    4300.0000000000000000   1.9633795339129608E+02   7.4369184312069611E-02
    4400.0000000000000000   2.0032260869862034E+02   7.3003803600009284E-02
    4500.0000000000000000   2.0430075568843100E+02   7.1556894981154653E-02
    4600.0000000000000000   2.0826452490162004E+02   7.0392438109664210E-02
    4700.0000000000000000   2.1222403838847461E+02   6.9048326182840389E-02
    4800.0000000000000000   2.1617378617337349E+02   6.7795943231818881E-02
    4900.0000000000000000   2.2011268982695628E+02   6.6678914331858213E-02
    5000.0000000000000000   2.2404276108608366E+02   6.5620018263606320E-02
    5100.0000000000000000   2.2796612318413034E+02   6.4533139855076374E-02
    5200.0000000000000000   2.3188310977424487E+02   6.3413825167516258E-02
    5300.0000000000000000   2.3579097457095855E+02   6.2386386226163749E-02
    5400.0000000000000000   2.3968938052973670E+02   6.1455884828568834E-02
    5500.0000000000000000   2.4357903897498636E+02   6.0608000209314609E-02
    5600.0000000000000000   2.4746743602980771E+02   5.9538006117987138E-02
    5700.0000000000000000   2.5134408465539008E+02   5.8685020814105530E-02
    5800.0000000000000000   2.5521424477106956E+02   5.7839493647114625E-02
    5900.0000000000000000   2.5907654379355131E+02   5.7054057334460465E-02
    6000.0000000000000000   2.6293498900763149E+02   5.6180344418873783E-02
    6100.0000000000000000   2.6677977605958347E+02   5.5587741811075057E-02
    6200.0000000000000000   2.7062637003124513E+02   5.4718087701186094E-02
    6300.0000000000000000   2.7446419322737592E+02   5.3955361980196237E-02
    6400.0000000000000000   2.7829578733022049E+02   5.3213337908303356E-02
    6500.0000000000000000   2.8212129317798906E+02   5.2487852095667552E-02
    6600.0000000000000000   2.8593778973133908E+02   5.1877242711621550E-02
    6700.0000000000000000   2.8974990557784793E+02   5.1248912487831755E-02
    6800.0000000000000000   2.9355681896950381E+02   5.0596350851478678E-02
    6900.0000000000000000   2.9736007578488778E+02   4.9907924295901580E-02
    7000.0000000000000000   3.0115538602825671E+02   4.9306534646794506E-02
    7100.0000000000000000   3.0494440472611257E+02   4.8749396030970234E-02
    7200.0000000000000000   3.0872827324891244E+02   4.8188654062789375E-02
    7300.0000000000000000   3.1250581382422291E+02   4.7687305451463616E-02
    7400.0000000000000000   3.1628006915721124E+02   4.7121017193014217E-02
    7500.0000000000000000   3.2005051164362857E+02   4.6537055998783029E-02
    7600.0000000000000000   3.2381477987985357E+02   4.6000285059140014E-02
    7700.0000000000000000   3.2757084983685621E+02   4.5558867240129038E-02
    7800.0000000000000000   3.3132568915228489E+02   4.5037239878975843E-02
    7900.0000000000000000   3.3506981528165653E+02   4.4696896334615023E-02
    8000.0000000000000000   3.3881938360768208E+02   4.4035623367873457E-02
    8100.0000000000000000   3.4255297914329748E+02   4.3749625319345689E-02
    8200.0000000000000000   3.4629311929184729E+02   4.3149533303889077E-02
    8300.0000000000000000   3.5001691795322563E+02   4.2887837904600774E-02
    8400.0000000000000000   3.5374868344465557E+02   4.2260741478534564E-02
    8500.0000000000000000   3.5747181837392611E+02   4.1774598819488973E-02
    8600.0000000000000000   3.6118225822315037E+02   4.1547089949525648E-02
    8700.0000000000000000   3.6489886479615677E+02   4.1044188588139137E-02
    8800.0000000000000000   3.6861003620674222E+02   4.0553422740653496E-02
    8900.0000000000000000   3.7230454056199432E+02   4.0412481179197865E-02
    9000.0000000000000000   3.7601242562328747E+02   3.9806477839553628E-02
    9100.0000000000000000   3.7970434516888173E+02   3.9526692409506181E-02
    9200.0000000000000000   3.8340161095676109E+02   3.9025058708401381E-02
    9300.0000000000000000   3.8708521265299220E+02   3.8790749634702047E-02
    9400.0000000000000000   3.9076400745520903E+02   3.8573695871153883E-02
    9500.0000000000000000   3.9444675271855471E+02   3.8141904531688274E-02
    9600.0000000000000000   3.9812762064861494E+02   3.7687921287311216E-02
    9700.0000000000000000   4.0179960146289920E+02   3.7365431562096589E-02
    9800.0000000000000000   4.0546641505148352E+02   3.7075406050013422E-02
    9900.0000000000000000   4.0913032230376422E+02   3.6769601039633525E-02
   10000.0000000000000000   4.1279117022671073E+02   3.6457346306406416E-02
   11000.0000000000000000   4.4921857158960694E+02   3.3450155874302057E-02
   12000.0000000000000000   4.8531221200677214E+02   3.1126591273512604E-02
   13000.0000000000000000   5.2112067748837353E+02   2.9011564340603369E-02
   14000.0000000000000000   5.5665573012459458E+02   2.7297595472657907E-02
   15000.0000000000000000   5.9194647157640327E+02   2.5873717475371098E-02
   16000.0000000000000000   6.2702156188528033E+02   2.4456851020551458E-02
   16107.9989999999997963   6.3080828554718494E+02   2.4213954079640602E-02
   16108.0010000000002037   6.3080835385077626E+02   2.4213973170002227E-02
   17000.0000000000000000   6.6190306483665177E+02   2.3000499256257693E-02
   18000.0000000000000000   6.9657852124377473E+02   2.1903806828295076E-02
   19000.0000000000000000   7.3108980349441947E+02   2.0832524812981430E-02
   20000.0000000000000000   7.6539986680496315E+02   2.0190048224197718E-02
   21000.0000000000000000   7.9958691037254596E+02   1.9125648081225129E-02
   22000.0000000000000000   8.3359710798146386E+02   1.8489095787844884E-02
   23000.0000000000000000   8.6745327964529076E+02   1.7907391453126347E-02
   24000.0000000000000000   9.0122213477960793E+02   1.7028046260013380E-02
   25000.0000000000000000   9.3484752558823391E+02   1.6407643432078046E-02
   26000.0000000000000000   9.6833449469107018E+02   1.5969906255336435E-02
   27000.0000000000000000   1.0017038888233055E+03   1.5387767565398549E-02
   28000.0000000000000000   1.0349700263427719E+03   1.4854507682221884E-02
   29000.0000000000000000   1.0681552883306247E+03   1.4430357699482256E-02
   30000.0000000000000000   1.1011706744995440E+03   1.4123537553170635E-02
   31000.0000000000000000   1.1341346487007979E+03   1.3791073688722753E-02
   32000.0000000000000000   1.1670299525860210E+03   1.3346349385361755E-02
   33000.0000000000000000   1.1998182126342247E+03   1.2853444883221784E-02
   34000.0000000000000000   1.2325021509775888E+03   1.2524449403601328E-02
   35000.0000000000000000   1.2650941370806818E+03   1.2333079237750658E-02
   36000.0000000000000000   1.2976220287330400E+03   1.1972751306089838E-02
   37000.0000000000000000   1.3300276346681592E+03   1.1672346190579115E-02
   38000.0000000000000000   1.3623450606535755E+03   1.1572672248828698E-02
   39000.0000000000000000   1.3947243727725643E+03   1.1074942355087911E-02
   40000.0000000000000000   1.4268456499006497E+03   1.1046945614880300E-02
   41000.0000000000000000   1.4590603697772708E+03   1.0712696265150560E-02
   42000.0000000000000000   1.4910929167774877E+03   1.0409452896596406E-02
   43000.0000000000000000   1.5231760879041167E+03   1.0170966475462522E-02
   44000.0000000000000000   1.5550602646681734E+03   1.0092712630795857E-02
   45000.0000000000000000   1.5868963647357984E+03   9.9915908553171624E-03
   46000.0000000000000000   1.6187963846567018E+03   9.7021187333883908E-03
   47000.0000000000000000   1.6505940657049021E+03   9.4249463512673052E-03
   48000.0000000000000000   1.6822687743553688E+03   9.4416974067569916E-03
   49000.0000000000000000   1.7139284928793918E+03   9.1195493349473817E-03
   50000.0000000000000000   1.7454974224564803E+03   8.9614336085847776E-03
