       0.1000000000000000   4.3393373278908143E+01   6.7170040198378524E-04
       0.2000000000000000   3.8082400169914230E+01   1.3179089279009213E-03
       0.3000000000000000   3.6253370890322380E+01   1.9645510116665459E-03
       0.4000000000000000   3.5496852154794531E+01   2.5866240671597782E-03
       0.5000000000000000   3.5067907682154846E+01   3.2058918919817829E-03
       0.6000000000000000   3.4796806689709371E+01   3.8234234619517193E-03
       0.7000000000000000   3.4617104217662366E+01   4.4402247713587403E-03
       0.7999999999999999   3.4492333464082542E+01   5.0569867547418743E-03
       0.8999999999999999   3.4405710511630453E+01   5.6726393318696734E-03
       0.9999999999999999   3.4341126957386535E+01   6.2895811197523251E-03
       2.0000000000000000   3.4086064494940253E+01   1.2535239666089144E-02
       3.0000000000000000   3.3827144376277957E+01   1.9061679312396947E-02
       4.0000000000000000   3.3416273293771255E+01   2.5995774577026360E-02
       5.0000000000000000   3.2876286306384323E+01   3.3419684104956590E-02
       6.0000000000000000   3.2243521258470423E+01   4.1392112375577460E-02
       7.0000000000000000   3.1550401811229023E+01   4.9952195103699498E-02
       8.0000000000000000   3.0820549483168666E+01   5.9130364839414709E-02
       9.0000000000000000   3.0071570686522662E+01   6.8950561887477071E-02
      10.0000000000000000   2.9315865841374855E+01   7.9433848847575525E-02
      11.0000000000000000   2.8562516212045889E+01   9.0598554616432306E-02
      12.0000000000000000   2.7817818546768141E+01   1.0246160999148970E-01
      13.0000000000000000   2.7086199500779053E+01   1.1503985731898345E-01
      14.0000000000000000   2.6370284547459899E+01   1.2835221366556823E-01
      15.0000000000000000   2.5671698404531810E+01   1.4241927166267543E-01
      16.0000000000000000   2.4991362494162200E+01   1.5726317908413212E-01
      17.0000000000000000   2.4329485730872758E+01   1.7290987396986437E-01
      18.0000000000000000   2.3685965608066123E+01   1.8938811524653079E-01
      19.0000000000000000   2.3060363781992560E+01   2.0673044545302538E-01
      20.0000000000000000   2.2452057057803621E+01   2.2497385373782527E-01
      21.0000000000000000   2.1860287406926059E+01   2.4415997648879570E-01
      22.0000000000000000   2.1284260006524445E+01   2.6433497399875572E-01
      23.0000000000000000   2.0723133384127884E+01   2.8555043035105449E-01
      24.0000000000000000   2.0176039936148452E+01   3.0786417189666382E-01
      25.0000000000000000   1.9642136660970117E+01   3.3134013452975997E-01
      26.0000000000000000   1.9120604658988661E+01   3.5604913436800029E-01
      27.0000000000000000   1.8610659176877625E+01   3.8206943624455925E-01
      28.0000000000000000   1.8111559593092352E+01   4.0948732804612137E-01
      29.0000000000000000   1.7622605943266421E+01   4.3839792093083418E-01
      30.0000000000000000   1.7143151760136540E+01   4.6890576176095300E-01
      31.0000000000000000   1.6672597462219827E+01   5.0112571422161356E-01
      32.0000000000000000   1.6210402771597472E+01   5.3518355244839833E-01
      33.0000000000000000   1.5756077613145907E+01   5.7121699266233472E-01
      34.0000000000000000   1.5309192345224925E+01   6.0937627025607111E-01
      35.0000000000000000   1.4869377459045070E+01   6.4982482451280943E-01
      36.0000000000000000   1.4436328014444005E+01   6.9273975268715327E-01
      37.0000000000000000   1.4009807917922966E+01   7.3831197439906382E-01
      38.0000000000000000   1.3589655648389776E+01   7.8674594754246241E-01
      39.0000000000000000   1.3175790245302606E+01   8.3825874284560675E-01
      40.0000000000000000   1.2768219721207650E+01   8.9307819127345478E-01
      41.0000000000000000   1.2367048401302497E+01   9.5143986774490918E-01
      42.0000000000000000   1.1972486094395590E+01   1.0135824508811002E+00
      43.0000000000000000   1.1584856310048494E+01   1.0797411497732103E+00
      44.0000000000000000   1.1204603081618483E+01   1.1501387616630716E+00
      45.0000000000000000   1.0832293920692623E+01   1.2249742469110121E+00
      46.0000000000000000   1.0468618812734537E+01   1.3044086155255898E+00
      47.0000000000000000   1.0114381066735076E+01   1.3885486561113460E+00
      48.0000000000000000   9.7704787923509286E+00   1.4774293726118195E+00
      49.0000000000000000   9.4378752648479960E+00   1.5709967187881091E+00
      50.0000000000000000   9.1175579970781300E+00   1.6690928030262366E+00
      51.0000000000000000   8.8104883447292224E+00   1.7714460793772644E+00
      52.0000000000000000   8.5175459609753208E+00   1.8776688652425400E+00
      53.0000000000000000   8.2394739666483492E+00   1.9872637546128824E+00
      54.0000000000000000   7.9768319918235644E+00   2.0996391441803128E+00
      55.0000000000000000   7.7299631282352914E+00   2.2141325299811436E+00
      56.0000000000000000   7.4989788427538056E+00   2.3300388761670527E+00
      57.0000000000000000   7.2837626076239559E+00   2.4466404677719544E+00
      58.0000000000000000   7.0839890424467038E+00   2.5632354501879426E+00
      59.0000000000000000   6.8991556590747534E+00   2.6791616444603386E+00
      60.0000000000000000   6.7286210038493488E+00   2.7938144707330355E+00
      61.0000000000000000   6.5716434061086328E+00   2.9066590464584761E+00
      62.0000000000000000   6.4274184419374318E+00   3.0172359016821910E+00
      63.0000000000000000   6.2951111130985256E+00   3.1251620723957627E+00
      64.0000000000000000   6.1738821796964380E+00   3.2301284490020783E+00
      65.0000000000000000   6.0629084223590137E+00   3.3318946081298990E+00
      66.0000000000000000   5.9613972582507166E+00   3.4302821488133679E+00
      67.0000000000000000   5.8685965335110524E+00   3.5251673387142328E+00
      68.0000000000000000   5.7838004111599162E+00   3.6164736579473162E+00
      69.0000000000000000   5.7063522424021835E+00   3.7041646359955256E+00
      70.0000000000000000   5.6356452137077007E+00   3.7882372225558609E+00
      70.9989999999999952   5.5711830306666394E+00   3.8686371221629554E+00
      71.0000000000000000   5.5711214215487370E+00   3.8687158194603710E+00
      71.0010000000000048   5.5710598180994158E+00   3.8687945132089299E+00
      72.0000000000000000   5.5122699004363280E+00   3.9456470183011128E+00
      73.0000000000000000   5.4586239944486161E+00   4.0190950370350444E+00
      74.0000000000000000   5.4097583691856022E+00   4.0891378153497504E+00
      75.0000000000000000   5.3652858576010019E+00   4.1558637247348793E+00
      76.0000000000000000   5.3248543825793249E+00   4.2193687465983922E+00
      77.0000000000000000   5.2881438067294928E+00   4.2797542561569140E+00
      77.9989999999999952   5.2548947589328465E+00   4.3370691747265147E+00
      78.0000000000000000   5.2548631012953875E+00   4.3371250751405546E+00
      78.0010000000000048   5.2548314468211670E+00   4.3371809726465882E+00
      79.0000000000000000   5.2247476183004453E+00   4.3915879403035660E+00
      80.0000000000000000   5.1975565839133013E+00   4.4432502523968260E+00
      81.0000000000000000   5.1730707998996035E+00   4.4922190729442368E+00
      82.0000000000000000   5.1510905508584548E+00   4.5386003284515839E+00
      83.0000000000000000   5.1314337055857120E+00   4.5824981872597359E+00
      84.0000000000000000   5.1139340010722929E+00   4.6240145796344096E+00
      85.0000000000000000   5.0984394986015023E+00   4.6632488357769839E+00
      86.0000000000000000   5.0848111934621336E+00   4.7002974208325004E+00
      87.0000000000000000   5.0729217648228815E+00   4.7352537511867006E+00
      88.0000000000000000   5.0626544644004268E+00   4.7682080647307119E+00
      89.0000000000000000   5.0539020976763895E+00   4.7992473641947040E+00
      90.0000000000000000   5.0465661310333658E+00   4.8284553812783431E+00
      91.0000000000000000   5.0405558814254414E+00   4.8559125846782205E+00
      92.0000000000000000   5.0357877902701045E+00   4.8816962123482259E+00
      93.0000000000000000   5.0321847717214716E+00   4.9058803243062066E+00
      94.0000000000000000   5.0296756271195493E+00   4.9285358712334135E+00
      95.0000000000000000   5.0281945184688599E+00   4.9497307749650581E+00
      96.0000000000000000   5.0276804946368747E+00   4.9695300176826196E+00
      97.0000000000000000   5.0280770645754984E+00   4.9879957372096406E+00
      98.0000000000000000   5.0293318122663182E+00   5.0051873263248332E+00
      99.0000000000000000   5.0313960505425790E+00   5.0211615342641753E+00
     100.0000000000000000   5.0342245055458807E+00   5.0359725693669279E+00
     110.0000000000000000   5.0965258227205350E+00   5.1304174573925332E+00
     111.9989999999999952   5.1148933717639524E+00   5.1396700115671416E+00
     112.0010000000000048   5.1149125480110165E+00   5.1396779369443619E+00
     120.0000000000000000   5.2025646679248050E+00   5.1529753962997686E+00
     130.0000000000000000   5.3358972927548241E+00   5.1296454678406329E+00
     140.0000000000000000   5.4870766235876092E+00   5.0770266792396095E+00
     150.0000000000000000   5.6503372699690679E+00   5.0058851603523511E+00
     160.0000000000000000   5.8183772829110838E+00   4.9340340454783975E+00
     167.9989999999999952   5.9593622154890262E+00   4.8675987084513590E+00
     168.0010000000000048   5.9594077212165786E+00   4.8675583628312005E+00
     169.9989999999999952   5.9968047027685865E+00   4.8464575587872067E+00
     170.0000000000000000   5.9968274154248240E+00   4.8464376355803811E+00
     170.0010000000000048   5.9968501279710118E+00   4.8464177125790489E+00
     180.0000000000000000   6.1767895639237205E+00   4.7614699045712090E+00
     190.0000000000000000   6.3647987362578382E+00   4.6631223745591202E+00
     200.0000000000000000   6.5462530764752076E+00   4.5851124132644712E+00
     210.0000000000000000   6.7406584045990288E+00   4.4814045361184238E+00
     220.0000000000000000   6.9283225426973853E+00   4.3974101726845793E+00
     230.0000000000000000   7.1157298063859447E+00   4.3175889911664500E+00
     231.9989999999999952   7.1587347670338213E+00   4.2894661466759976E+00
     232.0010000000000048   7.1587777697760551E+00   4.2894382065928243E+00
     240.0000000000000000   7.3081915390265308E+00   4.2295505016370862E+00
     250.0000000000000000   7.4998636487629255E+00   4.1463456338763347E+00
     260.0000000000000000   7.6907663859478328E+00   4.0675759817651853E+00
     270.0000000000000000   7.8809222663826333E+00   3.9928846867105450E+00
     280.0000000000000000   8.0750274775243618E+00   3.9118962772798960E+00
     290.0000000000000000   8.2635919865408169E+00   3.8448592865697218E+00
     300.0000000000000000   8.4558888897283087E+00   3.7717439423674493E+00
     310.0000000000000000   8.6429817151248827E+00   3.7112055908184352E+00
     320.0000000000000000   8.8336036304236298E+00   3.6448145399586482E+00
     330.0000000000000000   9.0233870540595973E+00   3.5815754761702494E+00
     340.0000000000000000   9.2123636519026046E+00   3.5212590843297376E+00
     350.0000000000000000   9.4005635816828619E+00   3.4636580933339398E+00
     360.0000000000000000   9.5880155051177294E+00   3.4085847212907270E+00
     370.0000000000000000   9.7784839030137096E+00   3.3486231217972255E+00
     380.0000000000000000   9.9644331817358669E+00   3.2983323901566561E+00
     390.0000000000000000   1.0149713919638987E+01   3.2500894986874780E+00
     400.0000000000000000   1.0337875418019705E+01   3.1971432523469461E+00
     407.9990000000000236   1.0486444331111406E+01   3.1589548221523800E+00
     408.0009999999999764   1.0486483173190798E+01   3.1589421863246949E+00
     410.0000000000000000   1.0521804757334605E+01   3.1528115578603519E+00
     414.9990000000000236   1.0615241010561013E+01   3.1281145261489098E+00
     415.0009999999999764   1.0615279735376490E+01   3.1281022035223125E+00
     420.0000000000000000   1.0708538248226432E+01   3.1038997958028571E+00
     430.0000000000000000   1.0894571474725428E+01   3.0569062791709962E+00
     440.0000000000000000   1.1076599212396516E+01   3.0176639939733167E+00
     450.0000000000000000   1.1261333605527184E+01   2.9740240836326928E+00
     460.0000000000000000   1.1445428574671661E+01   2.9319901433569990E+00
     470.0000000000000000   1.1628902640181121E+01   2.8914714929795133E+00
     480.0000000000000000   1.1811773122324722E+01   2.8523849301987569E+00
     490.0000000000000000   1.1990961344588589E+01   2.8199226801844177E+00
     500.0000000000000000   1.2172712449985887E+01   2.7833558741822064E+00
     510.0000000000000000   1.2353908403256471E+01   2.7480093094269096E+00
     520.0000000000000000   1.2534563907443212E+01   2.7138206427247700E+00
     530.0000000000000000   1.2717636614481151E+01   2.6759055404702301E+00
     540.0000000000000000   1.2897215656208491E+01   2.6439620975428233E+00
     550.0000000000000000   1.3076295288381759E+01   2.6130094821105834E+00
     560.0000000000000000   1.3254888093484926E+01   2.5830003861084494E+00
     570.0000000000000000   1.3433006205315339E+01   2.5538904363997417E+00
     580.0000000000000000   1.3610661262144705E+01   2.5256380719587552E+00
     590.0000000000000000   1.3790619018207110E+01   2.4939192283996778E+00
     600.0000000000000000   1.3967342714221095E+01   2.4673505859441329E+00
     610.0000000000000000   1.4143635915400052E+01   2.4415266822254109E+00
     620.0000000000000000   1.4322188798988588E+01   2.4123524467219823E+00
     620.9990000000000236   1.4340270232877094E+01   2.4090788554153675E+00
     621.0009999999999764   1.4340306427012907E+01   2.4090723121317987E+00
     630.0000000000000000   1.4497612482640648E+01   2.3879984940090968E+00
     640.0000000000000000   1.4675272861170107E+01   2.3603713198193352E+00
     650.0000000000000000   1.4849867624910070E+01   2.3373589795566825E+00
     654.9990000000000236   1.4937001116538550E+01   2.3260833180922948E+00
     655.0009999999999764   1.4937036999695575E+01   2.3260773030402007E+00
     660.0000000000000000   1.5024074882772277E+01   2.3149487948114040E+00
     670.0000000000000000   1.5200470013121718E+01   2.2893759180378299E+00
     680.0000000000000000   1.5373898666249907E+01   2.2681504844070468E+00
     690.0000000000000000   1.5549486786112849E+01   2.2438377405290959E+00
     700.0000000000000000   1.5724675917958423E+01   2.2201509843111880E+00
     710.0000000000000000   1.5896980952525194E+01   2.2005547737838094E+00
     720.0000000000000000   1.6071408948194549E+01   2.1779858676673127E+00
     730.0000000000000000   1.6243010986144910E+01   2.1593574605622323E+00
     740.0000000000000000   1.6416705121639978E+01   2.1378258771964114E+00
     750.0000000000000000   1.6590045317998779E+01   2.1167990562637211E+00
     760.0000000000000000   1.6760619013179799E+01   2.0995242422947542E+00
     770.0000000000000000   1.6933259998089241E+01   2.0794312943285349E+00
     774.9990000000000236   1.7018248359968123E+01   2.0711495841313718E+00
     775.0009999999999764   1.7018283291229480E+01   2.0711450214987863E+00
     780.0000000000000000   1.7105566157573826E+01   2.0597898814910600E+00
     790.0000000000000000   1.7275168285551814E+01   2.0437249137376554E+00
     800.0000000000000000   1.7446808260250997E+01   2.0249263985449417E+00
     810.0000000000000000   1.7618129393971692E+01   2.0065352769356388E+00
     820.0000000000000000   1.7789131176707862E+01   1.9885451468946269E+00
     830.0000000000000000   1.7957501078245141E+01   1.9739238271298638E+00
     840.0000000000000000   1.8127881655541625E+01   1.9566663419021935E+00
     850.0000000000000000   1.8297960908255895E+01   1.9397682109250800E+00
     860.0000000000000000   1.8467739482408543E+01   1.9232229051288088E+00
     870.0000000000000000   1.8637218470792646E+01   1.9070234800921775E+00
     880.0000000000000000   1.8806401305710164E+01   1.8911603020452923E+00
     890.0000000000000000   1.8973067480814130E+01   1.8783716689160723E+00
     900.0000000000000000   1.9141696262558760E+01   1.8630978186576876E+00
     910.0000000000000000   1.9310046457735311E+01   1.8481254057983543E+00
     920.0000000000000000   1.9478120680047564E+01   1.8334470158486227E+00
     930.0000000000000000   1.9645921940228160E+01   1.8190549594415217E+00
     940.0000000000000000   1.9813453950040696E+01   1.8049409312136679E+00
     950.0000000000000000   1.9980720895571327E+01   1.7910962837456417E+00
     960.0000000000000000   2.0147727170505579E+01   1.7775123486211200E+00
     970.0000000000000000   2.0314477140765508E+01   1.7641807194744747E+00
     980.0000000000000000   2.0480974896466495E+01   1.7510935329568078E+00
     990.0000000000000000   2.0647224115627164E+01   1.7382436015550911E+00
    1000.0000000000000000   2.0813228113490919E+01   1.7256243312417314E+00
    1100.0000000000000000   2.2460441187444385E+01   1.6108491206946827E+00
    1200.0000000000000000   2.4088143203503730E+01   1.5114700752563139E+00
    1300.0000000000000000   2.5698436491166387E+01   1.4242162228758681E+00
    1400.0000000000000000   2.7293125098846840E+01   1.3466299486966513E+00
    1500.0000000000000000   2.8871813898887019E+01   1.2785900240698569E+00
    1600.0000000000000000   3.0437561683451158E+01   1.2169539691228244E+00
    1700.0000000000000000   3.1988262379218082E+01   1.1632981281282777E+00
    1800.0000000000000000   3.3529711352820961E+01   1.1126048082012177E+00
    1900.0000000000000000   3.5058065809209886E+01   1.0679660118024281E+00
    2000.0000000000000000   3.6576903538632337E+01   1.0264758744199092E+00
    2100.0000000000000000   3.8085709857632068E+01   9.8854751559683907E-01
    2200.0000000000000000   3.9586611579818417E+01   9.5265973137991777E-01
    2300.0000000000000000   4.1076755819393441E+01   9.2082292175785330E-01
    2400.0000000000000000   4.2559874101331893E+01   8.9045800432339961E-01
    2475.9989999999997963   4.3681795792194265E+01   8.6878045511243052E-01
    2476.0010000000002037   4.3681825322508750E+01   8.6877985538785651E-01
    2500.0000000000000000   4.4035056799909505E+01   8.6225606587283121E-01
    2600.0000000000000000   4.5502419284375897E+01   8.3614505786060911E-01
    2700.0000000000000000   4.6962276555609002E+01   8.1193812603013893E-01
    2800.0000000000000000   4.8415383406779739E+01   7.8921986921359755E-01
    2900.0000000000000000   4.9863020551339297E+01   7.6724525127488485E-01
    3000.0000000000000000   5.1303073455039915E+01   7.4733094482191020E-01
    3100.0000000000000000   5.2738371870755614E+01   7.2785481076806724E-01
    3200.0000000000000000   5.4167414471172663E+01   7.0969417621465769E-01
    3300.0000000000000000   5.5590905537125579E+01   6.9251341369689745E-01
    3400.0000000000000000   5.7009194575055481E+01   6.7616798311326431E-01
    3500.0000000000000000   5.8421928013828420E+01   6.6084234441882284E-01
    3541.9989999999997963   5.9015110899247460E+01   6.5399854561430715E-01
    3542.0010000000002037   5.9015139274548922E+01   6.5399814987547311E-01
    3600.0000000000000000   5.9830235663200398E+01   6.4602605256265466E-01
    3700.0000000000000000   6.1233331476152621E+01   6.3210882481342434E-01
    3731.9989999999997963   6.1680713579520202E+01   6.2805877640377550E-01
    3732.0010000000002037   6.1680741787466047E+01   6.2805841015636288E-01
    3800.0000000000000000   6.2632996327823165E+01   6.1823891861646885E-01
    3900.0000000000000000   6.4025884531232705E+01   6.0606077823980953E-01
    4000.0000000000000000   6.5415501624733693E+01   5.9397282763313108E-01
    4021.9990000000002510   6.5721702336657231E+01   5.9088691135539029E-01
    4022.0010000000006585   6.5721730506727283E+01   5.9088648876844263E-01
    4100.0000000000000000   6.6801684056584634E+01   5.8201456798394269E-01
    4200.0000000000000000   6.8183404543009985E+01   5.7073364964826623E-01
    4300.0000000000000000   6.9560703985874227E+01   5.6012710981907321E-01
    4400.0000000000000000   7.0935879538648294E+01   5.4923845852903985E-01
    4500.0000000000000000   7.2304485407309443E+01   5.3985101073892183E-01
    4600.0000000000000000   7.3671344190174239E+01   5.3018303753127272E-01
    4700.0000000000000000   7.5033336297374717E+01   5.2130416785974099E-01
    4800.0000000000000000   7.6392515572922733E+01   5.1251589425908650E-01
    4900.0000000000000000   7.7749386199751413E+01   5.0365617296897469E-01
    5000.0000000000000000   7.9102471586419270E+01   4.9529491031224632E-01
    5100.0000000000000000   8.0451990960191694E+01   4.8736067435922065E-01
    5200.0000000000000000   8.1798011913167869E+01   4.7983012658091279E-01
    5300.0000000000000000   8.3140495633234437E+01   4.7271521965671798E-01
    5400.0000000000000000   8.4479725933108895E+01   4.6591122565147086E-01
    5500.0000000000000000   8.5819097491011433E+01   4.5831034792130221E-01
    5600.0000000000000000   8.7153611059785163E+01   4.5158556278049711E-01
    5700.0000000000000000   8.8484056205516424E+01   4.4549284891538837E-01
    5800.0000000000000000   8.9814603906132220E+01   4.3873309006587785E-01
    5900.0000000000000000   9.1138958257166450E+01   4.3328295961695218E-01
    6000.0000000000000000   9.2464318003609137E+01   4.2680602998556588E-01
    6100.0000000000000000   9.3786611931104986E+01   4.2064067344166206E-01
    6200.0000000000000000   9.5101871968528840E+01   4.1613802948952405E-01
    6300.0000000000000000   9.6419442205102598E+01   4.1027999599579923E-01
    6400.0000000000000000   9.7733509123464401E+01   4.0484899169465000E-01
    6500.0000000000000000   9.9045689514700584E+01   3.9951453992667063E-01
    6600.0000000000000000   1.0035543582921423E+02   3.9429882361944490E-01
    6700.0000000000000000   1.0166203673507077E+02   3.8943156650612643E-01
    6800.0000000000000000   1.0296702330142654E+02   3.8463484396980180E-01
    6900.0000000000000000   1.0426830591047135E+02   3.8022764876681081E-01
    7000.0000000000000000   1.0556828820065344E+02   3.7587526137756372E-01
    7100.0000000000000000   1.0686566748929259E+02   3.7156685146208263E-01
    7200.0000000000000000   1.0816010582597066E+02   3.6779535412808279E-01
    7300.0000000000000000   1.0945279825500398E+02   3.6381079019065082E-01
    7400.0000000000000000   1.1074890384455611E+02   3.5864684400714125E-01
    7500.0000000000000000   1.1203707444019740E+02   3.5515882396630244E-01
    7600.0000000000000000   1.1332254935283434E+02   3.5180816204891674E-01
    7700.0000000000000000   1.1461269525809932E+02   3.4703419263907881E-01
    7800.0000000000000000   1.1589450742425538E+02   3.4386079019372701E-01
    7900.0000000000000000   1.1717459514457599E+02   3.4069937703154818E-01
    8000.0000000000000000   1.1845761142006582E+02   3.3663874549453920E-01
    8100.0000000000000000   1.1973368332245083E+02   3.3372364650276498E-01
    8200.0000000000000000   1.2101209022559745E+02   3.2986374362152227E-01
    8300.0000000000000000   1.2228592761122559E+02   3.2688269524264074E-01
    8400.0000000000000000   1.2356137451336878E+02   3.2321837125525621E-01
    8500.0000000000000000   1.2483422037305198E+02   3.1963389234275452E-01
    8600.0000000000000000   1.2609801968478733E+02   3.1791970085769239E-01
    8700.0000000000000000   1.2736998243844188E+02   3.1404504573337211E-01
    8800.0000000000000000   1.2863958351861362E+02   3.1043039553048291E-01
    8900.0000000000000000   1.2989868083664646E+02   3.0891954811680239E-01
    9000.0000000000000000   1.3116525615620176E+02   3.0525269260937887E-01
    9100.0000000000000000   1.3242636028711897E+02   3.0250997017208797E-01
    9200.0000000000000000   1.3368852278281526E+02   2.9927948668074744E-01
    9300.0000000000000000   1.3494537222776651E+02   2.9704956315819170E-01
    9400.0000000000000000   1.3619971340638722E+02   2.9510847624214176E-01
    9500.0000000000000000   1.3745622660986717E+02   2.9241812848603338E-01
    9600.0000000000000000   1.3871325268743703E+02   2.8933020992449987E-01
    9700.0000000000000000   1.3996671427801815E+02   2.8672186019760931E-01
    9800.0000000000000000   1.4121756088452560E+02   2.8437710778039460E-01
    9900.0000000000000000   1.4246732991013010E+02   2.8197931393393122E-01
   10000.0000000000000000   1.4371590449072386E+02   2.7957668860515889E-01
   11000.0000000000000000   1.5613134497818953E+02   2.5753433002087939E-01
   12000.0000000000000000   1.6841790496250806E+02   2.3980215275973513E-01
   13000.0000000000000000   1.8059151437987845E+02   2.2444901073077009E-01
   14000.0000000000000000   1.9267447508237473E+02   2.1037921936456400E-01
   15000.0000000000000000   2.0465829033847717E+02   1.9845389806015507E-01
   16000.0000000000000000   2.1655741021190912E+02   1.8815258369759838E-01
   17000.0000000000000000   2.2838049894758609E+02   1.7873991093725550E-01
   18000.0000000000000000   2.4012410039856013E+02   1.7119666125529787E-01
   19000.0000000000000000   2.5180164208733189E+02   1.6283047442836815E-01
   20000.0000000000000000   2.6342886433321985E+02   1.5548376666978295E-01
   21000.0000000000000000   2.7497940996798144E+02   1.5016704087058733E-01
   22000.0000000000000000   2.8648163315291760E+02   1.4341555084534685E-01
   23000.0000000000000000   2.9793430404353768E+02   1.3765936810554355E-01
   24000.0000000000000000   3.0931680817061465E+02   1.3370524841491796E-01
   25000.0000000000000000   3.2066920152888940E+02   1.2935355492100298E-01
   26000.0000000000000000   3.3197638786461863E+02   1.2501153094307460E-01
   26714.9989999999997963   3.4001583387527717E+02   1.2227863345020148E-01
   26715.0010000000002037   3.4001585610637437E+02   1.2227867658140293E-01
   27000.0000000000000000   3.4323924850322101E+02   1.1989346983058845E-01
   28000.0000000000000000   3.5442794600035347E+02   1.1797939442384858E-01
   29000.0000000000000000   3.6563346143816636E+02   1.1391672093325306E-01
   30000.0000000000000000   3.7675824338362958E+02   1.0957330933790406E-01
   31000.0000000000000000   3.8787511214498585E+02   1.0714485245219257E-01
   32000.0000000000000000   3.9895136428846621E+02   1.0354707008864958E-01
   33000.0000000000000000   4.0995243721053214E+02   1.0218395664560630E-01
   34000.0000000000000000   4.2094326081763245E+02   9.9653047823063459E-02
   35000.0000000000000000   4.3193713058349778E+02   9.5602378245849925E-02
   36000.0000000000000000   4.4286849104473924E+02   9.4640020222751003E-02
   37000.0000000000000000   4.5378581696804616E+02   9.2394097178099238E-02
   38000.0000000000000000   4.6465432315406588E+02   8.9763601699989981E-02
   39000.0000000000000000   4.7549873973630895E+02   8.6969322289449411E-02
   40000.0000000000000000   4.8635345369657131E+02   8.5504663555762916E-02
   41000.0000000000000000   4.9710369588149291E+02   8.3600464394745208E-02
   42000.0000000000000000   5.0791572431920167E+02   8.2386472867113925E-02
   43000.0000000000000000   5.1863355401998967E+02   8.0228906735714062E-02
   44000.0000000000000000   5.2936708307444792E+02   7.8814377412421019E-02
   45000.0000000000000000   5.4008913407719297E+02   7.7644313111299823E-02
   46000.0000000000000000   5.5076203142758470E+02   7.5235472669692355E-02
   47000.0000000000000000   5.6136594420130950E+02   7.4473330966318030E-02
   48000.0000000000000000   5.7199658530494105E+02   7.3662221763873048E-02
   49000.0000000000000000   5.8264054210095401E+02   7.2029455284649477E-02
   50000.0000000000000000   5.9326026230195168E+02   6.9885980570330686E-02
