       0.1000000000000000   1.0000000000000000E+30
       0.2000000000000000   1.0000000000000000E+30
       0.3000000000000000   1.0000000000000000E+30
       0.4000000000000000   1.0000000000000000E+30
       0.5000000000000000   1.0000000000000000E+30
       0.6000000000000000   1.0000000000000000E+30
       0.7000000000000000   1.0000000000000000E+30
       0.7999999999999999   1.0000000000000000E+30
       0.8999999999999999   1.0000000000000000E+30
       0.9999999999999999   1.0000000000000000E+30
       2.0000000000000000   1.0000000000000000E+30
       3.0000000000000000   1.0000000000000000E+30
       4.0000000000000000   1.0000000000000000E+30
       5.0000000000000000   1.0000000000000000E+30
       6.0000000000000000   1.0000000000000000E+30
       7.0000000000000000   1.0000000000000000E+30
       8.0000000000000000   1.0000000000000000E+30
       9.0000000000000000   2.4021073250291297E+03
      10.0000000000000000   4.3712409007249116E+03
      11.0000000000000000   8.5778583529081047E+01
      12.0000000000000000   9.1455128816157085E+01
      13.0000000000000000   1.0476416883617327E+02
      14.0000000000000000   1.1350155170851825E+02
      15.0000000000000000   1.2945453798422017E+02
      16.0000000000000000   1.6301070619619202E+02
      17.0000000000000000   2.0511301259081935E+02
      18.0000000000000000   2.5342113076940234E+02
      19.0000000000000000   3.0264803096054482E+02
      20.0000000000000000   3.4536068147005466E+02
      21.0000000000000000   3.7512718397057591E+02
      22.0000000000000000   3.8878673560879344E+02
      23.0000000000000000   3.8887363520772419E+02
      24.0000000000000000   3.7758422154192755E+02
      25.0000000000000000   3.5868995257120474E+02
      26.0000000000000000   3.3581045431328380E+02
      27.0000000000000000   3.1203713411662295E+02
      28.0000000000000000   2.8809027497665039E+02
      29.0000000000000000   2.6627538759375904E+02
      30.0000000000000000   2.4539949169239574E+02
      31.0000000000000000   2.2670105862290015E+02
      32.0000000000000000   2.1028761201748898E+02
      33.0000000000000000   1.9566261679196273E+02
      34.0000000000000000   1.8267037841194067E+02
      35.0000000000000000   1.7160354037637097E+02
      36.0000000000000000   1.6197242068292272E+02
      37.0000000000000000   1.5384700698898803E+02
      38.0000000000000000   1.4700478788906625E+02
      39.0000000000000000   1.4138898827880021E+02
      40.0000000000000000   1.3690037947010120E+02
      41.0000000000000000   1.3291516473527355E+02
      42.0000000000000000   1.3045823195871793E+02
      43.0000000000000000   1.2886810673591617E+02
      44.0000000000000000   1.2813919037992500E+02
      45.0000000000000000   1.2815777203978865E+02
      46.0000000000000000   1.2901611218613201E+02
      47.0000000000000000   1.3069205530466874E+02
      48.0000000000000000   1.3316445788560804E+02
      49.0000000000000000   1.3638145925904769E+02
      50.0000000000000000   1.4007018491510627E+02
      51.0000000000000000   1.4485306994133867E+02
      52.0000000000000000   1.5034194301481975E+02
      53.0000000000000000   1.5635768355069698E+02
      54.0000000000000000   1.6347229028338236E+02
      55.0000000000000000   1.7141784653502668E+02
      56.0000000000000000   1.8007558594827674E+02
      57.0000000000000000   1.8974650124765884E+02
      58.0000000000000000   2.0045263089072063E+02
      59.0000000000000000   2.1199697806205836E+02
      60.0000000000000000   2.2456002102758129E+02
      61.0000000000000000   2.3848378780429459E+02
      62.0000000000000000   2.5366961214668879E+02
      63.0000000000000000   2.7023918182941327E+02
      64.0000000000000000   2.8782736634683653E+02
      65.0000000000000000   3.0724140915012345E+02
      66.0000000000000000   3.2829262036359461E+02
      67.0000000000000000   3.5122827749054034E+02
      68.0000000000000000   3.7591225957426599E+02
      69.0000000000000000   4.0273655534234570E+02
      70.0000000000000000   4.3092612810554942E+02
      70.9989999999999952   4.6266681798998462E+02
      71.0000000000000000   4.6270128952868833E+02
      71.0010000000000048   4.1921230063526377E+02
      72.0000000000000000   4.4619780637521569E+02
      73.0000000000000000   4.7621101569133225E+02
      74.0000000000000000   5.0696493669975479E+02
      75.0000000000000000   5.4042918074126567E+02
      76.0000000000000000   5.7741508955593952E+02
      77.0000000000000000   6.1653002539429690E+02
      77.9989999999999952   6.5898751114444838E+02
      78.0000000000000000   6.5938032011580628E+02
      78.0010000000000048   6.1923543201680411E+02
      79.0000000000000000   6.5750022162778157E+02
      80.0000000000000000   6.9968013372305916E+02
      81.0000000000000000   7.4346246451742479E+02
      82.0000000000000000   7.9212981099295814E+02
      83.0000000000000000   8.4000410351768198E+02
      84.0000000000000000   8.9418800062914488E+02
      85.0000000000000000   9.4955104560288862E+02
      86.0000000000000000   1.0083681600281820E+03
      87.0000000000000000   1.0707983846498087E+03
      88.0000000000000000   1.1380123272740218E+03
      89.0000000000000000   1.2050755132357776E+03
      90.0000000000000000   1.2759038836754546E+03
      91.0000000000000000   1.3497412405389648E+03
      92.0000000000000000   1.4258262647929523E+03
      93.0000000000000000   1.5045514144508722E+03
      94.0000000000000000   1.5875378564961200E+03
      95.0000000000000000   1.6718291088452131E+03
      96.0000000000000000   1.7568259436426038E+03
      97.0000000000000000   1.8479993514894934E+03
      98.0000000000000000   1.9324454829343454E+03
      99.0000000000000000   2.0263315558387922E+03
     100.0000000000000000   2.1150059968108649E+03
     110.0000000000000000   3.0119922338770839E+03
     111.9989999999999952   3.1794787794380741E+03
     112.0010000000000048   2.8624844296209108E+03
     120.0000000000000000   3.2800439156977723E+03
     130.0000000000000000   3.5480978686332364E+03
     140.0000000000000000   3.6387086234850121E+03
     150.0000000000000000   3.6329168805030731E+03
     160.0000000000000000   3.6127170899588045E+03
     167.9989999999999952   3.5921322967940509E+03
     168.0010000000000048   2.9545527331579456E+03
     169.9989999999999952   2.4210923144229137E+03
     170.0000000000000000   2.4208105280706823E+03
     170.0010000000000048   2.2224413616271841E+03
     180.0000000000000000   8.0510212531392619E+02
     190.0000000000000000   8.5030099075086525E+02
     200.0000000000000000   9.0743062865176410E+02
     210.0000000000000000   9.7224845669518618E+02
     220.0000000000000000   1.0393192707930773E+03
     230.0000000000000000   1.1109056279125593E+03
     231.9989999999999952   1.1264259242495391E+03
     232.0010000000000048   1.0425327897422519E+03
     240.0000000000000000   1.1092960505416431E+03
     250.0000000000000000   1.1554498187059985E+03
     260.0000000000000000   1.2248893017912383E+03
     270.0000000000000000   1.2938211566212785E+03
     280.0000000000000000   1.3664399295203959E+03
     290.0000000000000000   1.4449693725621009E+03
     300.0000000000000000   1.5263853921591669E+03
     310.0000000000000000   1.6147086601972921E+03
     320.0000000000000000   1.7069716916537564E+03
     330.0000000000000000   1.8026689673520407E+03
     340.0000000000000000   1.9040033501630830E+03
     350.0000000000000000   2.0065353554483972E+03
     360.0000000000000000   2.1130176095598313E+03
     370.0000000000000000   2.2239027093377904E+03
     380.0000000000000000   2.3387619987157996E+03
     390.0000000000000000   2.4542693971179365E+03
     400.0000000000000000   2.5754158508043479E+03
     407.9990000000000236   2.6741754802347468E+03
     408.0009999999999764   2.5771157618337129E+03
     410.0000000000000000   2.5978796305556370E+03
     414.9990000000000236   2.6525674295183721E+03
     415.0009999999999764   2.5821503045882614E+03
     420.0000000000000000   2.6213514249087411E+03
     430.0000000000000000   2.4837368209129186E+03
     440.0000000000000000   1.8263693125571363E+03
     450.0000000000000000   1.2662729916611556E+03
     460.0000000000000000   1.0289555507835214E+03
     470.0000000000000000   9.5507555198587931E+02
     480.0000000000000000   9.5210299617538010E+02
     490.0000000000000000   9.7967784868232536E+02
     500.0000000000000000   1.0198898730386462E+03
     510.0000000000000000   1.0607154270043250E+03
     520.0000000000000000   1.1000637078911025E+03
     530.0000000000000000   1.1404931223068561E+03
     540.0000000000000000   1.1803060289014991E+03
     550.0000000000000000   1.2201952397615357E+03
     560.0000000000000000   1.2652579188375364E+03
     570.0000000000000000   1.3123800114788487E+03
     580.0000000000000000   1.3574607140184362E+03
     590.0000000000000000   1.4016250948597030E+03
     600.0000000000000000   1.4489230085503320E+03
     610.0000000000000000   1.4990262102458530E+03
     620.0000000000000000   1.5463727408125751E+03
     620.9990000000000236   1.5516301925022374E+03
     621.0009999999999764   1.4261684548875005E+03
     630.0000000000000000   1.4439863917290556E+03
     640.0000000000000000   1.4777869132636508E+03
     650.0000000000000000   1.5226945456581566E+03
     654.9990000000000236   1.5441175328423269E+03
     655.0009999999999764   1.4934474179233298E+03
     660.0000000000000000   1.5071198717271805E+03
     670.0000000000000000   1.5410291710931426E+03
     680.0000000000000000   1.5879645866025637E+03
     690.0000000000000000   1.6343677880606949E+03
     700.0000000000000000   1.6827700939659805E+03
     710.0000000000000000   1.7271486947206768E+03
     720.0000000000000000   1.7776710519622548E+03
     730.0000000000000000   1.8240574982648745E+03
     740.0000000000000000   1.8755426408831720E+03
     750.0000000000000000   1.9276481433873896E+03
     760.0000000000000000   1.9815144462919700E+03
     770.0000000000000000   2.0336902998877558E+03
     774.9990000000000236   2.0628355136643991E+03
     775.0009999999999764   1.9840249515816145E+03
     780.0000000000000000   2.0077861780991411E+03
     790.0000000000000000   2.0613118001995354E+03
     800.0000000000000000   2.1184253726852535E+03
     810.0000000000000000   2.1732661139404845E+03
     820.0000000000000000   2.2280682746880152E+03
     830.0000000000000000   2.2829644427351750E+03
     840.0000000000000000   2.3398808162388223E+03
     850.0000000000000000   2.3987235364872245E+03
     860.0000000000000000   2.4590746498572403E+03
     870.0000000000000000   2.5202176232413976E+03
     880.0000000000000000   2.5802885250173131E+03
     890.0000000000000000   2.6436300185084851E+03
     900.0000000000000000   2.7053900731371878E+03
     910.0000000000000000   2.7733940245971035E+03
     920.0000000000000000   2.8364418050151389E+03
     930.0000000000000000   2.9062205346127353E+03
     940.0000000000000000   2.9769074219636314E+03
     950.0000000000000000   3.0440377622568658E+03
     960.0000000000000000   3.1153693213887709E+03
     970.0000000000000000   3.1821900276726515E+03
     980.0000000000000000   3.2546655900259957E+03
     990.0000000000000000   3.3342972476386826E+03
    1000.0000000000000000   3.4115144921139454E+03
    1100.0000000000000000   4.2111444313772872E+03
    1200.0000000000000000   5.1420277457877746E+03
    1300.0000000000000000   6.1878631539275930E+03
    1400.0000000000000000   7.3583414949787493E+03
    1500.0000000000000000   8.6736808877123331E+03
    1600.0000000000000000   1.0116263371606468E+04
    1700.0000000000000000   1.1707166362640271E+04
    1800.0000000000000000   1.3434040541604050E+04
    1900.0000000000000000   1.5357928531909902E+04
    2000.0000000000000000   1.7384608490713275E+04
    2100.0000000000000000   1.9610941495399791E+04
    2200.0000000000000000   2.2010241214578240E+04
    2300.0000000000000000   2.4577196404318656E+04
    2400.0000000000000000   2.7315160584069949E+04
    2475.9989999999997963   2.9536841737353727E+04
    2476.0010000000002037   1.8639106070669157E+04
    2500.0000000000000000   1.9011930797326520E+04
    2600.0000000000000000   2.0768188722681007E+04
    2700.0000000000000000   2.2877456501117023E+04
    2800.0000000000000000   2.5110290204516230E+04
    2900.0000000000000000   2.7430043609708111E+04
    3000.0000000000000000   2.9891878598292875E+04
    3100.0000000000000000   3.2546955217472674E+04
    3200.0000000000000000   3.5335532156161345E+04
    3300.0000000000000000   3.8250796998813807E+04
    3400.0000000000000000   4.1212725902481528E+04
    3500.0000000000000000   4.4455051953306465E+04
    3541.9989999999997963   4.5750422220616463E+04
    3542.0010000000002037   1.9576897840500114E+04
    3600.0000000000000000   2.0334947116786716E+04
    3700.0000000000000000   2.1792317062268517E+04
    3731.9989999999997963   2.2295728767495828E+04
    3732.0010000000002037   1.7053634225727434E+04
    3800.0000000000000000   1.7864250458059403E+04
    3900.0000000000000000   1.9060574139193541E+04
    4000.0000000000000000   2.0378730470906754E+04
    4021.9990000000002510   2.0678743787718624E+04
    4022.0010000000006585   1.8296484937462668E+04
    4100.0000000000000000   1.9196815039562509E+04
    4200.0000000000000000   2.0383901846817014E+04
    4300.0000000000000000   2.1629266971989033E+04
    4400.0000000000000000   2.2909858093955034E+04
    4500.0000000000000000   2.4285208850520947E+04
    4600.0000000000000000   2.5680919727385681E+04
    4700.0000000000000000   2.7126758552632527E+04
    4800.0000000000000000   2.8702177951634414E+04
    4900.0000000000000000   3.0273316398509673E+04
    5000.0000000000000000   3.1875386766675088E+04
    5100.0000000000000000   3.3541591897719256E+04
    5200.0000000000000000   3.5286536115862255E+04
    5300.0000000000000000   3.7073972898003121E+04
    5400.0000000000000000   3.8942767886992100E+04
    5500.0000000000000000   4.0836503893236273E+04
    5600.0000000000000000   4.2744466441511482E+04
    5700.0000000000000000   4.4837279279787021E+04
    5800.0000000000000000   4.6937068508361823E+04
    5900.0000000000000000   4.9016740208101037E+04
    6000.0000000000000000   5.1232291959464383E+04
    6100.0000000000000000   5.3447269762778720E+04
    6200.0000000000000000   5.5889064782871545E+04
    6300.0000000000000000   5.8289450158270622E+04
    6400.0000000000000000   6.0738399790654614E+04
    6500.0000000000000000   6.3218937030496731E+04
    6600.0000000000000000   6.5822652074468031E+04
    6700.0000000000000000   6.8467790306219613E+04
    6800.0000000000000000   7.1219681667070443E+04
    6900.0000000000000000   7.4095165981025260E+04
    7000.0000000000000000   7.6890295981035699E+04
    7100.0000000000000000   7.9815613204020774E+04
    7200.0000000000000000   8.2932889839912474E+04
    7300.0000000000000000   8.6009657756914312E+04
    7400.0000000000000000   8.9420225638608608E+04
    7500.0000000000000000   9.2569519002074245E+04
    7600.0000000000000000   9.5811099838516602E+04
    7700.0000000000000000   9.9348727630012567E+04
    7800.0000000000000000   1.0285473795294475E+05
    7900.0000000000000000   1.0633356851679532E+05
    8000.0000000000000000   1.1016055135250167E+05
    8100.0000000000000000   1.1387412794624823E+05
    8200.0000000000000000   1.1759380634520866E+05
    8300.0000000000000000   1.2164482808613795E+05
    8400.0000000000000000   1.2569084090123295E+05
    8500.0000000000000000   1.2949556655718361E+05
    8600.0000000000000000   1.3388104575380217E+05
    8700.0000000000000000   1.3797654563700853E+05
    8800.0000000000000000   1.4234675245826604E+05
    8900.0000000000000000   1.4689914504085717E+05
    9000.0000000000000000   1.5125341181938269E+05
    9100.0000000000000000   1.5623085096746031E+05
    9200.0000000000000000   1.6049643448895225E+05
    9300.0000000000000000   1.6563548594997713E+05
    9400.0000000000000000   1.7040693067717692E+05
    9500.0000000000000000   1.7534327322257051E+05
    9600.0000000000000000   1.8038249252123485E+05
    9700.0000000000000000   1.8545037022342125E+05
    9800.0000000000000000   1.9108987957594969E+05
    9900.0000000000000000   1.9605783596752948E+05
   10000.0000000000000000   2.0169322145954805E+05
   11000.0000000000000000   2.6172982950281119E+05
   12000.0000000000000000   3.3298235729538271E+05
   13000.0000000000000000   4.1568976844830037E+05
   14000.0000000000000000   5.1017297194474755E+05
   15000.0000000000000000   6.1992876757784956E+05
   16000.0000000000000000   7.4226342641176388E+05
   17000.0000000000000000   8.7768350947691186E+05
   18000.0000000000000000   1.0319250849467363E+06
   19000.0000000000000000   1.2012788793793735E+06
   20000.0000000000000000   1.3893316318191069E+06
   21000.0000000000000000   1.5963945653592153E+06
   22000.0000000000000000   1.8201700433444900E+06
   23000.0000000000000000   2.0643453653517279E+06
   24000.0000000000000000   2.3303824804177703E+06
   25000.0000000000000000   2.6166159516186081E+06
   26000.0000000000000000   2.9312651210779115E+06
   26714.9989999999997963   3.1618615640773415E+06
   26715.0010000000002037   5.4060808079011296E+05
   27000.0000000000000000   5.5396678750765650E+05
   28000.0000000000000000   6.0874868644892890E+05
   29000.0000000000000000   6.6542217819092562E+05
   30000.0000000000000000   7.3106359883702477E+05
   31000.0000000000000000   7.9552023307031812E+05
   32000.0000000000000000   8.6657799876894616E+05
   33000.0000000000000000   9.3721104708415002E+05
   34000.0000000000000000   1.0155925129155004E+06
   35000.0000000000000000   1.0936003825649980E+06
   36000.0000000000000000   1.1812682268445385E+06
   37000.0000000000000000   1.2709132244488439E+06
   38000.0000000000000000   1.3663719989759785E+06
   39000.0000000000000000   1.4671779005597464E+06
   40000.0000000000000000   1.5704897009969342E+06
   41000.0000000000000000   1.6773384669422163E+06
   42000.0000000000000000   1.7913154799711404E+06
   43000.0000000000000000   1.9109047971567034E+06
   44000.0000000000000000   2.0358258838038475E+06
   45000.0000000000000000   2.1664341844193358E+06
   46000.0000000000000000   2.3033837153129522E+06
   47000.0000000000000000   2.4418828200229583E+06
   48000.0000000000000000   2.5859552189339790E+06
   49000.0000000000000000   2.7384455606588717E+06
   50000.0000000000000000   2.8940997180579845E+06
