       0.1000000000000000   1.0000000000000000E+30   0.0000000000000000E+00
       0.2000000000000000   1.0000000000000000E+30   0.0000000000000000E+00
       0.3000000000000000   1.0000000000000000E+30   0.0000000000000000E+00
       0.4000000000000000   1.0000000000000000E+30   0.0000000000000000E+00
       0.5000000000000000   1.0000000000000000E+30   0.0000000000000000E+00
       0.6000000000000000   1.0000000000000000E+30   0.0000000000000000E+00
       0.7000000000000000   1.0000000000000000E+30   0.0000000000000000E+00
       0.7999999999999999   1.0000000000000000E+30   0.0000000000000000E+00
       0.8999999999999999   1.0000000000000000E+30   0.0000000000000000E+00
       0.9999999999999999   1.0000000000000000E+30   0.0000000000000000E+00
       2.0000000000000000   1.0000000000000000E+30   0.0000000000000000E+00
       3.0000000000000000   1.0000000000000000E+30   0.0000000000000000E+00
       4.0000000000000000   1.0000000000000000E+30   0.0000000000000000E+00
       5.0000000000000000   1.0000000000000000E+30   0.0000000000000000E+00
       6.0000000000000000   1.0000000000000000E+30   0.0000000000000000E+00
       7.0000000000000000   1.0000000000000000E+30   0.0000000000000000E+00
       8.0000000000000000   1.0000000000000000E+30   0.0000000000000000E+00
       9.0000000000000000   1.0000000000000000E+30   0.0000000000000000E+00
      10.0000000000000000   1.0000000000000000E+30   0.0000000000000000E+00
      11.0000000000000000   1.0000000000000000E+30   0.0000000000000000E+00
      12.0000000000000000   1.0000000000000000E+30   0.0000000000000000E+00
      13.0000000000000000   1.0000000000000000E+30   0.0000000000000000E+00
      14.0000000000000000   1.0000000000000000E+30   0.0000000000000000E+00
      15.0000000000000000   1.0000000000000000E+30   0.0000000000000000E+00
      16.0000000000000000   1.0000000000000000E+30   0.0000000000000000E+00
      17.0000000000000000   1.0000000000000000E+30   0.0000000000000000E+00
      18.0000000000000000   1.0000000000000000E+30   0.0000000000000000E+00
      19.0000000000000000   1.0000000000000000E+30   0.0000000000000000E+00
      19.9989999999999988   1.0000000000000000E+30   0.0000000000000000E+00
      20.0000000000000000   1.0000000000000000E+30   0.0000000000000000E+00
      20.0010000000000012   1.0000000000000000E+30   0.0000000000000000E+00
      20.9989999999999988   1.0000000000000000E+30   0.0000000000000000E+00
      21.0000000000000000   1.0000000000000000E+30   0.0000000000000000E+00
      21.0010000000000012   1.0000000000000000E+30   0.0000000000000000E+00
      22.0000000000000000   1.0000000000000000E+30   0.0000000000000000E+00
      23.0000000000000000   1.0000000000000000E+30   0.0000000000000000E+00
      24.0000000000000000   1.0000000000000000E+30   0.0000000000000000E+00
      25.0000000000000000   1.0000000000000000E+30   0.0000000000000000E+00
      26.0000000000000000   1.0000000000000000E+30   0.0000000000000000E+00
      27.0000000000000000   1.0000000000000000E+30   0.0000000000000000E+00
      28.0000000000000000   1.0000000000000000E+30   0.0000000000000000E+00
      29.0000000000000000   1.0000000000000000E+30   0.0000000000000000E+00
      30.0000000000000000   1.0000000000000000E+30   0.0000000000000000E+00
      31.0000000000000000   1.0000000000000000E+30   0.0000000000000000E+00
      32.0000000000000000   1.0000000000000000E+30   0.0000000000000000E+00
      33.0000000000000000   1.0000000000000000E+30   0.0000000000000000E+00
      34.0000000000000000   1.0000000000000000E+30   0.0000000000000000E+00
      34.9990000000000023   1.0000000000000000E+30   0.0000000000000000E+00
      35.0000000000000000   1.0000000000000000E+30   0.0000000000000000E+00
      35.0009999999999977   1.0000000000000000E+30   0.0000000000000000E+00
      36.0000000000000000   1.0000000000000000E+30   0.0000000000000000E+00
      37.0000000000000000   1.0000000000000000E+30   0.0000000000000000E+00
      38.0000000000000000   1.0000000000000000E+30   0.0000000000000000E+00
      39.0000000000000000   1.0000000000000000E+30   0.0000000000000000E+00
      40.0000000000000000   1.0000000000000000E+30   0.0000000000000000E+00
      41.0000000000000000   1.0000000000000000E+30   0.0000000000000000E+00
      42.0000000000000000   1.0000000000000000E+30   0.0000000000000000E+00
      42.9990000000000023   1.0000000000000000E+30   0.0000000000000000E+00
      43.0000000000000000   1.0000000000000000E+30   0.0000000000000000E+00
      43.0009999999999977   1.0000000000000000E+30   0.0000000000000000E+00
      44.0000000000000000   1.0000000000000000E+30   0.0000000000000000E+00
      45.0000000000000000   1.0000000000000000E+30   0.0000000000000000E+00
      46.0000000000000000   1.0000000000000000E+30   0.0000000000000000E+00
      47.0000000000000000   1.0000000000000000E+30   0.0000000000000000E+00
      48.0000000000000000   1.0000000000000000E+30   0.0000000000000000E+00
      49.0000000000000000   1.0000000000000000E+30   0.0000000000000000E+00
      50.0000000000000000   1.0000000000000000E+30   0.0000000000000000E+00
      51.0000000000000000   1.0000000000000000E+30   0.0000000000000000E+00
      52.0000000000000000   1.0000000000000000E+30   0.0000000000000000E+00
      53.0000000000000000   1.0000000000000000E+30   0.0000000000000000E+00
      54.0000000000000000   1.0000000000000000E+30   0.0000000000000000E+00
      55.0000000000000000   1.0000000000000000E+30   0.0000000000000000E+00
      56.0000000000000000   1.0000000000000000E+30   0.0000000000000000E+00
      57.0000000000000000   1.0000000000000000E+30   0.0000000000000000E+00
      58.0000000000000000   1.0000000000000000E+30   0.0000000000000000E+00
      59.0000000000000000   1.0000000000000000E+30   0.0000000000000000E+00
      60.0000000000000000   1.0000000000000000E+30   0.0000000000000000E+00
      61.0000000000000000   1.0000000000000000E+30   0.0000000000000000E+00
      62.0000000000000000   1.0000000000000000E+30   0.0000000000000000E+00
      63.0000000000000000   1.0000000000000000E+30   0.0000000000000000E+00
      64.0000000000000000   1.0000000000000000E+30   0.0000000000000000E+00
      65.0000000000000000   1.0000000000000000E+30   0.0000000000000000E+00
      66.0000000000000000   1.0000000000000000E+30   0.0000000000000000E+00
      67.0000000000000000   1.0000000000000000E+30   0.0000000000000000E+00
      67.9989999999999952   1.0000000000000000E+30   0.0000000000000000E+00
      68.0000000000000000   1.0000000000000000E+30   0.0000000000000000E+00
      68.0010000000000048   1.0000000000000000E+30   0.0000000000000000E+00
      69.0000000000000000   1.0000000000000000E+30   0.0000000000000000E+00
      70.0000000000000000   1.0000000000000000E+30   0.0000000000000000E+00
      71.0000000000000000   1.0000000000000000E+30   0.0000000000000000E+00
      72.0000000000000000   1.0000000000000000E+30   0.0000000000000000E+00
      73.0000000000000000   1.0000000000000000E+30   0.0000000000000000E+00
      74.0000000000000000   1.0000000000000000E+30   0.0000000000000000E+00
      75.0000000000000000   1.0000000000000000E+30   0.0000000000000000E+00
      76.0000000000000000   1.0000000000000000E+30   0.0000000000000000E+00
      77.0000000000000000   1.0000000000000000E+30   0.0000000000000000E+00
      78.0000000000000000   1.0000000000000000E+30   0.0000000000000000E+00
      79.0000000000000000   1.0000000000000000E+30   0.0000000000000000E+00
      80.0000000000000000   1.0000000000000000E+30   0.0000000000000000E+00
      81.0000000000000000   1.0000000000000000E+30   0.0000000000000000E+00
      82.0000000000000000   1.0000000000000000E+30   0.0000000000000000E+00
      83.0000000000000000   1.0000000000000000E+30   0.0000000000000000E+00
      84.0000000000000000   1.0000000000000000E+30   0.0000000000000000E+00
      85.0000000000000000   1.0000000000000000E+30   0.0000000000000000E+00
      86.0000000000000000   1.0000000000000000E+30   0.0000000000000000E+00
      87.0000000000000000   1.0000000000000000E+30   0.0000000000000000E+00
      88.0000000000000000   1.0000000000000000E+30   0.0000000000000000E+00
      89.0000000000000000   1.0000000000000000E+30   0.0000000000000000E+00
      90.0000000000000000   1.0000000000000000E+30   0.0000000000000000E+00
      91.0000000000000000   1.0000000000000000E+30   0.0000000000000000E+00
      92.0000000000000000   1.0000000000000000E+30   0.0000000000000000E+00
      93.0000000000000000   1.0000000000000000E+30   0.0000000000000000E+00
      94.0000000000000000   1.0000000000000000E+30   0.0000000000000000E+00
      95.0000000000000000   1.0000000000000000E+30   0.0000000000000000E+00
      96.0000000000000000   1.0000000000000000E+30   0.0000000000000000E+00
      97.0000000000000000   1.0000000000000000E+30   0.0000000000000000E+00
      98.0000000000000000   1.0000000000000000E+30   0.0000000000000000E+00
      99.0000000000000000   1.0000000000000000E+30   0.0000000000000000E+00
     100.0000000000000000   1.0000000000000000E+30   0.0000000000000000E+00
     110.0000000000000000   1.0000000000000000E+30   0.0000000000000000E+00
     120.0000000000000000   1.0000000000000000E+30   0.0000000000000000E+00
     130.0000000000000000   1.0000000000000000E+30   0.0000000000000000E+00
     140.0000000000000000   1.0000000000000000E+30   0.0000000000000000E+00
     150.0000000000000000   1.0000000000000000E+30   0.0000000000000000E+00
     160.0000000000000000   1.0000000000000000E+30   0.0000000000000000E+00
     170.0000000000000000   1.0000000000000000E+30   0.0000000000000000E+00
     180.0000000000000000   1.0000000000000000E+30   0.0000000000000000E+00
     190.0000000000000000   1.0000000000000000E+30   0.0000000000000000E+00
     200.0000000000000000   1.0000000000000000E+30   0.0000000000000000E+00
     210.0000000000000000   1.0000000000000000E+30   0.0000000000000000E+00
     216.9989999999999952   1.0000000000000000E+30   0.0000000000000000E+00
     217.0010000000000048   1.0000000000000000E+30   0.0000000000000000E+00
     220.0000000000000000   1.0000000000000000E+30   0.0000000000000000E+00
     228.9989999999999952   1.0000000000000000E+30   0.0000000000000000E+00
     229.0010000000000048   1.0000000000000000E+30   0.0000000000000000E+00
     230.0000000000000000   1.0000000000000000E+30   0.0000000000000000E+00
     240.0000000000000000   1.0000000000000000E+30   0.0000000000000000E+00
     250.0000000000000000   1.0000000000000000E+30   0.0000000000000000E+00
     260.0000000000000000   1.0000000000000000E+30   0.0000000000000000E+00
     270.0000000000000000   1.0000000000000000E+30   0.0000000000000000E+00
     280.0000000000000000   1.0000000000000000E+30   0.0000000000000000E+00
     290.0000000000000000   1.0000000000000000E+30   0.0000000000000000E+00
     300.0000000000000000   1.0000000000000000E+30   0.0000000000000000E+00
     310.0000000000000000   1.0000000000000000E+30   0.0000000000000000E+00
     320.0000000000000000   1.0000000000000000E+30   0.0000000000000000E+00
     330.0000000000000000   1.0000000000000000E+30   0.0000000000000000E+00
     340.0000000000000000   1.0000000000000000E+30   0.0000000000000000E+00
     350.0000000000000000   1.0000000000000000E+30   0.0000000000000000E+00
     360.0000000000000000   1.0000000000000000E+30   0.0000000000000000E+00
     370.0000000000000000   1.0000000000000000E+30   0.0000000000000000E+00
     380.0000000000000000   1.0000000000000000E+30   0.0000000000000000E+00
     385.9990000000000236   1.0000000000000000E+30   0.0000000000000000E+00
     386.0009999999999764   1.0000000000000000E+30   0.0000000000000000E+00
     390.0000000000000000   1.0000000000000000E+30   0.0000000000000000E+00
     400.0000000000000000   1.0000000000000000E+30   0.0000000000000000E+00
     410.0000000000000000   1.0000000000000000E+30   0.0000000000000000E+00
     420.0000000000000000   1.0000000000000000E+30   0.0000000000000000E+00
     430.0000000000000000   1.0000000000000000E+30   0.0000000000000000E+00
     440.0000000000000000   1.0000000000000000E+30   0.0000000000000000E+00
     443.9990000000000236   1.0000000000000000E+30   0.0000000000000000E+00
     444.0009999999999764   1.2454281658643484E+12   3.5650390136460132E-10
     450.0000000000000000   1.3791246943552077E+07   3.2295545298967264E-05
     460.0000000000000000   3.1254364042906188E+06   1.4324312623264300E-04
     470.0000000000000000   1.4864582942344993E+06   3.0271499909913897E-04
     480.0000000000000000   9.0004750935004302E+05   5.0245062534910821E-04
     490.0000000000000000   6.1575386790612841E+05   7.3807014928043834E-04
     500.0000000000000000   4.5365466993815178E+05   1.0067064852665769E-03
     510.0000000000000000   3.5137266467807040E+05   1.3060631547460598E-03
     520.0000000000000000   2.8216723608037754E+05   1.6342273732248265E-03
     530.0000000000000000   2.3288966605523115E+05   1.9894825036277735E-03
     540.0000000000000000   1.9640010279753941E+05   2.3703164612051491E-03
     541.9990000000000236   1.9023665304550869E+05   2.4494229096476612E-03
     542.0009999999999764   1.9023078686189099E+05   2.4495007418595190E-03
     550.0000000000000000   1.6852305639464673E+05   2.7754582524866099E-03
     560.0000000000000000   1.4668913195700350E+05   3.2035423323192717E-03
     570.0000000000000000   1.2922832532587629E+05   3.6533799011482021E-03
     580.0000000000000000   1.1501916694199701E+05   4.1237926757101825E-03
     590.0000000000000000   1.0327961032517269E+05   4.6137958878087566E-03
     600.0000000000000000   9.3456737688507521E+04   5.1222330548808441E-03
     610.0000000000000000   8.5142177170609037E+04   5.6482556748006889E-03
     620.0000000000000000   7.8035768365599986E+04   6.1907949118804456E-03
     630.0000000000000000   7.1907415453055888E+04   6.7490031262153532E-03
     640.0000000000000000   6.6580955017850138E+04   7.3219877812808918E-03
     650.0000000000000000   6.1919232632192528E+04   7.9088111665513803E-03
     660.0000000000000000   5.7812532382374353E+04   8.5087334796563070E-03
     670.0000000000000000   5.4173906786819512E+04   9.1209249465511455E-03
     680.0000000000000000   5.0933115229935313E+04   9.7445804138444215E-03
     690.0000000000000000   4.8032718468845647E+04   1.0378925875959278E-02
     700.0000000000000000   4.5425512007037214E+04   1.1023196710421597E-02
     710.0000000000000000   4.3072518559189550E+04   1.1676595518362129E-02
     720.0000000000000000   4.0940467194532546E+04   1.2338550004377393E-02
     730.0000000000000000   3.9002498468688718E+04   1.3008155530999467E-02
     740.0000000000000000   3.7234931619713519E+04   1.3684833942721112E-02
     750.0000000000000000   3.5618131655783982E+04   1.4367825118096544E-02
     760.0000000000000000   3.4135103067230120E+04   1.5056468303662201E-02
     770.0000000000000000   3.2771174970057094E+04   1.5750131652717027E-02
     780.0000000000000000   3.1513832182729082E+04   1.6448117133210153E-02
     790.0000000000000000   3.0352131701125159E+04   1.7149778968065459E-02
     800.0000000000000000   2.9276462166083340E+04   1.7854520154091183E-02
     810.0000000000000000   2.8278490098407012E+04   1.8561715278032655E-02
     820.0000000000000000   2.7350877328607708E+04   1.9270754807766619E-02
     830.0000000000000000   2.6487186552601979E+04   1.9981023282349651E-02
     840.0000000000000000   2.5681630124336523E+04   2.0691984087589661E-02
     850.0000000000000000   2.4929128909944746E+04   2.1403071760005884E-02
     860.0000000000000000   2.4225154669350461E+04   2.2113742360155595E-02
     870.0000000000000000   2.3565652330199657E+04   2.2823472471908853E-02
     880.0000000000000000   2.2947005677245448E+04   2.3531753024737600E-02
     890.0000000000000000   2.2365955825333578E+04   2.4238082903873508E-02
     900.0000000000000000   2.1819556965930580E+04   2.4942018890376179E-02
     910.0000000000000000   2.1305176498023418E+04   2.5643078277659406E-02
     920.0000000000000000   2.0820388533159181E+04   2.6340873626402739E-02
     930.0000000000000000   2.0363064697191348E+04   2.7034934249150214E-02
     940.0000000000000000   1.9931197335435096E+04   2.7724915803080528E-02
     950.0000000000000000   1.9523005575656931E+04   2.8410419606601334E-02
     960.0000000000000000   1.9136847809342933E+04   2.9091097793363250E-02
     970.0000000000000000   1.8771228464892571E+04   2.9766611113322110E-02
     980.0000000000000000   1.8424764023224452E+04   3.0436669451211693E-02
     990.0000000000000000   1.8096215537413682E+04   3.1100941018582892E-02
    1000.0000000000000000   1.7784414638717597E+04   3.1759179353617495E-02
    1100.0000000000000000   1.5389723127926727E+04   3.7962096365547635E-02
    1200.0000000000000000   1.3883418071696311E+04   4.3386126641371654E-02
    1300.0000000000000000   1.2900332446294264E+04   4.7999079864996588E-02
    1400.0000000000000000   1.2245468087397356E+04   5.1845844381138283E-02
    1500.0000000000000000   1.1807078938651552E+04   5.5006739750621911E-02
    1600.0000000000000000   1.1517445710619131E+04   5.7572342787163631E-02
    1664.9990000000000236   1.1387918996238630E+04   5.8962643843738477E-02
    1665.0009999999999764   1.1387915605593604E+04   5.8962683551017442E-02
    1700.0000000000000000   1.1333598800718370E+04   5.9630426189670994E-02
    1719.9990000000000236   1.1306845445572228E+04   5.9988278942664466E-02
    1720.0009999999999764   1.1306842918743447E+04   5.9988313887507680E-02
    1800.0000000000000000   1.1227177399029335E+04   6.1260321567693878E-02
    1900.0000000000000000   1.1178835012096357E+04   6.2531020897129169E-02
    2000.0000000000000000   1.1174978779844563E+04   6.3501365950888913E-02
    2100.0000000000000000   1.1205822324302666E+04   6.4220884431204175E-02
    2112.9989999999997963   1.1211980787865528E+04   6.4298242959478169E-02
    2113.0010000000002037   1.1211981770754632E+04   6.4298254590792525E-02
    2200.0000000000000000   1.1264157853828770E+04   6.4731051505661483E-02
    2300.0000000000000000   1.1344575835820428E+04   6.5066466971870782E-02
    2368.9989999999997963   1.1410737035597973E+04   6.5211305806640529E-02
    2369.0010000000002037   1.1410739066208651E+04   6.5211309078613069E-02
    2400.0000000000000000   1.1442943337791945E+04   6.5255991164207092E-02
    2500.0000000000000000   1.1556056549035198E+04   6.5323683602425006E-02
    2600.0000000000000000   1.1681395225027549E+04   6.5289647361325642E-02
    2603.9989999999997963   1.1686631925980106E+04   6.5286418391499540E-02
    2604.0010000000002037   1.1686634549205264E+04   6.5286416741638584E-02
    2700.0000000000000000   1.1816954758535336E+04   6.5170686799093325E-02
    2800.0000000000000000   1.1961121072707598E+04   6.4980891123596896E-02
    2900.0000000000000000   1.2112582772916019E+04   6.4732088748410577E-02
    3000.0000000000000000   1.2270263652828116E+04   6.4434237028316410E-02
    3100.0000000000000000   1.2433273381323135E+04   6.4095735183063787E-02
    3200.0000000000000000   1.2600870410386382E+04   6.3723676738286023E-02
    3300.0000000000000000   1.2772432101524015E+04   6.3324069465518232E-02
    3400.0000000000000000   1.2947432696120310E+04   6.2902007277763447E-02
    3500.0000000000000000   1.3125425443221551E+04   6.2461816136390284E-02
    3600.0000000000000000   1.3306028530212126E+04   6.2007178611843496E-02
    3700.0000000000000000   1.3488914453796797E+04   6.1541225863680056E-02
    3800.0000000000000000   1.3673800386986817E+04   6.1066629395268267E-02
    3900.0000000000000000   1.3860441655389262E+04   6.0585664991721584E-02
    4000.0000000000000000   1.4048625122809923E+04   6.0100276173411279E-02
    4100.0000000000000000   1.4238164982364526E+04   5.9612118206853373E-02
    4200.0000000000000000   1.4428898193786792E+04   5.9122605147878038E-02
    4300.0000000000000000   1.4620681633562923E+04   5.8632940249253196E-02
    4400.0000000000000000   1.4813389085485021E+04   5.8144148392093080E-02
    4500.0000000000000000   1.5006908723969256E+04   5.7657102362473879E-02
    4600.0000000000000000   1.5201141836492336E+04   5.7172538392265895E-02
    4700.0000000000000000   1.5396000307462804E+04   5.6691082898674257E-02
    4800.0000000000000000   1.5591405810210506E+04   5.6213262243280861E-02
    4900.0000000000000000   1.5787288408825003E+04   5.5739517923500854E-02
    5000.0000000000000000   1.5983585488165480E+04   5.5270218447418168E-02
    5100.0000000000000000   1.6175456658127496E+04   5.4870417824932356E-02
    5200.0000000000000000   1.6368593283891143E+04   5.4465275443894061E-02
    5300.0000000000000000   1.6561528104874673E+04   5.4069431836734648E-02
    5400.0000000000000000   1.6754264748352947E+04   5.3682548456299321E-02
    5500.0000000000000000   1.6965037829382982E+04   5.3115388659252798E-02
    5600.0000000000000000   1.7157045330395194E+04   5.2749528091086455E-02
    5700.0000000000000000   1.7348873264531383E+04   5.2391562673957372E-02
    5800.0000000000000000   1.7558005852267001E+04   5.1863498003975897E-02
    5900.0000000000000000   1.7749156988780793E+04   5.1524173873905676E-02
    6000.0000000000000000   1.7957226838526400E+04   5.1020800462753604E-02
    6100.0000000000000000   1.8147737526988050E+04   5.0698648725488529E-02
    6200.0000000000000000   1.8354786954711581E+04   5.0218145146521551E-02
    6300.0000000000000000   1.8544692033795280E+04   4.9911846788323021E-02
    6400.0000000000000000   1.8750762042021801E+04   4.9452568019561022E-02
    6500.0000000000000000   1.8940094916484271E+04   4.9160933899173156E-02
    6600.0000000000000000   1.9145224979978029E+04   4.8721391233813138E-02
    6700.0000000000000000   1.9334017180365947E+04   4.8443349658164221E-02
    6800.0000000000000000   1.9538245259909050E+04   4.8022191902831954E-02
    6900.0000000000000000   1.9726526589040743E+04   4.7756773461620682E-02
    7000.0000000000000000   1.9929888859467741E+04   4.7352773137576673E-02
    7100.0000000000000000   2.0132794021341291E+04   4.6958008237359100E-02
    7200.0000000000000000   2.0320218260714490E+04   4.6711138665436205E-02
    7300.0000000000000000   2.0522308887722338E+04   4.6331830868194097E-02
    7400.0000000000000000   2.0723966926512934E+04   4.5960878139129475E-02
    7500.0000000000000000   2.0925199942677536E+04   4.5597996082994662E-02
    7600.0000000000000000   2.1111491787038245E+04   4.5373674194233764E-02
    7700.0000000000000000   2.1311973245997349E+04   4.5024285574925715E-02
    7800.0000000000000000   2.1512052165017536E+04   4.4682232855682576E-02
    7900.0000000000000000   2.1711735534902298E+04   4.4347276950084877E-02
    8000.0000000000000000   2.1897006411975268E+04   4.4142546697029529E-02
    8100.0000000000000000   2.2095995258080016E+04   4.3819444427984168E-02
    8200.0000000000000000   2.2294608985853964E+04   4.3502821518221914E-02
    8300.0000000000000000   2.2492853980105665E+04   4.3192475973904389E-02
    8400.0000000000000000   2.2690736508650254E+04   4.2888214057416267E-02
    8500.0000000000000000   2.2888262675708880E+04   4.2589850203511172E-02
    8600.0000000000000000   2.3085438478669352E+04   4.2297206203718553E-02
    8700.0000000000000000   2.3268964118757754E+04   4.2122352520050789E-02
    8800.0000000000000000   2.3465533008824845E+04   4.1839234626380652E-02
    8900.0000000000000000   2.3661768829481884E+04   4.1561375635083220E-02
    9000.0000000000000000   2.3857677104129772E+04   4.1288622691092070E-02
    9100.0000000000000000   2.4053263092969541E+04   4.1020829935307895E-02
    9200.0000000000000000   2.4248532086911462E+04   4.0757856074995491E-02
    9300.0000000000000000   2.4443489151231250E+04   4.0499565947422496E-02
    9400.0000000000000000   2.4638139270892072E+04   4.0245829299334054E-02
    9500.0000000000000000   2.4832487368849033E+04   3.9996520403090333E-02
    9563.9989999999997963   2.4952200609304404E+04   3.9875557663177727E-02
    9564.0010000000002037   2.4952204740083860E+04   3.9875550749346074E-02
    9600.0000000000000000   2.5026538203337012E+04   3.9751518662051018E-02
    9700.0000000000000000   2.5220296450272384E+04   3.9510707641085427E-02
    9800.0000000000000000   2.5413766670205678E+04   3.9273975310740360E-02
    9900.0000000000000000   2.5606953341046064E+04   3.9041213510421363E-02
   10000.0000000000000000   2.5799860836698295E+04   3.8812318002553560E-02
   10741.9989999999997963   2.7227830752605703E+04   3.7188131474260595E-02
   10742.0010000000002037   2.7227834803397345E+04   3.7188125677454838E-02
   11000.0000000000000000   2.7726026419019741E+04   3.6629178072565306E-02
   11274.9989999999997963   2.8256633415291875E+04   3.6046518731328581E-02
   11275.0010000000002037   2.8256637434689121E+04   3.6046513358784345E-02
   12000.0000000000000000   2.9627099691443607E+04   3.4757169233416360E-02
   13000.0000000000000000   3.1527287800794329E+04   3.2988112784608586E-02
   14000.0000000000000000   3.3406190214585760E+04   3.1440695819629778E-02
   15000.0000000000000000   3.5265968560625013E+04   3.0074410425470693E-02
   16000.0000000000000000   3.7108466408652414E+04   2.8858178712878751E-02
   17000.0000000000000000   3.8953839755700916E+04   2.7660354763482081E-02
   18000.0000000000000000   4.0774608684499814E+04   2.6632572972119298E-02
   19000.0000000000000000   4.2590456050602079E+04   2.5653367431931074E-02
   20000.0000000000000000   4.4393068566180504E+04   2.4762204210342548E-02
   21000.0000000000000000   4.6183357452561882E+04   2.3947400400714570E-02
   22000.0000000000000000   4.7962138625312691E+04   2.3199271083884778E-02
   23000.0000000000000000   4.9738323567613334E+04   2.2470831683032370E-02
   24000.0000000000000000   5.1504059666726396E+04   2.1797609019921033E-02
   25000.0000000000000000   5.3259938565056334E+04   2.1173366392434476E-02
   26000.0000000000000000   5.5006487227223231E+04   2.0592832998683277E-02
   27000.0000000000000000   5.6744190150076371E+04   2.0051467351815049E-02
   28000.0000000000000000   5.8473497364763134E+04   1.9545320133159978E-02
   29000.0000000000000000   6.0202301997918607E+04   1.9040443232816406E-02
   30000.0000000000000000   6.1923271168475832E+04   1.8566590485135002E-02
   31000.0000000000000000   6.3629433930543571E+04   1.8149268105264429E-02
   32000.0000000000000000   6.5335853195526659E+04   1.7728186338181635E-02
   33000.0000000000000000   6.7035398410583395E+04   1.7330634723699303E-02
   34000.0000000000000000   6.8728350959959847E+04   1.6954625605375469E-02
   35000.0000000000000000   7.0414972476800904E+04   1.6598394343010376E-02
   36000.0000000000000000   7.2095499194873337E+04   1.6260394954308716E-02
   37000.0000000000000000   7.3776951948074784E+04   1.5915787314744703E-02
   38000.0000000000000000   7.5445860821746362E+04   1.5610849183114202E-02
   39000.0000000000000000   7.7116076499800343E+04   1.5297860120790933E-02
   40000.0000000000000000   7.8774107646369186E+04   1.5021465267895259E-02
   41000.0000000000000000   8.0433766436179867E+04   1.4735932808383078E-02
   42000.0000000000000000   8.2081647948110331E+04   1.4484157225567080E-02
   43000.0000000000000000   8.3731369231284261E+04   1.4222609643403465E-02
   44000.0000000000000000   8.5376322505915363E+04   1.3972169135629766E-02
   45000.0000000000000000   8.7010089392282360E+04   1.3751768399735374E-02
   46000.0000000000000000   8.8645971108101585E+04   1.3520975215958289E-02
   47000.0000000000000000   9.0277491809136030E+04   1.3299331728273977E-02
   48000.0000000000000000   9.1904759187968288E+04   1.3086324349552605E-02
   49000.0000000000000000   9.3527890140642194E+04   1.2881440605719897E-02
   50000.0000000000000000   9.5146992297470031E+04   1.2684216186518302E-02
   65349.9990000000107102   1.1958097854168812E+05   1.0322416989408315E-02
   65350.0010000000038417   1.1958098169396190E+05   1.0322416711269058E-02
