       0.0010000000000000   1.0000000000000000E+30   0.0000000000000000E+00
       0.1000000000000000   1.0854629669928883E+01   2.4609822865474511E-03
       0.2000000000000000   9.8415952582361328E+00   4.8460739823695202E-03
       0.3000000000000000   9.4987913125046024E+00   7.2283635998038644E-03
       0.4000000000000000   9.3229335213356528E+00   9.6264518508585566E-03
       0.5000000000000000   9.2095900354042683E+00   1.2061276396424910E-02
       0.6000000000000000   9.3287399108495190E+00   1.3813848094449421E-02
       0.7000000000000000   9.2305731910842095E+00   1.6338283023651270E-02
       0.7999999999999999   9.3065997366252162E+00   1.8174932422370973E-02
       0.8999999999999999   9.2172801451621140E+00   2.0819768369845920E-02
       0.9999999999999999   9.2673605550630640E+00   2.2763202718220764E-02
       2.0000000000000000   9.4096118264281081E+00   4.4151279295521352E-02
       3.0000000000000000   9.5642025112791824E+00   6.5078246311332882E-02
       4.0000000000000000   9.7054021007320692E+00   8.5545974255848450E-02
       5.0000000000000000   9.8756815079823674E+00   1.0441072055421094E-01
       6.0000000000000000   9.9494630053530564E+00   1.2493648981791107E-01
       7.0000000000000000   1.0050233697566281E+01   1.4400767618875221E-01
       8.0000000000000000   1.0080095625920013E+01   1.6500832723004147E-01
       9.0000000000000000   1.0134920104151965E+01   1.8462753827892142E-01
      10.0000000000000000   1.0098320305530667E+01   2.0811695397910190E-01
      11.0000000000000000   1.0122111329355629E+01   2.2858214279356281E-01
      12.0000000000000000   1.0150619593656426E+01   2.4838409925231428E-01
      13.0000000000000000   1.0123989684027720E+01   2.7118610236413676E-01
      14.0000000000000000   1.0049532411287919E+01   2.9732401777265538E-01
      15.0000000000000000   1.0072710670950659E+01   3.1670669113770017E-01
      16.0000000000000000   9.9894872474999215E+00   3.4402301510781186E-01
      17.0000000000000000   9.9439848133208368E+00   3.6871175194111261E-01
      18.0000000000000000   9.9403614396707241E+00   3.8973133328816062E-01
      19.0000000000000000   9.8402847581026851E+00   4.1980134390721435E-01
      20.0000000000000000   9.7879502446781697E+00   4.4572670238180262E-01
      21.0000000000000000   9.7148015643406236E+00   4.7418481944435587E-01
      22.0000000000000000   9.6940500830394232E+00   4.9697117381467165E-01
      23.0000000000000000   9.5848981777165694E+00   5.3053440133984719E-01
      24.0000000000000000   9.5315268489455818E+00   5.5775820663836440E-01
      25.0000000000000000   9.4639965347647106E+00   5.8718348773909146E-01
      26.0000000000000000   9.3834669024973270E+00   6.1896047154626055E-01
      27.0000000000000000   9.2910632493684755E+00   6.5324939639071078E-01
      28.0000000000000000   9.2591641140733465E+00   6.7848240958578387E-01
      29.0000000000000000   9.1456923495854312E+00   7.1763482540777335E-01
      30.0000000000000000   9.0943669251271988E+00   7.4680452636415173E-01
      31.0000000000000000   8.9632804425625778E+00   7.9144268352835645E-01
      32.0000000000000000   8.8953979883495133E+00   8.2505475858447408E-01
      33.0000000000000000   8.8202112553463596E+00   8.6076189981122930E-01
      34.0000000000000000   8.7382508999517832E+00   8.9868133356062174E-01
      35.0000000000000000   8.6500444631922822E+00   9.3893451406012662E-01
      36.0000000000000000   8.5561125457477054E+00   9.8164823783290289E-01
      37.0000000000000000   8.5269165789790407E+00   1.0089780618886048E+00
      38.0000000000000000   8.4224698457882692E+00   1.0561604056917437E+00
      39.0000000000000000   8.3136503442454899E+00   1.1061879848224603E+00
      40.0000000000000000   8.2700193402872664E+00   1.1387649231896848E+00
      41.0000000000000000   8.1530623324228468E+00   1.1939558496266851E+00
      42.0000000000000000   8.1014507976292425E+00   1.2302332292012710E+00
      43.0000000000000000   8.0463018743523929E+00   1.2681036469234268E+00
      44.0000000000000000   7.9193572278251185E+00   1.3313906395467219E+00
      45.0000000000000000   7.8578592368330877E+00   1.3734546611500764E+00
      46.0000000000000000   7.7935218417015699E+00   1.4173216046080934E+00
      47.0000000000000000   7.7265507276357654E+00   1.4630549907843544E+00
      48.0000000000000000   7.6571566203761972E+00   1.5107164283931072E+00
      49.0000000000000000   7.5190033394917464E+00   1.5889500097725933E+00
      50.0000000000000000   7.4457299499444769E+00   1.6416480254690979E+00
      51.0000000000000000   7.3706845914446015E+00   1.6964955922509410E+00
      52.0000000000000000   7.3593309943337433E+00   1.7219316902022210E+00
      53.0000000000000000   7.2808017978897865E+00   1.7801906227854056E+00
      54.0000000000000000   7.2010336985980485E+00   1.8407509721647834E+00
      55.0000000000000000   7.1202176976644038E+00   1.9036685699188003E+00
      56.0000000000000000   7.0385440860450714E+00   1.9689949389635419E+00
      57.0000000000000000   6.9562018197639031E+00   2.0367765500013482E+00
      58.0000000000000000   6.9357066941781707E+00   2.0691111392945007E+00
      59.0000000000000000   6.8517614868291394E+00   2.1407268168452478E+00
      60.0000000000000000   6.7676539978522401E+00   2.2148878038988453E+00
      61.0000000000000000   6.6835651257823399E+00   2.2916161564686526E+00
      62.0000000000000000   6.6594351945680526E+00   2.3286128091544946E+00
      63.0000000000000000   6.5749130055698437E+00   2.4092783930072788E+00
      64.0000000000000000   6.5496099196311972E+00   2.4482376081122634E+00
      65.0000000000000000   6.4651703642968874E+00   2.5328190178397927E+00
      66.0000000000000000   6.4390445050050014E+00   2.5737015044542422E+00
      67.0000000000000000   6.3551859025819377E+00   2.6621293968248092E+00
      68.0000000000000000   6.3285726558765880E+00   2.7048689872142115E+00
      69.0000000000000000   6.2457690911350232E+00   2.7970224068543477E+00
      70.0000000000000000   6.2189882724357615E+00   2.8415227268806906E+00
      71.0000000000000000   6.1376842936854450E+00   2.9372266390693382E+00
      72.0000000000000000   6.1110359690534413E+00   2.9833604603761033E+00
      73.0000000000000000   6.0316380916776486E+00   3.0823873193881801E+00
      74.0000000000000000   6.0054000959875617E+00   3.1299965507172791E+00
      75.0000000000000000   5.9792656248940892E+00   3.1779804017791471E+00
      76.0000000000000000   5.9026970472437545E+00   3.2809654094771195E+00
      77.0000000000000000   5.8773136493041518E+00   3.3301660700525457E+00
      78.0000000000000000   5.8521569584224853E+00   3.3796389826888391E+00
      79.0000000000000000   5.8272576073736406E+00   3.4293549946662250E+00
      80.0000000000000000   5.7549242063643282E+00   3.5363199820140632E+00
      81.0000000000000000   5.7311305672857200E+00   3.5868692239669984E+00
      82.0000000000000000   5.7076888461500559E+00   3.6375465853891265E+00
      83.0000000000000000   5.6846206994602309E+00   3.6883220801563001E+00
      84.0000000000000000   5.6173040088456467E+00   3.7980475637222764E+00
      85.0000000000000000   5.5955979769367801E+00   3.8492379944847341E+00
      86.0000000000000000   5.5743316671796483E+00   3.9004071260629867E+00
      87.0000000000000000   5.5535186068502389E+00   3.9515262077944131E+00
      88.0000000000000000   5.5331722339924978E+00   4.0025651608648563E+00
      89.0000000000000000   5.5133038368409766E+00   4.0534953230167918E+00
      90.0000000000000000   5.4536271020141411E+00   4.1647795954024938E+00
      91.0000000000000000   5.4353287816653646E+00   4.2155368082856670E+00
      92.0000000000000000   5.4175365444087680E+00   4.2660764883852176E+00
      93.0000000000000000   5.4002558126908804E+00   4.3163728046348737E+00
      94.0000000000000000   5.3834905687853611E+00   4.3664012972684461E+00
      95.0000000000000000   5.3672437883085067E+00   4.4161381649395279E+00
      96.0000000000000000   5.3515170418320954E+00   4.4655613520155537E+00
      97.0000000000000000   5.3363117616453968E+00   4.5146484662111801E+00
      98.0000000000000000   5.3216276982178021E+00   4.5633793675079755E+00
      99.0000000000000000   5.3074642244532031E+00   4.6117342303500095E+00
     100.0000000000000000   5.2938196524998418E+00   4.6596947105068294E+00
     110.0000000000000000   5.1851310676993307E+00   5.1142713522845229E+00
     120.0000000000000000   5.1718161363420618E+00   5.4049668789069587E+00
     130.0000000000000000   5.1618826977552237E+00   5.7061539533482257E+00
     140.0000000000000000   5.2162836660328677E+00   5.8630896509295498E+00
     150.0000000000000000   5.2836004334421025E+00   5.9912417259662325E+00
     160.0000000000000000   5.3771858002418567E+00   6.0515653016284956E+00
     170.0000000000000000   5.4770156241919441E+00   6.0960316585358649E+00
     180.0000000000000000   5.5821547880556457E+00   6.1271431579190079E+00
     190.0000000000000000   5.6918370538679488E+00   6.1470061092037502E+00
     200.0000000000000000   5.8165477711299678E+00   6.1242299078003795E+00
     210.0000000000000000   5.9430578681869424E+00   6.0973714521374767E+00
     220.0000000000000000   6.0810777339348396E+00   6.0375455179595461E+00
     230.0000000000000000   6.2098900108806907E+00   6.0064122759718472E+00
     240.0000000000000000   6.3488605146217632E+00   5.9463710583441642E+00
     250.0000000000000000   6.4879838429733638E+00   5.8872526180558618E+00
     260.0000000000000000   6.6272187846901920E+00   5.8291503971201024E+00
     270.0000000000000000   6.7665327653875398E+00   5.7721268675764703E+00
     280.0000000000000000   6.9058995701247827E+00   5.7162217605972145E+00
     287.9990000000000236   7.0262007384849854E+00   5.6465836879954621E+00
     288.0009999999999764   7.0262344660205818E+00   5.6465558230246291E+00
     290.0000000000000000   7.0525560133285969E+00   5.6401961213764693E+00
     300.0000000000000000   7.1916563808755267E+00   5.5874819754055238E+00
     310.0000000000000000   7.3375257672868051E+00   5.5162640643562968E+00
     320.0000000000000000   7.4829217585021910E+00   5.4476483667053186E+00
     330.0000000000000000   7.6278603515997911E+00   5.3814893082917692E+00
     340.0000000000000000   7.7723575086486401E+00   5.3176508507599269E+00
     350.0000000000000000   7.9164288697450020E+00   5.2560062132516805E+00
     360.0000000000000000   8.0600896041750900E+00   5.1964373408514657E+00
     370.0000000000000000   8.2033543576704133E+00   5.1388342268007090E+00
     380.0000000000000000   8.3518683474248370E+00   5.0677121915856995E+00
     390.0000000000000000   8.4942262338476819E+00   5.0142268057491766E+00
     400.0000000000000000   8.6416329508686101E+00   4.9479146074308833E+00
     410.0000000000000000   8.7831500031950345E+00   4.8980956712312560E+00
     420.0000000000000000   8.9295205679120802E+00   4.8360868405301005E+00
     430.0000000000000000   9.0702569118674532E+00   4.7895470939427751E+00
     440.0000000000000000   9.2156567075949791E+00   4.7314047359328590E+00
     450.0000000000000000   9.3605584892578868E+00   4.6752140225481860E+00
     460.0000000000000000   9.5049773147670731E+00   4.6208725075648456E+00
     470.0000000000000000   9.6441754105303659E+00   4.5802687829480613E+00
     480.0000000000000000   9.7877401361854712E+00   4.5290589484006549E+00
     490.0000000000000000   9.9308629881657566E+00   4.4794431820251086E+00
     500.0000000000000000   1.0073556722192128E+01   4.4313435182782150E+00
     510.0000000000000000   1.0215833551566110E+01   4.3846871408177970E+00
     520.0000000000000000   1.0357705205129113E+01   4.3394058912802453E+00
     530.0000000000000000   1.0499182922523609E+01   4.2954359526205339E+00
     540.0000000000000000   1.0640277483369845E+01   4.2527174965070786E+00
     550.0000000000000000   1.0785216379574679E+01   4.2012146300470130E+00
     560.0000000000000000   1.0925511404245551E+01   4.1610435108540607E+00
     570.0000000000000000   1.1065453787261900E+01   4.1219577340114322E+00
     580.0000000000000000   1.1205052687763112E+01   4.0839109487181249E+00
     590.0000000000000000   1.1348335038517641E+01   4.0376517466145136E+00
     600.0000000000000000   1.1487211037440353E+01   4.0017365006593977E+00
     610.0000000000000000   1.1625769623290214E+01   3.9667303326684218E+00
     620.0000000000000000   1.1767903108859244E+01   3.9238966224651977E+00
     630.0000000000000000   1.1905789340658423E+01   3.8907660889841460E+00
     640.0000000000000000   1.2043381374170167E+01   3.8584357770887570E+00
     650.0000000000000000   1.2184439048497886E+01   3.8186347070760100E+00
     660.0000000000000000   1.2321404042233626E+01   3.7879642681545636E+00
     670.0000000000000000   1.2461777619077521E+01   3.7500391502120096E+00
     680.0000000000000000   1.2598143444716257E+01   3.7209002500180923E+00
     690.0000000000000000   1.2737860141142511E+01   3.6847128305211787E+00
     700.0000000000000000   1.2873652803946076E+01   3.6569902427322498E+00
     710.0000000000000000   1.3012738155105229E+01   3.6224158829829438E+00
     720.0000000000000000   1.3147981962693068E+01   3.5960058155443857E+00
     730.0000000000000000   1.3286459979059854E+01   3.5629317894758290E+00
     740.0000000000000000   1.3424636267410845E+01   3.5306211947272188E+00
     750.0000000000000000   1.3559070905160622E+01   3.5060646725141091E+00
     760.0000000000000000   1.3696673111152707E+01   3.4751018919963479E+00
     770.0000000000000000   1.3833989266112852E+01   3.4448274860123709E+00
     780.0000000000000000   1.3967662230727022E+01   3.4219334729971922E+00
     790.0000000000000000   1.4104434753876610E+01   3.3928747574831641E+00
     800.0000000000000000   1.4240935635370256E+01   3.3644391129247273E+00
     810.0000000000000000   1.4377169362143624E+01   3.3366059399119323E+00
     820.0000000000000000   1.4509875414801469E+01   3.3157072198497004E+00
     830.0000000000000000   1.4645602227727215E+01   3.2889382003898948E+00
     840.0000000000000000   1.4781074803303285E+01   3.2627170838940955E+00
     850.0000000000000000   1.4916297169056609E+01   3.2370265757834740E+00
     860.0000000000000000   1.5051273260462480E+01   3.2118501012796412E+00
     870.0000000000000000   1.5182853814710523E+01   3.1931189914249005E+00
     880.0000000000000000   1.5317363582412064E+01   3.1688503282086713E+00
     890.0000000000000000   1.5451638405082171E+01   3.1450516458246960E+00
     900.0000000000000000   1.5585681833793622E+01   3.1217088885640880E+00
     910.0000000000000000   1.5719497331758951E+01   3.0988085691092171E+00
     920.0000000000000000   1.5853088283721341E+01   3.0763377279140265E+00
     930.0000000000000000   1.5986457991141419E+01   3.0542839182266284E+00
     940.0000000000000000   1.6119609675044156E+01   3.0326351833860854E+00
     950.0000000000000000   1.6252546489229371E+01   3.0113800128532291E+00
     960.0000000000000000   1.6385271511754578E+01   2.9905073397117872E+00
     970.0000000000000000   1.6517787745879950E+01   2.9700065214668747E+00
     980.0000000000000000   1.6650098127313058E+01   2.9498673108912343E+00
     990.0000000000000000   1.6779270986199606E+01   2.9352376916582403E+00
    1000.0000000000000000   1.6911193685179846E+01   2.9157360337578511E+00
    1100.0000000000000000   1.8222749180102564E+01   2.7331426451474785E+00
    1200.0000000000000000   1.9516672933782367E+01   2.5773894765020038E+00
    1300.0000000000000000   2.0797479725590279E+01   2.4389589418037225E+00
    1400.0000000000000000   2.2066493559659250E+01   2.3145741387693621E+00
    1500.0000000000000000   2.3322435350416381E+01   2.2050384845656490E+00
    1600.0000000000000000   2.4566458900499921E+01   2.1077716336722081E+00
    1700.0000000000000000   2.5801794597342166E+01   2.0178875396979956E+00
    1800.0000000000000000   2.7026915377147983E+01   1.9370187146275146E+00
    1900.0000000000000000   2.8244709579015193E+01   1.8612753218187055E+00
    2000.0000000000000000   2.9453584449991350E+01   1.7924172000342389E+00
    2100.0000000000000000   3.0654117845884201E+01   1.7295240968832142E+00
    2200.0000000000000000   3.1846825921426607E+01   1.6718345844966549E+00
    2300.0000000000000000   3.3034154602297697E+01   1.6166179496531321E+00
    2400.0000000000000000   3.4212513739867696E+01   1.5676156900817064E+00
    2500.0000000000000000   3.5386216125146497E+01   1.5202618652004229E+00
    2600.0000000000000000   3.6553614861142222E+01   1.4762500853713831E+00
    2700.0000000000000000   3.7716874707759374E+01   1.4334693289768139E+00
    2800.0000000000000000   3.8872548905851112E+01   1.3952007625104728E+00
    2900.0000000000000000   4.0022796959773238E+01   1.3593394498523261E+00
    3000.0000000000000000   4.1169593233664735E+01   1.3241164287319442E+00
    3100.0000000000000000   4.2311385453923677E+01   1.2909731075438804E+00
    3200.0000000000000000   4.3448367023666819E+01   1.2597349757777847E+00
    3300.0000000000000000   4.4578979919785830E+01   1.2316897436963734E+00
    3400.0000000000000000   4.5706884851143435E+01   1.2037714621488889E+00
    3500.0000000000000000   4.6832209324986877E+01   1.1759675461497656E+00
    3600.0000000000000000   4.7951677002650015E+01   1.1509251705863750E+00
    3700.0000000000000000   4.9067151990322458E+01   1.1271415657357686E+00
    3800.0000000000000000   5.0178786301224648E+01   1.1045122373621294E+00
    3900.0000000000000000   5.1288380266564182E+01   1.0817102066992108E+00
    4000.0000000000000000   5.2392656445825786E+01   1.0611998956244995E+00
    4100.0000000000000000   5.3495123597922756E+01   1.0404154653008826E+00
    4200.0000000000000000   5.4592513396821687E+01   1.0217299570363489E+00
    4300.0000000000000000   5.5688283096920507E+01   1.0027003825853869E+00
    4400.0000000000000000   5.6780837898549542E+01   9.8448312362062596E-01
    4500.0000000000000000   5.7868626707726655E+01   9.6812768011424821E-01
    4600.0000000000000000   5.8955050682661032E+01   9.5134717972057492E-01
    4700.0000000000000000   6.0038515765366093E+01   9.3524087359731611E-01
    4800.0000000000000000   6.1119098820759788E+01   9.1976972575224980E-01
    4900.0000000000000000   6.2196910090795910E+01   9.0487643026166620E-01
    5000.0000000000000000   6.3272000310023500E+01   8.9053944467744750E-01
    5100.0000000000000000   6.4344426923252868E+01   8.7673356126933866E-01
    5200.0000000000000000   6.5414251472536407E+01   8.6343167837722745E-01
    5300.0000000000000000   6.6481533685320485E+01   8.5060817962269097E-01
    5400.0000000000000000   6.7546361912803533E+01   8.3822233910597654E-01
    5500.0000000000000000   6.8608827384082829E+01   8.2623349083165698E-01
    5600.0000000000000000   6.9668881651856282E+01   8.1467477485807616E-01
    5700.0000000000000000   7.0728107197296950E+01   8.0265485598529140E-01
    5800.0000000000000000   7.1783727174204202E+01   7.9178225691157389E-01
    5900.0000000000000000   7.2836941724191192E+01   7.8135974852234147E-01
    6000.0000000000000000   7.3888117116513058E+01   7.7120478415476257E-01
    6100.0000000000000000   7.4938699336776963E+01   7.6053489111111272E-01
    6200.0000000000000000   7.5985533742001437E+01   7.5107579068414432E-01
    6300.0000000000000000   7.7031830718689648E+01   7.4111459315155470E-01
    6400.0000000000000000   7.8074978049633771E+01   7.3205084391975617E-01
    6500.0000000000000000   7.9115950496034259E+01   7.2336347671529577E-01
    6600.0000000000000000   8.0156521532284302E+01   7.1414482368883669E-01
    6700.0000000000000000   8.1193642254673151E+01   7.0597870573881005E-01
    6800.0000000000000000   8.2230483730695440E+01   6.9725337802432397E-01
    6900.0000000000000000   8.3263972711615239E+01   6.8952994464726847E-01
    7000.0000000000000000   8.4297234368900064E+01   6.8125101795258169E-01
    7100.0000000000000000   8.5327147162290871E+01   6.7396727353421160E-01
    7200.0000000000000000   8.6356767592775427E+01   6.6618227918819073E-01
    7300.0000000000000000   8.7384621777218626E+01   6.5863351813042492E-01
    7400.0000000000000000   8.8409727209500318E+01   6.5180030159616431E-01
    7500.0000000000000000   8.9434627523017298E+01   6.4447245363328876E-01
    7600.0000000000000000   9.0457333208443913E+01   6.3758022882668586E-01
    7700.0000000000000000   9.1477613012101017E+01   6.3125495243170915E-01
    7800.0000000000000000   9.2497788926777332E+01   6.2443126703612206E-01
    7900.0000000000000000   9.3515833201450064E+01   6.1801585518432167E-01
    8000.0000000000000000   9.4531720635452828E+01   6.1207312398453007E-01
    8100.0000000000000000   9.5546814113316529E+01   6.0593084080820725E-01
    8200.0000000000000000   9.6561223467380984E+01   5.9962083367670282E-01
    8300.0000000000000000   9.7573252292276607E+01   5.9382694134510683E-01
    8400.0000000000000000   9.8584513726867684E+01   5.8791839059318907E-01
    8500.0000000000000000   9.9592859554104095E+01   5.8276038695158439E-01
    8600.0000000000000000   1.0060111704406238E+02   5.7718042696984451E-01
    8700.0000000000000000   1.0160850519468477E+02   5.7153113167513192E-01
    8800.0000000000000000   1.0261380318333401E+02   5.6628483144603825E-01
    8900.0000000000000000   1.0361782212846943E+02   5.6114423461575436E-01
    9000.0000000000000000   1.0462102370728816E+02   5.5593292006096051E-01
    9100.0000000000000000   1.0562284287821791E+02   5.5085488455898279E-01
    9200.0000000000000000   1.0662184628652955E+02   5.4648931863883876E-01
    9300.0000000000000000   1.0762079960831733E+02   5.4173849898193771E-01
    9400.0000000000000000   1.0861887225161583E+02   5.3695808887114338E-01
    9500.0000000000000000   1.0961586366778718E+02   5.3222244660237861E-01
    9600.0000000000000000   1.1061161087318170E+02   5.2759277822057560E-01
    9700.0000000000000000   1.1160607842929129E+02   5.2308458959696080E-01
    9800.0000000000000000   1.1259928205076064E+02   5.1869507990268782E-01
    9900.0000000000000000   1.1359127267202524E+02   5.1440886136702668E-01
   10000.0000000000000000   1.1458211029415891E+02   5.1020748120553472E-01
   11000.0000000000000000   1.2443001429658241E+02   4.7235864535695482E-01
   12000.0000000000000000   1.3418112652599018E+02   4.3929134775182888E-01
   13000.0000000000000000   1.4384119271355360E+02   4.1118240183337740E-01
   14000.0000000000000000   1.5341970038619357E+02   3.8674848921353100E-01
   15000.0000000000000000   1.6292367402223374E+02   3.6528345881871316E-01
   16000.0000000000000000   1.7235946691473194E+02   3.4617380095418998E-01
   17000.0000000000000000   1.8173152796822058E+02   3.2917372191895622E-01
   18000.0000000000000000   1.9104465818753445E+02   3.1392422467715758E-01
   19000.0000000000000000   2.0030348748122029E+02   2.9998045411610902E-01
   20000.0000000000000000   2.0951101813808822E+02   2.8730309557674705E-01
   21000.0000000000000000   2.1866988284252386E+02   2.7573622382709895E-01
   22000.0000000000000000   2.2778327994461242E+02   2.6512297214524638E-01
   23000.0000000000000000   2.3685368819488781E+02   2.5528447738124183E-01
   24000.0000000000000000   2.4588127777506892E+02   2.4656700578361876E-01
   25000.0000000000000000   2.5487202273127153E+02   2.3815311896986796E-01
   26000.0000000000000000   2.6382486292101743E+02   2.3044508728365426E-01
   27000.0000000000000000   2.7273923315007232E+02   2.2378449086603561E-01
   28000.0000000000000000   2.8162794774744344E+02   2.1628484141511739E-01
   29000.0000000000000000   2.9047867563648015E+02   2.1010241254388634E-01
   30000.0000000000000000   2.9930078795697278E+02   2.0399863976764174E-01
   31000.0000000000000000   3.0809062796376986E+02   1.9854660027987622E-01
   32000.0000000000000000   3.1685281372810840E+02   1.9328299311213559E-01
   33000.0000000000000000   3.2558849587118499E+02   1.8828292761471355E-01
   34000.0000000000000000   3.3429706024308575E+02   1.8356916616962507E-01
   35000.0000000000000000   3.4298081406935557E+02   1.7895843607252684E-01
   36000.0000000000000000   3.5163357712172757E+02   1.7539494521624141E-01
   37000.0000000000000000   3.6027047135160677E+02   1.7092786625437606E-01
   38000.0000000000000000   3.6888403985706196E+02   1.6684225066024735E-01
   39000.0000000000000000   3.7746714610603686E+02   1.6389866060084926E-01
   40000.0000000000000000   3.8603808965341705E+02   1.5980976228961460E-01
   41000.0000000000000000   3.9458111724777882E+02   1.5689193669062734E-01
   42000.0000000000000000   4.0310198263334712E+02   1.5408443242422068E-01
   43000.0000000000000000   4.1162052469038429E+02   1.4975700913172180E-01
   44000.0000000000000000   4.2010356017387198E+02   1.4709906489351657E-01
   45000.0000000000000000   4.2856792059840978E+02   1.4451206476492121E-01
   46000.0000000000000000   4.3702217499299070E+02   1.4145083406294984E-01
   47000.0000000000000000   4.4545439763104696E+02   1.3875906319848991E-01
   48000.0000000000000000   4.5386517457700552E+02   1.3651770477684511E-01
   49000.0000000000000000   4.6225160481065171E+02   1.3502371953114781E-01
   50000.0000000000000000   4.7063144076763496E+02   1.3264486290080207E-01
