       1.0000000000000000   1.0000000000000000E+30   0.0000000000000000E+00
       2.0000000000000000   1.0000000000000000E+30  -3.8736430094102179E+00
       3.0000000000000000   1.0000000000000000E+30  -3.1977872514601184E+00
       4.0000000000000000   1.0000000000000000E+30  -1.6426315060193353E+00
       5.0000000000000000   1.0000000000000000E+30  -3.6052535722003065E-01
       6.0000000000000000   1.0000000000000000E+30   5.6614593132273650E-01
       7.0000000000000000   1.0000000000000000E+30   1.2211093778794933E+00
       8.0000000000000000   2.6862507859745314E+01   1.6876759451034242E+00
       9.0000000000000000   7.9590652895878167E+00   2.0261857989435632E+00
      10.0000000000000000   4.8470656458936121E+00   2.2772730170731821E+00
      11.0000000000000000   3.6205478497119579E+00   2.4678527763108717E+00
      12.0000000000000000   2.9819570000424465E+00   2.6158004096884531E+00
      13.0000000000000000   2.5985919040250258E+00   2.7331103185039956E+00
      14.0000000000000000   2.3477548544565146E+00   2.8279407175676758E+00
      15.0000000000000000   2.1740652840637820E+00   2.9059246645869146E+00
      16.0000000000000000   2.0490157583577848E+00   2.9710133957670712E+00
      17.0000000000000000   1.9564985254686933E+00   3.0260235571115564E+00
      18.0000000000000000   1.8867535828595947E+00   3.0729962362304790E+00
      19.0000000000000000   1.8335362579434451E+00   3.1134353401240116E+00
      20.0000000000000000   1.7926726459863360E+00   3.1484677896884854E+00
      21.0000000000000000   1.7612710737347979E+00   3.1789524667835063E+00
      22.0000000000000000   1.7372672337819257E+00   3.2055551774487880E+00
      23.0000000000000000   1.7191494943255874E+00   3.2288008206200702E+00
      24.0000000000000000   1.7057864736203481E+00   3.2491100974203739E+00
      25.0000000000000000   1.6963151629571145E+00   3.2668256233824828E+00
      26.0000000000000000   1.6900662238371207E+00   3.2822307018071042E+00
      27.0000000000000000   1.6865128395794253E+00   3.2955629643062192E+00
      28.0000000000000000   1.6852349101817516E+00   3.3070243870950526E+00
      29.0000000000000000   1.6858934893411186E+00   3.3167887244699221E+00
      30.0000000000000000   1.6882122092576728E+00   3.3250070849835165E+00
      31.0000000000000000   1.6919635671149358E+00   3.3318121601564057E+00
      32.0000000000000000   1.6969586542725230E+00   3.3373214670129725E+00
      33.0000000000000000   1.7030393627086382E+00   3.3416398625372095E+00
      34.0000000000000000   1.7100724001986427E+00   3.3448615158750399E+00
      35.0000000000000000   1.7179446438699324E+00   3.3470714731027624E+00
      36.0000000000000000   1.7265594963074427E+00   3.3483469131108579E+00
      37.0000000000000000   1.7358340011848967E+00   3.3487581671749824E+00
      38.0000000000000000   1.7456965403523508E+00   3.3483695560508604E+00
      39.0000000000000000   1.7560849803936365E+00   3.3472400848261534E+00
      40.0000000000000000   1.7669451697728036E+00   3.3454240258198076E+00
      41.0000000000000000   1.7782297117494199E+00   3.3429714125050638E+00
      42.0000000000000000   1.7898969559201656E+00   3.3399284620175727E+00
      43.0000000000000000   1.8019101643642350E+00   3.3363379397757678E+00
      44.0000000000000000   1.8142368182001964E+00   3.3322394767158618E+00
      45.0000000000000000   1.8268480377930878E+00   3.3276698473620296E+00
      46.0000000000000000   1.8397180955151278E+00   3.3226632152192304E+00
      47.0000000000000000   1.8528240043156974E+00   3.3172513506517705E+00
      48.0000000000000000   1.8661451687250925E+00   3.3114638253921509E+00
      49.0000000000000000   1.8796630875425755E+00   3.3053281870351614E+00
      50.0000000000000000   1.8933610995199353E+00   3.2988701162573557E+00
      51.0000000000000000   1.9072241649789832E+00   3.2921135690183552E+00
      52.0000000000000000   1.9212386775940891E+00   3.2850809056185173E+00
      53.0000000000000000   1.9353923016036481E+00   3.2777930081826399E+00
      54.0000000000000000   1.9496738305439341E+00   3.2702693878951039E+00
      55.0000000000000000   1.9640730642686330E+00   3.2625282831139333E+00
      56.0000000000000000   1.9785807015608816E+00   3.2545867493301350E+00
      57.0000000000000000   1.9931882460876542E+00   3.2464607418062021E+00
      58.0000000000000000   2.0078879238092520E+00   3.2381651916182896E+00
      59.0000000000000000   2.0226726102549879E+00   3.2297140757349432E+00
      60.0000000000000000   2.0375357663226352E+00   3.2211204816888559E+00
      61.0000000000000000   2.0524713814634796E+00   3.2123966673330258E+00
      62.0000000000000000   2.0674739232848802E+00   3.2035541161173433E+00
      63.0000000000000000   2.0825382927442351E+00   3.1946035882744881E+00
      64.0000000000000000   2.0976597842272948E+00   3.1855551682628818E+00
      65.0000000000000000   2.1128340499039000E+00   3.1764183087790774E+00
      66.0000000000000000   2.1280570678386361E+00   3.1672018716208692E+00
      67.0000000000000000   2.1433251134054463E+00   3.1579141656554044E+00
      68.0000000000000000   2.1586347336158855E+00   3.1485629821224519E+00
      69.0000000000000000   2.1739827240223946E+00   3.1391556274819008E+00
      70.0000000000000000   2.1893661079020581E+00   3.1296989539955997E+00
      71.0000000000000000   2.2047821174641102E+00   3.1201993882169927E+00
      72.0000000000000000   2.2202281768568133E+00   3.1106629575467877E+00
      73.0000000000000000   2.2357018867772656E+00   3.1010953149994114E+00
      74.0000000000000000   2.2512010105117275E+00   3.0915017623130048E+00
      75.0000000000000000   2.2667234612548519E+00   3.0818872715244212E+00
      76.0000000000000000   2.2822672905742429E+00   3.0722565051210435E+00
      77.0000000000000000   2.2978306779023931E+00   3.0626138348719989E+00
      78.0000000000000000   2.3134119209517148E+00   3.0529633594333352E+00
      79.0000000000000000   2.3290094269602091E+00   3.0433089208141206E+00
      80.0000000000000000   2.3446217046857529E+00   3.0336541197837104E+00
      81.0000000000000000   2.3602473570760356E+00   3.0240023302942762E+00
      82.0000000000000000   2.3758850745491795E+00   3.0143567129868751E+00
      83.0000000000000000   2.3915336288270854E+00   3.0047202278442886E+00
      84.0000000000000000   2.4071918672697041E+00   2.9950956460490614E+00
      85.0000000000000000   2.4228587076638992E+00   2.9854855611007527E+00
      86.0000000000000000   2.4385331334253699E+00   2.9758923992425252E+00
      87.0000000000000000   2.4542141891763514E+00   2.9663184292434139E+00
      88.0000000000000000   2.4699009766656039E+00   2.9567657715792666E+00
      89.0000000000000000   2.4855926510005433E+00   2.9472364070523156E+00
      90.0000000000000000   2.5012884171643273E+00   2.9377321848862712E+00
      91.0000000000000000   2.5169875267934181E+00   2.9282548303314404E+00
      92.0000000000000000   2.5326892751934293E+00   2.9188059518117417E+00
      93.0000000000000000   2.5483929985732652E+00   2.9093870476432691E+00
      94.0000000000000000   2.5640980714793726E+00   2.8999995123520814E+00
      95.0000000000000000   2.5798039044136796E+00   2.8906446426168544E+00
      96.0000000000000000   2.5955099416202692E+00   2.8813236428603024E+00
      97.0000000000000000   2.6112156590272173E+00   2.8720376305116093E+00
      98.0000000000000000   2.6269205623312621E+00   2.8627876409606734E+00
      99.0000000000000000   2.6426241852140322E+00   2.8535746322233946E+00
     100.0000000000000000   2.6583260876796055E+00   2.8443994893361388E+00
     110.0000000000000000   2.8151696923850587E+00   2.7548808303918761E+00
     120.0000000000000000   2.9715040704325135E+00   2.6697135129949343E+00
     130.0000000000000000   3.1271529464201966E+00   2.5890519579973059E+00
     140.0000000000000000   3.2820204815361804E+00   2.5128391275130944E+00
     150.0000000000000000   3.4360588310266271E+00   2.4409046728915174E+00
     160.0000000000000000   3.5892493668808521E+00   2.3730217334840717E+00
     170.0000000000000000   3.7415914383636477E+00   2.3089399098382413E+00
     180.0000000000000000   3.8930954609733033E+00   2.2484042780601636E+00
     190.0000000000000000   4.0437785757595819E+00   2.1911661250228582E+00
     200.0000000000000000   4.1936618786898086E+00   2.1369887360782025E+00
     210.0000000000000000   4.3427686321027892E+00   2.0856502205229934E+00
     220.0000000000000000   4.4911231028463936E+00   2.0369445727095687E+00
     230.0000000000000000   4.6387498069937729E+00   1.9906816983146245E+00
     240.0000000000000000   4.7856730219237438E+00   1.9466868525386216E+00
     250.0000000000000000   4.9319164760875065E+00   1.9047997642186658E+00
     260.0000000000000000   5.0775031577708347E+00   1.8648736131970081E+00
     270.0000000000000000   5.2224552039129524E+00   1.8267739619909049E+00
     280.0000000000000000   5.3667938428462794E+00   1.7903777014115252E+00
     290.0000000000000000   5.5105393732442698E+00   1.7555720439011555E+00
     300.0000000000000000   5.6537111671794547E+00   1.7222535822307365E+00
     310.0000000000000000   5.7963276889805426E+00   1.6903274212361978E+00
     320.0000000000000000   5.9384065241573980E+00   1.6597063842185240E+00
     330.0000000000000000   6.0799644144360112E+00   1.6303102920619847E+00
     340.0000000000000000   6.2210172961735948E+00   1.6020653111274756E+00
     350.0000000000000000   6.3615803402795379E+00   1.5749033649705748E+00
     360.0000000000000000   6.5016679923669498E+00   1.5487616045416412E+00
     370.0000000000000000   6.6412940122802668E+00   1.5235819315073265E+00
     380.0000000000000000   6.7804715124403501E+00   1.4993105695339324E+00
     390.0000000000000000   6.9192129946567791E+00   1.4758976786945470E+00
     400.0000000000000000   7.0575303852030986E+00   1.4532970085408152E+00
     410.0000000000000000   7.1954350680527837E+00   1.4314655857778795E+00
     420.0000000000000000   7.3329379162442612E+00   1.4103634328735311E+00
     430.0000000000000000   7.4700493213913823E+00   1.3899533143065992E+00
     440.0000000000000000   7.6067792213879191E+00   1.3702005075073254E+00
     450.0000000000000000   7.7431371263752711E+00   1.3510725958612155E+00
     460.0000000000000000   7.8791321430550934E+00   1.3325392814363790E+00
     470.0000000000000000   8.0147729974354327E+00   1.3145722153539057E+00
     480.0000000000000000   8.1500680561016257E+00   1.2971448439526199E+00
     490.0000000000000000   8.2850253461033070E+00   1.2802322691061705E+00
     500.0000000000000000   8.4196525735467684E+00   1.2638111212335708E+00
     510.0000000000000000   8.5539571409790724E+00   1.2478594437068544E+00
     520.0000000000000000   8.6879461636459947E+00   1.2323565875031601E+00
     530.0000000000000000   8.8216264847018397E+00   1.2172831150757253E+00
     540.0000000000000000   8.9550046894443351E+00   1.2026207125305994E+00
     550.0000000000000000   9.0880871186432870E+00   1.1883521092952378E+00
     560.0000000000000000   9.2208798810270931E+00   1.1744610045529067E+00
     570.0000000000000000   9.3533888649867070E+00   1.1609319997945684E+00
     580.0000000000000000   9.4856197495524963E+00   1.1477505369086056E+00
     590.0000000000000000   9.6175780146953933E+00   1.1349028412896558E+00
     600.0000000000000000   9.7492689509998467E+00   1.1223758695017985E+00
     610.0000000000000000   9.8806976687527452E+00   1.1101572610791879E+00
     620.0000000000000000   1.0011869106488957E+01   1.0982352940897608E+00
     630.0000000000000000   1.0142788039031295E+01   1.0865988441254451E+00
     640.0000000000000000   1.0273459085059578E+01   1.0752373464158842E+00
     650.0000000000000000   1.0403886714241164E+01   1.0641407607926954E+00
     660.0000000000000000   1.0534075253952649E+01   1.0532995392579456E+00
     670.0000000000000000   1.0664028895620250E+01   1.0427045959343975E+00
     680.0000000000000000   1.0793751700704419E+01   1.0323472791963779E+00
     690.0000000000000000   1.0923247606352193E+01   1.0222193457991926E+00
     700.0000000000000000   1.1052520430739117E+01   1.0123129368420742E+00
     710.0000000000000000   1.1181573878120957E+01   1.0026205554149754E+00
     720.0000000000000000   1.1310411543613885E+01   9.9313504579325662E-01
     730.0000000000000000   1.1439036917720502E+01   9.8384957405667872E-01
     740.0000000000000000   1.1567453390617832E+01   9.7475761002020422E-01
     750.0000000000000000   1.1695664256222113E+01   9.6585291037415111E-01
     760.0000000000000000   1.1823672716044369E+01   9.5712950294022736E-01
     770.0000000000000000   1.1951481882849532E+01   9.4858167195815690E-01
     780.0000000000000000   1.2079094784131188E+01   9.4020394432494137E-01
     790.0000000000000000   1.2206514365412973E+01   9.3199107671545633E-01
     800.0000000000000000   1.2333743493387084E+01   9.2393804351913444E-01
     810.0000000000000000   1.2460784958899477E+01   9.1604002553289721E-01
     820.0000000000000000   1.2587641479790795E+01   9.0829239935551309E-01
     830.0000000000000000   1.2714315703601361E+01   9.0069072743300149E-01
     840.0000000000000000   1.2840810210148129E+01   8.9323074870883123E-01
     850.0000000000000000   1.2967127513980820E+01   8.8590836983634758E-01
     860.0000000000000000   1.3093270066724076E+01   8.7871965691428700E-01
     870.0000000000000000   1.3219240259312077E+01   8.7166082770929698E-01
     880.0000000000000000   1.3345040424121510E+01   8.6472824433219575E-01
     890.0000000000000000   1.3470672837008481E+01   8.5791840633730854E-01
     900.0000000000000000   1.3596139719254584E+01   8.5122794421652581E-01
     910.0000000000000000   1.3721443239427071E+01   8.4465361326191268E-01
     920.0000000000000000   1.3846585515157713E+01   8.3819228777265342E-01
     930.0000000000000000   1.3971568614844488E+01   8.3184095558391380E-01
     940.0000000000000000   1.4096394559280428E+01   8.2559671289687120E-01
     950.0000000000000000   1.4221065323213152E+01   8.1945675939067064E-01
     960.0000000000000000   1.4345582836838762E+01   8.1341839359846024E-01
     970.0000000000000000   1.4469948987233472E+01   8.0747900853094356E-01
     980.0000000000000000   1.4594165619726056E+01   8.0163608753207116E-01
     990.0000000000000000   1.4718234539214105E+01   7.9588720035256078E-01
    1000.0000000000000000   1.4842157511426926E+01   7.9022999942795447E-01
    1100.0000000000000000   1.6073722877780884E+01   7.3823683069320223E-01
    1200.0000000000000000   1.7292386156673391E+01   6.9332805430045019E-01
    1300.0000000000000000   1.8499419321326233E+01   6.5410139024023151E-01
    1400.0000000000000000   1.9695882838007037E+01   6.1950749486513490E-01
    1500.0000000000000000   2.0882673005568090E+01   5.8874451810238249E-01
    1600.0000000000000000   2.2060556347660960E+01   5.6118853807599223E-01
    1700.0000000000000000   2.3230195160110533E+01   5.3634634455833718E-01
    1800.0000000000000000   2.4392166859403492E+01   5.1382258881345477E-01
    1900.0000000000000000   2.5546978888154495E+01   4.9329642609795121E-01
    2000.0000000000000000   2.6695080372355942E+01   4.7450458453109884E-01
    2100.0000000000000000   2.7836871361728974E+01   4.5722887933065542E-01
    2200.0000000000000000   2.8972710243183805E+01   4.4128686196238903E-01
    2300.0000000000000000   3.0102919753659261E+01   4.2652471876386772E-01
    2400.0000000000000000   3.1227791905301835E+01   4.1281180923369826E-01
    2500.0000000000000000   3.2347592056125741E+01   4.0003641667081280E-01
    2600.0000000000000000   3.3462562302152300E+01   3.8810240696961362E-01
    2700.0000000000000000   3.4572924325510414E+01   3.7692657587856820E-01
    2800.0000000000000000   3.5678881802406053E+01   3.6643652394391962E-01
    2900.0000000000000000   3.6780622452072727E+01   3.5656894003192730E-01
    3000.0000000000000000   3.7878319790622221E+01   3.4726820419387050E-01
    3100.0000000000000000   3.8972134640609845E+01   3.3848524231528548E-01
    3200.0000000000000000   4.0062216437040959E+01   3.3017658090301427E-01
    3300.0000000000000000   4.1148704362709587E+01   3.2230356216880990E-01
    3400.0000000000000000   4.2231728339620105E+01   3.1483168841390535E-01
    3500.0000000000000000   4.3311409898394587E+01   3.0773007140885750E-01
    3600.0000000000000000   4.4387862943710473E+01   3.0097096756672520E-01
    3700.0000000000000000   4.5461194430722081E+01   2.9452938363326636E-01
    3800.0000000000000000   4.6531504964926242E+01   2.8838274066060043E-01
    3900.0000000000000000   4.7598889335908815E+01   2.8251058640640286E-01
    4000.0000000000000000   4.8663436993757301E+01   2.7689434816817682E-01
    4100.0000000000000000   4.9725232475568369E+01   2.7151711953974961E-01
    4200.0000000000000000   5.0784355788360223E+01   2.6636347575340047E-01
    4300.0000000000000000   5.1840882753771965E+01   2.6141931321292927E-01
    4400.0000000000000000   5.2894885319158462E+01   2.5667170958133945E-01
    4500.0000000000000000   5.3946431839042063E+01   2.5210880140064823E-01
    4600.0000000000000000   5.4995587330338488E+01   2.4771967672069128E-01
    4700.0000000000000000   5.6042413704315067E+01   2.4349428062192979E-01
    4800.0000000000000000   5.7086969977850103E+01   2.3942333185240949E-01
    4900.0000000000000000   5.8129312466231340E+01   2.3549824907540223E-01
    5000.0000000000000000   5.9169494959449018E+01   2.3171108545314537E-01
    5100.0000000000000000   6.0207568883697284E+01   2.2805447048239086E-01
    5200.0000000000000000   6.1243583449589394E+01   2.2452155815631805E-01
    5300.0000000000000000   6.2277585788413603E+01   2.2110598066041082E-01
    5400.0000000000000000   6.3309621077601101E+01   2.1780180692174927E-01
    5500.0000000000000000   6.4339732656443843E+01   2.1460350542552253E-01
    5600.0000000000000000   6.5367962132982427E+01   2.1150591079239642E-01
    5700.0000000000000000   6.6394349482883428E+01   2.0850419367816037E-01
    5800.0000000000000000   6.7418933141036021E+01   2.0559383361477512E-01
    5900.0000000000000000   6.8441750086519718E+01   2.0277059446123274E-01
    6000.0000000000000000   6.9462835921527486E+01   2.0003050217483720E-01
    6100.0000000000000000   7.0482224944766628E+01   1.9736982464974714E-01
    6200.0000000000000000   7.1499950219809222E+01   1.9478505340082700E-01
    6300.0000000000000000   7.2516043638813656E+01   1.9227288689776420E-01
    6400.0000000000000000   7.3530535982000643E+01   1.8983021537771894E-01
    6500.0000000000000000   7.4543456973227237E+01   1.8745410698496029E-01
    6600.0000000000000000   7.5554835331971432E+01   1.8514179510351306E-01
    6700.0000000000000000   7.6564698822009831E+01   1.8289066676413024E-01
    6800.0000000000000000   7.7573074297044855E+01   1.8069825202026102E-01
    6900.0000000000000000   7.8579987743514508E+01   1.7856221419936544E-01
    7000.0000000000000000   7.9585464320797257E+01   1.7648034094617143E-01
    7100.0000000000000000   8.0589528399005189E+01   1.7445053598345819E-01
    7200.0000000000000000   8.1592203594541985E+01   1.7247081152386581E-01
    7300.0000000000000000   8.2593512803587217E+01   1.7053928127321089E-01
    7400.0000000000000000   8.3593478233654594E+01   1.6865415397194788E-01
    7500.0000000000000000   8.4592121433359367E+01   1.6681372742686451E-01
    7600.0000000000000000   8.5589463320519002E+01   1.6501638298993573E-01
    7700.0000000000000000   8.6585524208701472E+01   1.6326058044554509E-01
    7800.0000000000000000   8.7580323832325405E+01   1.6154485327109597E-01
    7900.0000000000000000   8.8573881370408984E+01   1.5986780423943034E-01
    8000.0000000000000000   8.9566215469056544E+01   1.5822810133450066E-01
    8100.0000000000000000   9.0557344262764730E+01   1.5662447395444240E-01
    8200.0000000000000000   9.1547285394623970E+01   1.5505570937861532E-01
    8300.0000000000000000   9.2536056035485544E+01   1.5352064947734842E-01
    8400.0000000000000000   9.3523672902158708E+01   1.5201818764506198E-01
    8500.0000000000000000   9.4510152274698285E+01   1.5054726593919207E-01
    8600.0000000000000000   9.5495510012837897E+01   1.4910687240890369E-01
    8700.0000000000000000   9.6479761571620983E+01   1.4769603859899882E-01
    8800.0000000000000000   9.7462922016277162E+01   1.4631383721569496E-01
    8900.0000000000000000   9.8445006036388719E+01   1.4495937994210029E-01
    9000.0000000000000000   9.9426027959388719E+01   1.4363181539225212E-01
    9100.0000000000000000   1.0040600176342924E+02   1.4233032719352268E-01
    9200.0000000000000000   1.0138494108965561E+02   1.4105413218804994E-01
    9300.0000000000000000   1.0236285925392062E+02   1.3980247874462154E-01
    9400.0000000000000000   1.0333976925796972E+02   1.3857464517314177E-01
    9500.0000000000000000   1.0431568380012639E+02   1.3736993823444746E-01
    9600.0000000000000000   1.0529061528550515E+02   1.3618769173881798E-01
    9700.0000000000000000   1.0626457583577833E+02   1.3502726522705358E-01
    9800.0000000000000000   1.0723757729851906E+02   1.3388804272847371E-01
    9900.0000000000000000   1.0820963125614492E+02   1.3276943159062921E-01
   10000.0000000000000000   1.0918074903448134E+02   1.3167086137591968E-01
   11000.0000000000000000   1.1884276063248768E+02   1.2167587644002313E-01
   12000.0000000000000000   1.2842198473392665E+02   1.1318876620167330E-01
   13000.0000000000000000   1.3792653720484148E+02   1.0588496303102705E-01
   14000.0000000000000000   1.4736317073974314E+02   9.9527788236864673E-02
   15000.0000000000000000   1.5673758519301435E+02   9.3940407115251617E-02
   16000.0000000000000000   1.6605465122342227E+02   8.8987921196717806E-02
   17000.0000000000000000   1.7531857538629799E+02   8.4565553910301267E-02
   18000.0000000000000000   1.8453302455408729E+02   8.0590633711570672E-02
   19000.0000000000000000   1.9370122139300773E+02   7.6997018938802092E-02
   20000.0000000000000000   2.0282601880116184E+02   7.3731136139606079E-02
   21000.0000000000000000   2.1190995876617504E+02   7.0749110547818572E-02
   22000.0000000000000000   2.2095531949146144E+02   6.8014651820895139E-02
   23000.0000000000000000   2.2996415355727768E+02   6.5497472162314940E-02
   24000.0000000000000000   2.3893831913838258E+02   6.3172086247085438E-02
   25000.0000000000000000   2.4787950577879300E+02   6.1016889263955411E-02
   26000.0000000000000000   2.5678925585272839E+02   5.9013440440462112E-02
   27000.0000000000000000   2.6566898257214029E+02   5.7145900366437477E-02
   28000.0000000000000000   2.7451998520405601E+02   5.5400584807946206E-02
   29000.0000000000000000   2.8334346201443100E+02   5.3765607724382963E-02
   30000.0000000000000000   2.9214052134497649E+02   5.2230593287159087E-02
