       0.1000000000000000   4.0800117299408143E+01   7.1436179847176717E-04
       0.2000000000000000   3.5829982146889151E+01   1.4005761496559651E-03
       0.3000000000000000   3.4130053252886405E+01   2.0863014689933646E-03
       0.4000000000000000   3.3437028284816002E+01   2.7450855356079364E-03
       0.5000000000000000   3.3050810598651481E+01   3.4001213355151832E-03
       0.6000000000000000   3.2812093598281983E+01   4.0526027723614489E-03
       0.7000000000000000   3.2658454062909861E+01   4.7036453788334917E-03
       0.7999999999999999   3.2555699029994386E+01   5.3540224202828285E-03
       0.8999999999999999   3.2488067833537336E+01   6.0026787819380759E-03
       0.9999999999999999   3.2440518540168149E+01   6.6521443488575735E-03
       2.0000000000000000   3.2304127795764693E+01   1.3204477353801657E-02
       3.0000000000000000   3.2128335682198312E+01   2.0024057044004343E-02
       4.0000000000000000   3.1787104827468688E+01   2.7254535067143301E-02
       5.0000000000000000   3.1309395141734946E+01   3.4987396261040776E-02
       6.0000000000000000   3.0733796389715774E+01   4.3287400424105685E-02
       7.0000000000000000   3.0093434757572364E+01   5.2198519721052071E-02
       8.0000000000000000   2.9412332373413467E+01   6.1755469948371916E-02
       9.0000000000000000   2.8708281388021668E+01   7.1986387532511367E-02
      10.0000000000000000   2.7993870340067907E+01   8.2916588100838767E-02
      11.0000000000000000   2.7278306761910844E+01   9.4568985713920931E-02
      12.0000000000000000   2.6568031091377776E+01   1.0696554461501860E-01
      13.0000000000000000   2.5867593238511649E+01   1.2012869351095770E-01
      14.0000000000000000   2.5179803091334033E+01   1.3408342973243531E-01
      15.0000000000000000   2.4506456270452908E+01   1.4885711375760641E-01
      16.0000000000000000   2.3848626897152162E+01   1.6447951719286566E-01
      17.0000000000000000   2.3206698285547294E+01   1.8098497811191927E-01
      18.0000000000000000   2.2580718111455340E+01   1.9841169237373019E-01
      19.0000000000000000   2.1970401152463410E+01   2.1680274037116343E-01
      20.0000000000000000   2.1375268000656412E+01   2.3620685759756371E-01
      21.0000000000000000   2.0794698897548972E+01   2.5667880933800785E-01
      22.0000000000000000   2.0228022206593778E+01   2.7827950406517887E-01
      23.0000000000000000   1.9674514410567102E+01   3.0107703131704772E-01
      24.0000000000000000   1.9133422812399363E+01   3.2514765278187047E-01
      24.9989999999999988   1.8604534633782144E+01   3.5054984329739097E-01
      25.0000000000000000   1.8604010815619734E+01   3.5057598025277054E-01
      25.0010000000000012   1.8603487008417261E+01   3.5060211865896901E-01
      26.0000000000000000   1.8085561504496688E+01   3.7745597772191308E-01
      26.9989999999999988   1.7577892264825977E+01   4.0586255938043025E-01
      27.0000000000000000   1.7577389008737054E+01   4.0589180971819799E-01
      27.0010000000000012   1.7576885762275740E+01   4.0592106172605025E-01
      28.0000000000000000   1.7078849365343125E+01   4.3599871493115544E-01
      29.0000000000000000   1.6589340770878540E+01   4.6790408634624026E-01
      30.0000000000000000   1.6108316429507287E+01   5.0174838246247855E-01
      31.0000000000000000   1.5635282599026899E+01   5.3768623948450844E-01
      32.0000000000000000   1.5169811531879752E+01   5.7588726324760087E-01
      33.0000000000000000   1.4711538486051747E+01   6.1653707097256805E-01
      34.0000000000000000   1.4260174067012446E+01   6.5983772660630935E-01
      35.0000000000000000   1.3815509274837574E+01   7.0600794068631334E-01
      36.0000000000000000   1.3377424893526307E+01   7.5528258460719766E-01
      37.0000000000000000   1.2945901472665923E+01   8.0791126246064482E-01
      38.0000000000000000   1.2521030900334519E+01   8.6415554569502140E-01
      39.0000000000000000   1.2103028261746291E+01   9.2428440121798294E-01
      40.0000000000000000   1.1692244784702320E+01   9.8856724377482030E-01
      41.0000000000000000   1.1289178108177941E+01   1.0572641215956464E+00
      42.0000000000000000   1.0894480240964839E+01   1.1306124887903755E+00
      43.0000000000000000   1.0508958935950693E+01   1.2088104358115452E+00
      44.0000000000000000   1.0133569623368540E+01   1.2919966225818094E+00
      45.0000000000000000   9.7693938076456899E+00   1.3802281070729538E+00
      46.0000000000000000   9.4176025675066430E+00   1.4734579467386040E+00
      47.0000000000000000   9.0794030517657998E+00   1.5715157006456741E+00
      48.0000000000000000   8.7559710304561023E+00   1.6740943707162372E+00
      49.0000000000000000   8.4483754936753162E+00   1.7807472188579461E+00
      50.0000000000000000   8.1575046389570911E+00   1.8908967029012658E+00
      51.0000000000000000   7.8840038743330441E+00   2.0038557140241884E+00
      52.0000000000000000   7.6282351004903655E+00   2.1188588867357074E+00
      53.0000000000000000   7.3902622393118804E+00   2.2350998244604932E+00
      54.0000000000000000   7.1698630581107405E+00   2.3517692240961230E+00
      55.0000000000000000   6.9665624401070758E+00   2.4680893119906822E+00
      56.0000000000000000   6.7796796856644246E+00   2.5833413622836439E+00
      57.0000000000000000   6.6083818162976407E+00   2.6968846563661635E+00
      58.0000000000000000   6.4517354508329969E+00   2.8081674163789874E+00
      59.0000000000000000   6.3087536406475300E+00   2.9167301653650606E+00
      60.0000000000000000   6.1784345472384761E+00   3.0222034766811623E+00
      61.0000000000000000   6.0597906470569818E+00   3.1243022715992566E+00
      62.0000000000000000   5.9518703444924217E+00   3.2228173598368008E+00
      63.0000000000000000   5.8537720489913312E+00   3.3176061197276421E+00
      64.0000000000000000   5.7646525365277794E+00   3.4085829365690179E+00
      65.0000000000000000   5.6837309333701773E+00   3.4957100306625217E+00
      66.0000000000000000   5.6102895004268696E+00   3.5789890238718010E+00
      67.0000000000000000   5.5436722230975244E+00   3.6584534177029271E+00
      68.0000000000000000   5.4832819794426024E+00   3.7341620365819201E+00
      69.0000000000000000   5.4285768612393097E+00   3.8061934141569234E+00
      70.0000000000000000   5.3790660667799317E+00   3.8746410558431754E+00
      71.0000000000000000   5.3343056520441934E+00   3.9396094897996439E+00
      72.0000000000000000   5.2938943379022820E+00   4.0012110092294648E+00
      73.0000000000000000   5.2574694906608324E+00   4.0595630115396215E+00
      74.0000000000000000   5.2247033506818976E+00   4.1147858451987673E+00
      75.0000000000000000   5.1952995328383844E+00   4.1670010955580574E+00
      76.0000000000000000   5.1689898892361352E+00   4.2163301701844897E+00
      77.0000000000000000   5.1455315369538903E+00   4.2628932954025442E+00
      78.0000000000000000   5.1247043008466679E+00   4.3068086407163788E+00
      79.0000000000000000   5.1063083555294204E+00   4.3481917011323574E+00
      80.0000000000000000   5.0901621260212924E+00   4.3871548305523795E+00
      81.0000000000000000   5.0761004117417716E+00   4.4238069071470631E+00
      82.0000000000000000   5.0639727137764083E+00   4.4582531051872394E+00
      83.0000000000000000   5.0536417428489964E+00   4.4905947521843812E+00
      84.0000000000000000   5.0449820893130530E+00   4.5209292541412482E+00
      85.0000000000000000   5.0378790400729603E+00   4.5493500744609445E+00
      86.0000000000000000   5.0322275228943631E+00   4.5759467550259494E+00
      87.0000000000000000   5.0279311640991340E+00   4.6008049716320123E+00
      88.0000000000000000   5.0249014567513921E+00   4.6240066054928333E+00
      89.0000000000000000   5.0230570000208896E+00   4.6456298510436307E+00
      89.9989999999999952   5.0223230398334850E+00   4.6657299272521051E+00
      90.0000000000000000   5.0223228367996393E+00   4.6657493195471389E+00
      90.0010000000000048   5.0223226348065131E+00   4.6657687104098384E+00
      91.0000000000000000   5.0226298535372340E+00   4.6844361610530996E+00
      92.0000000000000000   5.0239142437438087E+00   4.7017581907785804E+00
      93.0000000000000000   5.0261170272463929E+00   4.7177800190713111E+00
      94.0000000000000000   5.0291836187277443E+00   4.7325631828940740E+00
      95.0000000000000000   5.0330634400033407E+00   4.7461662772068456E+00
      96.0000000000000000   5.0377095712081550E+00   4.7586450849841446E+00
      97.0000000000000000   5.0430784365742749E+00   4.7700527048976840E+00
      98.0000000000000000   5.0491295207944669E+00   4.7804396759504098E+00
      99.0000000000000000   5.0558251140141675E+00   4.7898540984155664E+00
     100.0000000000000000   5.0631300788960516E+00   4.7983417509652613E+00
     110.0000000000000000   5.1634380295857616E+00   4.8408696686916706E+00
     110.9989999999999952   5.1756747033316230E+00   4.8416237554484960E+00
     111.0010000000000048   5.1756995350747514E+00   4.8416247344259746E+00
     120.0000000000000000   5.2990388020590107E+00   4.8276182421765013E+00
     130.0000000000000000   5.4568236485666857E+00   4.7797578834035424E+00
     140.0000000000000000   5.6291543192466031E+00   4.7105872498345427E+00
     143.9989999999999952   5.7010204850378656E+00   4.6789790008968719E+00
     144.0010000000000048   5.7010567785138351E+00   4.6789627567389687E+00
     147.9989999999999952   5.7656545640897789E+00   4.6660052923977871E+00
     148.0010000000000048   5.7657034420421800E+00   4.6659623673244353E+00
     150.0000000000000000   5.8058536327332213E+00   4.6426881689965587E+00
     152.9989999999999952   5.8619221127928727E+00   4.6176261375937342E+00
     153.0010000000000048   5.8619707568772554E+00   4.6175845553355082E+00
     160.0000000000000000   5.9989448031960295E+00   4.5479408016573935E+00
     170.0000000000000000   6.1932518670780947E+00   4.4570839646289127E+00
     180.0000000000000000   6.3883962639679677E+00   4.3701981757138810E+00
     190.0000000000000000   6.5841054671013284E+00   4.2872379788660133E+00
     200.0000000000000000   6.7862092864781758E+00   4.1948869263238606E+00
     210.0000000000000000   6.9878286268950296E+00   4.1077968407580450E+00
     220.0000000000000000   7.1944440776497283E+00   4.0138018626798937E+00
     230.0000000000000000   7.3947331144436719E+00   3.9366498916847230E+00
     240.0000000000000000   7.5995471240884642E+00   3.8529951458878737E+00
     250.0000000000000000   7.8034045843423421E+00   3.7741169397288252E+00
     260.0000000000000000   8.0063399842545309E+00   3.6996025856380204E+00
     270.0000000000000000   8.2083881287266340E+00   3.6290853306080910E+00
     280.0000000000000000   8.4095833611192727E+00   3.5622384593781691E+00
     290.0000000000000000   8.6142433312919824E+00   3.4903629252370711E+00
     300.0000000000000000   8.8136827565600271E+00   3.4303526641319850E+00
     310.0000000000000000   9.0164161498767772E+00   3.3654333915042884E+00
     320.0000000000000000   9.2181986059636607E+00   3.3037393190669042E+00
     330.0000000000000000   9.4190675478771855E+00   3.2450254624515824E+00
     340.0000000000000000   9.6190584581033303E+00   3.1890714552883099E+00
     350.0000000000000000   9.8182049797305986E+00   3.1356784615391677E+00
     360.0000000000000000   1.0016538986567085E+01   3.0846666034195485E+00
     370.0000000000000000   1.0214090646885868E+01   3.0358727730420161E+00
     380.0000000000000000   1.0414387742238201E+01   2.9830036749643072E+00
     390.0000000000000000   1.0610379619866977E+01   2.9383979825792066E+00
     400.0000000000000000   1.0809055903622195E+01   2.8897958598099973E+00
     410.0000000000000000   1.1003595514957057E+01   2.8488463408352156E+00
     418.9990000000000236   1.1180394261539577E+01   2.8095001386324032E+00
     419.0009999999999764   1.1180434949522843E+01   2.8094891061642375E+00
     420.0000000000000000   1.1200755013898119E+01   2.8039899201695930E+00
     430.0000000000000000   1.1393939035648557E+01   2.7662524811043605E+00
     440.0000000000000000   1.1589676081348347E+01   2.7247034134737094E+00
     440.9990000000000236   1.1609827146796187E+01   2.7196025195987721E+00
     441.0009999999999764   1.1609867482142581E+01   2.7195923284822183E+00
     450.0000000000000000   1.1784717047881635E+01   2.6847282405311979E+00
     460.0000000000000000   1.1979081730546239E+01   2.6462368228064812E+00
     470.0000000000000000   1.2169735393887329E+01   2.6139828683690309E+00
     480.0000000000000000   1.2362841399907417E+01   2.5781004121466617E+00
     490.0000000000000000   1.2555327198076458E+01   2.5434722156186647E+00
     500.0000000000000000   1.2747209702933123E+01   2.5100313762027895E+00
     510.0000000000000000   1.2938505310480632E+01   2.4777154481718333E+00
     520.0000000000000000   1.3129229765459435E+01   2.4464662958630572E+00
     530.0000000000000000   1.3319398122002180E+01   2.4162298309285313E+00
     537.9990000000000236   1.3472806086353572E+01   2.3902426247311586E+00
     538.0009999999999764   1.3472845103008448E+01   2.3902351692513064E+00
     540.0000000000000000   1.3509024782649192E+01   2.3869556617533858E+00
     550.0000000000000000   1.3700895342956077E+01   2.3545331235786775E+00
     560.0000000000000000   1.3889444201669273E+01   2.3271269567256874E+00
     570.0000000000000000   1.4077490838143564E+01   2.3005486658964531E+00
     580.0000000000000000   1.4265047485385571E+01   2.2747598359472621E+00
     590.0000000000000000   1.4452126257988249E+01   2.2497239240871623E+00
     600.0000000000000000   1.4641371640596276E+01   2.2217100753166052E+00
     610.0000000000000000   1.4827493739785476E+01   2.1981483573975362E+00
     620.0000000000000000   1.5015760445819566E+01   2.1716802286410561E+00
     630.0000000000000000   1.5200970580913356E+01   2.1494609250377263E+00
     640.0000000000000000   1.5385753783902535E+01   2.1278428068240340E+00
     650.0000000000000000   1.5572635967784812E+01   2.1034189524069054E+00
     650.9990000000000236   1.5591533421526290E+01   2.1006787494991555E+00
     651.0009999999999764   1.5591571250966417E+01   2.1006732699552946E+00
     660.0000000000000000   1.5756565425186581E+01   2.0829790078172770E+00
     670.0000000000000000   1.5942568045020845E+01   2.0598010714990349E+00
     680.0000000000000000   1.6125676664622087E+01   2.0404470090603737E+00
     690.0000000000000000   1.6310836020054552E+01   2.0184148084479441E+00
     700.0000000000000000   1.6493156329419069E+01   2.0000618218158892E+00
     710.0000000000000000   1.6677503678808549E+01   1.9790890879861160E+00
     720.0000000000000000   1.6859068033711058E+01   1.9616586941388710E+00
     730.0000000000000000   1.7042631715673096E+01   1.9416691063775733E+00
     740.0000000000000000   1.7225821898605634E+01   1.9221514293828001E+00
     750.0000000000000000   1.7406278848649070E+01   1.9060132526746267E+00
     760.0000000000000000   1.7588723969304333E+01   1.8873777129235678E+00
     768.9990000000000236   1.7752366455123685E+01   1.8712578029684197E+00
     769.0009999999999764   1.7752403311441984E+01   1.8712536248298031E+00
     770.0000000000000000   1.7770811009475786E+01   1.8691694886134889E+00
     780.0000000000000000   1.7950224436962269E+01   1.8541813323901162E+00
     790.0000000000000000   1.8131604649249436E+01   1.8367646657666845E+00
     800.0000000000000000   1.8312642501872539E+01   1.8197348389814816E+00
     810.0000000000000000   1.8493334104717572E+01   1.8030897418296798E+00
     820.0000000000000000   1.8671434327735660E+01   1.7894605901620013E+00
     830.0000000000000000   1.8851473512378323E+01   1.7734943587155401E+00
     840.0000000000000000   1.9031187327808645E+01   1.7578711988077447E+00
     850.0000000000000000   1.9210575465572884E+01   1.7425859805243229E+00
     860.0000000000000000   1.9389642787116312E+01   1.7276278414715789E+00
     870.0000000000000000   1.9566225595895663E+01   1.7154492297108648E+00
     880.0000000000000000   1.9744698439804317E+01   1.7010572685412146E+00
     890.0000000000000000   1.9922868623281914E+01   1.6869590502126339E+00
     898.9990000000000236   2.0082733069977792E+01   1.6747564530851831E+00
     899.0009999999999764   2.0082769050028009E+01   1.6747532330950921E+00
     900.0000000000000000   2.0100738513543629E+01   1.6731477656624829E+00
     910.0000000000000000   2.0278312350481276E+01   1.6596147425929075E+00
     920.0000000000000000   2.0455596020915319E+01   1.6463497194750669E+00
     930.0000000000000000   2.0632596460230626E+01   1.6333415937674953E+00
     940.0000000000000000   2.0809319737851006E+01   1.6205805246418128E+00
     950.0000000000000000   2.0985769879289929E+01   1.6080591162006881E+00
     960.0000000000000000   2.1161949661329096E+01   1.5957714818792701E+00
     970.0000000000000000   2.1337861816820730E+01   1.5837119331296785E+00
     980.0000000000000000   2.1513509451937054E+01   1.5718745370859017E+00
     990.0000000000000000   2.1686860780039893E+01   1.5623945869794797E+00
    1000.0000000000000000   2.1861997385668911E+01   1.5509620956614858E+00
    1100.0000000000000000   2.3601829189948006E+01   1.4451280580309978E+00
    1200.0000000000000000   2.5319057499817088E+01   1.3554097659844029E+00
    1300.0000000000000000   2.7017945215923394E+01   1.2766862984059724E+00
    1400.0000000000000000   2.8700307609461113E+01   1.2067917910407548E+00
    1500.0000000000000000   3.0365921746889661E+01   1.1455162856271883E+00
    1600.0000000000000000   3.2016310612696664E+01   1.0912643774654962E+00
    1700.0000000000000000   3.3654302349985564E+01   1.0416598496411658E+00
    1800.0000000000000000   3.5279142679091152E+01   9.9721211847809932E-01
    1900.0000000000000000   3.6893326669957034E+01   9.5606104072380416E-01
    2000.0000000000000000   3.8496296857300720E+01   9.1861750902034978E-01
    2100.0000000000000000   4.0088549208024261E+01   8.8452261421593037E-01
    2200.0000000000000000   4.1670656824895573E+01   8.5338659755312618E-01
    2300.0000000000000000   4.3245026954002711E+01   8.2372534008254650E-01
    2400.0000000000000000   4.4808735165807626E+01   7.9737463111860685E-01
    2489.9989999999997963   4.6211325417406066E+01   7.7389982792169421E-01
    2490.0010000000002037   4.6211356658638465E+01   7.7389924031832291E-01
    2500.0000000000000000   4.6365549290385111E+01   7.7209298294591244E-01
    2591.9989999999997963   4.7791847341269467E+01   7.4977186575766885E-01
    2592.0010000000002037   4.7791878242279431E+01   7.4977140855500291E-01
    2600.0000000000000000   4.7914273138621276E+01   7.4863442930550939E-01
    2700.0000000000000000   4.9456660733043641E+01   7.2604800556869165E-01
    2800.0000000000000000   5.0990674085788967E+01   7.0555281974364026E-01
    2900.0000000000000000   5.2517389477323583E+01   6.8653100547510615E-01
    3000.0000000000000000   5.4038879469300397E+01   6.6793766514973096E-01
    3071.9989999999997963   5.5130281863205802E+01   6.5526404064936083E-01
    3072.0010000000002037   5.5130312515004640E+01   6.5526351715567788E-01
    3100.0000000000000000   5.5553347667284832E+01   6.5073426756007524E-01
    3200.0000000000000000   5.7062961031145015E+01   6.3396005682315371E-01
    3300.0000000000000000   5.8563959873023926E+01   6.1937123258861915E-01
    3400.0000000000000000   6.0060952647130790E+01   6.0480295889517144E-01
    3500.0000000000000000   6.1554382745138881E+01   5.9015089619090744E-01
    3559.9989999999997963   6.2445989689920928E+01   5.8256056206264273E-01
    3560.0010000000002037   6.2446019824711811E+01   5.8256012370574661E-01
    3600.0000000000000000   6.3040961807632129E+01   5.7695153834668123E-01
    3700.0000000000000000   6.4521012246774163E+01   5.6499127257194603E-01
    3800.0000000000000000   6.5998233922914238E+01   5.5280079194521026E-01
    3856.9989999999997963   6.6838705311984910E+01   5.4581972992960504E-01
    3857.0010000000002037   6.6838735094502113E+01   5.4581936100242034E-01
    3900.0000000000000000   6.7471275702478138E+01   5.4088739590713530E-01
    4000.0000000000000000   6.8937337429576061E+01   5.3047552769215622E-01
    4100.0000000000000000   7.0401028805409879E+01   5.1971338318097038E-01
    4200.0000000000000000   7.1859545789883043E+01   5.0978110415300038E-01
    4300.0000000000000000   7.3314893130948988E+01   4.9984400069280249E-01
    4400.0000000000000000   7.4764233066076898E+01   4.9101307352731832E-01
    4500.0000000000000000   7.6211318778851805E+01   4.8200108329038199E-01
    4600.0000000000000000   7.7652982143042166E+01   4.7381176869906316E-01
    4700.0000000000000000   7.9093757530189052E+01   4.6498503657215334E-01
    4800.0000000000000000   8.0528940247864242E+01   4.5715998627503451E-01
    4900.0000000000000000   8.1959394005352110E+01   4.5000317398015094E-01
    5000.0000000000000000   8.3387540202947307E+01   4.4272231907054116E-01
    5100.0000000000000000   8.4812482101341502E+01   4.3564233842869732E-01
    5200.0000000000000000   8.6234158630107345E+01   4.2880163433197932E-01
    5300.0000000000000000   8.7653917405907762E+01   4.2179905695940217E-01
    5400.0000000000000000   8.9070615969241601E+01   4.1500884962442636E-01
    5500.0000000000000000   9.0481554058062372E+01   4.0926699302064828E-01
    5600.0000000000000000   9.1889018925282230E+01   4.0384202458131813E-01
    5700.0000000000000000   9.3298539188063401E+01   3.9710751788356530E-01
    5800.0000000000000000   9.4699456987406663E+01   3.9219815502566474E-01
    5900.0000000000000000   9.6102491776862919E+01   3.8605368192264372E-01
    6000.0000000000000000   9.7497617207787485E+01   3.8157958724348279E-01
    6100.0000000000000000   9.8895134822131894E+01   3.7585264382618866E-01
    6200.0000000000000000   1.0028877858492443E+02   3.7055199219698920E-01
    6300.0000000000000000   1.0167732811507180E+02   3.6607177144053260E-01
    6400.0000000000000000   1.0306318156537743E+02   3.6183607456479161E-01
    6500.0000000000000000   1.0444801895183569E+02   3.5729187704735377E-01
    6600.0000000000000000   1.0583216347298026E+02   3.5237116235947180E-01
    6700.0000000000000000   1.0721231166315425E+02   3.4810406324452609E-01
    6800.0000000000000000   1.0859035534483804E+02   3.4371575445902375E-01
    6900.0000000000000000   1.0996500594690171E+02   3.3992046867270204E-01
    7000.0000000000000000   1.1133720976220953E+02   3.3602448103202071E-01
    7100.0000000000000000   1.1270804734604215E+02   3.3228011895341053E-01
    7200.0000000000000000   1.1408031261771188E+02   3.2745892372912916E-01
    7300.0000000000000000   1.1544695710787923E+02   3.2386230972147256E-01
    7400.0000000000000000   1.1681008762560926E+02   3.2049322243466261E-01
    7500.0000000000000000   1.1816980604547430E+02   3.1757498666699835E-01
    7600.0000000000000000   1.1953550716283844E+02   3.1293328065569082E-01
    7700.0000000000000000   1.2089109429847895E+02   3.1008083449862128E-01
    7800.0000000000000000   1.2224527545980462E+02   3.0734588967675985E-01
    7900.0000000000000000   1.2360288314985362E+02   3.0343760297100253E-01
    8000.0000000000000000   1.2495086922832793E+02   3.0116557501120866E-01
    8100.0000000000000000   1.2630651422608837E+02   2.9700314786683696E-01
    8200.0000000000000000   1.2765135172932025E+02   2.9492772833938918E-01
    8300.0000000000000000   1.2900082214993409E+02   2.9128788983039999E-01
    8400.0000000000000000   1.3034396814529427E+02   2.8872102884200429E-01
    8500.0000000000000000   1.3168911537248042E+02   2.8559332750945327E-01
    8600.0000000000000000   1.3303362370403923E+02   2.8225358628444336E-01
    8700.0000000000000000   1.3436684599258919E+02   2.8087297404127376E-01
    8800.0000000000000000   1.3570833045548321E+02   2.7736162356332772E-01
    8900.0000000000000000   1.3704484836387240E+02   2.7469449495283321E-01
    9000.0000000000000000   1.3838001227775783E+02   2.7210901163240891E-01
    9100.0000000000000000   1.3970965072995290E+02   2.7036879256108404E-01
    9200.0000000000000000   1.4104431326137822E+02   2.6734616811951972E-01
    9300.0000000000000000   1.4237383546811540E+02   2.6497400117605108E-01
    9400.0000000000000000   1.4370356944363186E+02   2.6219705333362264E-01
    9500.0000000000000000   1.4503050036645820E+02   2.5971396308608852E-01
    9600.0000000000000000   1.4635243965549697E+02   2.5802079299621822E-01
    9700.0000000000000000   1.4767235053181270E+02   2.5649810727980410E-01
    9800.0000000000000000   1.4899364874607332E+02   2.5446729185495010E-01
    9900.0000000000000000   1.5031512918070717E+02   2.5216788559359271E-01
   10000.0000000000000000   1.5163514127766459E+02   2.4991555580435615E-01
   11000.0000000000000000   1.6475238956924932E+02   2.3005052060244757E-01
   12000.0000000000000000   1.7773632607627169E+02   2.1383713618748471E-01
   13000.0000000000000000   1.9059914890316333E+02   2.0100915073553288E-01
   13040.9989999999997963   1.9113339849382149E+02   1.9904701942614583E-01
   13041.0010000000002037   1.9113342477163150E+02   1.9904685922830642E-01
   14000.0000000000000000   2.0335945060298775E+02   1.8857892604013893E-01
   15000.0000000000000000   2.1603261966064707E+02   1.7689201843900651E-01
   15205.9989999999997963   2.1863450520978137E+02   1.7495713796579029E-01
   15206.0010000000002037   2.1863453025812476E+02   1.7495712519761747E-01
   15866.9989999999997963   2.2693747787904451E+02   1.6898804090542890E-01
   15867.0010000000002037   2.2693750383671454E+02   1.6898788133597889E-01
   16000.0000000000000000   2.2861016584471065E+02   1.6733932845549931E-01
   17000.0000000000000000   2.4109291315157353E+02   1.6017997637025880E-01
   18000.0000000000000000   2.5351614839266435E+02   1.5173954216513350E-01
   19000.0000000000000000   2.6587202981263403E+02   1.4494736504100444E-01
   20000.0000000000000000   2.7814905125659033E+02   1.3811381344288465E-01
   21000.0000000000000000   2.9035901263506935E+02   1.3295226441985905E-01
   22000.0000000000000000   3.0251587601978531E+02   1.2887787522741359E-01
   23000.0000000000000000   3.1461353591177772E+02   1.2338745124141455E-01
   24000.0000000000000000   3.2667480830753095E+02   1.1874888832507312E-01
   25000.0000000000000000   3.3867107866647677E+02   1.1415278640331511E-01
   26000.0000000000000000   3.5061376276068262E+02   1.1064481643298217E-01
   27000.0000000000000000   3.6252094395089318E+02   1.0743882427126088E-01
   28000.0000000000000000   3.7437141300161545E+02   1.0460271907458739E-01
   29000.0000000000000000   3.8617347806641993E+02   1.0094065122531530E-01
   30000.0000000000000000   3.9798119880426958E+02   9.7699406166832661E-02
   31000.0000000000000000   4.0969160486631904E+02   9.6023798544587993E-02
   32000.0000000000000000   4.2138724193127530E+02   9.2628871087539061E-02
   33000.0000000000000000   4.3306199912658576E+02   9.0178320192258229E-02
   34000.0000000000000000   4.4469932423979833E+02   8.7768182377652021E-02
   35000.0000000000000000   4.5628933471201503E+02   8.5843556710991073E-02
   36000.0000000000000000   4.6782732354792228E+02   8.4437428373270632E-02
   37000.0000000000000000   4.7938006769253820E+02   8.1264121964513825E-02
   38000.0000000000000000   4.9089246095373346E+02   8.1174575528233109E-02
   39000.0000000000000000   5.0236931305415419E+02   7.8192429446404990E-02
   40000.0000000000000000   5.1380431752007587E+02   7.6012039133019696E-02
   41000.0000000000000000   5.2525904373994888E+02   7.4088080876493351E-02
   42000.0000000000000000   5.3659835846859062E+02   7.3739780938666732E-02
   43000.0000000000000000   5.4800048855145553E+02   7.1034289060162389E-02
   44000.0000000000000000   5.5934548021016531E+02   7.0625261695074756E-02
   45000.0000000000000000   5.7058992577913318E+02   7.0344757831706753E-02
   46000.0000000000000000   5.8190138392408812E+02   6.7946316942012711E-02
   47000.0000000000000000   5.9321345101716770E+02   6.6327331435973649E-02
   48000.0000000000000000   6.0446136538615849E+02   6.5930154548630257E-02
   49000.0000000000000000   6.1568776731558955E+02   6.4616756813081724E-02
   50000.0000000000000000   6.2690141120523231E+02   6.2980251669005796E-02
   88010.9989999999961583   1.0402703497092502E+03   3.7915407794931320E-02
   88011.0010000000038417   1.0402703721301455E+03   3.7915428889841667E-02
