       0.1000000000000000   3.9818382990129003E+01   7.3192016660527867E-04
       0.2000000000000000   3.4969162696463208E+01   1.4347870902562988E-03
       0.3000000000000000   3.3312045334761471E+01   2.1368827057754104E-03
       0.4000000000000000   3.2637882917585543E+01   2.8111167505238412E-03
       0.5000000000000000   3.2263588651403097E+01   3.4812142557701241E-03
       0.6000000000000000   3.2033597951049387E+01   4.1483800244094555E-03
       0.7000000000000000   3.1887005122216692E+01   4.8137397833311318E-03
       0.7999999999999999   3.1790404458141467E+01   5.4780723029897345E-03
       0.8999999999999999   3.1728397571271270E+01   6.1402688057042056E-03
       0.9999999999999999   3.1686271463554093E+01   6.8029266379023030E-03
       2.0000000000000000   3.1607137738350922E+01   1.3465853809968863E-02
       3.0000000000000000   3.1500656121991618E+01   2.0357330127226306E-02
       4.0000000000000000   3.1235653735745732E+01   2.7621431047999839E-02
       5.0000000000000000   3.0835816536688863E+01   3.5350506581166993E-02
       6.0000000000000000   3.0336353879069208E+01   4.3610310440498241E-02
       7.0000000000000000   2.9768425813438075E+01   5.2445606911691582E-02
       8.0000000000000000   2.9154970397337138E+01   6.1891882130783317E-02
       9.0000000000000000   2.8513305276268191E+01   7.1977892738229327E-02
      10.0000000000000000   2.7855915503160716E+01   8.2729409014527217E-02
      11.0000000000000000   2.7192162955903111E+01   9.4169451209104804E-02
      12.0000000000000000   2.6528784945977996E+01   1.0631969187705501E-01
      13.0000000000000000   2.5870721221387285E+01   1.1920176835330692E-01
      14.0000000000000000   2.5221191352997849E+01   1.3283943628334097E-01
      15.0000000000000000   2.4582412474989923E+01   1.4725823240818306E-01
      16.0000000000000000   2.3955872886334376E+01   1.6248545003025239E-01
      17.0000000000000000   2.3342337780147062E+01   1.7855234918348736E-01
      18.0000000000000000   2.2742212806079070E+01   1.9549332498402683E-01
      19.0000000000000000   2.2155532587613720E+01   2.1334692549518383E-01
      20.0000000000000000   2.1582105245387744E+01   2.3215658231940250E-01
      21.0000000000000000   2.1021564397788165E+01   2.5197091758627277E-01
      22.0000000000000000   2.0473463522590819E+01   2.7284375455320642E-01
      23.0000000000000000   1.9937275033612703E+01   2.9483510066589969E-01
      24.0000000000000000   1.9412414771617406E+01   3.1801206056484044E-01
      24.9989999999999988   1.8898801112111357E+01   3.4242377722905615E-01
      25.0000000000000000   1.8898292156104439E+01   3.4244887000853058E-01
      25.0010000000000012   1.8897783210241716E+01   3.4247396412938419E-01
      26.0000000000000000   1.8394314901961472E+01   3.6822778819802743E-01
      26.9989999999999988   1.7900392097486371E+01   3.9541185083321068E-01
      27.0000000000000000   1.7899902276229760E+01   3.9543981128016314E-01
      27.0010000000000012   1.7899412463977281E+01   3.9546777325984100E-01
      28.0000000000000000   1.7414497849775497E+01   4.2418540132175542E-01
      29.0000000000000000   1.6937570157966327E+01   4.5457543216138940E-01
      30.0000000000000000   1.6468627284374570E+01   4.8673195977805112E-01
      31.0000000000000000   1.6007214290495199E+01   5.2078923366694696E-01
      32.0000000000000000   1.5552927162007927E+01   5.5689441481883073E-01
      33.0000000000000000   1.5105408078683151E+01   5.9520865238535958E-01
      34.0000000000000000   1.4664357585793551E+01   6.3590765510338443E-01
      35.0000000000000000   1.4229537780981982E+01   6.7918223302452008E-01
      35.9990000000000023   1.3801205663194002E+01   7.2519091136307690E-01
      36.0000000000000000   1.3800779895862776E+01   7.2523842929726490E-01
      36.0009999999999977   1.3800354134494437E+01   7.2528595023278375E-01
      37.0000000000000000   1.3377992002510148E+01   7.7429710054961376E-01
      37.9990000000000023   1.2961582046644391E+01   8.2653869278600656E-01
      38.0000000000000000   1.2961168223336017E+01   8.2659268620433546E-01
      38.0009999999999977   1.2960754406072711E+01   8.2664668310460643E-01
      39.0000000000000000   1.2550398286865509E+01   8.8237085037390528E-01
      40.0000000000000000   1.2145879052241453E+01   9.4188457358010236E-01
      40.9990000000000023   1.1748319116736027E+01   1.0053227327778402E+00
      41.0000000000000000   1.1747924577338656E+01   1.0053883130183758E+00
      41.0009999999999977   1.1747530044936477E+01   1.0054538974979930E+00
      42.0000000000000000   1.1356976513075759E+01   1.0731296709463647E+00
      43.0000000000000000   1.0973611531110290E+01   1.1453382344610852E+00
      44.0000000000000000   1.0598544188878368E+01   1.2222112977510982E+00
      45.0000000000000000   1.0232621863109554E+01   1.3038967402361052E+00
      46.0000000000000000   9.8768104484899997E+00   1.3904736088451881E+00
      47.0000000000000000   9.5321667724345751E+00   1.4819320262682716E+00
      48.0000000000000000   9.1997973010475995E+00   1.5781546576500982E+00
      49.0000000000000000   8.8808039612723739E+00   1.6789026582251048E+00
      50.0000000000000000   8.5762209535157581E+00   1.7838091222867642E+00
      50.9990000000000023   8.2872306366044590E+00   1.8922722033885488E+00
      51.0000000000000000   8.2869492673478629E+00   1.8923824159816753E+00
      51.0009999999999977   8.2866679141311650E+00   1.8924926316467197E+00
      52.0000000000000000   8.0136975156764905E+00   2.0040203283426856E+00
      53.0000000000000000   7.7569371892387462E+00   2.1180340703067579E+00
      54.0000000000000000   7.5168784631663312E+00   2.2336792990285601E+00
      55.0000000000000000   7.2934685436440425E+00   2.3501901815106438E+00
      56.0000000000000000   7.0864107045473830E+00   2.4668123231387544E+00
      57.0000000000000000   6.8951989527076964E+00   2.5828309823976743E+00
      58.0000000000000000   6.7191610895964242E+00   2.6975929674610644E+00
      59.0000000000000000   6.5575051407511147E+00   2.8105207721756482E+00
      60.0000000000000000   6.4093634254358980E+00   2.9211197114032705E+00
      61.0000000000000000   6.2738303284366674E+00   3.0289796533314748E+00
      62.0000000000000000   6.1499938308297839E+00   3.1337718737680524E+00
      63.0000000000000000   6.0369592495488478E+00   3.2352431867153961E+00
      64.0000000000000000   5.9338662536885574E+00   3.3332082975738899E+00
      65.0000000000000000   5.8399001236510646E+00   3.4275413940685593E+00
      66.0000000000000000   5.7542983601911315E+00   3.5181676701341686E+00
      67.0000000000000000   5.6763537595529998E+00   3.6050552400338662E+00
      68.0000000000000000   5.6054149168496430E+00   3.6882077131873969E+00
      69.0000000000000000   5.5408849433583516E+00   3.7676575633264355E+00
      70.0000000000000000   5.4822190181113992E+00   3.8434603310722060E+00
      71.0000000000000000   5.4289212355369783E+00   3.9156896400597803E+00
      72.0000000000000000   5.3805410918669550E+00   3.9844329696542693E+00
      73.0000000000000000   5.3366698417229586E+00   4.0497881109434068E+00
      74.0000000000000000   5.2969368885816515E+00   4.1118602251422214E+00
      75.0000000000000000   5.2610062982029087E+00   4.1707594368523404E+00
      76.0000000000000000   5.2285735835240592E+00   4.2265988124168583E+00
      77.0000000000000000   5.1993625778007226E+00   4.2794928421394083E+00
      78.0000000000000000   5.1731227012989507E+00   4.3295561155044160E+00
      79.0000000000000000   5.1496264012168806E+00   4.3769023251679240E+00
      79.9989999999999952   5.1286866023322597E+00   4.4216000020871089E+00
      80.0000000000000000   5.1286668457887359E+00   4.4216434787483161E+00
      80.0010000000000048   5.1286470915923559E+00   4.4216869529144196E+00
      81.0000000000000000   5.1100558439370838E+00   4.4638892925319729E+00
      82.0000000000000000   5.0936219759079115E+00   4.5037467345558859E+00
      83.0000000000000000   5.0792089151807458E+00   4.5413196896802699E+00
      84.0000000000000000   5.0666739248722497E+00   4.5767087240161111E+00
      85.0000000000000000   5.0558865145848850E+00   4.6100109294964389E+00
      86.0000000000000000   5.0467272377615293E+00   4.6413198330496694E+00
      87.0000000000000000   5.0390866153505840E+00   4.6707253592120548E+00
      88.0000000000000000   5.0328641830057963E+00   4.6983138240321072E+00
      89.0000000000000000   5.0279676194471854E+00   4.7241679802063148E+00
      89.9989999999999952   5.0243150476301954E+00   4.7483436699266344E+00
      90.0000000000000000   5.0243119852714795E+00   4.7483670678201282E+00
      90.0010000000000048   5.0243089240749237E+00   4.7483904641346468E+00
      91.0000000000000000   5.0218190331233243E+00   4.7709868936799511E+00
      92.0000000000000000   5.0204165904933564E+00   4.7920999228770258E+00
      93.0000000000000000   5.0200380063857839E+00   4.8117753806034367E+00
      94.0000000000000000   5.0206216545715341E+00   4.8300793610712338E+00
      95.0000000000000000   5.0221104871530891E+00   4.8470749409950340E+00
      96.0000000000000000   5.0244516329516342E+00   4.8628222956039151E+00
      97.0000000000000000   5.0275960357867575E+00   4.8773788155632607E+00
      98.0000000000000000   5.0314981280713997E+00   4.8907992235478748E+00
      99.0000000000000000   5.0361155374155873E+00   4.9031356893482378E+00
     100.0000000000000000   5.0414088188514778E+00   4.9144379430380294E+00
     110.0000000000000000   5.1245091988363951E+00   4.9799855790684271E+00
     110.9989999999999952   5.1352583646791148E+00   4.9825970691989880E+00
     111.0010000000000048   5.1352802526732049E+00   4.9826016965480537E+00
     120.0000000000000000   5.2465517676765225E+00   4.9824890438546037E+00
     130.0000000000000000   5.3929991409900246E+00   4.9453205655475969E+00
     140.0000000000000000   5.5554343069051004E+00   4.8832728986159264E+00
     143.9989999999999952   5.6236381139589779E+00   4.8537546522476847E+00
     144.0010000000000048   5.6236726113109317E+00   4.8537393608543944E+00
     147.9989999999999952   5.6933339714737379E+00   4.8222508481823736E+00
     148.0010000000000048   5.6933691537391891E+00   4.8222346664501350E+00
     150.0000000000000000   5.7233119702152280E+00   4.8183864473960885E+00
     152.9989999999999952   5.7768561272097774E+00   4.7943583387393707E+00
     153.0010000000000048   5.7769035591708224E+00   4.7943156327706582E+00
     160.0000000000000000   5.9083623767506150E+00   4.7258734760996086E+00
     170.0000000000000000   6.0950046112837537E+00   4.6364605880336951E+00
     180.0000000000000000   6.2827951487046017E+00   4.5504097820410339E+00
     190.0000000000000000   6.4714117311552117E+00   4.4678121503391797E+00
     200.0000000000000000   6.6668390730701246E+00   4.3745420756409175E+00
     210.0000000000000000   6.8619357854292158E+00   4.2863664476346903E+00
     220.0000000000000000   7.0623292830877888E+00   4.1903574516113906E+00
     230.0000000000000000   7.2563382299637649E+00   4.1119549238033937E+00
     240.0000000000000000   7.4551232192560759E+00   4.0262640831501653E+00
     247.9989999999999952   7.6145133050402123E+00   3.9590344755736315E+00
     248.0010000000000048   7.6145569022434687E+00   3.9590099162866106E+00
     250.0000000000000000   7.6530301538815024E+00   3.9453783894119545E+00
     260.0000000000000000   7.8500870057142711E+00   3.8688913690320414E+00
     260.9990000000000236   7.8668316791665704E+00   3.8675900226037854E+00
     261.0009999999999764   7.8668748545253058E+00   3.8675670258972512E+00
     270.0000000000000000   8.0463229463915660E+00   3.7964405145177147E+00
     280.0000000000000000   8.2417673970000838E+00   3.7277019159627849E+00
     290.0000000000000000   8.4408389365504650E+00   3.6534163383967413E+00
     300.0000000000000000   8.6346317620030710E+00   3.5916270969555000E+00
     310.0000000000000000   8.8318638895828485E+00   3.5244556565830467E+00
     320.0000000000000000   9.0281829412133394E+00   3.4605935580059910E+00
     330.0000000000000000   9.2236243679797258E+00   3.3997913967263389E+00
     340.0000000000000000   9.4182218777178353E+00   3.3418245945336422E+00
     350.0000000000000000   9.6120074714254962E+00   3.2864903886929469E+00
     360.0000000000000000   9.8050115244157698E+00   3.2336051960921313E+00
     370.0000000000000000   9.9972628221060109E+00   3.1830024308476603E+00
     380.0000000000000000   1.0192360715892391E+01   3.1279829889697779E+00
     390.0000000000000000   1.0383104894648548E+01   3.0817003681897805E+00
     400.0000000000000000   1.0576628326405654E+01   3.0310968438133212E+00
     410.0000000000000000   1.0765968952265835E+01   2.9885882249099422E+00
     418.9990000000000236   1.0938155269914807E+01   2.9476298814630639E+00
     419.0009999999999764   1.0938194963497644E+01   2.9476183371158302E+00
     420.0000000000000000   1.0958018366095329E+01   2.9418640592597445E+00
     427.9990000000000236   1.1109790898865295E+01   2.9081109067257169E+00
     428.0009999999999764   1.1109830448911199E+01   2.9080997358090879E+00
     430.0000000000000000   1.1146048834642148E+01   2.9026728472104790E+00
     440.0000000000000000   1.1336715626116364E+01   2.8593761266134234E+00
     440.9990000000000236   1.1356373281752504E+01   2.8540367653978072E+00
     441.0009999999999764   1.1356412629896028E+01   2.8540260972013196E+00
     450.0000000000000000   1.1526704504534152E+01   2.8177132732219805E+00
     460.0000000000000000   1.1712887305341157E+01   2.7828654073338503E+00
     470.0000000000000000   1.1901615079824056E+01   2.7440717457209538E+00
     480.0000000000000000   1.2089721915266789E+01   2.7066553378237113E+00
     490.0000000000000000   1.2277224962308486E+01   2.6705415962609305E+00
     494.9990000000000236   1.2370735917192812E+01   2.6529558872799748E+00
     495.0009999999999764   1.2370774500845046E+01   2.6529469677601698E+00
     500.0000000000000000   1.2464140611218694E+01   2.6356613686547048E+00
     510.0000000000000000   1.2650484715312203E+01   2.6019501602160271E+00
     520.0000000000000000   1.2836272555619940E+01   2.5693478281687749E+00
     530.0000000000000000   1.3021518797880153E+01   2.5377983222791629E+00
     537.9990000000000236   1.3171028535113063E+01   2.5106288087383528E+00
     538.0009999999999764   1.3171066589717562E+01   2.5106209953018692E+00
     540.0000000000000000   1.3206237480504015E+01   2.5072494035124575E+00
     550.0000000000000000   1.3393260619493356E+01   2.4733292205128912E+00
     560.0000000000000000   1.3576927728510300E+01   2.4447252339690815E+00
     570.0000000000000000   1.3760105937646518E+01   2.4169821150092563E+00
     580.0000000000000000   1.3942807292699523E+01   2.3900598461921949E+00
     590.0000000000000000   1.4125043622545135E+01   2.3639205092310802E+00
     598.9990000000000236   1.4290789306478809E+01   2.3378887718264441E+00
     599.0009999999999764   1.4290826697512752E+01   2.3378821863361878E+00
     600.0000000000000000   1.4309501002632981E+01   2.3345979889489850E+00
     610.0000000000000000   1.4490803002493550E+01   2.3099960260041614E+00
     620.0000000000000000   1.4671670988514341E+01   2.2860769662682667E+00
     630.0000000000000000   1.4854718334997896E+01   2.2590803540276188E+00
     640.0000000000000000   1.5034714544199156E+01   2.2365038085695512E+00
     650.0000000000000000   1.5216864271503399E+01   2.2109249216706517E+00
     650.9990000000000236   1.5235292991594171E+01   2.2080502594902289E+00
     651.0009999999999764   1.5235329882250458E+01   2.2080445117233971E+00
     660.0000000000000000   1.5396027926046150E+01   2.1895761877334978E+00
     670.0000000000000000   1.5577316428353200E+01   2.1653003682141931E+00
     680.0000000000000000   1.5755680784118251E+01   2.1450818686500548E+00
     690.0000000000000000   1.5936143577751531E+01   2.1220046676557320E+00
     700.0000000000000000   1.6113740043370740E+01   2.1028287137945325E+00
     710.0000000000000000   1.6293408616998832E+01   2.0808589050170210E+00
     720.0000000000000000   1.6470267920706341E+01   2.0626450707612505E+00
     730.0000000000000000   1.6649171062464319E+01   2.0417016198346341E+00
     740.0000000000000000   1.6827706651545178E+01   2.0212548961530521E+00
     750.0000000000000000   1.7003488164133550E+01   2.0043855523743841E+00
     760.0000000000000000   1.7181295169651062E+01   1.9848609686613801E+00
     768.9990000000000236   1.7340768484709905E+01   1.9679741266629058E+00
     769.0009999999999764   1.7340804422523455E+01   1.9679697401411804E+00
     770.0000000000000000   1.7358753637795154E+01   1.9657813088288931E+00
     780.0000000000000000   1.7533516986211648E+01   1.9501121904397238E+00
     790.0000000000000000   1.7710282755226256E+01   1.9318621428978335E+00
     800.0000000000000000   1.7886715700912617E+01   1.9140143350560026E+00
     810.0000000000000000   1.8062812808965095E+01   1.8965654629458126E+00
     820.0000000000000000   1.8236290882441160E+01   1.8823199173914624E+00
     830.0000000000000000   1.8411746641933995E+01   1.8655854998571717E+00
     840.0000000000000000   1.8586886136478526E+01   1.8492076920998126E+00
     850.0000000000000000   1.8761709021078222E+01   1.8331811461599181E+00
     860.0000000000000000   1.8936218101649658E+01   1.8174968963223996E+00
     870.0000000000000000   1.9108211624382132E+01   1.8047708770980329E+00
     880.0000000000000000   1.9282136926567006E+01   1.7896823498745891E+00
     890.0000000000000000   1.9455767549067801E+01   1.7748997313021913E+00
     898.9990000000000236   1.9611549259608360E+01   1.7621080345285554E+00
     899.0009999999999764   1.9611584341736567E+01   1.7621046486289560E+00
     900.0000000000000000   1.9629105539096706E+01   1.7604162025199845E+00
     910.0000000000000000   1.9802154318248849E+01   1.7462235641595996E+00
     920.0000000000000000   1.9974918782800273E+01   1.7323121440234650E+00
     930.0000000000000000   2.0147404884600920E+01   1.7186713251360142E+00
     940.0000000000000000   2.0319618655019507E+01   1.7052907112282536E+00
     950.0000000000000000   2.0491564930569982E+01   1.6921615365013654E+00
     960.0000000000000000   2.0663247168805647E+01   1.6792767967711388E+00
     970.0000000000000000   2.0834668205666652E+01   1.6666303507771587E+00
     980.0000000000000000   2.1003759098549242E+01   1.6565165659800081E+00
     990.0000000000000000   2.1174675897551495E+01   1.6443039053800312E+00
    1000.0000000000000000   2.1345340336887073E+01   1.6323122422149976E+00
    1100.0000000000000000   2.3040771448357305E+01   1.5212648615441566E+00
    1200.0000000000000000   2.4714100335403408E+01   1.4271054466278610E+00
    1300.0000000000000000   2.6369557067344402E+01   1.3444513103856535E+00
    1400.0000000000000000   2.8008927778780649E+01   1.2710251988267667E+00
    1500.0000000000000000   2.9631917066739778E+01   1.2066452962645942E+00
    1600.0000000000000000   3.1239996823653975E+01   1.1496554015053193E+00
    1700.0000000000000000   3.2836018154838811E+01   1.0975209490822697E+00
    1800.0000000000000000   3.4419180745143962E+01   1.0507994084488446E+00
    1810.9990000000000236   3.4593575746246245E+01   1.0451941072504334E+00
    1811.0009999999999764   3.4593607501608560E+01   1.0451930517555668E+00
    1873.9990000000000236   3.5583800030885875E+01   1.0186166771193295E+00
    1874.0009999999999764   3.5583831630110723E+01   1.0186156869045508E+00
    1900.0000000000000000   3.5991982999824025E+01   1.0075201073117679E+00
    2000.0000000000000000   3.7553827972816308E+01   9.6813525510905996E-01
    2100.0000000000000000   3.9105177352867919E+01   9.3227735651933219E-01
    2200.0000000000000000   4.0646597826645092E+01   8.9953192982284291E-01
    2282.9989999999997963   4.1919464359601065E+01   8.7403666999585894E-01
    2283.0010000000002037   4.1919494946827662E+01   8.7403607698201857E-01
    2300.0000000000000000   4.2180495661539453E+01   8.6833510690110804E-01
    2400.0000000000000000   4.3703988749857039E+01   8.4058302323425105E-01
    2489.9989999999997963   4.5070460371613727E+01   8.1590996077935740E-01
    2490.0010000000002037   4.5070490830146476E+01   8.1590933324381543E-01
    2500.0000000000000000   4.5220690450204330E+01   8.1400570663522143E-01
    2576.9989999999997963   4.6383404926404438E+01   7.9469686216456914E-01
    2577.0010000000002037   4.6383435274534861E+01   7.9469625363026541E-01
    2591.9989999999997963   4.6610314942541414E+01   7.9050151557183312E-01
    2592.0010000000002037   4.6610345083857716E+01   7.9050101471835255E-01
    2600.0000000000000000   4.6729526230059783E+01   7.8931839259849690E-01
    2700.0000000000000000   4.8232257938630823E+01   7.6551702408356637E-01
    2800.0000000000000000   4.9726655401353000E+01   7.4398030207098298E-01
    2822.9989999999997963   5.0068929896207948E+01   7.3945889124708697E-01
    2823.0010000000002037   5.0068959776923222E+01   7.3945842800959904E-01
    2900.0000000000000000   5.1213988255487578E+01   7.2395368506142843E-01
    3000.0000000000000000   5.2696227261196654E+01   7.0438334225321264E-01
    3071.9989999999997963   5.3759493936759682E+01   6.9103054090767346E-01
    3072.0010000000002037   5.3759523776979904E+01   6.9103000394434855E-01
    3100.0000000000000000   5.4171669203657856E+01   6.8624150483567126E-01
    3200.0000000000000000   5.5642257480972603E+01   6.6861061142534173E-01
    3300.0000000000000000   5.7104495465452928E+01   6.5322428177261938E-01
    3400.0000000000000000   5.8562817380770433E+01   6.3787693688993496E-01
    3500.0000000000000000   6.0017652596984313E+01   6.2246054821508712E-01
    3559.9989999999997963   6.0886187151045938E+01   6.1446116073526758E-01
    3560.0010000000002037   6.0886216490346371E+01   6.1446071154077020E-01
    3600.0000000000000000   6.1465752825224953E+01   6.0857342339406573E-01
    3700.0000000000000000   6.2907565067362974E+01   5.9593813858053490E-01
    3800.0000000000000000   6.4346482093090671E+01   5.8313169617104044E-01
    3856.9989999999997963   6.5165199750159644E+01   5.7578099276497430E-01
    3857.0010000000002037   6.5165228749143338E+01   5.7578061248208234E-01
    3900.0000000000000000   6.5781377665518562E+01   5.7059276662425695E-01
    4000.0000000000000000   6.7209493494410978E+01   5.5960576000945572E-01
    4100.0000000000000000   6.8635286726229097E+01   5.4827157432689588E-01
    4200.0000000000000000   7.0055920282235363E+01   5.3782826601394285E-01
    4300.0000000000000000   7.1473640888470399E+01   5.2734136792494946E-01
    4400.0000000000000000   7.2885394885822819E+01   5.1801685028163014E-01
    4500.0000000000000000   7.4294842182864272E+01   5.0856618565767131E-01
    4600.0000000000000000   7.5699252434400037E+01   4.9988243512665953E-01
    4700.0000000000000000   7.7102565506716999E+01   4.9061029784216081E-01
    4800.0000000000000000   7.8500342074726490E+01   4.8240804641558549E-01
    4900.0000000000000000   7.9893780906148379E+01   4.7481611029232168E-01
    5000.0000000000000000   8.1284930179811965E+01   4.6711832361323147E-01
    5100.0000000000000000   8.2672878398075781E+01   4.5965306955354068E-01
    5200.0000000000000000   8.4057564986773244E+01   4.5245991289131537E-01
    5300.0000000000000000   8.5440239216480649E+01   4.4514915690421170E-01
    5400.0000000000000000   8.6820243165160619E+01   4.3795737099555515E-01
    5500.0000000000000000   8.8194551433226380E+01   4.3187019403814603E-01
    5600.0000000000000000   8.9565285428360355E+01   4.2616493299377922E-01
    5700.0000000000000000   9.0938196519031507E+01   4.1905384369798543E-01
    5800.0000000000000000   9.2302663452402840E+01   4.1385363593240770E-01
    5900.0000000000000000   9.3669224888944385E+01   4.0739670809871559E-01
    6000.0000000000000000   9.5027863350694318E+01   4.0273203145853570E-01
    6100.0000000000000000   9.6389079436995175E+01   3.9666204641882169E-01
    6200.0000000000000000   9.7746404922807443E+01   3.9106119817792762E-01
    6300.0000000000000000   9.9098507529229096E+01   3.8644670166266187E-01
    6400.0000000000000000   1.0044852471690284E+02   3.8188125900200426E-01
    6500.0000000000000000   1.0179735253481731E+02   3.7703382562181775E-01
    6600.0000000000000000   1.0314557703350989E+02   3.7186854947641157E-01
    6700.0000000000000000   1.0448950764566904E+02   3.6737746597366788E-01
    6800.0000000000000000   1.0583177281389436E+02   3.6275823738419100E-01
    6900.0000000000000000   1.0717055392782875E+02   3.5871499528072254E-01
    7000.0000000000000000   1.0850714529980132E+02   3.5458852613091735E-01
    7100.0000000000000000   1.0984156293206426E+02   3.5077258250984455E-01
    7200.0000000000000000   1.1117793710840385E+02   3.4578091673857886E-01
    7300.0000000000000000   1.1250937710058571E+02   3.4180132655204060E-01
    7400.0000000000000000   1.1383703101834092E+02   3.3829222155102157E-01
    7500.0000000000000000   1.1516112036227099E+02   3.3515981893334645E-01
    7600.0000000000000000   1.1649099153151320E+02   3.3037019333425632E-01
    7700.0000000000000000   1.1781136784203508E+02   3.2732796880307774E-01
    7800.0000000000000000   1.1912955759428029E+02   3.2450690310288732E-01
    7900.0000000000000000   1.2045251653440003E+02   3.2026375295615900E-01
    8000.0000000000000000   1.2176536361128106E+02   3.1783903713705708E-01
    8100.0000000000000000   1.2308534212871280E+02   3.1345783376007963E-01
    8200.0000000000000000   1.2439517482587203E+02   3.1123985590657510E-01
    8300.0000000000000000   1.2570947532221766E+02   3.0746235724508847E-01
    8400.0000000000000000   1.2701653504531797E+02   3.0492622829357896E-01
    8500.0000000000000000   1.2832683435407833E+02   3.0150346384259408E-01
    8600.0000000000000000   1.2963635391499557E+02   2.9797291460781705E-01
    8700.0000000000000000   1.3093501858914851E+02   2.9647928729510170E-01
    8800.0000000000000000   1.3224134612987143E+02   2.9282735488947265E-01
    8900.0000000000000000   1.3354313089477307E+02   2.8991367183884870E-01
    9000.0000000000000000   1.3484168108880525E+02   2.8750387294706509E-01
    9100.0000000000000000   1.3613798551217192E+02   2.8531481258286423E-01
    9200.0000000000000000   1.3743755348682134E+02   2.8221514076147114E-01
    9300.0000000000000000   1.3873245003644192E+02   2.7971661744722243E-01
    9400.0000000000000000   1.4002790278269461E+02   2.7671895985116901E-01
    9500.0000000000000000   1.4131914242295630E+02   2.7431722755729238E-01
    9600.0000000000000000   1.4260558280405721E+02   2.7268615756144932E-01
    9700.0000000000000000   1.4389151323757906E+02   2.7091060206007295E-01
    9800.0000000000000000   1.4517905731930441E+02   2.6855728190254907E-01
    9900.0000000000000000   1.4646612939065841E+02   2.6606838908951047E-01
   10000.0000000000000000   1.4775150258493727E+02   2.6368966123802084E-01
   10208.9989999999997963   1.5043492794663925E+02   2.5862864557990750E-01
   10209.0010000000002037   1.5043495360216590E+02   2.5862861076756183E-01
   11000.0000000000000000   1.6052399206775445E+02   2.4295658838195361E-01
   11545.9989999999997963   1.6743869075518867E+02   2.3380698643043427E-01
   11546.0010000000002037   1.6743871757063931E+02   2.3380669727581282E-01
   12000.0000000000000000   1.7316487172994124E+02   2.2621987634055460E-01
   12102.9989999999997963   1.7446369711153804E+02   2.2411610729459100E-01
   12103.0010000000002037   1.7446372257623406E+02   2.2411600221613615E-01
   13000.0000000000000000   1.8569213891788306E+02   2.1217205348560531E-01
   13040.9989999999997963   1.8621401733471893E+02   2.1003919484906858E-01
   13041.0010000000002037   1.8621404289259391E+02   2.1003904421942485E-01
   14000.0000000000000000   1.9811560105008866E+02   1.9939421010920713E-01
   15000.0000000000000000   2.1045339921636256E+02   1.8722436436568252E-01
   15205.9989999999997963   2.1299006368992542E+02   1.8479506713380087E-01
   15206.0010000000002037   2.1299008839107367E+02   1.8479502624015337E-01
   15866.9989999999997963   2.2107605183246471E+02   1.7831016408145914E-01
   15867.0010000000002037   2.2107607644188528E+02   1.7831008361024445E-01
   16000.0000000000000000   2.2270072241241681E+02   1.7721608871588751E-01
   17000.0000000000000000   2.3485873344320299E+02   1.6886081923502805E-01
   18000.0000000000000000   2.4695339039342787E+02   1.6023839261272294E-01
   19000.0000000000000000   2.5897999043926325E+02   1.5332889706186043E-01
   20000.0000000000000000   2.7093492213113558E+02   1.4611087042233936E-01
   21000.0000000000000000   2.8282688750099186E+02   1.4018804135424653E-01
   22000.0000000000000000   2.9465964282777225E+02   1.3596255746670843E-01
   23000.0000000000000000   3.0642960063747790E+02   1.3087355447235871E-01
   24000.0000000000000000   3.1817706166682837E+02   1.2545994954064646E-01
   25000.0000000000000000   3.2986072542372540E+02   1.2034397657357020E-01
   26000.0000000000000000   3.4148761700296035E+02   1.1677257720610029E-01
   27000.0000000000000000   3.5308256159978578E+02   1.1296065257424115E-01
   28000.0000000000000000   3.6461409936743729E+02   1.1007964052994733E-01
   29000.0000000000000000   3.7610580144533793E+02   1.0640338413052979E-01
   30000.0000000000000000   3.8758631440560811E+02   1.0375087557013726E-01
   31000.0000000000000000   3.9899847771495422E+02   1.0132421705786600E-01
   32000.0000000000000000   4.1037646440016869E+02   9.8106685063805044E-02
   33000.0000000000000000   4.2174548493388886E+02   9.5090727110444195E-02
   34000.0000000000000000   4.3307329210855812E+02   9.2586155979865956E-02
   35000.0000000000000000   4.4434708185308216E+02   9.1013185153162396E-02
   36000.0000000000000000   4.5558464799640961E+02   8.9253059676047075E-02
   37000.0000000000000000   4.6684272499310657E+02   8.5551896037033143E-02
   38000.0000000000000000   4.7804736022091504E+02   8.5247950845707993E-02
   39000.0000000000000000   4.8921864547467732E+02   8.1976493975385284E-02
   40000.0000000000000000   5.0034627560726858E+02   8.0262472109261490E-02
   41000.0000000000000000   5.1149090489926181E+02   7.8271765095854207E-02
   42000.0000000000000000   5.2254276805069151E+02   7.7353245235208590E-02
   43000.0000000000000000   5.3362080815754121E+02   7.5234092027602131E-02
   44000.0000000000000000   5.4467344871842272E+02   7.4508659235362165E-02
   45000.0000000000000000   5.5563335015429675E+02   7.3590406549152068E-02
   46000.0000000000000000   5.6661453432623387E+02   7.2241103834773085E-02
   47000.0000000000000000   5.7763995975539001E+02   6.9867418739360865E-02
   48000.0000000000000000   5.8858644383344688E+02   6.9468793146875776E-02
   49000.0000000000000000   5.9951877098112777E+02   6.7978395108837061E-02
   50000.0000000000000000   6.1044520011879649E+02   6.5749656471390069E-02
   69528.9989999999961583   8.1968745880543634E+02   4.9834053778587566E-02
   69529.0010000000038417   8.1968748217156553E+02   4.9834025568229086E-02
   88010.9989999999961583   1.0127237687284102E+03   4.0805695228301624E-02
   88011.0010000000038417   1.0127237860088571E+03   4.0805860407294010E-02
