       0.1000000000000000   2.7098090896200389E+01   1.0748982949088206E-03
       0.2000000000000000   2.3846646567751208E+01   2.1009712616600071E-03
       0.3000000000000000   2.2763196927219674E+01   3.1196694431636137E-03
       0.4000000000000000   2.2347074093571585E+01   4.0919178330088542E-03
       0.5000000000000000   2.2134654118066802E+01   5.0524582172028105E-03
       0.6000000000000000   2.2020230389742022E+01   6.0031655984310699E-03
       0.7000000000000000   2.1962512874004794E+01   6.9457599960737254E-03
       0.7999999999999999   2.1938805127504004E+01   7.8814519989394479E-03
       0.8999999999999999   2.1938599265883596E+01   8.8087420364889400E-03
       0.9999999999999999   2.1951948486642962E+01   9.7314211901197035E-03
       2.0000000000000000   2.2315575030332134E+01   1.8733789143719270E-02
       3.0000000000000000   2.2648694913411568E+01   2.7587447524565455E-02
       4.0000000000000000   2.2853949193446123E+01   3.6519917930054324E-02
       5.0000000000000000   2.2942284526036158E+01   4.5673815577042171E-02
       6.0000000000000000   2.2934826630659142E+01   5.5148681548770680E-02
       7.0000000000000000   2.2851499963826246E+01   6.5013365184614175E-02
       8.0000000000000000   2.2707624448827406E+01   7.5323147932876283E-02
       9.0000000000000000   2.2515470558934513E+01   8.6123943226213417E-02
      10.0000000000000000   2.2284512560026815E+01   9.7457259320119644E-02
      11.0000000000000000   2.2022469668999801E+01   1.0936052017569015E-01
      12.0000000000000000   2.1735478981501075E+01   1.2186893407171824E-01
      13.0000000000000000   2.1428601182808556E+01   1.3501663029967476E-01
      14.0000000000000000   2.1105745207083682E+01   1.4883918392204074E-01
      15.0000000000000000   2.0770141289683142E+01   1.6337294710008790E-01
      16.0000000000000000   2.0424484571532826E+01   1.7865503883732614E-01
      17.0000000000000000   2.0070890218467010E+01   1.9472568837931548E-01
      18.0000000000000000   1.9711151167299278E+01   2.1162727455625527E-01
      19.0000000000000000   1.9346690743631690E+01   2.2940545946637836E-01
      20.0000000000000000   1.8978677864998737E+01   2.4810994198057623E-01
      21.0000000000000000   1.8608050077997571E+01   2.6779482882301370E-01
      22.0000000000000000   1.8235589396333083E+01   2.8851868016952947E-01
      23.0000000000000000   1.7861920529679651E+01   3.1034559425242164E-01
      24.0000000000000000   1.7487531798197168E+01   3.3334617621745105E-01
      24.9989999999999988   1.7113195903323163E+01   3.5757272828371600E-01
      25.0000000000000000   1.7112821144041529E+01   3.5759763209619622E-01
      25.0010000000000012   1.7112446384759242E+01   3.5762253724362164E-01
      26.0000000000000000   1.6738104638718326E+01   3.8318472912681850E-01
      26.9989999999999988   1.6364006965011004E+01   4.1017280254325689E-01
      27.0000000000000000   1.6363632687146961E+01   4.1020056522954867E-01
      27.0010000000000012   1.6363258409730747E+01   4.1022832944597376E-01
      28.0000000000000000   1.5989606869292890E+01   4.3874734962128059E-01
      29.0000000000000000   1.5616185728578756E+01   4.6893740435370967E-01
      30.0000000000000000   1.5243504050331753E+01   5.0089396858037971E-01
      31.0000000000000000   1.4871675090874151E+01   5.3475225633680790E-01
      32.0000000000000000   1.4500809236987969E+01   5.7066020023098596E-01
      33.0000000000000000   1.4131013914927186E+01   6.0877956495009167E-01
      34.0000000000000000   1.3762410004140074E+01   6.4928653866804309E-01
      35.0000000000000000   1.3395138742846083E+01   6.9237229924896038E-01
      35.9990000000000023   1.3029737963278730E+01   7.3819582910585801E-01
      36.0000000000000000   1.3029373017227503E+01   7.3824316351987440E-01
      36.0009999999999977   1.3029008072892820E+01   7.3829050093890813E-01
      37.0000000000000000   1.2665328350558635E+01   7.8712018406356288E-01
      37.9990000000000023   1.2303636154002723E+01   8.3918411440725305E-01
      38.0000000000000000   1.2303275201762100E+01   8.3923793192248286E-01
      38.0009999999999977   1.2302914251844038E+01   8.3929175292355074E-01
      39.0000000000000000   1.1943551230587984E+01   8.9484215043196624E-01
      40.0000000000000000   1.1586575508384758E+01   9.5418585534451794E-01
      40.9990000000000023   1.1233213022035137E+01   1.0174580889349125E+00
      41.0000000000000000   1.1232861133646193E+01   1.0175235050410296E+00
      41.0009999999999977   1.1232509249128881E+01   1.0175889253901313E+00
      42.0000000000000000   1.0883028096826854E+01   1.0851026749026227E+00
      43.0000000000000000   1.0537813315179656E+01   1.1571529025649041E+00
      44.0000000000000000   1.0198076116113544E+01   1.2338714157931778E+00
      45.0000000000000000   9.8647961644987365E+00   1.3154060150708899E+00
      46.0000000000000000   9.5390622475682623E+00   1.4018356590722216E+00
      47.0000000000000000   9.2220480006441434E+00   1.4931503764453671E+00
      48.0000000000000000   8.9149739430964186E+00   1.5892327350090294E+00
      49.0000000000000000   8.6190564346433209E+00   1.6898437918781140E+00
      50.0000000000000000   8.3354470757930521E+00   1.7946165441268769E+00
      50.9990000000000023   8.0654322914756413E+00   1.9029491796840459E+00
      51.0000000000000000   8.0651689687447146E+00   1.9030592632388610E+00
      51.0009999999999977   8.0649056602006794E+00   1.9031693498686393E+00
      52.0000000000000000   7.8090582027956676E+00   2.0145696466570326E+00
      53.0000000000000000   7.5677185599833150E+00   2.1284588172749848E+00
      54.0000000000000000   7.3414957383879900E+00   2.2439823477194691E+00
      55.0000000000000000   7.1304733615658975E+00   2.3603743237110839E+00
      56.0000000000000000   6.9344893437011166E+00   2.4768802719951002E+00
      57.0000000000000000   6.7531679330945602E+00   2.5927853747609522E+00
      58.0000000000000000   6.5859605628961733E+00   2.7074363657234137E+00
      59.0000000000000000   6.4321905986231744E+00   2.8202556658325215E+00
      60.0000000000000000   6.2910963515078633E+00   2.9307485181943735E+00
      61.0000000000000000   6.1618683863880257E+00   3.0385047206710274E+00
      62.0000000000000000   6.0436810425994700E+00   3.1431954799455424E+00
      63.0000000000000000   5.9357165338179128E+00   3.2445675421705555E+00
      64.0000000000000000   5.8371825522002627E+00   3.3424355463563651E+00
      65.0000000000000000   5.7473242613160780E+00   3.4366736153496693E+00
      66.0000000000000000   5.6654316950445569E+00   3.5272068798381273E+00
      67.0000000000000000   5.5908436280439897E+00   3.6140033925618624E+00
      68.0000000000000000   5.5229488432135048E+00   3.6970667032015627E+00
      69.0000000000000000   5.4611855590171352E+00   3.7764292276082752E+00
      70.0000000000000000   5.4050396258008107E+00   3.8521464503584726E+00
      71.0000000000000000   5.3540419505924453E+00   3.9242919409500252E+00
      72.0000000000000000   5.3077654932309937E+00   3.9929531264693443E+00
      73.0000000000000000   5.2658220689367816E+00   4.0582277475722677E+00
      74.0000000000000000   5.2278591268134731E+00   4.1202209168554704E+00
      75.0000000000000000   5.1935565995499884E+00   4.1790427120905038E+00
      76.0000000000000000   5.1626239776185292E+00   4.2348061544627429E+00
      77.0000000000000000   5.1347974335788207E+00   4.2876256908397208E+00
      78.0000000000000000   5.1098373030777822E+00   4.3376158688663775E+00
      79.0000000000000000   5.0875257100235185E+00   4.3848903409154909E+00
      79.9989999999999952   5.0676831187522078E+00   4.4295176689310374E+00
      80.0000000000000000   5.0676644199164809E+00   4.4295610758198309E+00
      80.0010000000000048   5.0676457233491776E+00   4.4296044802148007E+00
      81.0000000000000000   5.0500728964424200E+00   4.4717377525193918E+00
      82.0000000000000000   5.0345865506064920E+00   4.5115273030900003E+00
      83.0000000000000000   5.0210551642264294E+00   4.5490335777431667E+00
      84.0000000000000000   5.0093414741620670E+00   4.5843571092230064E+00
      85.0000000000000000   4.9993199056674840E+00   4.6175949573073343E+00
      86.0000000000000000   4.9908754355671299E+00   4.6488406179338799E+00
      87.0000000000000000   4.9839025735245048E+00   4.6781839857619820E+00
      88.0000000000000000   4.9783044584137341E+00   4.7057113480318531E+00
      89.0000000000000000   4.9739920310406402E+00   4.7315054296481573E+00
      89.9989999999999952   4.9708858431938125E+00   4.7556221045752780E+00
      90.0000000000000000   4.9708833100709819E+00   4.7556454438867970E+00
      90.0010000000000048   4.9708807780757969E+00   4.7556687816203214E+00
      91.0000000000000000   4.9689027357998894E+00   4.7782071716785115E+00
      92.0000000000000000   4.9679805819443459E+00   4.7992630531346911E+00
      93.0000000000000000   4.9680524278558647E+00   4.8188822893254306E+00
      94.0000000000000000   4.9690586842569591E+00   4.8371309511624281E+00
      95.0000000000000000   4.9709441666206429E+00   4.8540720928471481E+00
      96.0000000000000000   4.9736577110689453E+00   4.8697658678498632E+00
      97.0000000000000000   4.9771518281464093E+00   4.8842696458002290E+00
      98.0000000000000000   4.9813823900998440E+00   4.8976381290352649E+00
      99.0000000000000000   4.9863083499011367E+00   4.9099234676585768E+00
     100.0000000000000000   4.9918914839493276E+00   4.9211753727091017E+00
     110.0000000000000000   5.0770731864377705E+00   4.9862585612921011E+00
     110.9989999999999952   5.0879652667121613E+00   4.9888272116280135E+00
     111.0010000000000048   5.0879874312066118E+00   4.9888317538081743E+00
     120.0000000000000000   5.2001724591137268E+00   4.9883583723359006E+00
     130.0000000000000000   5.3470537349593101E+00   4.9508354144634561E+00
     140.0000000000000000   5.5095204281222800E+00   4.8884736524962102E+00
     143.9989999999999952   5.5776552582810188E+00   4.8588395319497373E+00
     144.0010000000000048   5.5776897113795449E+00   4.8588241838835442E+00
     147.9989999999999952   5.6472448710675973E+00   4.8272248224389651E+00
     148.0010000000000048   5.6472799917359087E+00   4.8272085864479193E+00
     150.0000000000000000   5.6772395400521081E+00   4.8233087751808412E+00
     152.9989999999999952   5.7306508025883076E+00   4.7992123392907908E+00
     153.0010000000000048   5.7306979571547023E+00   4.7991695884653636E+00
     160.0000000000000000   5.8617223607988818E+00   4.7305759500918185E+00
     170.0000000000000000   6.0477185284588568E+00   4.6409640872850035E+00
     180.0000000000000000   6.2348004210032313E+00   4.5547322415588818E+00
     190.0000000000000000   6.4226576431521911E+00   4.4719690989509537E+00
     200.0000000000000000   6.6171916459656526E+00   4.3785470552794141E+00
     210.0000000000000000   6.8113731950120302E+00   4.2902313442574274E+00
     220.0000000000000000   7.0107507668870888E+00   4.1940927593191386E+00
     230.0000000000000000   7.2038160839920868E+00   4.1155699578023643E+00
     240.0000000000000000   7.4015698304738073E+00   4.0297671530785264E+00
     247.9989999999999952   7.5601177149464363E+00   3.9624533831680275E+00
     248.0010000000000048   7.5601610470255016E+00   3.9624288034001380E+00
     250.0000000000000000   7.5984416159881762E+00   3.9487769416175147E+00
     260.0000000000000000   7.7944602681342374E+00   3.8721921042877692E+00
     260.9990000000000236   7.8111419455567859E+00   3.8708813284288803E+00
     261.0009999999999764   7.8111848584149532E+00   3.8708583129047307E+00
     270.0000000000000000   7.9896556398647238E+00   3.7996494861260897E+00
     280.0000000000000000   8.1840576994161331E+00   3.7308246120685000E+00
     290.0000000000000000   8.3820245264176307E+00   3.6564577514841283E+00
     300.0000000000000000   8.5747750148121629E+00   3.5945917828683718E+00
     310.0000000000000000   8.7709070212064493E+00   3.5273477849198871E+00
     320.0000000000000000   8.9661291138837527E+00   3.4634169553706422E+00
     330.0000000000000000   9.1604767256115398E+00   3.4025495840245630E+00
     340.0000000000000000   9.3539835298311722E+00   3.3445208192795337E+00
     350.0000000000000000   9.5466814813841552E+00   3.2891276531113052E+00
     360.0000000000000000   9.7386009006216039E+00   3.2361862816612015E+00
     370.0000000000000000   9.9297705121559314E+00   3.1855299198139173E+00
     380.0000000000000000   1.0123741675545334E+01   3.1304592832754423E+00
     390.0000000000000000   1.0313411106246589E+01   3.0841277061800940E+00
     400.0000000000000000   1.0505816431282680E+01   3.0334773150315248E+00
     410.0000000000000000   1.0694088853936581E+01   2.9909237832385456E+00
     418.9990000000000236   1.0865285067383740E+01   2.9499265903285323E+00
     419.0009999999999764   1.0865324521493116E+01   2.9499150375055452E+00
     420.0000000000000000   1.0885028329075679E+01   2.9441565346263996E+00
     427.9990000000000236   1.1035933657954500E+01   2.9103701607638284E+00
     428.0009999999999764   1.1035972969513212E+01   2.9103589816735815E+00
     430.0000000000000000   1.1071996757727883E+01   2.9049239560443554E+00
     440.0000000000000000   1.1261561336231868E+01   2.8615874812096105E+00
     440.9990000000000236   1.1281100545270276E+01   2.8562442333758051E+00
     441.0009999999999764   1.1281139656323221E+01   2.8562335574134128E+00
     450.0000000000000000   1.1450451990720266E+01   2.8198863901491240E+00
     460.0000000000000000   1.1635581870688604E+01   2.7850017150008277E+00
     470.0000000000000000   1.1823218522806153E+01   2.7461725912022241E+00
     480.0000000000000000   1.2010237914091359E+01   2.7087219930294415E+00
     490.0000000000000000   1.2196657099062328E+01   2.6725752635266207E+00
     494.9990000000000236   1.2289627553070625E+01   2.6549734942944205E+00
     495.0009999999999764   1.2289665904956589E+01   2.6549645684050907E+00
     500.0000000000000000   1.2382492375313829E+01   2.6376631858149953E+00
     510.0000000000000000   1.2567759504485958E+01   2.6039212052192795E+00
     520.0000000000000000   1.2752473677838299E+01   2.5712891232817126E+00
     530.0000000000000000   1.2936649474192608E+01   2.5397108379248654E+00
     537.9990000000000236   1.3085283011371081E+01   2.5125189696827999E+00
     538.0009999999999764   1.3085320837884476E+01   2.5125111507287463E+00
     540.0000000000000000   1.3120300848402938E+01   2.5091340617797058E+00
     550.0000000000000000   1.3306223225475325E+01   2.4751868983702785E+00
     560.0000000000000000   1.3488829586463428E+01   2.4465567662134728E+00
     570.0000000000000000   1.3670949950618098E+01   2.4187882969746139E+00
     580.0000000000000000   1.3852596289936303E+01   2.3918414362420548E+00
     590.0000000000000000   1.4033780358885327E+01   2.3656782310551558E+00
     598.9990000000000236   1.4198553884742587E+01   2.3396256063451872E+00
     599.0009999999999764   1.4198591052308874E+01   2.3396190162733186E+00
     600.0000000000000000   1.4217153753063689E+01   2.3363325336822420E+00
     610.0000000000000000   1.4397409322135806E+01   2.3117080541847339E+00
     620.0000000000000000   1.4577233445714286E+01   2.2877671096487333E+00
     630.0000000000000000   1.4759206067958154E+01   2.2607492172527976E+00
     640.0000000000000000   1.4938163834197709E+01   2.2381519707324995E+00
     650.0000000000000000   1.5119244783626678E+01   2.2125529377573798E+00
     650.9990000000000236   1.5137563619097042E+01   2.2096762925883504E+00
     651.0009999999999764   1.5137600289785093E+01   2.2096705408568829E+00
     660.0000000000000000   1.5297375147708960E+01   2.1911845899659363E+00
     670.0000000000000000   1.5477600573097099E+01   2.1668896672999076E+00
     680.0000000000000000   1.5654936583659708E+01   2.1466525549464626E+00
     690.0000000000000000   1.5834341751923510E+01   2.1235572122557609E+00
     700.0000000000000000   1.6010914618931476E+01   2.1043635695400948E+00
     710.0000000000000000   1.6189530807030629E+01   2.0823765074459573E+00
     720.0000000000000000   1.6365371055273322E+01   2.0641458389930372E+00
     730.0000000000000000   1.6543226861594601E+01   2.0431859573994995E+00
     740.0000000000000000   1.6720717523092084E+01   2.0227231917688777E+00
     750.0000000000000000   1.6895486777946225E+01   2.0058381806752870E+00
     760.0000000000000000   1.7072253680261518E+01   1.9862982908815634E+00
     768.9990000000000236   1.7230795955171395E+01   1.9693979731910851E+00
     769.0009999999999764   1.7230831679611185E+01   1.9693935837051280E+00
     770.0000000000000000   1.7248674326220179E+01   1.9672036734450613E+00
     780.0000000000000000   1.7422431810640667E+01   1.9515199337750446E+00
     790.0000000000000000   1.7598164346431993E+01   1.9332555896901948E+00
     800.0000000000000000   1.7773566244716182E+01   1.9153937989931069E+00
     810.0000000000000000   1.7948634561351525E+01   1.8979312471693999E+00
     820.0000000000000000   1.8121114881315346E+01   1.8836723149727865E+00
     830.0000000000000000   1.8295546050968529E+01   1.8669247942457159E+00
     840.0000000000000000   1.8469663056200147E+01   1.8505341575470129E+00
     850.0000000000000000   1.8643465584753983E+01   1.8344950481195852E+00
     860.0000000000000000   1.8816956434771885E+01   1.8187984918293454E+00
     870.0000000000000000   1.8987961505222717E+01   1.8060604151263413E+00
     880.0000000000000000   1.9160872339078519E+01   1.7909600716768306E+00
     890.0000000000000000   1.9333490457456566E+01   1.7761658707307946E+00
     898.9990000000000236   1.9488365427189066E+01   1.7633639450209002E+00
     899.0009999999999764   1.9488400301882645E+01   1.7633605568679902E+00
     900.0000000000000000   1.9505817906530488E+01   1.7616709863318822E+00
     910.0000000000000000   1.9677858088957866E+01   1.7474672123052040E+00
     920.0000000000000000   1.9849615863006775E+01   1.7335448699209188E+00
     930.0000000000000000   2.0021097128770453E+01   1.7198933359316335E+00
     940.0000000000000000   2.0192307864367532E+01   1.7065022080439720E+00
     950.0000000000000000   2.0363252867502176E+01   1.6933627146699857E+00
     960.0000000000000000   2.0533935573631776E+01   1.6804678460600762E+00
     970.0000000000000000   2.0704358803841316E+01   1.6678114556013810E+00
     980.0000000000000000   2.0872479418941644E+01   1.6576879056047804E+00
     990.0000000000000000   2.1042401680989649E+01   1.6454656541140469E+00
    1000.0000000000000000   2.1212073257482292E+01   1.6334645695944516E+00
    1100.0000000000000000   2.2897638628189309E+01   1.5223313657364999E+00
    1200.0000000000000000   2.4561248414637070E+01   1.4280989211237158E+00
    1300.0000000000000000   2.6207093684107310E+01   1.3453818196761060E+00
    1400.0000000000000000   2.7836949560471236E+01   1.2719008119575068E+00
    1500.0000000000000000   2.9450533256712696E+01   1.2074725877790349E+00
    1600.0000000000000000   3.1049306154810068E+01   1.1504398033974237E+00
    1700.0000000000000000   3.2636091081740510E+01   1.0982670041854821E+00
    1800.0000000000000000   3.4210103024176462E+01   1.0515109567775374E+00
    1810.9990000000000236   3.4383484301276013E+01   1.0459020692913845E+00
    1811.0009999999999764   3.4383515871700872E+01   1.0459010131479607E+00
    1873.9990000000000236   3.5367992338183072E+01   1.0193048274489016E+00
    1874.0009999999999764   3.5368023753567222E+01   1.0193038366241840E+00
    1900.0000000000000000   3.5773814929264915E+01   1.0082004256721757E+00
    2000.0000000000000000   3.7326641326703182E+01   9.6878716343631044E-01
    2100.0000000000000000   3.8869042031659163E+01   9.3290330006863376E-01
    2200.0000000000000000   4.0401580184051099E+01   9.0013404353955562E-01
    2282.9989999999997963   4.1667114448130711E+01   8.7462043948210233E-01
    2283.0010000000002037   4.1667144859288392E+01   8.7461984604073528E-01
    2300.0000000000000000   4.1926636093961186E+01   8.6891526643599659E-01
    2400.0000000000000000   4.3441364914921373E+01   8.4114288581230778E-01
    2489.9989999999997963   4.4799966349392562E+01   8.1645281942300196E-01
    2490.0010000000002037   4.4799996631539187E+01   8.1645219152194348E-01
    2500.0000000000000000   4.4949339060371571E+01   8.1454674411875094E-01
    2576.9989999999997963   4.6105365846433720E+01   7.9522430700799085E-01
    2577.0010000000002037   4.6105396018777206E+01   7.9522369813017268E-01
    2591.9989999999997963   4.6330965384454501E+01   7.9102639754466197E-01
    2592.0010000000002037   4.6330995352334568E+01   7.9102589635125442E-01
    2600.0000000000000000   4.6449499070666278E+01   7.8984191847636576E-01
    2700.0000000000000000   4.7943587735139985E+01   7.6602421568464196E-01
    2800.0000000000000000   4.9429403320685445E+01   7.4447221898617533E-01
    2822.9989999999997963   4.9769715789870347E+01   7.3994743397006346E-01
    2823.0010000000002037   4.9769745498496405E+01   7.3994697044132107E-01
    2900.0000000000000000   5.0908201947505233E+01   7.2443128452905958E-01
    3000.0000000000000000   5.2381932448522825E+01   7.0484749209217124E-01
    3071.9989999999997963   5.3439099064484644E+01   6.9148550005203846E-01
    3072.0010000000002037   5.3439128731400736E+01   6.9148496283884486E-01
    3100.0000000000000000   5.3848913301918081E+01   6.8669299438320075E-01
    3200.0000000000000000   5.5311066119208256E+01   6.6905016083965252E-01
    3300.0000000000000000   5.6764936979053772E+01   6.5365254998660594E-01
    3400.0000000000000000   5.8214908611898757E+01   6.3829452844526180E-01
    3500.0000000000000000   5.9661406406156317E+01   6.2286801916153245E-01
    3559.9989999999997963   6.0524976882635734E+01   6.1486280807874782E-01
    3560.0010000000002037   6.0525006051715827E+01   6.1486235869310446E-01
    3600.0000000000000000   6.1101221521528949E+01   6.0897128640421949E-01
    3700.0000000000000000   6.2534796546555924E+01   5.9632686740247065E-01
    3800.0000000000000000   6.3965485015480134E+01   5.8351172951969577E-01
    3856.9989999999997963   6.4779518516546020E+01   5.7615625383090807E-01
    3857.0010000000002037   6.4779547347826892E+01   5.7615587338282004E-01
    3900.0000000000000000   6.5392174839442731E+01   5.7096451159477568E-01
    4000.0000000000000000   6.6812141023515665E+01   5.5996959508161159E-01
    4100.0000000000000000   6.8229788863274379E+01   5.4862785201831077E-01
    4200.0000000000000000   6.9642315408685576E+01   5.3817731523047607E-01
    4300.0000000000000000   7.1051941570732097E+01   5.2768349604902598E-01
    4400.0000000000000000   7.2455650228035225E+01   5.1835234503297056E-01
    4500.0000000000000000   7.3857058814976796E+01   5.0889531675570976E-01
    4600.0000000000000000   7.5253469629494873E+01   5.0020545577960618E-01
    4700.0000000000000000   7.6648776791060939E+01   4.9092744608406869E-01
    4800.0000000000000000   7.8038593592014379E+01   4.8271954630975772E-01
    4900.0000000000000000   7.9424105177813928E+01   4.7512217301685911E-01
    5000.0000000000000000   8.0807336161874503E+01   4.6741914844237614E-01
    5100.0000000000000000   8.2187386169898247E+01   4.5994884474664965E-01
    5200.0000000000000000   8.3564195747784183E+01   4.5275081649975990E-01
    5300.0000000000000000   8.4938999942036716E+01   4.4543535750517316E-01
    5400.0000000000000000   8.6311148917391179E+01   4.3823902836056466E-01
    5500.0000000000000000   8.7677652998905501E+01   4.3214745974324370E-01
    5600.0000000000000000   8.9040609110974145E+01   4.2643795097733628E-01
    5700.0000000000000000   9.0405701786236179E+01   4.1932275077151193E-01
    5800.0000000000000000   9.1762434133491382E+01   4.1411856224904664E-01
    5900.0000000000000000   9.3121222082498207E+01   4.0765777758358063E-01
    6000.0000000000000000   9.4472165339529212E+01   4.0298936220458076E-01
    6100.0000000000000000   9.5825642307546602E+01   3.9691575105151850E-01
    6200.0000000000000000   9.7175260474464935E+01   3.9131138419167305E-01
    6300.0000000000000000   9.8519703321924013E+01   3.8669347173151153E-01
    6400.0000000000000000   9.9862071996467748E+01   3.8212471126706526E-01
    6500.0000000000000000   1.0120325236781844E+02   3.7727405395738178E-01
    6600.0000000000000000   1.0254382391967265E+02   3.7210564373669663E-01
    6700.0000000000000000   1.0388013925412720E+02   3.6761151222184857E-01
    6800.0000000000000000   1.0521479645090713E+02   3.6298931810523005E-01
    6900.0000000000000000   1.0654599825407595E+02   3.5894318957936439E-01
    7000.0000000000000000   1.0787502412918276E+02   3.5481390991607531E-01
    7100.0000000000000000   1.0920189009129246E+02   3.5099522866649224E-01
    7200.0000000000000000   1.1053067866553927E+02   3.4600089528815631E-01
    7300.0000000000000000   1.1185457932844881E+02   3.4201870480228608E-01
    7400.0000000000000000   1.1317472701742241E+02   3.3850706423605836E-01
    7500.0000000000000000   1.1449134081901278E+02   3.3537218834478150E-01
    7600.0000000000000000   1.1581365891584355E+02   3.3058014944397573E-01
    7700.0000000000000000   1.1712658194838110E+02   3.2753556937836531E-01
    7800.0000000000000000   1.1843733360862517E+02   3.2471220381443860E-01
    7900.0000000000000000   1.1975278921830775E+02   3.2046680747951195E-01
    8000.0000000000000000   1.2105824028194765E+02   3.1803989724791981E-01
    8100.0000000000000000   1.2237073052934797E+02   3.1365654942398846E-01
    8200.0000000000000000   1.2367318290523397E+02   3.1143647536328950E-01
    8300.0000000000000000   1.2498004198815649E+02   3.0765692708808906E-01
    8400.0000000000000000   1.2627973484621191E+02   3.0511879354500543E-01
    8500.0000000000000000   1.2758262071234594E+02   3.0169406802393928E-01
    8600.0000000000000000   1.2888472689707515E+02   2.9816159980665885E-01
    8700.0000000000000000   1.3017609485364210E+02   2.9666609422814150E-01
    8800.0000000000000000   1.3147502838175043E+02   2.9301232296212176E-01
    8900.0000000000000000   1.3276946305216742E+02   2.9009683920158952E-01
    9000.0000000000000000   1.3406069204948497E+02   2.8768527654879494E-01
    9100.0000000000000000   1.3534969285366040E+02   2.8549448822141382E-01
    9200.0000000000000000   1.3664191128787996E+02   2.8239312313147691E-01
    9300.0000000000000000   1.3792950410665168E+02   2.7989294018551958E-01
    9400.0000000000000000   1.3921763868717997E+02   2.7689365557985463E-01
    9500.0000000000000000   1.4050160086687228E+02   2.7449032792460537E-01
    9600.0000000000000000   1.4178081133006611E+02   2.7285769328059811E-01
    9700.0000000000000000   1.4305950999736413E+02   2.7108060294613107E-01
    9800.0000000000000000   1.4433979608624210E+02   2.6872577690753963E-01
    9900.0000000000000000   1.4561960809317713E+02   2.6623540633577764E-01
   10000.0000000000000000   1.4689773338641837E+02   2.6385522804999623E-01
   10208.9989999999997963   1.4956602163307107E+02   2.5879126588507156E-01
   10209.0010000000002037   1.4956604714386216E+02   2.5879123104506307E-01
   11000.0000000000000000   1.5959829055902429E+02   2.4310899807088193E-01
   11545.9989999999997963   1.6647411362551259E+02   2.3395310616165158E-01
   11546.0010000000002037   1.6647414028113826E+02   2.3395281698499942E-01
   12000.0000000000000000   1.7216809858020804E+02   2.2636117056535907E-01
   12102.9989999999997963   1.7345960578928140E+02   2.2425635347087888E-01
   12103.0010000000002037   1.7345963110900900E+02   2.2425624837223371E-01
   13000.0000000000000000   1.8462501191440933E+02   2.1230382512147045E-01
   13040.9989999999997963   1.8514389941804541E+02   2.1017060500590667E-01
   13041.0010000000002037   1.8514392482885364E+02   2.1017045435868092E-01
   14000.0000000000000000   1.9697877855183708E+02   1.9951772684643579E-01
   15000.0000000000000000   2.0924737664446917E+02   1.8734065230248137E-01
   15205.9989999999997963   2.1176978562676470E+02   1.8490997581510046E-01
   15206.0010000000002037   2.1176981018858254E+02   1.8490993490823060E-01
   15866.9989999999997963   2.1981051917409812E+02   1.7842087215149852E-01
   15867.0010000000002037   2.1981054364467366E+02   1.7842079166806621E-01
   16000.0000000000000000   2.2142608829855808E+02   1.7732599058550866E-01
   17000.0000000000000000   2.3351609546722509E+02   1.6896503600345042E-01
   18000.0000000000000000   2.4554308857993220E+02   1.6033751385588690E-01
   19000.0000000000000000   2.5750244354003712E+02   1.5342342357997260E-01
   20000.0000000000000000   2.6939061191663649E+02   1.4620123136375418E-01
   21000.0000000000000000   2.8121621620084687E+02   1.4027460737966707E-01
   22000.0000000000000000   2.9298298743639828E+02   1.3604565100752017E-01
   23000.0000000000000000   3.0468739447204240E+02   1.3095345782284817E-01
   24000.0000000000000000   3.1636929538434612E+02   1.2553691131258038E-01
   25000.0000000000000000   3.2798787088663249E+02   1.2041821689670816E-01
   26000.0000000000000000   3.3955007796068179E+02   1.1684429195708851E-01
   27000.0000000000000000   3.5108047157828173E+02   1.1303001684462358E-01
   28000.0000000000000000   3.6254795755124843E+02   1.1014681149243784E-01
   29000.0000000000000000   3.7397584943736553E+02   1.0646850342506789E-01
   30000.0000000000000000   3.8539247885458832E+02   1.0381407130348178E-01
   31000.0000000000000000   3.9674133844216880E+02   1.0138560548974453E-01
   32000.0000000000000000   4.0805622253494909E+02   9.8166372036995353E-02
   33000.0000000000000000   4.1936206422824569E+02   9.5148809270241441E-02
   34000.0000000000000000   4.3062698626612342E+02   9.2642721819224103E-02
   35000.0000000000000000   4.4183833448375418E+02   9.1068315912689268E-02
   36000.0000000000000000   4.5301370758562672E+02   8.9306830122473438E-02
   37000.0000000000000000   4.6420920685475693E+02   8.5604375139400335E-02
   38000.0000000000000000   4.7535171684874865E+02   8.5299202365045151E-02
   39000.0000000000000000   4.8646110773655016E+02   8.2026576980872928E-02
   40000.0000000000000000   4.9752719440313746E+02   8.0311441431651809E-02
   41000.0000000000000000   5.0860995367110047E+02   7.8319671727115611E-02
   42000.0000000000000000   5.1960085715318235E+02   7.7400136681897838E-02
   43000.0000000000000000   5.3061751568009026E+02   7.5280012624271087E-02
   44000.0000000000000000   5.4160893554020879E+02   7.4553650423322113E-02
   45000.0000000000000000   5.5250853575930046E+02   7.3634507125108675E-02
   46000.0000000000000000   5.6342906201813878E+02   7.2284350173170073E-02
   47000.0000000000000000   5.7439321897478032E+02   6.9909844991712169E-02
   48000.0000000000000000   5.8527920790742326E+02   6.9510431420896149E-02
   49000.0000000000000000   5.9615108960167981E+02   6.8019275629788156E-02
   50000.0000000000000000   6.0701703312993095E+02   6.5789807727726926E-02
   69528.9989999999961583   8.1510610761484691E+02   4.9863964405039221E-02
   69529.0010000000038417   8.1510613083974101E+02   4.9863936193910774E-02
   88010.9989999999961583   1.0070815076933733E+03   4.0829910332305201E-02
   88011.0010000000038417   1.0070815248980495E+03   4.0830075510803789E-02
