       0.1000000000000000   3.5058422129650450E+02   8.4320610924761089E-05
       0.2000000000000000   2.9194996948114311E+02   1.7812395365330761E-04
       0.3000000000000000   2.6378252032597635E+02   2.8591251397394032E-04
       0.4000000000000000   2.4560263784531057E+02   4.0397630694761474E-04
       0.5000000000000000   2.3095759207236108E+02   5.3607134513847091E-04
       0.6000000000000000   2.1838653701182810E+02   6.8280397730163258E-04
       0.7000000000000000   2.0726984788275988E+02   8.4474460105231700E-04
       0.7999999999999999   1.9726476511662722E+02   1.0223104577258503E-03
       0.8999999999999999   1.8819773597981700E+02   1.2154420007195314E-03
       0.9999999999999999   1.7988935362558249E+02   1.4247701615474691E-03
       2.0000000000000000   1.2449089903859660E+02   4.3861138394168178E-03
       3.0000000000000000   9.5933396643000165E+01   8.7876873118294674E-03
       4.0000000000000000   7.8983236680491075E+01   1.4411183367786951E-02
       5.0000000000000000   6.7794492422570642E+01   2.1098242343638492E-02
       6.0000000000000000   5.9823925238470729E+01   2.8744917322267478E-02
       7.0000000000000000   5.3827155762877226E+01   3.7277797982283749E-02
       8.0000000000000000   4.9126233202996538E+01   4.6646403619666668E-02
       9.0000000000000000   4.5322444042578923E+01   5.6816058592408430E-02
      10.0000000000000000   4.2165571722617237E+01   6.7765044308490924E-02
      11.0000000000000000   3.9491343358883746E+01   7.9481050623113572E-02
      12.0000000000000000   3.7187087008729080E+01   9.1959183202946451E-02
      13.0000000000000000   3.5173112283396620E+01   1.0520149215360117E-01
      14.0000000000000000   3.3390897905961239E+01   1.1921706727343476E-01
      15.0000000000000000   3.1796825084691140E+01   1.3402082525756348E-01
      16.0000000000000000   3.0357743282924790E+01   1.4963243685749780E-01
      17.0000000000000000   2.9047745832718523E+01   1.6607775868943542E-01
      18.0000000000000000   2.7846486633999998E+01   1.8338752773808178E-01
      19.0000000000000000   2.6737660871095201E+01   2.0159788011747098E-01
      20.0000000000000000   2.5708045066731888E+01   2.2075079177639309E-01
      21.0000000000000000   2.4746801195513932E+01   2.4089410524157107E-01
      22.0000000000000000   2.3845001806154560E+01   2.6208137452913050E-01
      23.0000000000000000   2.2995184065424272E+01   2.8437267918683101E-01
      24.0000000000000000   2.2191053598081023E+01   3.0783543815111536E-01
      24.9989999999999988   2.1428035163679347E+01   3.3251900418659014E-01
      25.0000000000000000   2.1427289995698143E+01   3.3254436243196173E-01
      25.0010000000000012   2.1426544863493607E+01   3.3256972200559942E-01
      26.0000000000000000   2.0699356569708659E+01   3.5858228674050202E-01
      26.9989999999999988   2.0004046324526556E+01   3.8601263971099148E-01
      27.0000000000000000   2.0003365135649723E+01   3.8604084067701727E-01
      27.0010000000000012   2.0002683975330640E+01   3.8606904316395146E-01
      28.0000000000000000   1.9335970778124459E+01   4.1502114626296022E-01
      29.0000000000000000   1.8694278733693480E+01   4.4563473820891941E-01
      30.0000000000000000   1.8075784499081948E+01   4.7800432489482386E-01
      31.0000000000000000   1.7478312493124424E+01   5.1226478437507827E-01
      32.0000000000000000   1.6899980976457545E+01   5.4856388108299736E-01
      33.0000000000000000   1.6339158856169771E+01   5.8706333359220397E-01
      34.0000000000000000   1.5794445153471314E+01   6.2793938870044363E-01
      35.0000000000000000   1.5264646669755967E+01   6.7138335956018524E-01
      35.9990000000000023   1.4749272868062238E+01   7.1755408312160318E-01
      36.0000000000000000   1.4748763649173103E+01   7.1760175981747620E-01
      36.0009999999999977   1.4748254443368170E+01   7.1764943950793181E-01
      37.0000000000000000   1.4245979562373449E+01   7.6681588434331027E-01
      37.9990000000000023   1.3756139456359028E+01   8.1920644084580263E-01
      38.0000000000000000   1.3755655186467449E+01   8.1926058033454596E-01
      38.0009999999999977   1.3755170928556442E+01   8.1931472329926913E-01
      39.0000000000000000   1.3277325815337456E+01   8.7518189046244799E-01
      40.0000000000000000   1.2810701928757686E+01   9.3483314706356790E-01
      40.9990000000000023   1.2356119237366489E+01   9.9840342365456114E-01
      41.0000000000000000   1.2355670002320602E+01   9.9846913360436595E-01
      41.0009999999999977   1.2355220778916696E+01   9.9853484778827084E-01
      42.0000000000000000   1.1912294893917833E+01   1.0663377550250395E+00
      43.0000000000000000   1.1480819952473720E+01   1.1386688800050671E+00
      44.0000000000000000   1.1061663373803160E+01   1.2156600637337889E+00
      45.0000000000000000   1.0655406742128909E+01   1.2974594282523748E+00
      46.0000000000000000   1.0262774834080091E+01   1.3841462461876624E+00
      47.0000000000000000   9.8846023259532441E+00   1.4757108501090745E+00
      48.0000000000000000   9.5217871946502992E+00   1.5720361008118988E+00
      49.0000000000000000   9.1752317684124733E+00   1.6728833358435489E+00
      50.0000000000000000   8.8457757016340199E+00   1.7778858196510279E+00
      50.9990000000000023   8.5344303579357419E+00   1.8864417730695464E+00
      51.0000000000000000   8.5341277959377582E+00   1.8865520771502817E+00
      51.0009999999999977   8.5338252522852969E+00   1.8866623843000290E+00
      52.0000000000000000   8.2408055213677969E+00   1.9982800458796093E+00
      53.0000000000000000   7.9660903953409834E+00   2.1123810757455419E+00
      54.0000000000000000   7.7100050721176219E+00   2.2281109540824038E+00
      55.0000000000000000   7.4723138061006971E+00   2.3447039699461518E+00
      56.0000000000000000   7.2525439354088430E+00   2.4614058433079631E+00
      57.0000000000000000   7.0500229129886440E+00   2.5775019403183701E+00
      58.0000000000000000   6.8639232543240736E+00   2.6923391703611967E+00
      59.0000000000000000   6.6933102748310800E+00   2.8053401225404064E+00
      60.0000000000000000   6.5371868002638429E+00   2.9160102015380200E+00
      61.0000000000000000   6.3945309716043681E+00   3.0239393601554942E+00
      62.0000000000000000   6.2643273582777326E+00   3.1287989540572712E+00
      63.0000000000000000   6.1455899286711482E+00   3.2303358727340434E+00
      64.0000000000000000   6.0373781091879044E+00   3.3283648928781764E+00
      65.0000000000000000   5.9388069721470487E+00   3.4227602696785930E+00
      66.0000000000000000   5.8490527620406985E+00   3.5134472609406684E+00
      67.0000000000000000   5.7673549217773665E+00   3.6003940414375806E+00
      68.0000000000000000   5.6930156151244384E+00   3.6836042779751823E+00
      69.0000000000000000   5.6253975505618863E+00   3.7631104987125346E+00
      70.0000000000000000   5.5639207354126556E+00   3.8389682959852500E+00
      71.0000000000000000   5.5080586166280439E+00   3.9112513425351048E+00
      72.0000000000000000   5.4573339504077119E+00   3.9800471644288109E+00
      73.0000000000000000   5.4113146234708935E+00   4.0454535971878611E+00
      74.0000000000000000   5.3696095812093763E+00   4.1075758443305013E+00
      75.0000000000000000   5.3318649429790126E+00   4.1665240707432369E+00
      76.0000000000000000   5.2977604463626458E+00   4.2224113812159549E+00
      77.0000000000000000   5.2670060260926617E+00   4.2753523026770530E+00
      78.0000000000000000   5.2393388307313513E+00   4.3254614595795919E+00
      79.0000000000000000   5.2145204473746611E+00   4.3728525779713676E+00
      79.9989999999999952   5.1923553496151023E+00   4.4175941772082084E+00
      80.0000000000000000   5.1923344114123857E+00   4.4176376973745226E+00
      80.0010000000000048   5.1923134756437719E+00   4.4176812150448175E+00
      81.0000000000000000   5.1725839682676051E+00   4.4599265645739674E+00
      82.0000000000000000   5.1550900673191400E+00   4.4998261767715277E+00
      83.0000000000000000   5.1396895676836598E+00   4.5374404467555713E+00
      84.0000000000000000   5.1262336340252519E+00   4.5728699673581401E+00
      85.0000000000000000   5.1145863059159815E+00   4.6062118561152081E+00
      86.0000000000000000   5.1046232203122237E+00   4.6375596644921675E+00
      87.0000000000000000   5.0962304695251506E+00   4.6670033405539826E+00
      88.0000000000000000   5.0893035929802579E+00   4.6946292229153661E+00
      89.0000000000000000   5.0837466548873769E+00   4.7205200859392598E+00
      89.9989999999999952   5.0794751040646222E+00   4.7447317569328842E+00
      90.0000000000000000   5.0794714414911804E+00   4.7447551905054395E+00
      90.0010000000000048   5.0794677801176960E+00   4.7447786224983552E+00
      91.0000000000000000   5.0763967330543309E+00   4.7674103633974418E+00
      92.0000000000000000   5.0744476540313084E+00   4.7885580889039696E+00
      93.0000000000000000   5.0735550909770772E+00   4.8082676106730116E+00
      94.0000000000000000   5.0736551705186095E+00   4.8266050406668137E+00
      95.0000000000000000   5.0746887906743545E+00   4.8436334726783166E+00
      96.0000000000000000   5.0766011995985663E+00   4.8594130983749002E+00
      97.0000000000000000   5.0793416165049585E+00   4.8740013242502656E+00
      98.0000000000000000   5.0828628899502482E+00   4.8874528882208148E+00
      99.0000000000000000   5.0871211905457665E+00   4.8998199747793167E+00
     100.0000000000000000   5.0920757315454059E+00   4.9111523281564615E+00
     110.0000000000000000   5.1726773419707968E+00   4.9769750835450708E+00
     110.9989999999999952   5.1832474463743621E+00   4.9796117214570081E+00
     111.0010000000000048   5.1832689863056842E+00   4.9796163987636550E+00
     120.0000000000000000   5.2933322008810171E+00   4.9797139858936017E+00
     130.0000000000000000   5.4390645383785552E+00   4.9427494879125131E+00
     140.0000000000000000   5.6012176286607405E+00   4.8808804081531907E+00
     143.9989999999999952   5.6693961314275407E+00   4.8514275345296101E+00
     144.0010000000000048   5.6694306265654673E+00   4.8514122750420654E+00
     147.9989999999999952   5.7391065205733396E+00   4.8199860417916600E+00
     148.0010000000000048   5.7391417191573142E+00   4.8199698904823958E+00
     150.0000000000000000   5.7690264870617458E+00   4.8161497902919574E+00
     152.9989999999999952   5.8226554348327060E+00   4.7921560577958768E+00
     153.0010000000000048   5.8227031122921451E+00   4.7921133743649627E+00
     160.0000000000000000   5.9544875646411342E+00   4.7237471037580461E+00
     170.0000000000000000   6.1416278156675421E+00   4.6344332161042381E+00
     180.0000000000000000   6.3299859159370078E+00   4.5484718236532622E+00
     190.0000000000000000   6.5192263346032231E+00   4.4659553870147617E+00
     200.0000000000000000   6.7154146530069569E+00   4.3727594049413891E+00
     210.0000000000000000   6.9112976216800943E+00   4.2846516869150522E+00
     220.0000000000000000   7.1125794885709537E+00   4.1887051834620559E+00
     230.0000000000000000   7.3074084393006276E+00   4.1103603729292919E+00
     240.0000000000000000   7.5071014699905314E+00   4.0247230172685420E+00
     247.9989999999999952   7.6672361082237934E+00   3.9575334586862305E+00
     248.0010000000000048   7.6672799449608631E+00   3.9575089091289097E+00
     250.0000000000000000   7.7059220675713771E+00   3.9438870387261229E+00
     260.0000000000000000   7.9038971338809674E+00   3.8674463602288927E+00
     260.9990000000000236   7.9206939566031380E+00   3.8661494715945448E+00
     261.0009999999999764   7.9207373692204657E+00   3.8661264837824283E+00
     270.0000000000000000   8.1010549778340124E+00   3.7950388162374997E+00
     280.0000000000000000   8.2974243186926220E+00   3.7263407934146060E+00
     290.0000000000000000   8.4974822549460498E+00   3.6520933153278037E+00
     300.0000000000000000   8.6922018624743664E+00   3.5903399235812028E+00
     310.0000000000000000   8.8904175063635904E+00   3.5232022823838141E+00
     320.0000000000000000   9.0877176382194342E+00   3.4593721085259421E+00
     330.0000000000000000   9.2841376644799141E+00   3.3986001536829638E+00
     340.0000000000000000   9.4797112713796157E+00   3.3406619786840470E+00
     350.0000000000000000   9.6744704560648866E+00   3.2853549450079287E+00
     360.0000000000000000   9.8684456039674728E+00   3.2324955808725622E+00
     370.0000000000000000   1.0061665520970431E+01   3.1819174004838287E+00
     380.0000000000000000   1.0257775577203212E+01   3.1269213900969874E+00
     390.0000000000000000   1.0449482282633898E+01   3.0806611290359678E+00
     400.0000000000000000   1.0644010030181207E+01   3.0300789665685937E+00
     410.0000000000000000   1.0834307371989658E+01   2.9875907789754583E+00
     418.9990000000000236   1.1007382386138881E+01   2.9466500768342567E+00
     419.0009999999999764   1.1007422295819696E+01   2.9466385363325949E+00
     420.0000000000000000   1.1027353618239950E+01   2.9408861752566873E+00
     427.9990000000000236   1.1179903887097424E+01   2.9071480821844786E+00
     428.0009999999999764   1.1179943652308323E+01   2.9071369149703474E+00
     430.0000000000000000   1.1216335280229764E+01   2.9017137116477443E+00
     440.0000000000000000   1.1407991785068431E+01   2.8584349771287285E+00
     440.9990000000000236   1.1427756274339426E+01   2.8530973726749820E+00
     441.0009999999999764   1.1427795836325805E+01   2.8530867079884050E+00
     450.0000000000000000   1.1598966662811939E+01   2.8167893943233446E+00
     460.0000000000000000   1.1786092365229718E+01   2.7819581265793283E+00
     470.0000000000000000   1.1975799549944799E+01   2.7431804302832261E+00
     480.0000000000000000   1.2164882352541692E+01   2.7057793913937087E+00
     490.0000000000000000   1.2353358008833029E+01   2.6696804562507941E+00
     494.9990000000000236   1.2447353930526475E+01   2.6521019479208801E+00
     495.0009999999999764   1.2447392722963317E+01   2.6520930312558368E+00
     500.0000000000000000   1.2541242991545095E+01   2.6348145036658788E+00
     510.0000000000000000   1.2728553235996475E+01   2.6011170677426816E+00
     520.0000000000000000   1.2915304103853359E+01   2.5685280325106397E+00
     530.0000000000000000   1.3101510339169005E+01   2.5369913726411326E+00
     537.9990000000000236   1.3251806899993557E+01   2.5098318257403247E+00
     538.0009999999999764   1.3251845159872438E+01   2.5098240147625415E+00
     540.0000000000000000   1.3287186055831050E+01   2.5064548722711488E+00
     550.0000000000000000   1.3475197931300217E+01   2.4725467016327469E+00
     560.0000000000000000   1.3659815856089178E+01   2.4439543415526970E+00
     570.0000000000000000   1.3843942135830041E+01   2.4162224819684797E+00
     580.0000000000000000   1.4027588883583613E+01   2.3893111230279844E+00
     590.0000000000000000   1.4210767996265355E+01   2.3631823629115902E+00
     598.9990000000000236   1.4377385917384235E+01   2.3371598716877156E+00
     599.0009999999999764   1.4377423509265759E+01   2.3371532882246036E+00
     600.0000000000000000   1.4396198120608776E+01   2.3338701018764754E+00
     610.0000000000000000   1.4578437357986537E+01   2.3092780950623637E+00
     620.0000000000000000   1.4760240142976132E+01   2.2853687019427875E+00
     630.0000000000000000   1.4944251381458955E+01   2.2583814795926824E+00
     640.0000000000000000   1.5125177225973246E+01   2.2358140593351643E+00
     650.0000000000000000   1.5308285152620121E+01   2.2102440442848383E+00
     650.9990000000000236   1.5326812527998236E+01   2.2073702548993950E+00
     651.0009999999999764   1.5326849616142013E+01   2.2073645088774789E+00
     660.0000000000000000   1.5488373528143843E+01   2.1889039395348053E+00
     670.0000000000000000   1.5670614768786113E+01   2.1646365166301780E+00
     680.0000000000000000   1.5849899124689031E+01   2.1444261906378395E+00
     690.0000000000000000   1.6031309431289209E+01   2.1213569491811519E+00
     700.0000000000000000   1.6209821362037857E+01   2.1021887493466784E+00
     710.0000000000000000   1.6390432423576115E+01   2.0802264971553472E+00
     720.0000000000000000   1.6568202848048891E+01   2.0620200296926061E+00
     730.0000000000000000   1.6748043632459609E+01   2.0410837630178964E+00
     740.0000000000000000   1.6927514546456834E+01   2.0206440479291921E+00
     750.0000000000000000   1.7104200673467414E+01   2.0037815436200335E+00
     760.0000000000000000   1.7282938373510436E+01   1.9842636364641080E+00
     768.9990000000000236   1.7443244531066345E+01   1.9673826683186111E+00
     769.0009999999999764   1.7443280660021625E+01   1.9673782830885069E+00
     770.0000000000000000   1.7461325339377471E+01   1.9651904961825666E+00
     780.0000000000000000   1.7636987176945013E+01   1.9495277459584921E+00
     790.0000000000000000   1.7814677037391988E+01   1.9312839205473529E+00
     800.0000000000000000   1.7992031968971567E+01   1.9134421939006798E+00
     810.0000000000000000   1.8169048892441971E+01   1.8959992669109220E+00
     820.0000000000000000   1.8343417677537378E+01   1.8817595350390952E+00
     830.0000000000000000   1.8519789213876074E+01   1.8650308041750483E+00
     840.0000000000000000   1.8695842462477160E+01   1.8486585603020991E+00
     850.0000000000000000   1.8871577048538246E+01   1.8326374594991988E+00
     860.0000000000000000   1.9046995786099938E+01   1.8169585399120955E+00
     870.0000000000000000   1.9219871088620884E+01   1.8042377397445477E+00
     880.0000000000000000   1.9394702426333971E+01   1.7891543239185597E+00
     890.0000000000000000   1.9569237192738409E+01   1.7743767124682461E+00
     898.9990000000000236   1.9725828375564735E+01   1.7615894351445001E+00
     899.0009999999999764   1.9725863643110774E+01   1.7615860502181853E+00
     900.0000000000000000   1.9743477436812856E+01   1.7598980897744725E+00
     910.0000000000000000   1.9917426598636201E+01   1.7457102595757741E+00
     920.0000000000000000   2.0091089610750565E+01   1.7318035526536706E+00
     930.0000000000000000   2.0264472474064299E+01   1.7181673548904273E+00
     940.0000000000000000   2.0437581270353043E+01   1.7047912727597854E+00
     950.0000000000000000   2.0610420873036169E+01   1.6916665430963487E+00
     960.0000000000000000   2.0782994760972386E+01   1.6787861642454514E+00
     970.0000000000000000   2.0955305784652698E+01   1.6661439973774641E+00
     980.0000000000000000   2.1125260976450448E+01   1.6560344122898039E+00
     990.0000000000000000   2.1297064614045965E+01   1.6438258742302372E+00
    1000.0000000000000000   2.1468614278870298E+01   1.6318382585988103E+00
    1100.0000000000000000   2.3172836176645784E+01   1.5208276501405882E+00
    1200.0000000000000000   2.4854814463812012E+01   1.4266993832086028E+00
    1300.0000000000000000   2.6518815905872842E+01   1.3440719939480836E+00
    1400.0000000000000000   2.8166637241175923E+01   1.2706691175485425E+00
    1500.0000000000000000   2.9797971855247670E+01   1.2063096008184611E+00
    1600.0000000000000000   3.1414301766319497E+01   1.1493377466837011E+00
    1700.0000000000000000   3.3018504443540756E+01   1.0972193803455323E+00
    1800.0000000000000000   3.4609765822313648E+01   1.0505122788709129E+00
    1810.9990000000000236   3.4785058023754559E+01   1.0449084763414838E+00
    1811.0009999999999764   3.4785089942811481E+01   1.0449074211176073E+00
    1873.9990000000000236   3.5780337808609545E+01   1.0183393184536500E+00
    1874.0009999999999764   3.5780369570477617E+01   1.0183383284933678E+00
    1900.0000000000000000   3.6190607948166843E+01   1.0072460156105123E+00
    2000.0000000000000000   3.7760423609238181E+01   9.6787299862434184E-01
    2100.0000000000000000   3.9319676464927930E+01   9.3202589499468869E-01
    2200.0000000000000000   4.0868936680475329E+01   8.9929035713153238E-01
    2282.9989999999997963   4.2148271381485941E+01   8.7380269744709882E-01
    2283.0010000000002037   4.2148302123989559E+01   8.7380210461025976E-01
    2300.0000000000000000   4.2410634410872774E+01   8.6810262870517763E-01
    2400.0000000000000000   4.3941853749838792E+01   8.4035893913696047E-01
    2489.9989999999997963   4.5315260590550551E+01   8.1569289844877080E-01
    2490.0010000000002037   4.5315291204534070E+01   8.1569227106406561E-01
    2500.0000000000000000   4.5466245551129049E+01   8.1378939577999343E-01
    2576.9989999999997963   4.6634850020718105E+01   7.9448615658525912E-01
    2577.0010000000002037   4.6634880523708070E+01   7.9448554819253336E-01
    2591.9989999999997963   4.6862914246745852E+01   7.9029186615668723E-01
    2592.0010000000002037   4.6862944540775935E+01   7.9029136544327649E-01
    2600.0000000000000000   4.6982721698446760E+01   7.8910930194226003E-01
    2700.0000000000000000   4.8493061511739555E+01   7.6531465876746307E-01
    2800.0000000000000000   4.9995009099416109E+01   7.4378421745203538E-01
    2822.9989999999997963   5.0339009077993644E+01   7.3926419293514756E-01
    2823.0010000000002037   5.0339039110087548E+01   7.3926372981730570E-01
    2900.0000000000000000   5.1489846521848911E+01   7.2376348007144886E-01
    3000.0000000000000000   5.2979564544675007E+01   7.0419865382714231E-01
    3071.9989999999997963   5.4048191153167281E+01   6.9084961840459858E-01
    3072.0010000000002037   5.4048221145755427E+01   6.9084908154361602E-01
    3100.0000000000000000   5.4462440378765891E+01   6.8606200320831368E-01
    3200.0000000000000000   5.5940437264535170E+01   6.6843599613831417E-01
    3300.0000000000000000   5.7410020004756134E+01   6.5305427826607976E-01
    3400.0000000000000000   5.8875669531177415E+01   6.3771129357881751E-01
    3500.0000000000000000   6.0337818865904516E+01   6.2229903396914721E-01
    3559.9989999999997963   6.1210706341291214E+01   6.1430202063053296E-01
    3560.0010000000002037   6.1210735829971014E+01   6.1430157151393883E-01
    3600.0000000000000000   6.1793184132714138E+01   6.0841582535632677E-01
    3700.0000000000000000   6.3242216421272971E+01   5.9578426027081122E-01
    3800.0000000000000000   6.4688343997381040E+01   5.8298135583078670E-01
    3856.9989999999997963   6.5511165408322796E+01   5.7563259284754142E-01
    3857.0010000000002037   6.5511194554307195E+01   5.7563221263180253E-01
    3900.0000000000000000   6.6130427899152252E+01   5.7044579576665544E-01
    4000.0000000000000000   6.7565679875900344E+01   5.5946200214481756E-01
    4100.0000000000000000   6.8998603886728404E+01   5.4813088383843311E-01
    4200.0000000000000000   7.0426332142413642E+01   5.3769050716302369E-01
    4300.0000000000000000   7.1851134674384056E+01   5.2720641396827606E-01
    4400.0000000000000000   7.3269924980853659E+01   5.1788458268549076E-01
    4500.0000000000000000   7.4686401247548716E+01   5.0843649339668551E-01
    4600.0000000000000000   7.6097803806315014E+01   4.9975521405629453E-01
    4700.0000000000000000   7.7508113695405143E+01   4.9048545013586237E-01
    4800.0000000000000000   7.8912844330959899E+01   4.8228548005866451E-01
    4900.0000000000000000   8.0313206777266203E+01   4.7469573862583814E-01
    5000.0000000000000000   8.1711270414729185E+01   4.6700006492203966E-01
    5100.0000000000000000   8.3106113787529864E+01   4.5953684669343775E-01
    5200.0000000000000000   8.4497675350166716E+01   4.5234565295090823E-01
    5300.0000000000000000   8.5887217161561978E+01   4.4503679089767362E-01
    5400.0000000000000000   8.7274074070283788E+01   4.3784683358293564E-01
    5500.0000000000000000   8.8655188690034024E+01   4.3176142327030703E-01
    5600.0000000000000000   9.0032704417984377E+01   4.2605787007939000E-01
    5700.0000000000000000   9.1412432510605711E+01   4.1894843279031746E-01
    5800.0000000000000000   9.2783640356625895E+01   4.1374982393393517E-01
    5900.0000000000000000   9.4156976539180675E+01   4.0729444448175806E-01
    6000.0000000000000000   9.5522318712295473E+01   4.0263126810038380E-01
    6100.0000000000000000   9.6890276847485652E+01   3.9656273744995668E-01
    6200.0000000000000000   9.8254314992715123E+01   3.9096329984210276E-01
    6300.0000000000000000   9.9613086813977120E+01   3.8635017218774498E-01
    6400.0000000000000000   1.0096976227102580E+02   3.8178605848059938E-01
    6500.0000000000000000   1.0232524652487946E+02   3.7693991590078718E-01
    6600.0000000000000000   1.0368013150140321E+02   3.7177589405451039E-01
    6700.0000000000000000   1.0503068808776680E+02   3.6728602990658304E-01
    6800.0000000000000000   1.0637957186831966E+02   3.6266798719634930E-01
    6900.0000000000000000   1.0772494518587901E+02   3.5862589888329449E-01
    7000.0000000000000000   1.0906811562803256E+02   3.5450055274549885E-01
    7100.0000000000000000   1.1040909920225040E+02   3.5068570259734921E-01
    7200.0000000000000000   1.1175206880489684E+02   3.4569510193291886E-01
    7300.0000000000000000   1.1309006217535610E+02   3.4171654959821224E-01
    7400.0000000000000000   1.1442423920244283E+02   3.3820845624724660E-01
    7500.0000000000000000   1.1575482356545999E+02   3.3507704007695571E-01
    7600.0000000000000000   1.1709125811964563E+02   3.3028837667102406E-01
    7700.0000000000000000   1.1841810816359239E+02   3.2724709097974919E-01
    7800.0000000000000000   1.1974275742364847E+02   3.2442694162265556E-01
    7900.0000000000000000   1.2107223328011331E+02   3.2018468613687689E-01
    8000.0000000000000000   1.2239150101934216E+02   3.1776084407198213E-01
    8100.0000000000000000   1.2371798166131344E+02   3.1338049428096870E-01
    8200.0000000000000000   1.2503421972381898E+02   3.1116335054896299E-01
    8300.0000000000000000   1.2635497930132408E+02   3.0738666721559577E-01
    8400.0000000000000000   1.2766843112640903E+02   3.0485133543910742E-01
    8500.0000000000000000   1.2898516333710288E+02   3.0142935062128123E-01
    8600.0000000000000000   1.3030111510188962E+02   2.9789956406162693E-01
    8700.0000000000000000   1.3160610762431116E+02   2.9640668302394702E-01
    8800.0000000000000000   1.3291884891324713E+02   2.9275548102676174E-01
    8900.0000000000000000   1.3422700777594002E+02   2.8984251302836661E-01
    9000.0000000000000000   1.3553190579099436E+02   2.8743341432110037E-01
    9100.0000000000000000   1.3683454183472566E+02   2.8524503974150306E-01
    9200.0000000000000000   1.3814048164802745E+02   2.8214603975298275E-01
    9300.0000000000000000   1.3944170876712272E+02   2.7964817474946835E-01
    9400.0000000000000000   1.4074350433612710E+02   2.7665116235397252E-01
    9500.0000000000000000   1.4204105009438231E+02   2.7425006254570783E-01
    9600.0000000000000000   1.4333375384160939E+02   2.7261961269987850E-01
    9700.0000000000000000   1.4462594875143458E+02   2.7084466537717505E-01
    9800.0000000000000000   1.4591978005609212E+02   2.6849194177689917E-01
    9900.0000000000000000   1.4721314065768928E+02   2.6600363423596018E-01
   10000.0000000000000000   1.4850479106443254E+02   2.6362548069472164E-01
   10208.9989999999997963   1.5120132437328652E+02   2.5856563129797405E-01
   10209.0010000000002037   1.5120135015413339E+02   2.5856559649657490E-01
   11000.0000000000000000   1.6133954041777949E+02   2.4289761103598723E-01
   11545.9989999999997963   1.6828785937418991E+02   2.3375049231980782E-01
   11546.0010000000002037   1.6828788632818959E+02   2.3375020317387907E-01
   12000.0000000000000000   1.7404187150218993E+02   2.2616528539033162E-01
   12102.9989999999997963   1.7534702199151897E+02   2.2406192946633002E-01
   12103.0010000000002037   1.7534704758156499E+02   2.2406182439583303E-01
   13000.0000000000000000   1.8662991379344118E+02   2.1212121316542865E-01
   13040.9989999999997963   1.8715437717062679E+02   2.0998849676855724E-01
   13041.0010000000002037   1.8715440285562769E+02   2.0998834614583178E-01
   14000.0000000000000000   1.9911353184538120E+02   1.9934661550669938E-01
   15000.0000000000000000   2.1151101435970716E+02   1.8717960756878357E-01
   15205.9989999999997963   2.1405997001281659E+02   1.8475085130246668E-01
   15206.0010000000002037   2.1405999483410838E+02   1.8475081041400446E-01
   15866.9989999999997963   2.2218495880406758E+02   1.7826759480899626E-01
   15867.0010000000002037   2.2218498353316281E+02   1.7826751434256846E-01
   16000.0000000000000000   2.2381747141326869E+02   1.7717383528649003E-01
   17000.0000000000000000   2.3603405194596974E+02   1.6882079143671050E-01
   18000.0000000000000000   2.4818695213159660E+02   1.6020035718593811E-01
   19000.0000000000000000   2.6027140188412619E+02   1.5329265613914286E-01
   20000.0000000000000000   2.7228373631537630E+02   1.4607625466031968E-01
   21000.0000000000000000   2.8423272909798300E+02   1.4015490466175157E-01
   22000.0000000000000000   2.9612216019486277E+02   1.3593077290235303E-01
   23000.0000000000000000   3.0794839415995114E+02   1.3084301101264412E-01
   24000.0000000000000000   3.1975212083200643E+02   1.2543054950529126E-01
   25000.0000000000000000   3.3149161908562962E+02   1.2031563355349148E-01
   26000.0000000000000000   3.4317397486840611E+02   1.1674521438036603E-01
   27000.0000000000000000   3.5482425077814383E+02   1.1293420133128314E-01
   28000.0000000000000000   3.6641066799617312E+02   1.1005403932913614E-01
   29000.0000000000000000   3.7795702378787951E+02   1.0637857755537382E-01
   30000.0000000000000000   3.8949224049705754E+02   1.0372681353554414E-01
   31000.0000000000000000   4.0095858768050169E+02   1.0130085414224115E-01
   32000.0000000000000000   4.1239056982368976E+02   9.8083979943046101E-02
   33000.0000000000000000   4.2381363990533674E+02   9.5068642075671825E-02
   34000.0000000000000000   4.3519522836820329E+02   9.2564656524407748E-02
   35000.0000000000000000   4.4652240105783989E+02   9.0992239617152734E-02
   36000.0000000000000000   4.5781312252158006E+02   8.9232638939229905E-02
   37000.0000000000000000   4.6912467923789887E+02   8.5531973252105944E-02
   38000.0000000000000000   4.8038238949094693E+02   8.5228501205931673E-02
   39000.0000000000000000   4.9160653862653874E+02   8.1957494511292001E-02
   40000.0000000000000000   5.0278671745145283E+02   8.0243901510182014E-02
   41000.0000000000000000   5.1398417011439392E+02   7.8253603552703596E-02
   42000.0000000000000000   5.2508805547588804E+02   7.7335474301553048E-02
   43000.0000000000000000   5.3621847589414665E+02   7.5216694496506462E-02
   44000.0000000000000000   5.4732334814619276E+02   7.4491619029907419E-02
   45000.0000000000000000   5.5833467369698053E+02   7.3573708624836850E-02
   46000.0000000000000000   5.6936758393665104E+02   7.2224734092278323E-02
   47000.0000000000000000   5.8044525779406240E+02   6.9851363946381195E-02
   48000.0000000000000000   5.9144331070439534E+02   6.9453040867905949E-02
   49000.0000000000000000   6.0242715595012078E+02   6.7962933641958365E-02
   50000.0000000000000000   6.1340513060089154E+02   6.5734474791233150E-02
   69528.9989999999961583   8.2362844780171542E+02   4.9822790707411344E-02
   69529.0010000000038417   8.2362847128821170E+02   4.9822762497346719E-02
   88010.9989999999961583   1.0175651554169056E+03   4.0796602202573154E-02
   88011.0010000000038417   1.0175651727610434E+03   4.0796767381753356E-02
