       0.1000000000000000   5.4060713077447176E+01   5.3931924982216352E-04
       0.2000000000000000   4.7356304254796179E+01   1.0606556463036284E-03
       0.3000000000000000   4.5000956350383461E+01   1.5847651305463070E-03
       0.4000000000000000   4.3986281703999744E+01   2.0912839883212506E-03
       0.5000000000000000   4.3382552105820245E+01   2.5976700567059653E-03
       0.6000000000000000   4.2977608141388799E+01   3.1047084276815112E-03
       0.7000000000000000   4.2688444458607819E+01   3.6131535942228827E-03
       0.7999999999999999   4.2469410291557836E+01   4.1235142594661265E-03
       0.8999999999999999   4.2299583333512892E+01   4.6348158249388252E-03
       0.9999999999999999   4.2158632134247874E+01   5.1490272347763351E-03
       2.0000000000000000   4.1303722037319076E+01   1.0445445915030807E-02
       3.0000000000000000   4.0541256589390436E+01   1.6122239462751604E-02
       4.0000000000000000   3.9665512104229286E+01   2.2269775493861999E-02
       5.0000000000000000   3.8691941125972534E+01   2.8947945728425538E-02
       6.0000000000000000   3.7656746848750231E+01   3.6199619816038378E-02
       7.0000000000000000   3.6593530576200649E+01   4.4050890125633985E-02
       8.0000000000000000   3.5525833927473180E+01   5.2520287257383315E-02
       9.0000000000000000   3.4470421583371596E+01   6.1620320239741330E-02
      10.0000000000000000   3.3438037860033930E+01   7.1360922857920783E-02
      11.0000000000000000   3.2435825472535157E+01   8.1749363460190558E-02
      12.0000000000000000   3.1467899231518341E+01   9.2791432811365496E-02
      13.0000000000000000   3.0536507518407337E+01   1.0449273002657011E-01
      14.0000000000000000   2.9641998585089176E+01   1.1686091566972455E-01
      15.0000000000000000   2.8783872935970837E+01   1.2990508886041624E-01
      16.0000000000000000   2.7961125393997218E+01   1.4363537333999837E-01
      17.0000000000000000   2.7172143705941224E+01   1.5806530518039807E-01
      18.0000000000000000   2.6415224381977279E+01   1.7321044059597221E-01
      19.0000000000000000   2.5688477772950669E+01   1.8908922427330405E-01
      20.0000000000000000   2.4989990048643641E+01   2.0572352062983656E-01
      21.0000000000000000   2.4317854861995848E+01   2.2313856658871478E-01
      22.0000000000000000   2.3670279706903695E+01   2.4136251277390985E-01
      23.0000000000000000   2.3045537969687466E+01   2.6042718964908862E-01
      24.0000000000000000   2.2441972527472611E+01   2.8036876159984264E-01
      25.0000000000000000   2.1858048853929184E+01   3.0122718839613177E-01
      26.0000000000000000   2.1292335398094810E+01   3.2304676216102785E-01
      27.0000000000000000   2.0743503071717718E+01   3.4587636672670979E-01
      28.0000000000000000   2.0210327074961313E+01   3.6976971078421444E-01
      29.0000000000000000   1.9691670122173711E+01   3.9478581341012908E-01
      30.0000000000000000   1.9186492093350996E+01   4.2098923155695650E-01
      31.0000000000000000   1.8693831168392322E+01   4.4845061015221277E-01
      32.0000000000000000   1.8212814724002421E+01   4.7724687741372362E-01
      33.0000000000000000   1.7742637435207559E+01   5.0746202709944865E-01
      34.0000000000000000   1.7282569222591476E+01   5.3918740834000467E-01
      35.0000000000000000   1.6831946811426210E+01   5.7252229393795129E-01
      36.0000000000000000   1.6390172001199495E+01   6.0757439215944364E-01
      37.0000000000000000   1.5956709038192159E+01   6.4446034994552970E-01
      38.0000000000000000   1.5531083388121782E+01   6.8330621346445697E-01
      39.0000000000000000   1.5112880053589173E+01   7.2424781859833298E-01
      40.0000000000000000   1.4701744963487164E+01   7.6743102262131224E-01
      41.0000000000000000   1.4297384125240869E+01   8.1301180788250882E-01
      42.0000000000000000   1.3899566087529617E+01   8.6115604571426851E-01
      43.0000000000000000   1.3508124266590412E+01   9.1203891163939543E-01
      44.0000000000000000   1.3122960329456252E+01   9.6584371985294082E-01
      45.0000000000000000   1.2744046804576316E+01   1.0227601918444702E+00
      46.0000000000000000   1.2371432166829964E+01   1.0829817220080282E+00
      47.0000000000000000   1.2005244657523154E+01   1.1467016303053437E+00
      48.0000000000000000   1.1645696029002481E+01   1.2141081135204750E+00
      49.0000000000000000   1.1293084172836139E+01   1.2853777377602418E+00
      50.0000000000000000   1.0947793770400381E+01   1.3606673700354339E+00
      51.0000000000000000   1.0610293875669662E+01   1.4401045954315554E+00
      52.0000000000000000   1.0281131603034186E+01   1.5237768566244687E+00
      53.0000000000000000   9.9609204182861255E+00   1.6117198507231916E+00
      54.0000000000000000   9.6503226381839848E+00   1.7039060194021094E+00
      55.0000000000000000   9.3500257148612089E+00   1.8002342837203291E+00
      56.0000000000000000   9.0607133052634605E+00   1.9005223597737984E+00
      57.0000000000000000   8.7830329059882981E+00   2.0045027736157746E+00
      58.0000000000000000   8.5175610922856926E+00   2.1118243640902223E+00
      59.0000000000000000   8.2647726377067876E+00   2.2220587691875431E+00
      60.0000000000000000   8.0250151333089264E+00   2.3347121571871838E+00
      61.0000000000000000   7.7984902825982436E+00   2.4492418792386474E+00
      62.0000000000000000   7.5852470704192463E+00   2.5650751740435700E+00
      63.0000000000000000   7.3851840203253696E+00   2.6816290807365277E+00
      64.0000000000000000   7.1980604618407966E+00   2.7983293355113661E+00
      65.0000000000000000   7.0235145354643622E+00   2.9146268570372564E+00
      66.0000000000000000   6.8610852673181526E+00   3.0300108797468384E+00
      67.0000000000000000   6.7102362164247094E+00   3.1440183440453287E+00
      68.0000000000000000   6.5703785895090681E+00   3.2562396237054001E+00
      69.0000000000000000   6.4408923083633898E+00   3.3663210028086645E+00
      70.0000000000000000   6.3211441398875721E+00   3.4739644967738137E+00
      71.0000000000000000   6.2105025105185039E+00   3.5789256702868020E+00
      72.0000000000000000   6.1083490340753865E+00   3.6810100701356911E+00
      73.0000000000000000   6.0140870126138957E+00   3.7800688090688630E+00
      74.0000000000000000   5.9271473222171895E+00   3.8759937299215417E+00
      75.0000000000000000   5.8469921117282988E+00   3.9687124911921985E+00
      76.0000000000000000   5.7731169116954728E+00   4.0581836948149075E+00
      77.0000000000000000   5.7050511694479900E+00   4.1443924747021992E+00
      78.0000000000000000   5.6423580749756574E+00   4.2273462735195269E+00
      79.0000000000000000   5.5846335658775672E+00   4.3070711213455661E+00
      80.0000000000000000   5.5315048960141677E+00   4.3836083176364049E+00
      81.0000000000000000   5.4826289142560212E+00   4.4570115236705856E+00
      82.0000000000000000   5.4376901863233504E+00   4.5273442411374951E+00
      83.0000000000000000   5.3963990522434981E+00   4.5946776449902709E+00
      84.0000000000000000   5.3584896884128685E+00   4.6590887356759509E+00
      85.0000000000000000   5.3237182256443516E+00   4.7206587747509419E+00
      86.0000000000000000   5.2918609480652110E+00   4.7794719696289487E+00
      87.0000000000000000   5.2627125922859408E+00   4.8356143778855651E+00
      88.0000000000000000   5.2360847746212951E+00   4.8891729850411911E+00
      89.0000000000000000   5.2118045014771104E+00   4.9402349711262747E+00
      90.0000000000000000   5.1897128279157565E+00   4.9888870867833761E+00
      91.0000000000000000   5.1696636133152705E+00   5.0352151603017283E+00
      92.0000000000000000   5.1515223858464836E+00   5.0793037008908284E+00
      93.0000000000000000   5.1351653076886397E+00   5.1212355855049205E+00
      94.0000000000000000   5.1204782336548291E+00   5.1610918159054124E+00
      95.0000000000000000   5.1073558560188363E+00   5.1989513345492080E+00
      96.0000000000000000   5.0957009285095634E+00   5.2348908895593302E+00
      97.0000000000000000   5.0854235625924034E+00   5.2689849404832545E+00
      98.0000000000000000   5.0764405892203035E+00   5.3013055978240597E+00
      99.0000000000000000   5.0686749821086883E+00   5.3319225902179177E+00
     100.0000000000000000   5.0620553314095575E+00   5.3609032546228139E+00
     110.0000000000000000   5.0463612579770407E+00   5.5738686971018092E+00
     120.0000000000000000   5.0946213844234549E+00   5.6810144783698826E+00
     130.0000000000000000   5.1820696964705304E+00   5.7178275227944653E+00
     140.0000000000000000   5.2948569466119464E+00   5.7077283531407383E+00
     150.0000000000000000   5.4247153153435690E+00   5.6662938948001402E+00
     160.0000000000000000   5.5664422219620926E+00   5.6040149072060013E+00
     170.0000000000000000   5.7166210407889837E+00   5.5280479639939069E+00
     180.0000000000000000   5.8722870773215590E+00   5.4484242203272384E+00
     190.0000000000000000   6.0285317987223674E+00   5.3740324212244737E+00
     200.0000000000000000   6.1940262487125111E+00   5.2810422140714417E+00
     210.0000000000000000   6.3600626917631384E+00   5.1916679207598690E+00
     220.0000000000000000   6.5264766534612768E+00   5.1058493110160406E+00
     230.0000000000000000   6.6994128296876836E+00   5.0073324980422740E+00
     240.0000000000000000   6.8719049861808754E+00   4.9138461394496176E+00
     250.0000000000000000   7.0439341319433142E+00   4.8250245835555017E+00
     260.0000000000000000   7.2154905349713294E+00   4.7405311456239696E+00
     270.0000000000000000   7.3865710343132971E+00   4.6600569840267445E+00
     280.0000000000000000   7.5571770434851802E+00   4.5833195226463888E+00
     290.0000000000000000   7.7323073652115113E+00   4.4979237071102034E+00
     300.0000000000000000   7.9017891042132469E+00   4.4284138896420133E+00
     310.0000000000000000   8.0755094184621186E+00   4.3507049392352206E+00
     320.0000000000000000   8.2484997573614134E+00   4.2766438347671416E+00
     330.0000000000000000   8.4207852223216388E+00   4.2059686649421151E+00
     340.0000000000000000   8.5923902246228874E+00   4.1384421454833094E+00
     350.0000000000000000   8.7633383462102543E+00   4.0738488856740620E+00
     360.0000000000000000   8.9336522850965014E+00   4.0119929367375988E+00
     370.0000000000000000   9.1033538176052655E+00   3.9526956630250232E+00
     380.0000000000000000   9.2724637722686616E+00   3.8957939143592615E+00
     390.0000000000000000   9.4448910614410355E+00   3.8326026302376115E+00
     400.0000000000000000   9.6127809223428198E+00   3.7803113180232684E+00
     410.0000000000000000   9.7838861743669217E+00   3.7219339789016281E+00
     420.0000000000000000   9.9506363465885084E+00   3.6736976381503568E+00
     430.0000000000000000   1.0120500458384539E+01   3.6195759614832275E+00
     440.0000000000000000   1.0289749832594900E+01   3.5674965534362171E+00
     450.0000000000000000   1.0454881079211471E+01   3.5245864648846803E+00
     460.0000000000000000   1.0622998437556763E+01   3.4760701975176209E+00
     470.0000000000000000   1.0790552643936071E+01   3.4292760749967219E+00
     480.0000000000000000   1.0957559388879469E+01   3.3841105408828511E+00
     490.0000000000000000   1.1124033846123378E+01   3.3404865584274979E+00
     500.0000000000000000   1.1289990650721737E+01   3.2983231278424254E+00
     510.0000000000000000   1.1455443797756924E+01   3.2575449917463670E+00
     520.0000000000000000   1.1620406665010481E+01   3.2180821569474034E+00
     530.0000000000000000   1.1784892074811907E+01   3.1798693841262966E+00
     537.9990000000000236   1.1918007184617659E+01   3.1466092210472030E+00
     538.0009999999999764   1.1918041213198014E+01   3.1465995310541293E+00
     540.0000000000000000   1.1948912327781050E+01   3.1428457722398733E+00
     550.0000000000000000   1.2112479250802773E+01   3.1069543653393801E+00
     560.0000000000000000   1.2278651658550356E+01   3.0664803809935197E+00
     570.0000000000000000   1.2441304580479954E+01   3.0328087252274498E+00
     580.0000000000000000   1.2603537415262029E+01   3.0001148808539417E+00
     590.0000000000000000   1.2765360150840094E+01   2.9683552687441450E+00
     600.0000000000000000   1.2929700189076158E+01   2.9322479604369573E+00
     610.0000000000000000   1.3090691285388415E+01   2.9023330505707539E+00
     620.0000000000000000   1.3251301311311462E+01   2.8732316667113666E+00
     630.0000000000000000   1.3414369101710202E+01   2.8399459045326023E+00
     640.0000000000000000   1.3574200948913168E+01   2.8124625981552192E+00
     650.0000000000000000   1.3736463743553237E+01   2.7808910684910964E+00
     660.0000000000000000   1.3895550861602027E+01   2.7548923527873983E+00
     670.0000000000000000   1.4054298726385147E+01   2.7295476865804948E+00
     680.0000000000000000   1.4215413614486664E+01   2.7002670289367603E+00
     690.0000000000000000   1.4376156082521595E+01   2.6717374529550137E+00
     700.0000000000000000   1.4533847605977712E+01   2.6483596561187186E+00
     710.0000000000000000   1.4693872956154310E+01   2.6211808737736928E+00
     720.0000000000000000   1.4850908009292263E+01   2.5989657454240538E+00
     730.0000000000000000   1.5010243595417116E+01   2.5730377462238163E+00
     740.0000000000000000   1.5166646557260744E+01   2.5519012505282066E+00
     750.0000000000000000   1.5325318149454734E+01   2.5271336465359453E+00
     760.0000000000000000   1.5483656892124513E+01   2.5029526871862227E+00
     770.0000000000000000   1.5641673565199067E+01   2.4793292562538922E+00
     780.0000000000000000   1.5796853579760370E+01   2.4601700085518288E+00
     790.0000000000000000   1.5954248757798680E+01   2.4375549016473985E+00
     800.0000000000000000   1.6111339376206079E+01   2.4154398371972849E+00
     810.0000000000000000   1.6265665195716341E+01   2.3975776522697436E+00
     820.0000000000000000   1.6422164649670961E+01   2.3763730957448943E+00
     830.0000000000000000   1.6578372679616429E+01   2.3556230392153656E+00
     840.0000000000000000   1.6734297110359723E+01   2.3353077176477144E+00
     850.0000000000000000   1.6889940778228176E+01   2.3154154120353310E+00
     860.0000000000000000   1.7042906103310585E+01   2.2994840469420059E+00
     870.0000000000000000   1.7198000221782220E+01   2.2803700221695027E+00
     880.0000000000000000   1.7352827082077585E+01   2.2616396318756817E+00
     890.0000000000000000   1.7507390238664215E+01   2.2432816285503656E+00
     900.0000000000000000   1.7661692095774811E+01   2.2252867515011716E+00
     910.0000000000000000   1.7815735122739813E+01   2.2076459060081239E+00
     920.0000000000000000   1.7969522107932004E+01   2.1903497981203173E+00
     930.0000000000000000   1.8123056399556155E+01   2.1733886122894384E+00
     940.0000000000000000   1.8274045407793722E+01   2.1599823031861929E+00
     950.0000000000000000   1.8427099696230741E+01   2.1436195390137267E+00
     960.0000000000000000   1.8579914344990769E+01   2.1275606555412101E+00
     970.0000000000000000   1.8732492217337246E+01   2.1117975968402791E+00
     980.0000000000000000   1.8884836258709420E+01   2.0963224052716583E+00
     990.0000000000000000   1.9036949454144271E+01   2.0811272726164427E+00
    1000.0000000000000000   1.9188834797284251E+01   2.0662045773186546E+00
    1100.0000000000000000   2.0697892343552589E+01   1.9277412500068920E+00
    1200.0000000000000000   2.2186944432199347E+01   1.8102150526929293E+00
    1300.0000000000000000   2.3660139598337459E+01   1.7068218510982547E+00
    1400.0000000000000000   2.5117136426125647E+01   1.6169247301433809E+00
    1500.0000000000000000   2.6561307545389617E+01   1.5359952526937748E+00
    1600.0000000000000000   2.7993799039716659E+01   1.4624563065895244E+00
    1700.0000000000000000   2.9413741223277327E+01   1.3969094731227572E+00
    1800.0000000000000000   3.0822088714016179E+01   1.3380919284375601E+00
    1900.0000000000000000   3.2221305094914023E+01   1.2835036499558004E+00
    2000.0000000000000000   3.3610556207167186E+01   1.2338618691672250E+00
    2100.0000000000000000   3.4990326821432390E+01   1.1886257853718996E+00
    2200.0000000000000000   3.6361150403441421E+01   1.1472606427679763E+00
    2300.0000000000000000   3.7725334811494861E+01   1.1078503485552020E+00
    2400.0000000000000000   3.9079936466806771E+01   1.0727791032178904E+00
    2500.0000000000000000   4.0428575824442810E+01   1.0391591990522511E+00
    2600.0000000000000000   4.1770117647066492E+01   1.0079155495049648E+00
    2700.0000000000000000   4.3104867516834197E+01   9.7882222713390910E-01
    2800.0000000000000000   4.4434796294957614E+01   9.5051112909280555E-01
    2900.0000000000000000   4.5756856508378867E+01   9.2516217487122898E-01
    3000.0000000000000000   4.7074562257832547E+01   9.0033482264645437E-01
    3100.0000000000000000   4.8386262343685395E+01   8.7719371910433386E-01
    3200.0000000000000000   4.9691492085245365E+01   8.5609895138935721E-01
    3300.0000000000000000   5.0992510676730923E+01   8.3551601102312301E-01
    3400.0000000000000000   5.2288602168340667E+01   8.1600817993442132E-01
    3500.0000000000000000   5.3580032882826963E+01   7.9743889903289644E-01
    3600.0000000000000000   5.4868577949995000E+01   7.7877732329268279E-01
    3700.0000000000000000   5.6149998102763199E+01   7.6251600661756036E-01
    3800.0000000000000000   5.7428309433550275E+01   7.4640147596499284E-01
    3900.0000000000000000   5.8701360921241346E+01   7.3158968041103811E-01
    4000.0000000000000000   5.9971779197975337E+01   7.1667268428566688E-01
    4100.0000000000000000   6.1237244047177789E+01   7.0297933572607729E-01
    4200.0000000000000000   6.2500271801447113E+01   6.8917091632585714E-01
    4300.0000000000000000   6.3760321658883385E+01   6.7557243402791078E-01
    4400.0000000000000000   6.5014100982520247E+01   6.6389434737819364E-01
    4500.0000000000000000   6.6265589579676771E+01   6.5203588211655450E-01
    4600.0000000000000000   6.7514837508860992E+01   6.4014537655139492E-01
    4700.0000000000000000   6.8760405791016780E+01   6.2887291906209009E-01
    4800.0000000000000000   7.0001045747989664E+01   6.1878374689779814E-01
    4900.0000000000000000   7.1239890954341618E+01   6.0849058097177966E-01
    5000.0000000000000000   7.2474934029858446E+01   5.9893943342689027E-01
    5100.0000000000000000   7.3707701912195844E+01   5.8938908240911425E-01
    5200.0000000000000000   7.4938182876215095E+01   5.7986623155044170E-01
    5300.0000000000000000   7.6164672328135339E+01   5.7117585565277929E-01
    5400.0000000000000000   7.7389598449333633E+01   5.6228760946096190E-01
    5500.0000000000000000   7.8612152813907358E+01   5.5355868127831531E-01
    5600.0000000000000000   7.9829404941778378E+01   5.4617506444417530E-01
    5700.0000000000000000   8.1045962969083988E+01   5.3827052868917891E-01
    5800.0000000000000000   8.2260425992531353E+01   5.3044477116773170E-01
    5900.0000000000000000   8.3472200607026977E+01   5.2293786026214739E-01
    6000.0000000000000000   8.4679574000050039E+01   5.1641148840796025E-01
    6100.0000000000000000   8.5887887464290955E+01   5.0878289364815343E-01
    6200.0000000000000000   8.7091462696688339E+01   5.0230643300528688E-01
    6300.0000000000000000   8.8291400995139725E+01   4.9655905077891244E-01
    6400.0000000000000000   8.9492656505637385E+01   4.8957750587013987E-01
    6500.0000000000000000   9.0690515174900966E+01   4.8331477167184950E-01
    6600.0000000000000000   9.1886421063736890E+01   4.7712989401477346E-01
    6700.0000000000000000   9.3079733855533362E+01   4.7120526573983168E-01
    6800.0000000000000000   9.4271063970100840E+01   4.6553053140502804E-01
    6900.0000000000000000   9.5459670311209578E+01   4.6009025724688141E-01
    7000.0000000000000000   9.6646948405679083E+01   4.5471931784381897E-01
    7100.0000000000000000   9.7830806818067288E+01   4.4980727227705747E-01
    7200.0000000000000000   9.9013315770660213E+01   4.4495256061355926E-01
    7300.0000000000000000   1.0019506533412482E+02   4.3974862943367049E-01
    7400.0000000000000000   1.0137733887198894E+02   4.3400446231197798E-01
    7500.0000000000000000   1.0255362546802816E+02   4.2964685516003065E-01
    7600.0000000000000000   1.0372643499076204E+02   4.2590764327563702E-01
    7700.0000000000000000   1.0490523401532643E+02   4.1992959905737071E-01
    7800.0000000000000000   1.0607538975289108E+02   4.1606482847909709E-01
    7900.0000000000000000   1.0724656308197792E+02   4.1151673588912580E-01
    8000.0000000000000000   1.0841518334517421E+02   4.0745739555800742E-01
    8100.0000000000000000   1.0958134179375466E+02   4.0349095794729700E-01
    8200.0000000000000000   1.1074788905564560E+02   3.9913156767840186E-01
    8300.0000000000000000   1.1191281751699518E+02   3.9492906414535217E-01
    8400.0000000000000000   1.1307330732177279E+02   3.9161441329376279E-01
    8500.0000000000000000   1.1423647446818889E+02   3.8700315026000887E-01
    8600.0000000000000000   1.1539102596593109E+02   3.8455609307358418E-01
    8700.0000000000000000   1.1655216137275191E+02   3.8002903212473249E-01
    8800.0000000000000000   1.1770975897737969E+02   3.7610670934390261E-01
    8900.0000000000000000   1.1886178100834563E+02   3.7328820583711919E-01
    9000.0000000000000000   1.2001362928304295E+02   3.7016629672936202E-01
    9100.0000000000000000   1.2116725207413135E+02   3.6623851330067181E-01
    9200.0000000000000000   1.2231939027687716E+02   3.6245677325068754E-01
    9300.0000000000000000   1.2346845007957077E+02   3.5921177666232290E-01
    9400.0000000000000000   1.2461205964729932E+02   3.5715654157016269E-01
    9500.0000000000000000   1.2575853749109754E+02   3.5400833833757256E-01
    9600.0000000000000000   1.2690542219352378E+02   3.5039778937713506E-01
    9700.0000000000000000   1.2804961105834875E+02   3.4717566269848721E-01
    9800.0000000000000000   1.2919155912198039E+02   3.4423462280549239E-01
    9900.0000000000000000   1.3033200255792312E+02   3.4139818937128291E-01
   10000.0000000000000000   1.3147128060265177E+02   3.3858879229386052E-01
   11000.0000000000000000   1.4280213193260045E+02   3.1204391538296417E-01
   12000.0000000000000000   1.5401397227661346E+02   2.9058680760305544E-01
   13000.0000000000000000   1.6512479015973332E+02   2.7178385486104806E-01
   14000.0000000000000000   1.7614437289112374E+02   2.5532138816765637E-01
   15000.0000000000000000   1.8707667435428704E+02   2.4098612141464881E-01
   16000.0000000000000000   1.9793756148307577E+02   2.2789374960928804E-01
   17000.0000000000000000   2.0871447868415711E+02   2.1705921551748897E-01
   18000.0000000000000000   2.1942566424872834E+02   2.0780415545827402E-01
   19000.0000000000000000   2.3009023247973909E+02   1.9706646790463891E-01
   20000.0000000000000000   2.4068289772713428E+02   1.8912408741319414E-01
   21000.0000000000000000   2.5121943075030197E+02   1.8209407477199796E-01
   22000.0000000000000000   2.6171757209448231E+02   1.7372431997804294E-01
   23000.0000000000000000   2.7214460575717453E+02   1.6738523959452897E-01
   24000.0000000000000000   2.8254177269969153E+02   1.6201857538388056E-01
   25000.0000000000000000   2.9288996265366143E+02   1.5642643165356490E-01
   26000.0000000000000000   3.0318993430799009E+02   1.5199371109205007E-01
   27000.0000000000000000   3.1346616743133069E+02   1.4595995410366885E-01
   28000.0000000000000000   3.2367849780013779E+02   1.4236113157952984E-01
   29000.0000000000000000   3.3385580770251818E+02   1.3878621371754352E-01
   30000.0000000000000000   3.4403389301199451E+02   1.3316275980334474E-01
   31000.0000000000000000   3.5415371506961367E+02   1.2973360818032345E-01
   32000.0000000000000000   3.6422442816153858E+02   1.2595483320386167E-01
   33000.0000000000000000   3.7426502868645883E+02   1.2440292171780359E-01
   34000.0000000000000000   3.8429460443925279E+02   1.2117987331220167E-01
   35000.0000000000000000   3.9430898220652432E+02   1.1637697330654108E-01
   36000.0000000000000000   4.0425577434220565E+02   1.1473281932572428E-01
   37000.0000000000000000   4.1420279638217670E+02   1.1244274818115828E-01
   38000.0000000000000000   4.2415326169354057E+02   1.0872917271815384E-01
   39000.0000000000000000   4.3402423530533667E+02   1.0621273053962142E-01
   40000.0000000000000000   4.4388970762337715E+02   1.0367886444595599E-01
   41000.0000000000000000   4.5374248506218277E+02   1.0164919564735168E-01
   42000.0000000000000000   4.6353067678913629E+02   1.0064004840657008E-01
   43000.0000000000000000   4.7334151824524918E+02   9.7311268895069566E-02
   44000.0000000000000000   4.8313391507150800E+02   9.5662601442932343E-02
   45000.0000000000000000   4.9283949973715818E+02   9.4496098650715440E-02
   46000.0000000000000000   5.0257869841195361E+02   9.1648941176356066E-02
   47000.0000000000000000   5.1229645442935521E+02   9.1176146569059660E-02
   48000.0000000000000000   5.2200646880587203E+02   8.9056993399233175E-02
   49000.0000000000000000   5.3168081487591633E+02   8.7441758072350023E-02
   50000.0000000000000000   5.4134033975487955E+02   8.5373968193326807E-02
