       0.1000000000000000   2.4859847810574497E+01   1.1715193927116752E-03
       0.2000000000000000   2.1869986417663149E+01   2.2901198474651668E-03
       0.3000000000000000   2.0871126198234180E+01   3.4006969427372198E-03
       0.4000000000000000   2.0485360127352894E+01   4.4605676376705304E-03
       0.5000000000000000   2.0287477532984990E+01   5.5074184308443750E-03
       0.6000000000000000   2.0180283407298482E+01   6.5431732365709766E-03
       0.7000000000000000   2.0125914572746716E+01   7.5696018614393300E-03
       0.7999999999999999   2.0103476003016581E+01   8.5879395986767377E-03
       0.8999999999999999   2.0103302522658552E+01   9.5963752843407461E-03
       0.9999999999999999   2.0116198808297209E+01   1.0599080347583667E-02
       2.0000000000000000   2.0483773625354591E+01   2.0327044388524281E-02
       3.0000000000000000   2.0857338922433406E+01   2.9770929876995231E-02
       4.0000000000000000   2.1133050031861359E+01   3.9161633720804168E-02
       5.0000000000000000   2.1312066610886546E+01   4.8647222955769794E-02
       6.0000000000000000   2.1408333753858319E+01   5.8332049798078482E-02
       7.0000000000000000   2.1436828344327129E+01   6.8287154398087760E-02
       8.0000000000000000   2.1409331399463642E+01   7.8568892369458590E-02
       9.0000000000000000   2.1335622337319140E+01   8.9222984423373231E-02
      10.0000000000000000   2.1223353020256628E+01   1.0029002877997255E-01
      11.0000000000000000   2.1078959429590920E+01   1.1180532625748096E-01
      12.0000000000000000   2.0907647468464894E+01   1.2380101879638557E-01
      13.0000000000000000   2.0713855387738473E+01   1.3630695904251014E-01
      14.0000000000000000   2.0501031426861108E+01   1.4935384134765722E-01
      15.0000000000000000   2.0272118812560102E+01   1.6297193665857060E-01
      16.0000000000000000   2.0029662001128791E+01   1.7719084460469528E-01
      17.0000000000000000   1.9775695963869371E+01   1.9204220656068913E-01
      18.0000000000000000   1.9512027046751669E+01   2.0755814562728792E-01
      19.0000000000000000   1.9240127251007188E+01   2.2377243994099205E-01
      20.0000000000000000   1.8961262138246813E+01   2.4072112841468882E-01
      21.0000000000000000   1.8676488567438703E+01   2.5844264804856032E-01
      22.0000000000000000   1.8386735153525095E+01   2.7697749855702969E-01
      23.0000000000000000   1.8092783137569587E+01   2.9636923268113990E-01
      24.0000000000000000   1.7795278733725691E+01   3.1666522340193548E-01
      25.0000000000000000   1.7494782301547911E+01   3.3791631085089813E-01
      26.0000000000000000   1.7191769456826790E+01   3.6017749817432165E-01
      27.0000000000000000   1.6886643571018499E+01   3.8350836201382127E-01
      28.0000000000000000   1.6579750963945013E+01   4.0797343779593725E-01
      29.0000000000000000   1.6271380802571198E+01   4.3364286518286643E-01
      30.0000000000000000   1.5961785875127799E+01   4.6059274609018580E-01
      31.0000000000000000   1.5651177715603289E+01   4.8890584950553689E-01
      32.0000000000000000   1.5339747260838452E+01   5.1867193811330459E-01
      33.0000000000000000   1.5027656299530271E+01   5.4998868188294570E-01
      34.0000000000000000   1.4715054048008636E+01   5.8296206526887284E-01
      35.0000000000000000   1.4402077918685427E+01   6.1770706174821122E-01
      36.0000000000000000   1.4088860418091789E+01   6.5434822047513241E-01
      37.0000000000000000   1.3775534291643620E+01   6.9302021122937230E-01
      38.0000000000000000   1.3462238623388819E+01   7.3386827134362309E-01
      39.0000000000000000   1.3149123642694665E+01   7.7704850710037254E-01
      40.0000000000000000   1.2836358314593015E+01   8.2272792700629815E-01
      41.0000000000000000   1.2524135621206364E+01   8.7108420552578525E-01
      42.0000000000000000   1.2212680294863469E+01   9.2230491012581306E-01
      43.0000000000000000   1.1902256461135741E+01   9.7658612728906957E-01
      44.0000000000000000   1.1593175485895674E+01   1.0341301977981190E+00
      45.0000000000000000   1.1285803378770556E+01   1.0951424943329757E+00
      46.0000000000000000   1.0980569303478450E+01   1.1598267613042361E+00
      47.0000000000000000   1.0677972328582582E+01   1.2283789668331151E+00
      48.0000000000000000   1.0378586824595006E+01   1.3009794004582422E+00
      49.0000000000000000   1.0083065233321539E+01   1.3777829671519561E+00
      50.0000000000000000   9.7921368284626968E+00   1.4589078028150990E+00
      51.0000000000000000   9.5066011847633725E+00   1.5444226402964325E+00
      52.0000000000000000   9.2273153783959430E+00   1.6343336970640618E+00
      53.0000000000000000   8.9551737051255760E+00   1.7285722696137336E+00
      54.0000000000000000   8.6910804511608220E+00   1.8269845198747012E+00
      55.0000000000000000   8.4359166343596659E+00   1.9293250852382520E+00
      56.0000000000000000   8.1905035083999227E+00   2.0352559594940876E+00
      57.0000000000000000   7.9555663510591339E+00   2.1443513685385374E+00
      58.0000000000000000   7.7317013778318220E+00   2.2561094159489654E+00
      59.0000000000000000   7.5193517017219822E+00   2.3699687083907381E+00
      60.0000000000000000   7.3187936582400113E+00   2.4853287383235898E+00
      61.0000000000000000   7.1301332053502584E+00   2.6015724749313356E+00
      62.0000000000000000   6.9533145537779912E+00   2.7180877440980447E+00
      63.0000000000000000   6.7881366693293996E+00   2.8342864878592944E+00
      64.0000000000000000   6.6342756640636589E+00   2.9496202591394436E+00
      65.0000000000000000   6.4913100971909712E+00   3.0635914303400913E+00
      66.0000000000000000   6.3587464904706099E+00   3.1757601323465767E+00
      67.0000000000000000   6.2360431554561622E+00   3.2857473710970413E+00
      68.0000000000000000   6.1226311014257524E+00   3.3932350136074483E+00
      69.0000000000000000   6.0179314254104721E+00   3.4979634171260514E+00
      70.0000000000000000   5.9213690916911164E+00   3.5997274396704628E+00
      71.0000000000000000   5.8323833304903916E+00   3.6983714711240614E+00
      72.0000000000000000   5.7504350764216543E+00   3.7937839918542653E+00
      73.0000000000000000   5.6750119261692351E+00   3.8858920391372163E+00
      74.0000000000000000   5.6056311133511327E+00   3.9746558444732885E+00
      75.0000000000000000   5.5418409288783614E+00   4.0600638274828196E+00
      76.0000000000000000   5.4832211054994993E+00   4.1421279429931959E+00
      76.9989999999999952   5.4294337323071673E+00   4.2208025628797037E+00
      77.0000000000000000   5.4293821592777123E+00   4.2208796746710320E+00
      77.0010000000000048   5.4293305906670648E+00   4.2209567831962556E+00
      78.0000000000000000   5.3799643871821008E+00   4.2963663470563507E+00
      79.0000000000000000   5.3346363839887072E+00   4.3686479906156199E+00
      79.9989999999999952   5.2931331121481815E+00   4.4377270208933277E+00
      80.0000000000000000   5.2930933645736431E+00   4.4377946269175297E+00
      80.0010000000000048   5.2930536205022145E+00   4.4378622298839439E+00
      81.0000000000000000   5.2550553785355651E+00   4.5038839515286986E+00
      81.9989999999999952   5.2202987480011913E+00   4.5669377135862401E+00
      82.0000000000000000   5.2202655004275851E+00   4.5669993723901099E+00
      82.0010000000000048   5.2202322558647669E+00   4.5670610283073385E+00
      83.0000000000000000   5.1884880442569434E+00   4.6272283613797107E+00
      84.0000000000000000   5.1595068422063779E+00   4.6846610792871504E+00
      85.0000000000000000   5.1331236160555749E+00   4.7393892366090338E+00
      86.0000000000000000   5.1091564462654508E+00   4.7915051570326215E+00
      87.0000000000000000   5.0874383484146062E+00   4.8411010161963146E+00
      88.0000000000000000   5.0678159701445331E+00   4.8882682141895435E+00
      89.0000000000000000   5.0501483698285208E+00   4.9330968975720326E+00
      90.0000000000000000   5.0343059223501543E+00   4.9756755596842659E+00
      91.0000000000000000   5.0201693117291359E+00   5.0160907410602018E+00
      92.0000000000000000   5.0076286146279898E+00   5.0544268000340349E+00
      93.0000000000000000   4.9965824682105486E+00   5.0907657438061715E+00
      94.0000000000000000   4.9869373150473617E+00   5.1251871095572525E+00
      95.0000000000000000   4.9786067184246550E+00   5.1577678867981449E+00
      96.0000000000000000   4.9715107418899542E+00   5.1885824735234340E+00
      97.0000000000000000   4.9655753870736570E+00   5.2177026599138312E+00
      98.0000000000000000   4.9607320838801385E+00   5.2451976343734650E+00
      99.0000000000000000   4.9569172308224365E+00   5.2711340072771362E+00
     100.0000000000000000   4.9540717734922906E+00   5.2955758493140230E+00
     110.0000000000000000   4.9685297323870907E+00   5.4701928255600443E+00
     120.0000000000000000   5.0376978353099249E+00   5.5494653377099130E+00
     120.9989999999999952   5.0467108305984860E+00   5.5535175722933925E+00
     121.0010000000000048   5.0467291961993554E+00   5.5535250837379113E+00
     126.9989999999999952   5.1070354699325113E+00   5.5662299971605487E+00
     127.0010000000000048   5.1070571780286667E+00   5.5662312198699473E+00
     130.0000000000000000   5.1406641204769210E+00   5.5660718799382103E+00
     140.0000000000000000   5.2656006029357307E+00   5.5413522458515203E+00
     150.0000000000000000   5.4053818763736832E+00   5.4893932019382330E+00
     160.0000000000000000   5.5554922005971621E+00   5.4196217656797536E+00
     170.0000000000000000   5.7052586122381115E+00   5.3598259478387513E+00
     180.0000000000000000   5.8742886470625510E+00   5.2588860301510909E+00
     190.0000000000000000   6.0365854752552890E+00   5.1813334923461447E+00
     200.0000000000000000   6.2072602880505308E+00   5.0872050615413302E+00
     210.0000000000000000   6.3782094919229237E+00   4.9971456346951584E+00
     220.0000000000000000   6.5493063592586358E+00   4.9110061038675408E+00
     230.0000000000000000   6.7263690415861754E+00   4.8134928651565971E+00
     240.0000000000000000   6.9028622265012407E+00   4.7211300606120119E+00
     250.0000000000000000   7.0787807975386716E+00   4.6335228261348798E+00
     260.0000000000000000   7.2541266480975377E+00   4.5503113962282837E+00
     270.0000000000000000   7.4289064014152340E+00   4.4711686984478094E+00
     280.0000000000000000   7.6031298662534468E+00   4.3957975369234283E+00
     290.0000000000000000   7.7815474870971393E+00   4.3125491582721294E+00
     300.0000000000000000   7.9545174113634260E+00   4.2444083447260876E+00
     310.0000000000000000   8.1314290982451904E+00   4.1687717714131081E+00
     320.0000000000000000   8.3075724829050390E+00   4.0967287487824109E+00
     330.0000000000000000   8.4829752581220763E+00   4.0280180184926868E+00
     340.0000000000000000   8.6576641111835109E+00   3.9624032857168423E+00
     350.0000000000000000   8.8316646630490538E+00   3.8996703343971921E+00
     360.0000000000000000   9.0050014367564000E+00   3.8396245287569193E+00
     370.0000000000000000   9.1776978441100514E+00   3.7820886637542599E+00
     380.0000000000000000   9.3535792823927011E+00   3.7186341029016621E+00
     390.0000000000000000   9.5249689425757484E+00   3.6658987948863109E+00
     400.0000000000000000   9.6957842277318740E+00   3.6152148689877821E+00
     410.0000000000000000   9.8696232712103473E+00   3.5588928990984940E+00
     420.0000000000000000   1.0039259553290234E+01   3.5121665586742910E+00
     430.0000000000000000   1.0211828652778497E+01   3.4599785152776206E+00
     440.0000000000000000   1.0383771051120030E+01   3.4097697889064702E+00
     450.0000000000000000   1.0555104994957009E+01   3.3614258587569146E+00
     460.0000000000000000   1.0722522489938010E+01   3.3214818065969975E+00
     470.0000000000000000   1.0892733418841502E+01   3.2763985109352931E+00
     480.0000000000000000   1.1062386515183555E+01   3.2328919037312143E+00
     490.0000000000000000   1.1231497388091476E+01   3.1908771837834204E+00
     500.0000000000000000   1.1400080987339985E+01   3.1502756296523824E+00
     510.0000000000000000   1.1568151573690800E+01   3.1110141841971659E+00
     520.0000000000000000   1.1735722764662219E+01   3.0730249325943895E+00
     530.0000000000000000   1.1902807625621854E+01   3.0362445532888436E+00
     540.0000000000000000   1.2069418703067042E+01   3.0006139226574318E+00
     550.0000000000000000   1.2235568040802820E+01   2.9660777833770098E+00
     560.0000000000000000   1.2404189106447967E+01   2.9272614672658328E+00
     570.0000000000000000   1.2569410612131364E+01   2.8948671777297741E+00
     580.0000000000000000   1.2734204275056749E+01   2.8634175946951275E+00
     590.0000000000000000   1.2898580292395975E+01   2.8328704176025234E+00
     600.0000000000000000   1.3065348006820660E+01   2.7982574583577073E+00
     610.0000000000000000   1.3228879379057492E+01   2.7694899657457399E+00
     620.0000000000000000   1.3392022716990203E+01   2.7415077619638883E+00
     630.0000000000000000   1.3557504342335825E+01   2.7096081431231300E+00
     640.0000000000000000   1.3719857267641069E+01   2.6831865051468542E+00
     650.0000000000000000   1.3884524926822042E+01   2.6529349727580933E+00
     660.0000000000000000   1.4046122122428214E+01   2.6279435801718778E+00
     670.0000000000000000   1.4210005783688837E+01   2.5992130453084954E+00
     680.0000000000000000   1.4370880053454384E+01   2.5755350056918487E+00
     690.0000000000000000   1.4534009393321153E+01   2.5482090964300803E+00
     700.0000000000000000   1.4694190248814266E+01   2.5257417246538871E+00
     710.0000000000000000   1.4856594405624117E+01   2.4997138894878774E+00
     720.0000000000000000   1.5016108664740653E+01   2.4783663268136698E+00
     730.0000000000000000   1.5177815478529253E+01   2.4535398933818966E+00
     740.0000000000000000   1.5339175612141080E+01   2.4293154576750862E+00
     750.0000000000000000   1.5497723437437404E+01   2.4095188211082288E+00
     760.0000000000000000   1.5658422621601012E+01   2.3863698572876375E+00
     770.0000000000000000   1.5818798076750666E+01   2.3637531987675295E+00
     780.0000000000000000   1.5976428975431109E+01   2.3453487341347192E+00
     790.0000000000000000   1.6136174743082989E+01   2.3237022305256914E+00
     800.0000000000000000   1.6295614259709058E+01   2.3025330759099174E+00
     810.0000000000000000   1.6452378221712948E+01   2.2853766846186705E+00
     820.0000000000000000   1.6611218316387081E+01   2.2650841075066990E+00
     830.0000000000000000   1.6769765263890029E+01   2.2452254379267100E+00
     840.0000000000000000   1.6928026147618553E+01   2.2257828123569814E+00
     850.0000000000000000   1.7086002914445338E+01   2.2067463943956120E+00
     860.0000000000000000   1.7241385492610839E+01   2.1914495719895069E+00
     870.0000000000000000   1.7398806334298424E+01   2.1731604908097140E+00
     880.0000000000000000   1.7555957653247095E+01   2.1552383479200872E+00
     890.0000000000000000   1.7712842397787814E+01   2.1376732898507820E+00
     900.0000000000000000   1.7869462822971929E+01   2.1204567237538141E+00
     910.0000000000000000   1.8025821379822474E+01   2.1035800152678101E+00
     920.0000000000000000   1.8181920917359363E+01   2.0870342154048718E+00
     930.0000000000000000   1.8337764977479743E+01   2.0708096794118518E+00
     937.9990000000000236   1.8461803550223646E+01   2.0586593091223646E+00
     938.0009999999999764   1.8461835096053093E+01   2.0586555370037112E+00
     940.0000000000000000   1.8493357682759832E+01   2.0548962385143899E+00
     950.0000000000000000   1.8646504834006326E+01   2.0422859319833675E+00
     957.9990000000000236   1.8772356173861876E+01   2.0275913828417544E+00
     958.0009999999999764   1.8772387613454121E+01   2.0275877480217117E+00
     960.0000000000000000   1.8801622064266081E+01   2.0269253124314317E+00
     970.0000000000000000   1.8956499941640708E+01   2.0118482676254192E+00
     980.0000000000000000   1.9111141464757935E+01   1.9970471334688580E+00
     990.0000000000000000   1.9265549660866650E+01   1.9825144006733380E+00
    1000.0000000000000000   1.9419727559327583E+01   1.9682427453525257E+00
    1100.0000000000000000   2.0951505832055755E+01   1.8358847560725466E+00
    1102.9990000000000236   2.0995651057657334E+01   1.8340890271571815E+00
    1103.0009999999999764   2.0995681841933337E+01   1.8340861409432740E+00
    1200.0000000000000000   2.2463075495082506E+01   1.7235664069343066E+00
    1300.0000000000000000   2.3958533573092883E+01   1.6248065794524009E+00
    1400.0000000000000000   2.5437626180086600E+01   1.5389565556622582E+00
    1500.0000000000000000   2.6905511860121425E+01   1.4598066280967756E+00
    1563.9990000000000236   2.7835551862581710E+01   1.4161537470264176E+00
    1564.0009999999999764   2.7835581126720417E+01   1.4161521466329567E+00
    1600.0000000000000000   2.8357856805900575E+01   1.3915409110736143E+00
    1700.0000000000000000   2.9799360492081821E+01   1.3290094795954073E+00
    1800.0000000000000000   3.1229150508590017E+01   1.2729074714435262E+00
    1900.0000000000000000   3.2649649744664480E+01   1.2208589977872757E+00
    2000.0000000000000000   3.4060083044809929E+01   1.1735300701615634E+00
    2100.0000000000000000   3.5460940650455328E+01   1.1304059926193510E+00
    2200.0000000000000000   3.6852758471310601E+01   1.0909774700502426E+00
    2300.0000000000000000   3.8237787121828724E+01   1.0534374648640754E+00
    2400.0000000000000000   3.9613276079518656E+01   1.0199694198709226E+00
    2500.0000000000000000   4.0982559884079343E+01   9.8798378273805287E-01
    2600.0000000000000000   4.2344730258466690E+01   9.5822203734914468E-01
    2700.0000000000000000   4.3700124646149114E+01   9.3045268686720173E-01
    2800.0000000000000000   4.5050409326410175E+01   9.0355595458909022E-01
    2900.0000000000000000   4.6392925519028381E+01   8.7939773069683225E-01
    3000.0000000000000000   4.7730936796998272E+01   8.5576894863349617E-01
    3100.0000000000000000   4.9062867264997678E+01   8.3376288790407094E-01
    3200.0000000000000000   5.0388428921554024E+01   8.1362707983389460E-01
    3300.0000000000000000   5.1709711846424199E+01   7.9397318212460966E-01
    3400.0000000000000000   5.3025898264923150E+01   7.7541093515374149E-01
    3500.0000000000000000   5.4337433488376767E+01   7.5771076934186243E-01
    3600.0000000000000000   5.5645817625898090E+01   7.4001315749070073E-01
    3700.0000000000000000   5.6947052218597328E+01   7.2461636422191156E-01
    3800.0000000000000000   5.8245368529239947E+01   7.0922369542044628E-01
    3900.0000000000000000   5.9540008374063220E+01   6.9419812180923945E-01
    4000.0000000000000000   6.0828707546012332E+01   6.8083569653492659E-01
    4100.0000000000000000   6.2115167522039563E+01   6.6715645903434551E-01
    4200.0000000000000000   6.3396883486035712E+01   6.5457192447066781E-01
    4300.0000000000000000   6.4676379976215387E+01   6.4173374170069941E-01
    4400.0000000000000000   6.5949437545016750E+01   6.3079544406330756E-01
    4500.0000000000000000   6.7221226821719810E+01   6.1919900196644828E-01
    4600.0000000000000000   6.8489169611715283E+01   6.0827232262379183E-01
    4700.0000000000000000   6.9754917216054565E+01   5.9724864301440983E-01
    4800.0000000000000000   7.1015183906836327E+01   5.8759339772486419E-01
    4900.0000000000000000   7.2272836407813386E+01   5.7807492483683232E-01
    5000.0000000000000000   7.3528120310012142E+01   5.6861197201776881E-01
    5100.0000000000000000   7.4780244255425828E+01   5.5954483605740468E-01
    5200.0000000000000000   7.6029157492255734E+01   5.5089749293544998E-01
    5300.0000000000000000   7.7275456262958230E+01   5.4244095599591380E-01
    5400.0000000000000000   7.8520435193866930E+01   5.3368250393706740E-01
    5500.0000000000000000   7.9760973204376455E+01   5.2587853256490058E-01
    5600.0000000000000000   8.0997169682815965E+01   5.1896232969868006E-01
    5700.0000000000000000   8.2234281920084044E+01   5.1092880058060752E-01
    5800.0000000000000000   8.3466721367805164E+01   5.0390795360695906E-01
    5900.0000000000000000   8.4698832499977158E+01   4.9633787309048050E-01
    6000.0000000000000000   8.5923901289421977E+01   4.9066996674494584E-01
    6100.0000000000000000   8.7151560925169477E+01   4.8330377059714480E-01
    6200.0000000000000000   8.8375657462759094E+01   4.7660984206984575E-01
    6300.0000000000000000   8.9593751664154055E+01   4.7147789991633338E-01
    6400.0000000000000000   9.0813080360523898E+01   4.6514645878356642E-01
    6500.0000000000000000   9.2030126578292197E+01   4.5911548731151658E-01
    6600.0000000000000000   9.3245325944774820E+01   4.5312977022867090E-01
    6700.0000000000000000   9.4457100387985633E+01   4.4764219186946280E-01
    6800.0000000000000000   9.5667693726405076E+01   4.4213223009557617E-01
    6900.0000000000000000   9.6874966087692414E+01   4.3702834524428585E-01
    7000.0000000000000000   9.8081308455658885E+01   4.3184320184884356E-01
    7100.0000000000000000   9.9283204752829235E+01   4.2744666995033559E-01
    7200.0000000000000000   1.0048575844100594E+02   4.2243835354018960E-01
    7300.0000000000000000   1.0168867929649804E+02   4.1669823723068150E-01
    7400.0000000000000000   1.0288636139572358E+02   4.1233903927956850E-01
    7500.0000000000000000   1.0408154493292240E+02   4.0810831606171488E-01
    7600.0000000000000000   1.0527520863758480E+02   4.0394888302639170E-01
    7700.0000000000000000   1.0647036108318945E+02   3.9896086138414627E-01
    7800.0000000000000000   1.0765878826661447E+02   3.9537999442892224E-01
    7900.0000000000000000   1.0885134200606338E+02   3.9029815399978063E-01
    8000.0000000000000000   1.1003661929713039E+02   3.8700562613958611E-01
    8100.0000000000000000   1.1122452849369755E+02   3.8232684832754776E-01
    8200.0000000000000000   1.1240684953943936E+02   3.7900943117185665E-01
    8300.0000000000000000   1.1359176359323594E+02   3.7463465527402734E-01
    8400.0000000000000000   1.1476813212078784E+02   3.7223179885117630E-01
    8500.0000000000000000   1.1595008045773791E+02   3.6775591467815349E-01
    8600.0000000000000000   1.1712718485756147E+02   3.6433947176673798E-01
    8700.0000000000000000   1.1830345557897847E+02   3.6097819926960267E-01
    8800.0000000000000000   1.1947913922045102E+02   3.5734711849386591E-01
    8900.0000000000000000   1.2065341356803324E+02   3.5363112973714456E-01
    8985.9989999999997963   1.2166163038547077E+02   3.5069179077939133E-01
    8986.0010000000002037   1.2166165365397498E+02   3.5069174680098858E-01
    9000.0000000000000000   1.2181976947614498E+02   3.5174473118410837E-01
    9100.0000000000000000   1.2299266516995951E+02   3.4776208997268959E-01
    9200.0000000000000000   1.2416233651296085E+02   3.4444276745515556E-01
    9300.0000000000000000   1.2533214518356461E+02   3.4076852983005368E-01
    9400.0000000000000000   1.2649698862592679E+02   3.3806398062511106E-01
    9500.0000000000000000   1.2765784003119889E+02   3.3609434927271448E-01
    9600.0000000000000000   1.2882096002435742E+02   3.3319866092425937E-01
    9700.0000000000000000   1.2998438073441696E+02   3.2989598595401204E-01
    9800.0000000000000000   1.3114576888717170E+02   3.2681612626328954E-01
    9900.0000000000000000   1.3230511110861809E+02   3.2397455681073034E-01
   10000.0000000000000000   1.3346287661321145E+02   3.2125869282890579E-01
   11000.0000000000000000   1.4497331192948988E+02   2.9666886588199476E-01
   12000.0000000000000000   1.5636396151688973E+02   2.7661031567415678E-01
   13000.0000000000000000   1.6765941135732945E+02   2.5775630172197933E-01
   14000.0000000000000000   1.7885606074317474E+02   2.4247480861765799E-01
   15000.0000000000000000   1.8996274030469291E+02   2.2939551096276398E-01
   16000.0000000000000000   2.0099877617288018E+02   2.1715671572685613E-01
   17000.0000000000000000   2.1196010611004945E+02   2.0530852027654886E-01
   18000.0000000000000000   2.2285465128220164E+02   1.9532811114123813E-01
   19000.0000000000000000   2.3368571153648890E+02   1.8637024684913886E-01
   20000.0000000000000000   2.4444634892737429E+02   1.7988043554351132E-01
   21000.0000000000000000   2.5516354005270856E+02   1.7170984984501952E-01
   22000.0000000000000000   2.6582570160911246E+02   1.6490249389244099E-01
   23000.0000000000000000   2.7641693683315896E+02   1.5963595842333700E-01
   24000.0000000000000000   2.8700353072781678E+02   1.5249251558063562E-01
   25000.0000000000000000   2.9750663325513409E+02   1.4929743651149011E-01
   26000.0000000000000000   3.0799277867792802E+02   1.4291042335331997E-01
   27000.0000000000000000   3.1842670214828712E+02   1.3868946518131872E-01
   28000.0000000000000000   3.2881609248582009E+02   1.3396308893156375E-01
   29000.0000000000000000   3.3917031454900200E+02   1.2997803266753383E-01
   30000.0000000000000000   3.4950553518731419E+02   1.2588196832577817E-01
   31000.0000000000000000   3.5979514646592196E+02   1.2246978542313068E-01
   32000.0000000000000000   3.7002580381295724E+02   1.1961101037272812E-01
   33000.0000000000000000   3.8025183774011521E+02   1.1618651692903789E-01
   34000.0000000000000000   3.9044812140123906E+02   1.1318626461519911E-01
   35000.0000000000000000   4.0060398894046574E+02   1.1069791730856733E-01
   36000.0000000000000000   4.1073080863320877E+02   1.0811997919159833E-01
   37000.0000000000000000   4.2085799359414256E+02   1.0508384807971458E-01
   38000.0000000000000000   4.3095760062849428E+02   1.0265062652696171E-01
   39000.0000000000000000   4.4097186902800320E+02   1.0151810880636004E-01
   40000.0000000000000000   4.5101330834318310E+02   9.8747516342935410E-02
   41000.0000000000000000   4.6101868464218973E+02   9.7059216834595743E-02
   42000.0000000000000000   4.7099991532090519E+02   9.4613989354070741E-02
   43000.0000000000000000   4.8093292316687376E+02   9.3716142668168717E-02
   44000.0000000000000000   4.9091614589722087E+02   9.0601529949170617E-02
   45000.0000000000000000   5.0080274947638435E+02   8.8779630631920528E-02
   46000.0000000000000000   5.1067429994553777E+02   8.7133415098835654E-02
   47000.0000000000000000   5.2055740463440429E+02   8.6792638739950106E-02
   48000.0000000000000000   5.3044825922543293E+02   8.3610609343718334E-02
   49000.0000000000000000   5.4027211684994177E+02   8.2943025148218094E-02
   50000.0000000000000000   5.5007901263866154E+02   8.1821247270168693E-02
