       0.1000000000000000   1.6418705762354372E+02   1.7836863048042737E-04
       0.2000000000000000   1.4150697118961276E+02   3.5902122623340576E-04
       0.3000000000000000   1.3229496332425830E+02   5.4925937268049179E-04
       0.4000000000000000   1.2727803262441415E+02   7.4167374518654136E-04
       0.5000000000000000   1.2357192038512284E+02   9.4244225013554372E-04
       0.6000000000000000   1.2052412056943055E+02   1.1519287156627458E-03
       0.7000000000000000   1.1787457983224387E+02   1.3705240334024767E-03
       0.7999999999999999   1.1548257414902785E+02   1.5985201342489425E-03
       0.8999999999999999   1.1328495922337346E+02   1.8356121200241143E-03
       0.9999999999999999   1.1121708295063371E+02   2.0826695147569021E-03
       2.0000000000000000   9.4549831341715347E+01   5.1096567950993273E-03
       3.0000000000000000   8.2047603681495147E+01   9.1911879922112992E-03
       4.0000000000000000   7.2362263057235310E+01   1.4315077020418017E-02
       5.0000000000000000   6.4766410714683772E+01   2.0421019568654348E-02
       6.0000000000000000   5.8713827382622441E+01   2.7439603415082590E-02
       7.0000000000000000   5.3806408230313856E+01   3.5305239969532318E-02
       8.0000000000000000   4.9755151158848697E+01   4.3965595448633141E-02
       9.0000000000000000   4.6353740947755355E+01   5.3380750843544378E-02
      10.0000000000000000   4.3453205541887655E+01   6.3522641822264261E-02
      11.0000000000000000   4.0945674962313866E+01   7.4371910786066447E-02
      12.0000000000000000   3.8751373141908417E+01   8.5915942714710522E-02
      13.0000000000000000   3.6810624223149119E+01   9.8148329020506922E-02
      14.0000000000000000   3.5077368100137228E+01   1.1106905549853908E-01
      15.0000000000000000   3.3516040560411270E+01   1.2468302061486267E-01
      16.0000000000000000   3.2098857537387090E+01   1.3899867846487038E-01
      17.0000000000000000   3.0803477396975808E+01   1.5402965677439223E-01
      18.0000000000000000   2.9612032659227637E+01   1.6979304332564266E-01
      19.0000000000000000   2.8509925715771612E+01   1.8630984464277750E-01
      20.0000000000000000   2.7485129995876949E+01   2.0360531203092480E-01
      21.0000000000000000   2.6527648768363779E+01   2.2170873229344762E-01
      22.0000000000000000   2.5629166531388577E+01   2.4065293804486909E-01
      23.0000000000000000   2.4782651908500824E+01   2.6047497763522365E-01
      24.0000000000000000   2.3982107237852048E+01   2.8121673937292180E-01
      25.0000000000000000   2.3222423056368278E+01   3.0292446466524930E-01
      26.0000000000000000   2.2499204369379097E+01   3.2564930028351363E-01
      27.0000000000000000   2.1808652369663111E+01   3.4944760610058839E-01
      28.0000000000000000   2.1147472280702271E+01   3.7438125143996742E-01
      29.0000000000000000   2.0512783769059254E+01   4.0051815830982773E-01
      30.0000000000000000   1.9902070658442423E+01   4.2793261976399760E-01
      31.0000000000000000   1.9313117995987312E+01   4.5670592028100915E-01
      32.0000000000000000   1.8743983108711188E+01   4.8692663716720336E-01
      33.0000000000000000   1.8192946350104105E+01   5.1869148579750179E-01
      34.0000000000000000   1.7658492654540037E+01   5.5210570808364556E-01
      35.0000000000000000   1.7139284840964844E+01   5.8728370530226948E-01
      36.0000000000000000   1.6634145507217962E+01   6.2434960229082281E-01
      37.0000000000000000   1.6142041616088751E+01   6.6343776716579039E-01
      38.0000000000000000   1.5662072650766426E+01   7.0469323899131953E-01
      39.0000000000000000   1.5193460962271660E+01   7.4827201053208203E-01
      40.0000000000000000   1.4735546135808020E+01   7.9434105102145736E-01
      41.0000000000000000   1.4287778992039003E+01   8.4307805236754840E-01
      42.0000000000000000   1.3849719856507928E+01   8.9467064831511567E-01
      43.0000000000000000   1.3421037490701508E+01   9.4931503317907273E-01
      44.0000000000000000   1.3001509918238554E+01   1.0072136871734321E+00
      45.0000000000000000   1.2591024638612010E+01   1.0685721473749086E+00
      46.0000000000000000   1.2189581264055352E+01   1.1335943436604603E+00
      47.0000000000000000   1.1797292524946952E+01   1.2024764448384957E+00
      48.0000000000000000   1.1414384253856287E+01   1.2753989532505277E+00
      49.0000000000000000   1.1041192731610266E+01   1.3525169944581559E+00
      50.0000000000000000   1.0678158146167672E+01   1.4339489300202994E+00
      51.0000000000000000   1.0325812611910486E+01   1.5197637196107174E+00
      52.0000000000000000   9.9847618654762584E+00   1.6099678070750119E+00
      53.0000000000000000   9.6556596895788616E+00   1.7044927120437805E+00
      54.0000000000000000   9.3391755928470541E+00   1.8031848141626599E+00
      55.0000000000000000   9.0359571548867326E+00   1.9057989611029251E+00
      56.0000000000000000   8.7465900965344350E+00   2.0119973485696794E+00
      57.0000000000000000   8.4715600219014373E+00   2.1213543943324504E+00
      58.0000000000000000   8.2112185752656099E+00   2.2333683835690117E+00
      59.0000000000000000   7.9657603170567386E+00   2.3474780942352846E+00
      60.0000000000000000   7.7352111856436876E+00   2.4630831809764802E+00
      61.0000000000000000   7.5194278314035969E+00   2.5795667657614021E+00
      62.0000000000000000   7.3181097381743063E+00   2.6963168196693728E+00
      63.0000000000000000   7.1308191049550782E+00   2.8127454235228404E+00
      64.0000000000000000   6.9570062809448929E+00   2.9283042633707730E+00
      65.0000000000000000   6.7960374253230800E+00   3.0424958402726214E+00
      66.0000000000000000   6.6472216625804865E+00   3.1548804100166974E+00
      67.0000000000000000   6.5098358077813225E+00   3.2650791002511865E+00
      68.0000000000000000   6.3831455151152934E+00   3.3727738969415912E+00
      69.0000000000000000   6.2664223810893267E+00   3.4777052736544825E+00
      70.0000000000000000   6.1589570479408096E+00   3.5796682023949167E+00
      71.0000000000000000   6.0600686556634793E+00   3.6785071844953903E+00
      72.0000000000000000   5.9691111803692518E+00   3.7741108093533646E+00
      73.0000000000000000   5.8854772242679942E+00   3.8664062207577561E+00
      74.0000000000000000   5.8085998176523228E+00   3.9553537541330352E+00
      75.0000000000000000   5.7379527045379888E+00   4.0409419303050367E+00
      76.0000000000000000   5.6730496642014510E+00   4.1231828027749433E+00
      76.9989999999999952   5.6134999653573070E+00   4.2020306673650705E+00
      77.0000000000000000   5.6134428641949778E+00   4.2021079509355035E+00
      77.0010000000000048   5.6133857679146963E+00   4.2021852312365793E+00
      78.0000000000000000   5.5587209681588829E+00   4.2777647923309203E+00
      79.0000000000000000   5.5085068495980263E+00   4.3502134476382235E+00
      79.9989999999999952   5.4624992796088110E+00   4.4194562573906877E+00
      80.0000000000000000   5.4624551996379651E+00   4.4195240258518247E+00
      80.0010000000000048   5.4624111235114121E+00   4.4195917912521905E+00
      81.0000000000000000   5.4202501100400253E+00   4.4857743072029148E+00
      81.9989999999999952   5.3816396649331972E+00   4.5489859661232339E+00
      82.0000000000000000   5.3816027047319590E+00   4.5490477815570545E+00
      82.0010000000000048   5.3815657478223944E+00   4.5491095941014086E+00
      83.0000000000000000   5.3462488673496447E+00   4.6094320000914975E+00
      84.0000000000000000   5.3139470930697614E+00   4.6670172002248025E+00
      85.0000000000000000   5.2844764847151326E+00   4.7218951665451838E+00
      86.0000000000000000   5.2576348964286250E+00   4.7741582943446241E+00
      87.0000000000000000   5.2332372240680014E+00   4.8238988284562350E+00
      88.0000000000000000   5.2111138566926973E+00   4.8712082358211966E+00
      89.0000000000000000   5.1911092344399048E+00   4.9161767276086756E+00
      90.0000000000000000   5.1730805684953118E+00   4.9588928595657249E+00
      91.0000000000000000   5.1568966663423002E+00   4.9994432325348326E+00
      92.0000000000000000   5.1424368708805090E+00   5.0379122631294946E+00
      93.0000000000000000   5.1295901014358449E+00   5.0743820148752130E+00
      94.0000000000000000   5.1182539873887274E+00   5.1089320793968414E+00
      95.0000000000000000   5.1083340857863622E+00   5.1416394988400436E+00
      96.0000000000000000   5.0997431749203495E+00   5.1725787220940953E+00
      97.0000000000000000   5.0924006164387281E+00   5.2018215885614056E+00
      98.0000000000000000   5.0862317789445575E+00   5.2294373342421769E+00
      99.0000000000000000   5.0811675184764731E+00   5.2554926156143020E+00
     100.0000000000000000   5.0771437062439162E+00   5.2800515479308574E+00
     110.0000000000000000   5.0828645059387290E+00   5.4557482811100995E+00
     120.0000000000000000   5.1470044132716515E+00   5.5359586848448492E+00
     120.9989999999999952   5.1556516117135285E+00   5.5400979316694121E+00
     121.0010000000000048   5.1556692654935334E+00   5.5401056161855928E+00
     126.9989999999999952   5.2141714041325331E+00   5.5533102319015430E+00
     127.0010000000000048   5.2141926111092349E+00   5.5533116150360167E+00
     130.0000000000000000   5.2471138211626025E+00   5.5533884496416768E+00
     140.0000000000000000   5.3705574882751783E+00   5.5293979234906159E+00
     150.0000000000000000   5.5097501428107760E+00   5.4780897104451771E+00
     160.0000000000000000   5.6598967585700297E+00   5.4089032396040153E+00
     170.0000000000000000   5.8099235044047219E+00   5.3496097190578444E+00
     180.0000000000000000   5.9801728359541668E+00   5.2490801987496596E+00
     190.0000000000000000   6.1435466302937876E+00   5.1719028802308751E+00
     200.0000000000000000   6.3156858951766344E+00   5.0781189885245421E+00
     210.0000000000000000   6.4881814351518434E+00   4.9883771698831678E+00
     220.0000000000000000   6.6608930481119222E+00   4.9025314680617615E+00
     230.0000000000000000   6.8398292774157428E+00   4.8052909489243891E+00
     240.0000000000000000   7.0182227081022690E+00   4.7131820319964906E+00
     250.0000000000000000   7.1960638729992690E+00   4.6258118085954658E+00
     260.0000000000000000   7.3733511541328651E+00   4.5428222021491154E+00
     270.0000000000000000   7.5500883108509642E+00   4.4638876070205624E+00
     280.0000000000000000   7.7262827952276236E+00   4.3887121077625322E+00
     290.0000000000000000   7.9068368660639434E+00   4.3056480740363057E+00
     300.0000000000000000   8.0817927945593340E+00   4.2376812774535200E+00
     310.0000000000000000   8.2608422865709272E+00   4.1622092683823855E+00
     320.0000000000000000   8.4391210849365841E+00   4.0903221345458931E+00
     330.0000000000000000   8.6166565620767130E+00   4.0217593103915261E+00
     340.0000000000000000   8.7934751633745254E+00   3.9562851206953820E+00
     350.0000000000000000   8.9696023302647863E+00   3.8936859053370982E+00
     360.0000000000000000   9.1450624558024618E+00   3.8337675288722788E+00
     370.0000000000000000   9.3198788609465897E+00   3.7763532378449427E+00
     380.0000000000000000   9.4979952016942466E+00   3.7130148044664266E+00
     390.0000000000000000   9.6714947151030657E+00   3.6603905482644592E+00
     400.0000000000000000   9.8444164977302808E+00   3.6098129358332001E+00
     410.0000000000000000   1.0020468894490474E+01   3.5535928485995250E+00
     420.0000000000000000   1.0192201938656732E+01   3.5069642410254978E+00
     430.0000000000000000   1.0366970179060619E+01   3.4548700379821273E+00
     440.0000000000000000   1.0541104068523227E+01   3.4047514955527554E+00
     450.0000000000000000   1.0714622028908076E+01   3.3564943099628333E+00
     460.0000000000000000   1.0884115236202229E+01   3.3166337628596021E+00
     470.0000000000000000   1.1056497275808990E+01   3.2716309171605333E+00
     480.0000000000000000   1.1228314520190342E+01   3.2282018752480761E+00
     490.0000000000000000   1.1399582752493691E+01   3.1862619936736829E+00
     500.0000000000000000   1.1570317092206613E+01   3.1457326972492572E+00
     510.0000000000000000   1.1740531963437371E+01   3.1065410646247704E+00
     520.0000000000000000   1.1910241141027740E+01   3.0686193072360997E+00
     530.0000000000000000   1.2079457843435799E+01   3.0319042210866192E+00
     540.0000000000000000   1.2248194766144437E+01   2.9963367921561530E+00
     550.0000000000000000   1.2416464097540866E+01   2.9618618654377746E+00
     560.0000000000000000   1.2587286331532956E+01   2.9231048683815564E+00
     570.0000000000000000   1.2754615242274919E+01   2.8907680938836524E+00
     580.0000000000000000   1.2921510890846386E+01   2.8593743057098364E+00
     590.0000000000000000   1.3087983599332896E+01   2.8288812819331834E+00
     600.0000000000000000   1.3256925523493232E+01   2.7943209082873310E+00
     610.0000000000000000   1.3422542090167967E+01   2.7656045029459668E+00
     620.0000000000000000   1.3587765724232458E+01   2.7376719533881801E+00
     630.0000000000000000   1.3755402764052127E+01   2.7058206172025394E+00
     640.0000000000000000   1.3919825210024161E+01   2.6794459482618422E+00
     650.0000000000000000   1.4086636324360128E+01   2.6492401259627232E+00
     660.0000000000000000   1.4250292761252823E+01   2.6242932361485805E+00
     670.0000000000000000   1.4416308312965045E+01   2.5956060455343390E+00
     680.0000000000000000   1.4579232023198633E+01   2.5719702377985594E+00
     690.0000000000000000   1.4744482109749184E+01   2.5446854917422024E+00
     700.0000000000000000   1.4906703020746882E+01   2.5222582558906006E+00
     710.0000000000000000   1.5071217216516807E+01   2.4962695686156589E+00
     720.0000000000000000   1.5232762513773595E+01   2.4749602030377655E+00
     730.0000000000000000   1.5396569084482890E+01   2.4501710512661443E+00
     740.0000000000000000   1.5560023718104187E+01   2.4259830153800706E+00
     750.0000000000000000   1.5720589273001272E+01   2.4062219287390700E+00
     760.0000000000000000   1.5883373206258277E+01   2.3831076953431198E+00
     770.0000000000000000   1.6045828572915308E+01   2.3605249766832301E+00
     780.0000000000000000   1.6205464557409488E+01   2.3421536889133452E+00
     790.0000000000000000   1.6367280915991408E+01   2.3205396254483115E+00
     800.0000000000000000   1.6528786468193694E+01   2.2994021993224472E+00
     810.0000000000000000   1.6687543620053891E+01   2.2822768487883462E+00
     820.0000000000000000   1.6848440873080840E+01   2.2620146475437144E+00
     830.0000000000000000   1.7009040598793025E+01   2.2421857107665693E+00
     840.0000000000000000   1.7169350021231882E+01   2.2227721957994850E+00
     850.0000000000000000   1.7329371082048144E+01   2.2037642861967268E+00
     860.0000000000000000   1.7486727434240208E+01   2.1884953890026173E+00
     870.0000000000000000   1.7646184312726117E+01   2.1702336681730658E+00
     880.0000000000000000   1.7805367668556535E+01   2.1523383382874237E+00
     890.0000000000000000   1.7964280480091087E+01   2.1347995626624612E+00
     900.0000000000000000   1.8122925014122817E+01   2.1176087645458308E+00
     910.0000000000000000   1.8281303740522997E+01   2.1007573250163878E+00
     920.0000000000000000   1.8439419539940261E+01   2.0842363099044103E+00
     930.0000000000000000   1.8597276006980554E+01   2.0680360886842308E+00
     937.9990000000000236   1.8722909043656529E+01   2.0559048386582419E+00
     938.0009999999999764   1.8722941003585181E+01   2.0559010712843104E+00
     940.0000000000000000   1.8754877334680881E+01   2.0521465062477011E+00
     950.0000000000000000   1.8909966831307703E+01   2.0395596149983453E+00
     957.9990000000000236   1.9037469532492743E+01   2.0248834852077566E+00
     958.0009999999999764   1.9037501384457411E+01   2.0248798549592020E+00
     960.0000000000000000   1.9067085798684861E+01   2.0242219801739445E+00
     970.0000000000000000   1.9223961834853199E+01   2.0091675016834940E+00
     980.0000000000000000   1.9380597981202470E+01   1.9943885271128079E+00
     990.0000000000000000   1.9536997309576165E+01   1.9798775584176931E+00
    1000.0000000000000000   1.9693162894965113E+01   1.9656272825385082E+00
    1100.0000000000000000   2.1244695547144982E+01   1.8334640506086159E+00
    1102.9990000000000236   2.1289386952509968E+01   1.8316736780922014E+00
    1103.0009999999999764   2.1289418138990335E+01   1.8316707954418097E+00
    1200.0000000000000000   2.2775716243296156E+01   1.7213114307165429E+00
    1300.0000000000000000   2.4290409104544441E+01   1.6226944957031459E+00
    1400.0000000000000000   2.5788490291575965E+01   1.5369690548696950E+00
    1500.0000000000000000   2.7275242753277386E+01   1.4579287915828054E+00
    1563.9990000000000236   2.8217188712336402E+01   1.4143394884508294E+00
    1564.0009999999999764   2.8217218355123290E+01   1.4143378899714425E+00
    1600.0000000000000000   2.8746196675414080E+01   1.3897604125300598E+00
    1700.0000000000000000   3.0206168150310781E+01   1.3273160102106745E+00
    1800.0000000000000000   3.1654249146415918E+01   1.2712923171306669E+00
    1900.0000000000000000   3.3092919016639009E+01   1.2193147224264240E+00
    2000.0000000000000000   3.4521372576514430E+01   1.1720502743307690E+00
    2100.0000000000000000   3.5940105843697630E+01   1.1289851271063245E+00
    2200.0000000000000000   3.7349662582482978E+01   1.0896106897967597E+00
    2300.0000000000000000   3.8752348406159598E+01   1.0521205132104536E+00
    2400.0000000000000000   4.0145332766479811E+01   1.0186985358216845E+00
    2500.0000000000000000   4.1532035593216563E+01   9.8675562593827515E-01
    2600.0000000000000000   4.2911519532473392E+01   9.5703362684217719E-01
    2700.0000000000000000   4.4284127088239934E+01   9.2930135068870523E-01
    2800.0000000000000000   4.5651565632942450E+01   9.0243928796389394E-01
    2900.0000000000000000   4.7011101532942341E+01   8.7831356112619918E-01
    3000.0000000000000000   4.8366082877980780E+01   8.5471530654668937E-01
    3100.0000000000000000   4.9714888599355845E+01   8.3273798183764758E-01
    3200.0000000000000000   5.1057220400015233E+01   8.1262927532144469E-01
    3300.0000000000000000   5.2395221780507484E+01   7.9300098364735927E-01
    3400.0000000000000000   5.3728050792971693E+01   7.7446297063181802E-01
    3500.0000000000000000   5.5056162486964858E+01   7.5678577674668068E-01
    3600.0000000000000000   5.6381094873688475E+01   7.3910997323788652E-01
    3700.0000000000000000   5.7698741256026949E+01   7.2373391306653534E-01
    3800.0000000000000000   5.9013443696898918E+01   7.0836098162596361E-01
    3900.0000000000000000   6.0324422153563241E+01   6.9335422140125003E-01
    4000.0000000000000000   6.1629350842142493E+01   6.8000975048287637E-01
    4100.0000000000000000   6.2932027915330949E+01   6.6634766723023819E-01
    4200.0000000000000000   6.4229880809876477E+01   6.5377954039498254E-01
    4300.0000000000000000   6.5525499551966419E+01   6.4095706768302785E-01
    4400.0000000000000000   6.6814551942368425E+01   6.3003382705948041E-01
    4500.0000000000000000   6.8102344064941150E+01   6.1845182978571489E-01
    4600.0000000000000000   6.9386228503322684E+01   6.0753902054940223E-01
    4700.0000000000000000   7.0667899044450365E+01   5.9652867076914251E-01
    4800.0000000000000000   7.1943982389163537E+01   5.8688624673987699E-01
    4900.0000000000000000   7.3217419862668692E+01   5.7738011578798820E-01
    5000.0000000000000000   7.4488462576887358E+01   5.6792905259844351E-01
    5100.0000000000000000   7.5756297479389545E+01   5.5887337896092626E-01
    5200.0000000000000000   7.7020871669064405E+01   5.5023709402379628E-01
    5300.0000000000000000   7.8282796259874871E+01   5.4179123263432150E-01
    5400.0000000000000000   7.9543399063471966E+01   5.3304309347673495E-01
    5500.0000000000000000   8.0799476404149289E+01   5.2524909095818473E-01
    5600.0000000000000000   8.2051129661693494E+01   5.1834253023307153E-01
    5700.0000000000000000   8.3303753169202096E+01   5.1031833271940508E-01
    5800.0000000000000000   8.4551611361316418E+01   5.0330652192597503E-01
    5900.0000000000000000   8.5799161801759382E+01   4.9574519630134239E-01
    6000.0000000000000000   8.7039514300839485E+01   4.9008577679662585E-01
    6100.0000000000000000   8.8282553316919078E+01   4.8272781184827729E-01
    6200.0000000000000000   8.9521963481853987E+01   4.7604187052521035E-01
    6300.0000000000000000   9.0755241425273866E+01   4.7091768252160049E-01
    6400.0000000000000000   9.1989812377229583E+01   4.6459377277301794E-01
    6500.0000000000000000   9.3222067051033690E+01   4.5857011960401978E-01
    6600.0000000000000000   9.4452451957490595E+01   4.5259151686765769E-01
    6700.0000000000000000   9.5679347454149692E+01   4.4711085750310814E-01
    6800.0000000000000000   9.6905055384113425E+01   4.4160762749374299E-01
    6900.0000000000000000   9.8127379730997546E+01   4.3651029484914289E-01
    7000.0000000000000000   9.9348773305686251E+01   4.3133153135636709E-01
    7100.0000000000000000   1.0056562817507516E+02   4.2694121392016765E-01
    7200.0000000000000000   1.0178318013506022E+02   4.2193895303156764E-01
    7300.0000000000000000   1.0300113096509546E+02   4.1620473946236725E-01
    7400.0000000000000000   1.0421372872894126E+02   4.1185129731188908E-01
    7500.0000000000000000   1.0542378450786492E+02   4.0762618849900928E-01
    7600.0000000000000000   1.0663230210771174E+02   4.0347223373830199E-01
    7700.0000000000000000   1.0784236779973212E+02   3.9848955924432877E-01
    7800.0000000000000000   1.0904555418743085E+02   3.9491391306988755E-01
    7900.0000000000000000   1.1025299419017455E+02   3.8983717158267228E-01
    8000.0000000000000000   1.1145298888845701E+02   3.8654962513781493E-01
    8100.0000000000000000   1.1265570312873101E+02   3.8187571532328846E-01
    8200.0000000000000000   1.1385270362424289E+02   3.7856305666449469E-01
    8300.0000000000000000   1.1505238310928645E+02   3.7419293349972088E-01
    8400.0000000000000000   1.1624331447871089E+02   3.7179462761276239E-01
    8500.0000000000000000   1.1743998832920876E+02   3.6732319518469347E-01
    8600.0000000000000000   1.1863171096154493E+02   3.6391110848205016E-01
    8700.0000000000000000   1.1982259612341275E+02   3.6055409976918057E-01
    8800.0000000000000000   1.2101289652518398E+02   3.5692719332963130E-01
    8900.0000000000000000   1.2220176845622559E+02   3.5321529230952053E-01
    8985.9989999999997963   1.2322251010061940E+02   3.5027940158586074E-01
    8986.0010000000002037   1.2322253365593271E+02   3.5027935768694241E-01
    9000.0000000000000000   1.2338253445853508E+02   3.5133289762094133E-01
    9100.0000000000000000   1.2457002591482002E+02   3.4735417901458326E-01
    9200.0000000000000000   1.2575422630490228E+02   3.4403870034681056E-01
    9300.0000000000000000   1.2693858386312260E+02   3.4036823021723767E-01
    9400.0000000000000000   1.2811786418844818E+02   3.3766737445691181E-01
    9500.0000000000000000   1.2929306544495742E+02   3.3570136470875145E-01
    9600.0000000000000000   1.3047060949027505E+02   3.3280922824655518E-01
    9700.0000000000000000   1.3164847746921049E+02   3.2951003748324281E-01
    9800.0000000000000000   1.3282427577547904E+02   3.2643359627915564E-01
    9900.0000000000000000   1.3399799052131721E+02   3.2359538147620293E-01
   10000.0000000000000000   1.3517010283752344E+02   3.2088281011812908E-01
   11000.0000000000000000   1.4682305730308801E+02   2.9632285123647961E-01
   12000.0000000000000000   1.5835445881810642E+02   2.7628953452172039E-01
   13000.0000000000000000   1.6978939581198472E+02   2.5745713819705812E-01
   14000.0000000000000000   1.8112406926622495E+02   2.4219438500829105E-01
   15000.0000000000000000   1.9236744708547297E+02   2.2913149796403684E-01
   16000.0000000000000000   2.0353927224054380E+02   2.1690720027035371E-01
   17000.0000000000000000   2.1463531355450857E+02   2.0507191110642631E-01
   18000.0000000000000000   2.2566363703054037E+02   1.9510306985941384E-01
   19000.0000000000000000   2.3662757668620512E+02   1.8615563658158588E-01
   20000.0000000000000000   2.4751997546479970E+02   1.7967528206937064E-01
   21000.0000000000000000   2.5836845410568367E+02   1.7151331171393080E-01
   22000.0000000000000000   2.6916110116592597E+02   1.6471383913804824E-01
   23000.0000000000000000   2.7988158793853842E+02   1.5945454619379382E-01
   24000.0000000000000000   2.9059784338009860E+02   1.5231778148651345E-01
   25000.0000000000000000   3.0122900352032048E+02   1.4912888082040041E-01
   26000.0000000000000000   3.1184325588524570E+02   1.4274760139010995E-01
   27000.0000000000000000   3.2240442621255323E+02   1.3853197945547721E-01
   28000.0000000000000000   3.3292037763979715E+02   1.3381058263058571E-01
   29000.0000000000000000   3.4340069243274735E+02   1.2983018424038811E-01
   30000.0000000000000000   3.5386192623549204E+02   1.2573848694366035E-01
   31000.0000000000000000   3.6427678790293510E+02   1.2233040715174627E-01
   32000.0000000000000000   3.7463158488432930E+02   1.1947549492586468E-01
   33000.0000000000000000   3.8498199576254086E+02   1.1605464490024367E-01
   34000.0000000000000000   3.9530225136671368E+02   1.1305783510519320E-01
   35000.0000000000000000   4.0558140752784283E+02   1.1057274588214315E-01
   36000.0000000000000000   4.1583110622859084E+02   1.0799789611040020E-01
   37000.0000000000000000   4.2608148503595152E+02   1.0496469676720206E-01
   38000.0000000000000000   4.3630389253535685E+02   1.0253426222976202E-01
   39000.0000000000000000   4.4643911781963607E+02   1.0140439742250214E-01
   40000.0000000000000000   4.5660247001756403E+02   9.8636333392518913E-02
   41000.0000000000000000   4.6672912902897900E+02   9.6950446552536471E-02
   42000.0000000000000000   4.7683130198160694E+02   9.4507523887889786E-02
   43000.0000000000000000   4.8688430487826281E+02   9.3611881366508443E-02
   44000.0000000000000000   4.9698901978730669E+02   9.0499378728952168E-02
   45000.0000000000000000   5.0699495029953425E+02   8.8679501413900422E-02
   46000.0000000000000000   5.1698568738533822E+02   8.7035225302846006E-02
   47000.0000000000000000   5.2698849374102144E+02   8.6696310832378568E-02
   48000.0000000000000000   5.3699946398753764E+02   8.3516070430848688E-02
   49000.0000000000000000   5.4694198819057658E+02   8.2850206609944174E-02
   50000.0000000000000000   5.5686734028164517E+02   8.1730084429348718E-02
