       0.1000000000000000   8.3507518111474397E+01   3.4956360579557093E-04
       0.2000000000000000   7.2841220924023787E+01   6.9171073160768448E-04
       0.3000000000000000   6.8922956190748124E+01   1.0400526793370576E-03
       0.4000000000000000   6.7088398365841357E+01   1.3809751293259662E-03
       0.5000000000000000   6.5893153257013068E+01   1.7259431583481520E-03
       0.6000000000000000   6.5008592830160538E+01   2.0754631397658973E-03
       0.7000000000000000   6.4305434948423724E+01   2.4300446456391707E-03
       0.7999999999999999   6.3712967655846541E+01   2.7900328905332331E-03
       0.8999999999999999   6.3199035504103037E+01   3.1547695651758839E-03
       0.9999999999999999   6.2731886611938982E+01   3.5255964781904835E-03
       2.0000000000000000   5.9064367673831754E+01   7.5658063024465838E-03
       3.0000000000000000   5.5847371272338073E+01   1.2279931230782118E-02
       4.0000000000000000   5.2789402570165059E+01   1.7727385954195183E-02
       5.0000000000000000   4.9906809158569459E+01   2.3937683185177892E-02
       6.0000000000000000   4.7226586322523104E+01   3.0921709383983687E-02
       7.0000000000000000   4.4761721592167220E+01   3.8673704901623959E-02
       8.0000000000000000   4.2507972248066203E+01   4.7181466984929595E-02
       9.0000000000000000   4.0452537861590123E+01   5.6429814401999095E-02
      10.0000000000000000   3.8577760613613236E+01   6.6404904251001817E-02
      11.0000000000000000   3.6865262989864199E+01   7.7094806800020288E-02
      12.0000000000000000   3.5297024104298863E+01   8.8490354366592472E-02
      13.0000000000000000   3.3856539979159429E+01   1.0058621888656025E-01
      14.0000000000000000   3.2528479332176353E+01   1.1338228687502137E-01
      15.0000000000000000   3.1299407118488840E+01   1.2688271490294539E-01
      16.0000000000000000   3.0157713414417508E+01   1.4109497134581339E-01
      17.0000000000000000   2.9093089990766536E+01   1.5603164298419581E-01
      18.0000000000000000   2.8096720370529113E+01   1.7170881128702631E-01
      19.0000000000000000   2.7160902505260033E+01   1.8814656864129065E-01
      20.0000000000000000   2.6278943729032427E+01   2.0536934587269048E-01
      21.0000000000000000   2.5445010736175199E+01   2.2340571365080339E-01
      22.0000000000000000   2.4654070364158070E+01   2.4228787741859620E-01
      23.0000000000000000   2.3901709951239699E+01   2.6205234288211721E-01
      24.0000000000000000   2.3184039106545104E+01   2.8274052731021065E-01
      25.0000000000000000   2.2497657674064158E+01   3.0439826319217983E-01
      26.0000000000000000   2.1839569110567034E+01   3.2707634102220529E-01
      27.0000000000000000   2.1207126671772055E+01   3.5083080937585331E-01
      28.0000000000000000   2.0597991309749872E+01   3.7572326498542341E-01
      29.0000000000000000   2.0010080855277284E+01   4.0182139061072070E-01
      30.0000000000000000   1.9441549842780280E+01   4.2919926782253121E-01
      31.0000000000000000   1.8890749671194524E+01   4.5793799423310988E-01
      32.0000000000000000   1.8356218816506058E+01   4.8812598059143447E-01
      33.0000000000000000   1.7836648024020267E+01   5.1985979441562924E-01
      34.0000000000000000   1.7330874269000251E+01   5.5324454481017904E-01
      35.0000000000000000   1.6837863316203173E+01   5.8839451436640378E-01
      36.0000000000000000   1.6356699608378154E+01   6.2543372093181260E-01
      37.0000000000000000   1.5886577241889043E+01   6.6449643615044418E-01
      38.0000000000000000   1.5426793466405382E+01   7.0572761174646981E-01
      39.0000000000000000   1.4976743239236887E+01   7.4928316134365891E-01
      40.0000000000000000   1.4535917277149444E+01   7.9532998221398965E-01
      41.0000000000000000   1.4103899092725392E+01   8.4404570066772133E-01
      42.0000000000000000   1.3680365751812568E+01   8.9561789061137664E-01
      43.0000000000000000   1.3265088979839772E+01   9.5024269143947548E-01
      44.0000000000000000   1.2857937739267685E+01   1.0081225331503687E+00
      45.0000000000000000   1.2458880074870125E+01   1.0694629066418790E+00
      46.0000000000000000   1.2067987072692112E+01   1.1344676992581786E+00
      47.0000000000000000   1.1685435063573378E+01   1.2033330406378937E+00
      48.0000000000000000   1.1311506658913199E+01   1.2762393968774308E+00
      49.0000000000000000   1.0946589082924302E+01   1.3533418600327576E+00
      50.0000000000000000   1.0591168513023042E+01   1.4347587606150565E+00
      51.0000000000000000   1.0245818946081760E+01   1.5205590295028846E+00
      52.0000000000000000   9.9111846872129288E+00   1.6107490837673768E+00
      53.0000000000000000   9.5879554901058093E+00   1.7052604181225655E+00
      54.0000000000000000   9.2768349035792266E+00   1.8039393889946753E+00
      55.0000000000000000   8.9785031742018528E+00   1.9065408223939346E+00
      56.0000000000000000   8.6935777568188790E+00   2.0127268937822937E+00
      57.0000000000000000   8.4225753371155534E+00   2.1220720019883563E+00
      58.0000000000000000   8.1658781360720383E+00   2.2340744144681826E+00
      59.0000000000000000   7.9237107638513331E+00   2.3481728925589684E+00
      60.0000000000000000   7.6961285422029091E+00   2.4637670753047494E+00
      61.0000000000000000   7.4830166229067379E+00   2.5802400700222643E+00
      62.0000000000000000   7.2841018457660915E+00   2.6969798340184319E+00
      63.0000000000000000   7.0989723714578714E+00   2.8133984351263464E+00
      64.0000000000000000   6.9271028978404461E+00   2.9289475471807838E+00
      65.0000000000000000   6.7678821693298623E+00   3.0431296597138124E+00
      66.0000000000000000   6.6206400453140644E+00   3.1555050176326258E+00
      67.0000000000000000   6.4846722045055003E+00   3.2656947383072539E+00
      68.0000000000000000   6.3592613291270608E+00   3.3733807979795465E+00
      69.0000000000000000   6.2436942869436516E+00   3.4783036610223372E+00
      70.0000000000000000   6.1372753427940712E+00   3.5802582907236054E+00
      71.0000000000000000   6.0393357388888989E+00   3.6790891801624124E+00
      72.0000000000000000   5.9492401691382115E+00   3.7746849109050036E+00
      73.0000000000000000   5.8663907062554443E+00   3.8669726193070235E+00
      74.0000000000000000   5.7902287366211036E+00   3.9559126337324177E+00
      75.0000000000000000   5.7202353712273979E+00   4.0414934682995147E+00
      76.0000000000000000   5.6559308822820409E+00   4.1237271701189027E+00
      76.9989999999999952   5.5969297366960573E+00   4.2025680358667632E+00
      77.0000000000000000   5.5968731616342602E+00   4.2026453125118390E+00
      77.0010000000000048   5.5968165914101329E+00   4.2027225858877166E+00
      78.0000000000000000   5.5426559222298151E+00   4.2782953072365819E+00
      79.0000000000000000   5.4929064955543865E+00   4.3507372694563937E+00
      79.9989999999999952   5.4473271812734199E+00   4.4199735409193481E+00
      80.0000000000000000   5.4472835131715804E+00   4.4200413029081229E+00
      80.0010000000000048   5.4472398488815337E+00   4.4201090618362695E+00
      81.0000000000000000   5.4054745544093761E+00   4.4862851828067818E+00
      81.9989999999999952   5.3672304422165844E+00   4.5494905849930776E+00
      82.0000000000000000   5.3671938349337074E+00   4.5495523942316183E+00
      82.0010000000000048   5.3671572309158302E+00   4.5496142005808267E+00
      83.0000000000000000   5.3321799833839174E+00   4.6099304837808264E+00
      84.0000000000000000   5.3001939362045309E+00   4.6675096845040960E+00
      85.0000000000000000   5.2710169714348849E+00   4.7223817768096215E+00
      86.0000000000000000   5.2444488848005255E+00   4.7746391519905416E+00
      87.0000000000000000   5.2203063086348527E+00   4.8243740510516115E+00
      88.0000000000000000   5.1984211875138948E+00   4.8716779372695278E+00
      89.0000000000000000   5.1786393581434984E+00   4.9166410182986535E+00
      90.0000000000000000   5.1608192874244958E+00   4.9593518465202413E+00
      91.0000000000000000   5.1448309142573541E+00   4.9998970195476788E+00
      92.0000000000000000   5.1305546027712277E+00   5.0383609508961973E+00
      93.0000000000000000   5.1178801957281363E+00   5.0748257011172564E+00
      94.0000000000000000   5.1067061590016003E+00   5.1093708589796654E+00
      95.0000000000000000   5.0969388086923288E+00   5.1420734638851746E+00
      96.0000000000000000   5.0884916130552167E+00   5.1730079620857925E+00
      97.0000000000000000   5.0812845619495359E+00   5.2022461904481139E+00
      98.0000000000000000   5.0752435968821210E+00   5.2298573825346208E+00
      99.0000000000000000   5.0703000972665526E+00   5.2559081924728259E+00
     100.0000000000000000   5.0663904130366237E+00   5.2804627332577923E+00
     110.0000000000000000   5.0729687741875189E+00   5.4561195037368071E+00
     120.0000000000000000   5.1376220520616673E+00   5.5362959676318333E+00
     120.9989999999999952   5.1463079143047112E+00   5.5404321017567169E+00
     121.0010000000000048   5.1463256435972120E+00   5.5404397800876621E+00
     126.9989999999999952   5.2050237579426142E+00   5.5536266379435162E+00
     127.0010000000000048   5.2050450210102461E+00   5.5536280154092195E+00
     130.0000000000000000   5.2380442934996632E+00   5.5536965269873280E+00
     140.0000000000000000   5.3616753199308960E+00   5.5296805890889091E+00
     150.0000000000000000   5.5009724658354902E+00   5.4783500543647845E+00
     160.0000000000000000   5.6511665059521645E+00   5.4091438146137047E+00
     170.0000000000000000   5.8012133481392834E+00   5.3498347138409708E+00
     180.0000000000000000   5.9713903792334602E+00   5.2492947499933340E+00
     190.0000000000000000   6.1347022142884553E+00   5.1721079813318100E+00
     200.0000000000000000   6.3067459221616140E+00   5.0783154942518749E+00
     210.0000000000000000   6.4791380746891791E+00   4.9885658213281774E+00
     220.0000000000000000   6.6517397630657475E+00   4.9027129121771971E+00
     230.0000000000000000   6.8305439748468277E+00   4.8054657540095063E+00
     240.0000000000000000   7.0088026232944207E+00   4.7133507001009871E+00
     250.0000000000000000   7.1865066776085555E+00   4.6259747855540594E+00
     260.0000000000000000   7.3636548737993213E+00   4.5429798857719135E+00
     270.0000000000000000   7.5402512613463868E+00   4.4640403538336138E+00
     280.0000000000000000   7.7163035322353961E+00   4.3888602385973829E+00
     290.0000000000000000   7.8967016149000111E+00   4.3057918786978098E+00
     300.0000000000000000   8.0715135753778853E+00   4.2378210186433449E+00
     310.0000000000000000   8.2504065351719937E+00   4.1623451850167754E+00
     320.0000000000000000   8.4285288217054699E+00   4.0904544445772846E+00
     330.0000000000000000   8.6059078507878084E+00   4.0218882132207634E+00
     340.0000000000000000   8.7825701027027492E+00   3.9564107992441668E+00
     350.0000000000000000   8.9585410469226296E+00   3.8938085278368311E+00
     360.0000000000000000   9.1338450989823272E+00   3.8338872504148322E+00
     370.0000000000000000   9.3085055978238973E+00   3.7764702017325757E+00
     380.0000000000000000   9.4864566937929879E+00   3.7131291433914426E+00
     390.0000000000000000   9.6598009500366580E+00   3.6605023853438592E+00
     400.0000000000000000   9.8325676675096254E+00   3.6099223855192868E+00
     410.0000000000000000   1.0008456360188177E+01   3.5537000174840037E+00
     420.0000000000000000   1.0180034994912665E+01   3.5070692285517486E+00
     430.0000000000000000   1.0354640574602934E+01   3.4549729370779918E+00
     440.0000000000000000   1.0528612378588049E+01   3.4048523931943171E+00
     450.0000000000000000   1.0701968817669336E+01   3.3565932876780828E+00
     460.0000000000000000   1.0871309116219905E+01   3.3167308971795308E+00
     470.0000000000000000   1.1043530600374227E+01   3.2717262800241493E+00
     480.0000000000000000   1.1215187820306086E+01   3.2282955343669175E+00
     490.0000000000000000   1.1386296547269483E+01   3.1863540128605963E+00
     500.0000000000000000   1.1556871889036676E+01   3.1458231367155962E+00
     510.0000000000000000   1.1726928258359294E+01   3.1066299812496014E+00
     520.0000000000000000   1.1896479419068443E+01   3.0687067548105325E+00
     530.0000000000000000   1.2065538578828269E+01   3.0319902505359888E+00
     540.0000000000000000   1.2234118422545867E+01   2.9964214517424295E+00
     550.0000000000000000   1.2402231128285109E+01   2.9619452009442808E+00
     560.0000000000000000   1.2572890302368718E+01   2.9231869232818330E+00
     570.0000000000000000   1.2740063571982814E+01   2.8908489094960821E+00
     580.0000000000000000   1.2906804001172656E+01   2.8594539213394432E+00
     590.0000000000000000   1.3073121902966729E+01   2.8289597350018827E+00
     600.0000000000000000   1.3241902896503781E+01   2.7943982344537317E+00
     610.0000000000000000   1.3407365559829580E+01   2.7656807362157370E+00
     620.0000000000000000   1.3572435673818902E+01   2.7377471262158402E+00
     630.0000000000000000   1.3739913272718045E+01   2.7058947605854864E+00
     640.0000000000000000   1.3904183047761105E+01   2.6795190918273071E+00
     650.0000000000000000   1.4070835671837241E+01   2.6493122980482875E+00
     660.0000000000000000   1.4234340249184699E+01   2.6243644638768253E+00
     670.0000000000000000   1.4400198230853704E+01   2.5956763548821287E+00
     680.0000000000000000   1.4562970856364130E+01   2.5720396536614216E+00
     690.0000000000000000   1.4728064260431985E+01   2.5447540379942186E+00
     700.0000000000000000   1.4890134829749188E+01   2.5223259554401767E+00
     710.0000000000000000   1.5054493196651096E+01   2.4963364434575128E+00
     720.0000000000000000   1.5215888867151085E+01   2.4750262743014391E+00
     730.0000000000000000   1.5379540429399364E+01   2.4502363392613145E+00
     740.0000000000000000   1.5542840475291703E+01   2.4260475396389118E+00
     750.0000000000000000   1.5703257461187391E+01   2.4062857080558975E+00
     760.0000000000000000   1.5865887585522554E+01   2.3831707478115174E+00
     770.0000000000000000   1.6028189531000791E+01   2.3605873197308576E+00
     780.0000000000000000   1.6187677952846819E+01   2.3422153393345950E+00
     790.0000000000000000   1.6349341635258661E+01   2.3206005994349739E+00
     800.0000000000000000   1.6510694876770113E+01   2.2994625124925303E+00
     810.0000000000000000   1.6669305414248853E+01   2.2823365162131766E+00
     820.0000000000000000   1.6830051066709174E+01   2.2620736837734485E+00
     830.0000000000000000   1.6990499543415517E+01   2.2422441298542264E+00
     840.0000000000000000   1.7150658057339687E+01   2.2228300113235933E+00
     850.0000000000000000   1.7310528550439862E+01   2.2038215112826927E+00
     860.0000000000000000   1.7467739838243013E+01   2.1885520363428923E+00
     870.0000000000000000   1.7627046810099522E+01   2.1702897500461988E+00
     880.0000000000000000   1.7786080580743633E+01   2.1523938665760673E+00
     890.0000000000000000   1.7944844126091052E+01   2.1348545488704036E+00
     900.0000000000000000   1.8103339711910468E+01   2.1176632198141152E+00
     910.0000000000000000   1.8261569806491881E+01   2.1008112601385767E+00
     920.0000000000000000   1.8419537287906227E+01   2.0842897353410512E+00
     930.0000000000000000   1.8577245746542868E+01   2.0680890145765698E+00
     937.9990000000000236   1.8702761583721170E+01   2.0559573720592708E+00
     938.0009999999999764   1.8702793513148432E+01   2.0559536045879780E+00
     940.0000000000000000   1.8734699369845078E+01   2.0521989424306946E+00
     950.0000000000000000   1.8889646317145374E+01   2.0396115710130096E+00
     957.9990000000000236   1.9017027417374422E+01   2.0249350638140835E+00
     958.0009999999999764   1.9017059238976447E+01   2.0249314334718940E+00
     960.0000000000000000   1.9046618132978477E+01   2.0242734652790872E+00
     970.0000000000000000   1.9203347305302358E+01   2.0092185248668577E+00
     980.0000000000000000   1.9359836872074638E+01   1.9944390971016697E+00
     990.0000000000000000   1.9516089901565675E+01   1.9799276836889452E+00
    1000.0000000000000000   1.9672109465114417E+01   1.9656769713282529E+00
    1100.0000000000000000   2.1222191933783002E+01   1.8335097806105967E+00
    1102.9990000000000236   2.1266843436664601E+01   1.8317192996631366E+00
    1103.0009999999999764   2.1266874593602285E+01   1.8317164169406155E+00
    1200.0000000000000000   2.2751786867548834E+01   1.7213538171231313E+00
    1300.0000000000000000   2.4265071578508056E+01   1.6227340183439469E+00
    1400.0000000000000000   2.5761764448198818E+01   1.5370060955199039E+00
    1500.0000000000000000   2.7247138813329126E+01   1.4579636591884000E+00
    1563.9990000000000236   2.8188216146675853E+01   1.4143731013743883E+00
    1564.0009999999999764   2.8188245761820184E+01   1.4143715028572856E+00
    1600.0000000000000000   2.8716735202881114E+01   1.3897933607739372E+00
    1700.0000000000000000   3.0175360720934748E+01   1.3273472500589130E+00
    1800.0000000000000000   3.1622109994725708E+01   1.2713220259925397E+00
    1900.0000000000000000   3.3059458024121980E+01   1.2193430509721443E+00
    2000.0000000000000000   3.4486601859298553E+01   1.1720773516529854E+00
    2100.0000000000000000   3.5904037028484389E+01   1.1290110646873688E+00
    2200.0000000000000000   3.7312306653677993E+01   1.0896355845996353E+00
    2300.0000000000000000   3.8713712149066716E+01   1.0521444501167552E+00
    2400.0000000000000000   4.0105428977735784E+01   1.0187215895758532E+00
    2500.0000000000000000   4.1490870585674386E+01   9.8677786271388179E-01
    2600.0000000000000000   4.2869101784147055E+01   9.5705510551539963E-01
    2700.0000000000000000   4.4240464666078566E+01   9.2932212388254298E-01
    2800.0000000000000000   4.5606663487618825E+01   9.0245940291109206E-01
    2900.0000000000000000   4.6964970216809675E+01   8.7833306038751557E-01
    3000.0000000000000000   4.8318726570361385E+01   8.5473422861275694E-01
    3100.0000000000000000   4.9666314850221632E+01   8.3275636163643985E-01
    3200.0000000000000000   5.1007437507202098E+01   8.1264714464862886E-01
    3300.0000000000000000   5.2344234020189461E+01   7.9301837153323462E-01
    3400.0000000000000000   5.3675864234960287E+01   7.7447990365576858E-01
    3500.0000000000000000   5.5002782455870836E+01   7.5680227930793342E-01
    3600.0000000000000000   5.6326523848630970E+01   7.3912606778968926E-01
    3700.0000000000000000   5.7642989783611696E+01   7.2374962031954793E-01
    3800.0000000000000000   5.8956514036525874E+01   7.0837632072561363E-01
    3900.0000000000000000   6.0266318185660481E+01   6.9336921008296581E-01
    4000.0000000000000000   6.1570081022267466E+01   6.8002440520844054E-01
    4100.0000000000000000   6.2871593484538913E+01   6.6636200330795881E-01
    4200.0000000000000000   6.4168288043344361E+01   6.5379357208594491E-01
    4300.0000000000000000   6.5462749842117816E+01   6.4097080829532171E-01
    4400.0000000000000000   6.6750655054220701E+01   6.3004728903200635E-01
    4500.0000000000000000   6.8037299685083113E+01   6.1846502476292797E-01
    4600.0000000000000000   6.9320041454115810E+01   6.0755195944814755E-01
    4700.0000000000000000   7.0600570986012485E+01   5.9654136383857070E-01
    4800.0000000000000000   7.1875521470013368E+01   5.8689870361528262E-01
    4900.0000000000000000   7.3147828687546593E+01   5.7739234553930174E-01
    5000.0000000000000000   7.4417743335333881E+01   5.6794106377400178E-01
    5100.0000000000000000   7.5684453961883207E+01   5.5888517962706441E-01
    5200.0000000000000000   7.6947907817625335E+01   5.5024869180073444E-01
    5300.0000000000000000   7.8208714908753663E+01   5.4180263472875345E-01
    5400.0000000000000000   7.9468200586919451E+01   5.3305430671148002E-01
    5500.0000000000000000   8.0723167279181695E+01   5.2526012179921400E-01
    5600.0000000000000000   8.1973716208009151E+01   5.1835338481418347E-01
    5700.0000000000000000   8.3225231574845012E+01   5.1032901686479515E-01
    5800.0000000000000000   8.4471988671370326E+01   5.0331704117090803E-01
    5900.0000000000000000   8.5718436704781453E+01   4.9575555591112042E-01
    6000.0000000000000000   8.6957698481457342E+01   4.9009598178401553E-01
    6100.0000000000000000   8.8199639914249460E+01   4.8273786698954635E-01
    6200.0000000000000000   8.9437957541192986E+01   4.7605178037490387E-01
    6300.0000000000000000   9.0670152710998323E+01   4.7092745142617476E-01
    6400.0000000000000000   9.1903636762483998E+01   4.6460340488343743E-01
    6500.0000000000000000   9.3134807210023297E+01   4.5857961888740933E-01
    6600.0000000000000000   9.4364109758867869E+01   4.5260088711809493E-01
    6700.0000000000000000   9.5589927822564491E+01   4.4712010235163113E-01
    6800.0000000000000000   9.6814558968904961E+01   4.4161675041764120E-01
    6900.0000000000000000   9.8035811308753821E+01   4.3651929918059179E-01
    7000.0000000000000000   9.9256133101187132E+01   4.3134042029046210E-01
    7100.0000000000000000   1.0047192316321458E+02   4.2694999052240640E-01
    7200.0000000000000000   1.0168840755899028E+02   4.2194762024482629E-01
    7300.0000000000000000   1.0290528865659562E+02   4.1621330011341112E-01
    7400.0000000000000000   1.0411682524325980E+02   4.1185975411745401E-01
    7500.0000000000000000   1.0532582318724593E+02   4.0763454407148875E-01
    7600.0000000000000000   1.0653328444984562E+02   4.0348049059106855E-01
    7700.0000000000000000   1.0774228959875451E+02   3.9849771979671994E-01
    7800.0000000000000000   1.0894442689341463E+02   3.9492197965187903E-01
    7900.0000000000000000   1.1015080862790656E+02   3.8984514643926360E-01
    8000.0000000000000000   1.1134975758444665E+02   3.8655751043314746E-01
    8100.0000000000000000   1.1255141979826790E+02   3.8188351314451596E-01
    8200.0000000000000000   1.1374737761166992E+02   3.7857076902542358E-01
    8300.0000000000000000   1.1494600825075172E+02   3.7420056234423710E-01
    8400.0000000000000000   1.1613590574940459E+02   3.7180217481805877E-01
    8500.0000000000000000   1.1733153394649919E+02   3.6733066256431268E-01
    8600.0000000000000000   1.1852221891259961E+02   3.6391849778875462E-01
    8700.0000000000000000   1.1971206681448859E+02   3.6056141269766195E-01
    8800.0000000000000000   1.2090132991412204E+02   3.5693443151906978E-01
    8900.0000000000000000   1.2208916607255397E+02   3.5322245734600377E-01
    8985.9989999999997963   1.2310901918019572E+02   3.5028650494127056E-01
    8986.0010000000002037   1.2310904271517303E+02   3.5028646104093075E-01
    9000.0000000000000000   1.2326891013968229E+02   3.5133999103975266E-01
    9100.0000000000000000   1.2445536620249175E+02   3.4736120230236700E-01
    9200.0000000000000000   1.2563853619933737E+02   3.4404565494362266E-01
    9300.0000000000000000   1.2682186203418556E+02   3.4037511751848898E-01
    9400.0000000000000000   1.2800011894021918E+02   3.3767419581521058E-01
    9500.0000000000000000   1.2917430325088330E+02   3.3570812143565099E-01
    9600.0000000000000000   1.3035082504238997E+02   3.3281592161421275E-01
    9700.0000000000000000   1.3152766918531751E+02   3.2951666872599572E-01
    9800.0000000000000000   1.3270244647846144E+02   3.2644016659501768E-01
    9900.0000000000000000   1.3387514306906607E+02   3.2360189202828898E-01
   10000.0000000000000000   1.3504623921580261E+02   3.2088926203600820E-01
   11000.0000000000000000   1.4668910691244642E+02   2.9632877240636168E-01
   12000.0000000000000000   1.5821055997796546E+02   2.7629500894831083E-01
   13000.0000000000000000   1.6963564913336000E+02   2.5746223115828237E-01
   14000.0000000000000000   1.8096058882492230E+02   2.4219914826954272E-01
   15000.0000000000000000   1.9219433615524801E+02   2.2913597328951021E-01
   16000.0000000000000000   2.0335660322098042E+02   2.1691142185939161E-01
   17000.0000000000000000   2.1444317050088162E+02   2.0507590732791320E-01
   18000.0000000000000000   2.2546209301200491E+02   1.9510686451424641E-01
   19000.0000000000000000   2.3641670185618409E+02   1.8615924983972240E-01
   20000.0000000000000000   2.4729985535477925E+02   1.7967873117742400E-01
   21000.0000000000000000   2.5813912747814641E+02   1.7151661153774672E-01
   22000.0000000000000000   2.6892263011770837E+02   1.6471700258450320E-01
   23000.0000000000000000   2.7963406530604033E+02   1.5945758454278197E-01
   24000.0000000000000000   2.9034124361565767E+02   1.5232070465519057E-01
   25000.0000000000000000   3.0096344551205021E+02   1.4913169757566425E-01
   26000.0000000000000000   3.1156873961646949E+02   1.4275031952105821E-01
   27000.0000000000000000   3.2212101673112170E+02   1.3853460591458380E-01
   28000.0000000000000000   3.3262812729143604E+02   1.3381312365018408E-01
   29000.0000000000000000   3.4309963782048862E+02   1.2983264542948253E-01
   30000.0000000000000000   3.5355207600567655E+02   1.2574087336893230E-01
   31000.0000000000000000   3.6395819945750878E+02   1.2233272340576253E-01
   32000.0000000000000000   3.7430434032855140E+02   1.1947774518484555E-01
   33000.0000000000000000   3.8464608072717715E+02   1.1605683297325714E-01
   34000.0000000000000000   3.9495769729735679E+02   1.1305996447626211E-01
   35000.0000000000000000   4.0522826562600784E+02   1.1057481974645959E-01
   36000.0000000000000000   4.1546940804901385E+02   1.0799991740561243E-01
   37000.0000000000000000   4.2571121039237522E+02   1.0496666820055929E-01
   38000.0000000000000000   4.3592507168791792E+02   1.0253618630176019E-01
   39000.0000000000000000   4.4605188424613834E+02   1.0140627644755948E-01
   40000.0000000000000000   4.5620675764749018E+02   9.8638169517119428E-02
   41000.0000000000000000   4.6632498472888716E+02   9.6952241771205566E-02
   42000.0000000000000000   4.7641875191064861E+02   9.4509280057306466E-02
   43000.0000000000000000   4.8646341828720807E+02   9.3613600218009685E-02
   44000.0000000000000000   4.9655969202500711E+02   9.0501061879644878E-02
   45000.0000000000000000   5.0655733709483167E+02   8.8681150376563725E-02
   46000.0000000000000000   5.1653980040163879E+02   8.7036841494778652E-02
   47000.0000000000000000   5.2653429805159578E+02   8.6697895583324275E-02
   48000.0000000000000000   5.3653693184675274E+02   8.3517624990112269E-02
   49000.0000000000000000   5.4647122409667475E+02   8.2851732152796190E-02
   50000.0000000000000000   5.5638836070201296E+02   8.1731582062802469E-02
