       0.1000000000000000   1.0000000000000000E+30   0.0000000000000000E+00
       0.2000000000000000   1.0000000000000000E+30   0.0000000000000000E+00
       0.3000000000000000   1.0000000000000000E+30   0.0000000000000000E+00
       0.4000000000000000   1.0000000000000000E+30   0.0000000000000000E+00
       0.5000000000000000   1.0000000000000000E+30   0.0000000000000000E+00
       0.6000000000000000   1.0000000000000000E+30   0.0000000000000000E+00
       0.7000000000000000   1.0000000000000000E+30   0.0000000000000000E+00
       0.7999999999999999   1.0000000000000000E+30   0.0000000000000000E+00
       0.8999999999999999   1.0000000000000000E+30   0.0000000000000000E+00
       0.9999999999999999   1.0000000000000000E+30   0.0000000000000000E+00
       2.0000000000000000   1.0000000000000000E+30   0.0000000000000000E+00
       3.0000000000000000   1.0000000000000000E+30   0.0000000000000000E+00
       4.0000000000000000   1.0000000000000000E+30   0.0000000000000000E+00
       5.0000000000000000   1.0000000000000000E+30   0.0000000000000000E+00
       6.0000000000000000   1.0000000000000000E+30   0.0000000000000000E+00
       7.0000000000000000   1.0000000000000000E+30   0.0000000000000000E+00
       8.0000000000000000   1.0000000000000000E+30   0.0000000000000000E+00
       9.0000000000000000   1.0000000000000000E+30   0.0000000000000000E+00
      10.0000000000000000   1.0000000000000000E+30   0.0000000000000000E+00
      11.0000000000000000   1.0000000000000000E+30   0.0000000000000000E+00
      12.0000000000000000   1.0000000000000000E+30   0.0000000000000000E+00
      13.0000000000000000   1.0000000000000000E+30   0.0000000000000000E+00
      14.0000000000000000   1.0000000000000000E+30   0.0000000000000000E+00
      15.0000000000000000   1.0000000000000000E+30   0.0000000000000000E+00
      16.0000000000000000   1.0000000000000000E+30   0.0000000000000000E+00
      17.0000000000000000   1.0000000000000000E+30   0.0000000000000000E+00
      18.0000000000000000   1.0000000000000000E+30   0.0000000000000000E+00
      19.0000000000000000   1.0000000000000000E+30   0.0000000000000000E+00
      20.0000000000000000   1.0000000000000000E+30   0.0000000000000000E+00
      21.0000000000000000   1.0000000000000000E+30   0.0000000000000000E+00
      22.0000000000000000   1.0000000000000000E+30   0.0000000000000000E+00
      23.0000000000000000   1.0000000000000000E+30   0.0000000000000000E+00
      24.0000000000000000   1.0000000000000000E+30   0.0000000000000000E+00
      25.0000000000000000   1.0000000000000000E+30   0.0000000000000000E+00
      26.0000000000000000   1.0000000000000000E+30   0.0000000000000000E+00
      27.0000000000000000   1.0000000000000000E+30   0.0000000000000000E+00
      27.9989999999999988   1.0000000000000000E+30   0.0000000000000000E+00
      28.0000000000000000   2.7321994714374411E+08   1.0248153655219354E-07
      28.0010000000000012   2.7325403689478469E+08   1.0246875148922789E-07
      28.9989999999999988   1.4253231178187960E+04   1.9807579870608164E-03
      29.0000000000000000   1.4232745575654957E+04   1.9836228060730134E-03
      29.0010000000000012   1.4210684351385200E+04   1.9867187514599209E-03
      30.0000000000000000   5.0623750756306672E+03   5.6222056841656086E-03
      31.0000000000000000   2.7713313592280233E+03   1.0352041463026641E-02
      32.0000000000000000   1.8113595016528227E+03   1.5962924264820662E-02
      33.0000000000000000   1.3052506471344352E+03   2.2324502206641499E-02
      34.0000000000000000   1.0005948169620117E+03   2.9345293729431857E-02
      35.0000000000000000   8.0062582591475189E+02   3.6953202516837431E-02
      36.0000000000000000   6.6108764672843517E+02   4.5089668555928414E-02
      37.0000000000000000   5.5910462649803253E+02   5.3711762762309739E-02
      38.0000000000000000   4.8191864511460977E+02   6.2775358620375699E-02
      39.0000000000000000   4.2181561697255398E+02   7.2246451681441587E-02
      40.0000000000000000   3.7390408868919644E+02   8.2098035082289522E-02
      41.0000000000000000   3.3497675159288588E+02   9.2302007386130439E-02
      42.0000000000000000   3.0282455726957346E+02   1.0283657749711869E-01
      43.0000000000000000   2.7589577432365354E+02   1.1368087030896097E-01
      44.0000000000000000   2.5306668492551742E+02   1.2481667761026832E-01
      45.0000000000000000   2.3350758341156242E+02   1.3622729122680541E-01
      46.0000000000000000   2.1658970080963161E+02   1.4789975072287764E-01
      47.0000000000000000   2.0183686691105848E+02   1.5981880407914389E-01
      48.0000000000000000   1.8887692225009283E+02   1.7197117306512968E-01
      49.0000000000000000   1.7741496028467390E+02   1.8434595207768600E-01
      50.0000000000000000   1.6721756461034639E+02   1.9693125973829698E-01
      51.0000000000000000   1.5809590444024224E+02   2.0971613882222762E-01
      52.0000000000000000   1.4989554332408255E+02   2.2269110902679939E-01
      53.0000000000000000   1.4249098629045159E+02   2.3584474919315629E-01
      54.0000000000000000   1.3577678230776789E+02   2.4916842488918425E-01
      55.0000000000000000   1.2966568787809177E+02   2.6265200947713180E-01
      56.0000000000000000   1.2408498229163918E+02   2.7628424398287937E-01
      57.0000000000000000   1.1897179505209341E+02   2.9005640441314201E-01
      58.0000000000000000   1.1427285667837243E+02   3.0395979202366158E-01
      59.0000000000000000   1.0994342908073426E+02   3.1798277095197791E-01
      60.0000000000000000   1.0594415077483585E+02   3.3211624262282258E-01
      61.0000000000000000   1.0224131502822205E+02   3.4634981598187703E-01
      62.0000000000000000   9.8805511652494744E+01   3.6067338318281938E-01
      63.0000000000000000   9.5611230395455706E+01   3.7507598997948816E-01
      64.0000000000000000   9.2635696753781957E+01   3.8954839432081456E-01
      65.0000000000000000   8.9859388465755742E+01   4.0407866894517291E-01
      66.0000000000000000   8.7264702212206402E+01   4.1865666659494399E-01
      67.0000000000000000   8.4836084817537198E+01   4.3327169234174234E-01
      68.0000000000000000   8.2559763500872350E+01   4.4791273779402019E-01
      69.0000000000000000   8.0423462174626877E+01   4.6256850388245285E-01
      70.0000000000000000   7.8416094115476128E+01   4.7722840158032720E-01
      71.0000000000000000   7.6527742964976312E+01   4.9188146418598305E-01
      72.0000000000000000   7.4749406993959369E+01   5.0651736517528123E-01
      73.0000000000000000   7.3073119810800961E+01   5.2112456843816812E-01
      74.0000000000000000   7.1491549742586557E+01   5.3569261752863528E-01
      75.0000000000000000   6.9997958342124079E+01   5.5021181268048680E-01
      76.0000000000000000   6.8586370015684977E+01   5.6467148805219558E-01
      77.0000000000000000   6.7251259405300530E+01   5.7906157629331978E-01
      78.0000000000000000   6.5987583782278193E+01   5.9337250973867928E-01
      79.0000000000000000   6.4790710382324562E+01   6.0759495294554799E-01
      80.0000000000000000   6.3656375418848384E+01   6.2171995823428172E-01
      81.0000000000000000   6.2580682040802074E+01   6.3573885907365246E-01
      82.0000000000000000   6.1560063898990229E+01   6.4964286548233408E-01
      83.0000000000000000   6.0591155954149954E+01   6.6342451968049565E-01
      84.0000000000000000   5.9670889627243241E+01   6.7707627747072452E-01
      85.0000000000000000   5.8796413461078608E+01   6.9059105371972351E-01
      86.0000000000000000   5.7965088534943909E+01   7.0396218303571412E-01
      87.0000000000000000   5.7174451925233960E+01   7.1718357672008648E-01
      88.0000000000000000   5.6422264386904637E+01   7.3024889407015969E-01
      89.0000000000000000   5.5706334849629847E+01   7.4315362536871254E-01
      90.0000000000000000   5.5024713356663376E+01   7.5589242968627846E-01
      91.0000000000000000   5.4375536565311101E+01   7.6846106758008192E-01
      92.0000000000000000   5.3757089511394376E+01   7.8085528304258345E-01
      92.9989999999999952   5.3168320055320081E+01   7.9305945490018359E-01
      93.0000000000000000   5.3167743422849618E+01   7.9307159992787213E-01
      93.0010000000000048   5.3167168324416664E+01   7.9308372292468166E-01
      94.0000000000000000   5.2605980409383086E+01   8.0510690304939814E-01
      95.0000000000000000   5.2070394585062679E+01   8.1695813499393688E-01
      96.0000000000000000   5.1559633178066548E+01   8.2862322655289522E-01
      97.0000000000000000   5.1072447245407638E+01   8.4010011306838395E-01
      98.0000000000000000   5.0607699082924988E+01   8.5138640250111153E-01
      99.0000000000000000   5.0164230914727391E+01   8.6248177767500422E-01
     100.0000000000000000   4.9741047430086773E+01   8.7338427759693205E-01
     101.9989999999999952   4.8951981903734513E+01   8.9459918191777277E-01
     102.0010000000000048   4.8951228817493728E+01   8.9462001551776804E-01
     110.0000000000000000   4.6433810825429177E+01   9.7179452861956239E-01
     120.0000000000000000   4.4358795699614944E+01   1.0515916554591320E+00
     130.0000000000000000   4.3086727668419663E+01   1.1147188452348065E+00
     140.0000000000000000   4.2358146877184140E+01   1.1636091126748909E+00
     140.9989999999999952   4.2308357760047549E+01   1.1678051861748830E+00
     141.0010000000000048   4.2308261513619129E+01   1.1678134773702855E+00
     150.0000000000000000   4.2009785823705009E+01   1.2006613600594855E+00
     160.0000000000000000   4.1935152128503724E+01   1.2280167816225480E+00
     170.0000000000000000   4.2062521468625789E+01   1.2474945994576327E+00
     180.0000000000000000   4.2342184873467716E+01   1.2606008066744643E+00
     190.0000000000000000   4.2738804738847783E+01   1.2685652614289051E+00
     200.0000000000000000   4.3226688591272271E+01   1.2723854566202772E+00
     210.0000000000000000   4.3786777205417373E+01   1.2728683111488126E+00
     220.0000000000000000   4.4404682070662751E+01   1.2706661633517895E+00
     230.0000000000000000   4.5069364938395708E+01   1.2663070380570558E+00
     240.0000000000000000   4.5772236557464645E+01   1.2602191552399433E+00
     250.0000000000000000   4.6506530295197393E+01   1.2527504386633628E+00
     260.0000000000000000   4.7266851605957221E+01   1.2441843635010832E+00
     270.0000000000000000   4.8048857322832525E+01   1.2347523792262383E+00
     280.0000000000000000   4.8849016596936764E+01   1.2246439131360594E+00
     290.0000000000000000   4.9664435865712157E+01   1.2140142737219086E+00
     300.0000000000000000   5.0492724081094742E+01   1.2029910708780538E+00
     310.0000000000000000   5.1331892787552874E+01   1.1916792423086695E+00
     320.0000000000000000   5.2180277028453823E+01   1.1801652060835637E+00
     330.0000000000000000   5.3036474410294694E+01   1.1685201665748117E+00
     340.0000000000000000   5.3899298265986197E+01   1.1568027369718004E+00
     350.0000000000000000   5.4767738437919675E+01   1.1450612060221625E+00
     360.0000000000000000   5.5640931651148769E+01   1.1333352689434717E+00
     370.0000000000000000   5.6518136933892123E+01   1.1216574987623456E+00
     380.0000000000000000   5.7398715845248702E+01   1.1100545380046927E+00
     390.0000000000000000   5.8282116675073603E+01   1.0985480806277990E+00
     400.0000000000000000   5.9167860673988706E+01   1.0871557036849473E+00
     410.0000000000000000   6.0055531539507442E+01   1.0758915218334124E+00
     420.0000000000000000   6.0944766114828205E+01   1.0647667675527317E+00
     430.0000000000000000   6.1801500563580177E+01   1.0558868305122111E+00
     440.0000000000000000   6.2703657820260638E+01   1.0448007043289844E+00
     450.0000000000000000   6.3603490014997973E+01   1.0340530899118017E+00
     460.0000000000000000   6.4501050949665739E+01   1.0236278671008068E+00
     470.0000000000000000   6.5396395125216742E+01   1.0135098801633124E+00
     480.0000000000000000   6.6289577083665762E+01   1.0036848992508469E+00
     488.9989999999999668   6.7080707267716761E+01   9.9570412646644169E-01
     489.0009999999999195   6.7080906982606479E+01   9.9570099514901922E-01
     490.0000000000000000   6.7180650705696451E+01   9.9413956318584040E-01
     496.9990000000000805   6.7771124482213224E+01   9.8944503277416573E-01
     497.0010000000000332   6.7771323524633132E+01   9.8944196270949558E-01
     500.0000000000000000   6.8069669598678459E+01   9.8486129211006190E-01
     510.0000000000000000   6.8956685889655304E+01   9.7583827310211801E-01
     520.0000000000000000   6.9841751023230216E+01   9.6705937090906924E-01
     530.0000000000000000   7.0724915096406690E+01   9.5851409951677158E-01
     540.0000000000000000   7.1606226920135271E+01   9.5019257547364133E-01
     550.0000000000000000   7.2534901656542402E+01   9.3937821116135389E-01
     560.0000000000000000   7.3411807063297758E+01   9.3153416202862138E-01
     570.0000000000000000   7.4287012392280118E+01   9.2388535414141337E-01
     580.0000000000000000   7.5207896673945029E+01   9.1387605063588906E-01
     590.0000000000000000   7.6079014079076302E+01   9.0664661511337197E-01
     600.0000000000000000   7.6948570073322941E+01   8.9958856823953037E-01
     610.0000000000000000   7.7862156497048559E+01   8.9029112571394431E-01
     620.0000000000000000   7.8727916230995746E+01   8.8360351105435553E-01
     630.0000000000000000   7.9636835121420390E+01   8.7474909260910672E-01
     640.0000000000000000   8.0498983135318369E+01   8.6840255392626686E-01
     650.0000000000000000   8.1403424030940926E+01   8.5995797630436066E-01
     660.0000000000000000   8.2262133757742191E+01   8.5392620344704973E-01
     670.0000000000000000   8.3162276219373396E+01   8.4586158437357706E-01
     680.0000000000000000   8.4017710159640856E+01   8.4012094426675599E-01
     690.0000000000000000   8.4913724130309276E+01   8.3240930658854839E-01
     700.0000000000000000   8.5766034760146098E+01   8.2693849841866884E-01
     710.0000000000000000   8.6658081121753128E+01   8.1955541514034536E-01
     718.9990000000000236   8.7455007407755545E+01   8.1325753384607868E-01
     719.0009999999999764   8.7455193444157814E+01   8.1325570480599685E-01
     720.0000000000000000   8.7548109251227629E+01   8.1234321101681906E-01
     730.0000000000000000   8.8395641728026504E+01   8.0725852170184986E-01
     740.0000000000000000   8.9281926780611357E+01   8.0034156659659006E-01
     750.0000000000000000   9.0166300027176447E+01   7.9357878185523978E-01
     760.0000000000000000   9.1048794551294847E+01   7.8696485984465947E-01
     760.9990000000000236   9.1101357344325038E+01   7.8799786623966173E-01
     761.0009999999999764   9.1101541496164259E+01   7.8799618187418685E-01
     770.0000000000000000   9.1890202191443208E+01   7.8234376705174558E-01
     780.0000000000000000   9.2769225886961408E+01   7.7598699294497786E-01
     790.0000000000000000   9.3646466921478535E+01   7.6976520278076876E-01
     800.0000000000000000   9.4521955195627910E+01   7.6367396456046799E-01
     810.0000000000000000   9.5357741415334417E+01   7.5945563986704023E-01
     820.0000000000000000   9.6230003572813345E+01   7.5358983542039093E-01
     830.0000000000000000   9.7100599710929927E+01   7.4784295668705936E-01
     840.0000000000000000   9.7969556963711582E+01   7.4221126851460095E-01
     850.0000000000000000   9.8836901801251159E+01   7.3669119383639625E-01
     860.0000000000000000   9.9702660076446463E+01   7.3127930475840996E-01
     870.0000000000000000   1.0053051148442475E+02   7.2758477270493660E-01
     880.0000000000000000   1.0139336638933426E+02   7.2235948671754369E-01
     887.9990000000000236   1.0207532628171043E+02   7.1856644132244052E-01
     888.0009999999999764   1.0207550560413050E+02   7.1856510625529635E-01
     890.0000000000000000   1.0225470945905734E+02   7.1723336593448872E-01
     900.0000000000000000   1.0311456407081529E+02   7.1220349415617767E-01
     910.0000000000000000   1.0397295327574400E+02   7.0726706268716921E-01
     920.0000000000000000   1.0482989936544023E+02   7.0242138132245635E-01
     930.0000000000000000   1.0568542432443481E+02   6.9766385704952794E-01
     940.0000000000000000   1.0653954952512343E+02   6.9299199954502866E-01
     950.0000000000000000   1.0739229589935583E+02   6.8840341249836301E-01
     960.0000000000000000   1.0824368385734478E+02   6.8389579110481824E-01
     970.0000000000000000   1.0909373346362339E+02   6.7946691257889358E-01
     980.0000000000000000   1.0994246420659448E+02   6.7511464047805836E-01
     990.0000000000000000   1.1078989521265042E+02   6.7083691473715357E-01
    1000.0000000000000000   1.1163604518118166E+02   6.6663174915418033E-01
    1100.0000000000000000   1.2003091989487028E+02   6.2818120813220368E-01
    1200.0000000000000000   1.2837556215736683E+02   5.9298768082228048E-01
    1300.0000000000000000   1.3661685392697791E+02   5.6254366621263663E-01
    1400.0000000000000000   1.4479378537327321E+02   5.3496250120106381E-01
    1500.0000000000000000   1.5288531514626925E+02   5.1064037708714693E-01
    1600.0000000000000000   1.6092558860754184E+02   4.8818600124438943E-01
    1700.0000000000000000   1.6889322584156128E+02   4.6809510180193564E-01
    1800.0000000000000000   1.7679400714504962E+02   4.5000261447471224E-01
    1900.0000000000000000   1.8465735913731768E+02   4.3292616622313557E-01
    2000.0000000000000000   1.9246207144832948E+02   4.1739176820130708E-01
    2100.0000000000000000   2.0021203025722554E+02   4.0319455508632768E-01
    2200.0000000000000000   2.0791071867333045E+02   3.9016460551125270E-01
    2300.0000000000000000   2.1558376599782301E+02   3.7759543701014930E-01
    2400.0000000000000000   2.2318844552456096E+02   3.6652077796931953E-01
    2500.0000000000000000   2.3077195652427986E+02   3.5573096424456369E-01
    2600.0000000000000000   2.3831406809771721E+02   3.4569902833398658E-01
    2700.0000000000000000   2.4583787789221699E+02   3.3587081048461387E-01
    2800.0000000000000000   2.5330296125415398E+02   3.2714520386417462E-01
    2900.0000000000000000   2.6075296320330369E+02   3.1852667806191531E-01
    3000.0000000000000000   2.6814798873930312E+02   3.1086570140228970E-01
    3100.0000000000000000   2.7553051608178907E+02   3.0324268957951955E-01
    3200.0000000000000000   2.8288141636113943E+02   2.9605711741679935E-01
    3300.0000000000000000   2.9020187126618481E+02   2.8927325813298321E-01
    3400.0000000000000000   2.9749306729422096E+02   2.8285770496168422E-01
    3500.0000000000000000   3.0475612148892191E+02   2.7678053937207919E-01
    3600.0000000000000000   3.1199205998783725E+02   2.7101539151867193E-01
    3700.0000000000000000   3.1920183990274296E+02   2.6553869460362367E-01
    3800.0000000000000000   3.2640524377640071E+02   2.5998941150826549E-01
    3900.0000000000000000   3.3356539288211599E+02   2.5503190428177291E-01
    3932.9989999999997963   3.3592271663383468E+02   2.5345146775342930E-01
    3933.0010000000002037   3.3592286056879652E+02   2.5345135265476221E-01
    4000.0000000000000000   3.4072002185835868E+02   2.4999072052831645E-01
    4100.0000000000000000   3.4783389539323042E+02   2.4547852716815075E-01
    4159.9989999999997963   3.5210547480241547E+02   2.4263162327453450E-01
    4160.0010000000002037   3.5210561763119654E+02   2.4263152000949961E-01
    4200.0000000000000000   3.5494310604145039E+02   2.4087257933075182E-01
    4300.0000000000000000   3.6201326830877468E+02   2.3675207971706766E-01
    4400.0000000000000000   3.6908020206841940E+02   2.3251899558405048E-01
    4468.9989999999997963   3.7393326218064499E+02   2.2987965029105514E-01
    4469.0010000000002037   3.7393340375369206E+02   2.2987955806403515E-01
    4500.0000000000000000   3.7612621115987508E+02   2.2846857437762891E-01
    4600.0000000000000000   3.8315265467739351E+02   2.2457738789658827E-01
    4700.0000000000000000   3.9014291338920367E+02   2.2110201383388503E-01
    4800.0000000000000000   3.9713153634786011E+02   2.1750127113930837E-01
    4900.0000000000000000   4.0410177952663213E+02   2.1403852037200286E-01
    5000.0000000000000000   4.1105412005522032E+02   2.1070580722163290E-01
    5100.0000000000000000   4.1798909703761171E+02   2.0749463771614629E-01
    5200.0000000000000000   4.2490717457385097E+02   2.0439789299954453E-01
    5300.0000000000000000   4.3180870379785102E+02   2.0141026243250335E-01
    5400.0000000000000000   4.3871005560971287E+02   1.9830041475048774E-01
    5500.0000000000000000   4.4557931710007915E+02   1.9552121341325279E-01
    5600.0000000000000000   4.5243332626659884E+02   1.9283293926857037E-01
    5700.0000000000000000   4.5927235094877034E+02   1.9023154468482520E-01
    5800.0000000000000000   4.6609731577652286E+02   1.8770497414879991E-01
    5900.0000000000000000   4.7292285693931160E+02   1.8505959791723411E-01
    6000.0000000000000000   4.7971826823906406E+02   1.8270492963998522E-01
    6100.0000000000000000   4.8650042291378099E+02   1.8041514783728513E-01
    6200.0000000000000000   4.9328479256739701E+02   1.7799332961583136E-01
    6300.0000000000000000   5.0003945665119579E+02   1.7584995474699042E-01
    6400.0000000000000000   5.0679765684722548E+02   1.7356215658972377E-01
    6500.0000000000000000   5.1352638320871972E+02   1.7154581068985350E-01
    6600.0000000000000000   5.2025920122209868E+02   1.6938424495230184E-01
    6700.0000000000000000   5.2696328038754780E+02   1.6748102205392501E-01
    6800.0000000000000000   5.3367160113120872E+02   1.6543568356809304E-01
    6900.0000000000000000   5.4035167700683098E+02   1.6363912862685470E-01
    7000.0000000000000000   5.4703629554522320E+02   1.6170160439710662E-01
    7100.0000000000000000   5.5369346867811169E+02   1.6000077973750837E-01
    7200.0000000000000000   5.6035588476623025E+02   1.5815560611975710E-01
    7300.0000000000000000   5.6699071533850986E+02   1.5654592613734503E-01
    7400.0000000000000000   5.7363048667161047E+02   1.5479793907366537E-01
    7500.0000000000000000   5.8025910949880927E+02   1.5309870432641637E-01
    7600.0000000000000000   5.8686252460847516E+02   1.5160574269823399E-01
    7700.0000000000000000   5.9347100358957050E+02   1.4997935032501020E-01
    7800.0000000000000000   6.0006826017168135E+02   1.4840258664257167E-01
    7900.0000000000000000   6.0665807065871002E+02   1.4683825631440403E-01
    8000.0000000000000000   6.1321877632190876E+02   1.4551202716839529E-01
    8100.0000000000000000   6.1978857234790587E+02   1.4402213072097567E-01
    8200.0000000000000000   6.2634576050591659E+02   1.4259466536532592E-01
    8300.0000000000000000   6.3289745516324456E+02   1.4116264638257842E-01
    8400.0000000000000000   6.3941983584311754E+02   1.3996458427079603E-01
    8500.0000000000000000   6.4595206433356861E+02   1.3860346872026305E-01
    8600.0000000000000000   6.5247393682506424E+02   1.3728395138839702E-01
    8700.0000000000000000   6.5898529933864313E+02   1.3600782281951582E-01
    8800.0000000000000000   6.6549167156127453E+02   1.3472521143977237E-01
    8900.0000000000000000   6.7198781802975589E+02   1.3348341938456867E-01
    9000.0000000000000000   6.7845709154485189E+02   1.3244520028386927E-01
    9100.0000000000000000   6.8493613084095966E+02   1.3125487220154644E-01
    9200.0000000000000000   6.9140793657752329E+02   1.3008035503014023E-01
    9300.0000000000000000   6.9787070912315892E+02   1.2893661262593192E-01
    9400.0000000000000000   7.0432397327198532E+02   1.2782778442177908E-01
    9500.0000000000000000   7.1076862028411972E+02   1.2674669015440215E-01
    9600.0000000000000000   7.1720593591139914E+02   1.2568268679936681E-01
    9700.0000000000000000   7.2363633934356926E+02   1.2463243931634371E-01
    9800.0000000000000000   7.3005957156968168E+02   1.2359835367281868E-01
    9900.0000000000000000   7.3647532343528792E+02   1.2258324937232601E-01
   10000.0000000000000000   7.4288345695014527E+02   1.2158849282537183E-01
   11000.0000000000000000   8.0657188024825246E+02   1.1259456546472250E-01
   12000.0000000000000000   8.6962119148384909E+02   1.0487273982027244E-01
   13000.0000000000000000   9.3208730069396597E+02   9.8230840811265402E-02
   14000.0000000000000000   9.9401610995061128E+02   9.2499501041731214E-02
   15000.0000000000000000   1.0554652898807778E+03   8.7431047412255464E-02
   16000.0000000000000000   1.1164807797145872E+03   8.2867405699122071E-02
   17000.0000000000000000   1.1770850075927501E+03   7.8791526975258486E-02
   18000.0000000000000000   1.2372856335388151E+03   7.5232030026676389E-02
   19000.0000000000000000   1.2971526106243239E+03   7.1897232369939890E-02
   20000.0000000000000000   1.3566722632530464E+03   6.8934345486969362E-02
   21000.0000000000000000   1.4158694858100823E+03   6.6256410477670905E-02
   22000.0000000000000000   1.4748109644401482E+03   6.3619371631229979E-02
   23000.0000000000000000   1.5334420635128374E+03   6.1323433293799606E-02
   24000.0000000000000000   1.5917894570982294E+03   5.9267490819130506E-02
   25000.0000000000000000   1.6499235916651012E+03   5.7207082017408539E-02
   26000.0000000000000000   1.7077890159623364E+03   5.5403854055854442E-02
   27000.0000000000000000   1.7654688829095601E+03   5.3551827406714700E-02
   28000.0000000000000000   1.8228574185007603E+03   5.2088321110474581E-02
   29000.0000000000000000   1.8800820593954629E+03   5.0558556356833026E-02
   29203.9989999999997963   1.8917511790809751E+03   5.0182231126371955E-02
   29204.0010000000002037   1.8917512949707786E+03   5.0182221780342956E-02
   30000.0000000000000000   1.9370854630627348E+03   4.9178174210650794E-02
   31000.0000000000000000   1.9939487908061267E+03   4.7713159888955380E-02
   32000.0000000000000000   2.0505505298594940E+03   4.6580380615901425E-02
   33000.0000000000000000   2.1070233086984986E+03   4.5337865804217316E-02
   34000.0000000000000000   2.1633116106724865E+03   4.4203544123033636E-02
   35000.0000000000000000   2.2194102296469414E+03   4.3212773232662462E-02
   36000.0000000000000000   2.2754379249573640E+03   4.1990073141892438E-02
   37000.0000000000000000   2.3312219983079231E+03   4.1092484970802839E-02
   38000.0000000000000000   2.3868793043481483E+03   4.0165476525067245E-02
   39000.0000000000000000   2.4423986636574509E+03   3.9253144505800995E-02
   40000.0000000000000000   2.4977270393820809E+03   3.8543787519537055E-02
   41000.0000000000000000   2.5529738291883205E+03   3.7688653838764109E-02
   42000.0000000000000000   2.6081112294811260E+03   3.6840073596452541E-02
   43000.0000000000000000   2.6630374880420727E+03   3.6199195359113374E-02
   44000.0000000000000000   2.7178443424710240E+03   3.5603526604618241E-02
   45000.0000000000000000   2.7726311435048119E+03   3.4775699307442114E-02
   46000.0000000000000000   2.8271513032258144E+03   3.4312684333360301E-02
   47000.0000000000000000   2.8817142702781257E+03   3.3501949341005810E-02
   48000.0000000000000000   2.9360880944164560E+03   3.2909560980428403E-02
   49000.0000000000000000   2.9903810701401858E+03   3.2276725171780492E-02
   50000.0000000000000000   3.0445262416643491E+03   3.1755583593392117E-02
