       0.1000000000000000   5.3895363714449203E+01   5.4393648231727571E-04
       0.2000000000000000   4.6563829304129676E+01   1.0936571964834420E-03
       0.3000000000000000   4.3613091057916833E+01   1.6722958238673655E-03
       0.4000000000000000   4.2021613832762149E+01   2.2574769179373516E-03
       0.5000000000000000   4.0842978917207702E+01   2.8685283123804617E-03
       0.6000000000000000   3.9867857409577319E+01   3.5068519202014828E-03
       0.7000000000000000   3.9012374768275471E+01   4.1738397444841951E-03
       0.7999999999999999   3.8232688473224151E+01   4.8705053180054993E-03
       0.8999999999999999   3.7509063642737395E+01   5.5964223627039357E-03
       0.9999999999999999   3.6822706464004682E+01   6.3538293446086316E-03
       2.0000000000000000   3.1160381632968409E+01   1.5694671199609031E-02
       3.0000000000000000   2.6912002846730758E+01   2.8284913049622870E-02
       4.0000000000000000   2.3688871786911790E+01   4.3924740466168156E-02
       5.0000000000000000   2.1208217012689772E+01   6.2325180085000993E-02
       6.0000000000000000   1.9254722507009159E+01   8.3241925367826416E-02
       7.0000000000000000   1.7678446057391064E+01   1.0649757453894790E-01
       8.0000000000000000   1.6377009339486943E+01   1.3197850529172153E-01
       9.0000000000000000   1.5280438420800705E+01   1.5961967428392196E-01
      10.0000000000000000   1.4340035861002796E+01   1.8939343256934810E-01
      11.0000000000000000   1.3521286531490453E+01   2.2129937876404931E-01
      12.0000000000000000   1.2799179692470078E+01   2.5535709318893490E-01
      13.0000000000000000   1.2155255164485032E+01   2.9160108761507264E-01
      14.0000000000000000   1.1575612168093233E+01   3.3007618533268868E-01
      15.0000000000000000   1.1049666256010381E+01   3.7083201859704296E-01
      16.0000000000000000   1.0569265220903834E+01   4.1391735897261211E-01
      17.0000000000000000   1.0128049516114162E+01   4.5937565199934555E-01
      18.0000000000000000   9.7210413552414181E+00   5.0723803639000886E-01
      19.0000000000000000   9.3443171028946637E+00   5.5751696452722921E-01
      20.0000000000000000   8.9947747646999368E+00   6.1019924085938793E-01
      21.0000000000000000   8.6699565575884403E+00   6.6523856372118095E-01
      22.0000000000000000   8.3679126380497610E+00   7.2254822762781379E-01
      23.0000000000000000   8.0870843383809827E+00   7.8199532371683322E-01
      24.0000000000000000   7.8262107819036215E+00   8.4339662598935250E-01
      25.0000000000000000   7.5842527092154590E+00   9.0651644250739460E-01
      26.0000000000000000   7.3603246511820002E+00   9.7106819614042883E-01
      27.0000000000000000   7.1536392352007230E+00   1.0367194849574779E+00
      27.9989999999999988   6.9636444298881450E+00   1.1030340785136279E+00
      28.0000000000000000   6.9634622604089502E+00   1.1031006942783876E+00
      28.0010000000000012   6.9632801067273959E+00   1.1031673103789525E+00
      28.9989999999999988   6.7892445990332879E+00   1.1697499688443309E+00
      29.0000000000000000   6.7890778645123788E+00   1.1698167169122038E+00
      29.0010000000000012   6.7889111450651596E+00   1.1698834649076910E+00
      30.0000000000000000   6.6297655731601148E+00   1.2364605690864976E+00
      31.0000000000000000   6.4847864030433851E+00   1.3026278262916888E+00
      32.0000000000000000   6.3533789418751301E+00   1.3679302619732647E+00
      33.0000000000000000   6.2347611716050864E+00   1.4320078794825897E+00
      34.0000000000000000   6.1281382873047008E+00   1.4945381005854379E+00
      35.0000000000000000   6.0327126432492486E+00   1.5552420225390000E+00
      36.0000000000000000   5.9476947755988165E+00   1.6138876356601699E+00
      37.0000000000000000   5.8723138560528847E+00   1.6702903499708455E+00
      38.0000000000000000   5.8058267153687613E+00   1.7243113432730501E+00
      39.0000000000000000   5.7475249129305794E+00   1.7758543184317004E+00
      40.0000000000000000   5.6967398329160011E+00   1.8248612229157286E+00
      41.0000000000000000   5.6528457057097112E+00   1.8713074550795394E+00
      42.0000000000000000   5.6152610669301186E+00   1.9151969018128738E+00
      43.0000000000000000   5.5834487921115468E+00   1.9565571269892998E+00
      44.0000000000000000   5.5569151194589237E+00   1.9954348641360147E+00
      45.0000000000000000   5.5352078145803265E+00   2.0318919874813934E+00
      46.0000000000000000   5.5179139658107541E+00   2.0660019238603322E+00
      47.0000000000000000   5.5046574020428656E+00   2.0978465825808525E+00
      48.0000000000000000   5.4950959921178466E+00   2.1275137543380689E+00
      49.0000000000000000   5.4889189145243309E+00   2.1550949478552806E+00
      50.0000000000000000   5.4858439904119223E+00   2.1806836176320039E+00
      51.0000000000000000   5.4856151207560648E+00   2.2043737363163771E+00
      52.0000000000000000   5.4879998892140627E+00   2.2262586602269501E+00
      53.0000000000000000   5.4927873205073672E+00   2.2464302464128751E+00
      54.0000000000000000   5.4997858196999392E+00   2.2649781789722692E+00
      55.0000000000000000   5.5088212779632109E+00   2.2819894722751917E+00
      56.0000000000000000   5.5197353651647374E+00   2.2975481203469816E+00
      57.0000000000000000   5.5323840315734909E+00   2.3117347902447487E+00
      58.0000000000000000   5.5466359796383999E+00   2.3246267864906103E+00
      59.0000000000000000   5.5623714738741867E+00   2.3362979151976826E+00
      60.0000000000000000   5.5794812909066014E+00   2.3468183961942941E+00
      61.0000000000000000   5.5978655314897869E+00   2.3562550283899069E+00
      62.0000000000000000   5.6174328210760489E+00   2.3646711582305695E+00
      63.0000000000000000   5.6380994637104518E+00   2.3721267901585272E+00
      64.0000000000000000   5.6597887057396123E+00   2.3786786924637462E+00
      65.0000000000000000   5.6824300795268492E+00   2.3843805161247578E+00
      66.0000000000000000   5.7059588131370109E+00   2.3892829222963696E+00
      67.0000000000000000   5.7303153010676242E+00   2.3934337148373941E+00
      68.0000000000000000   5.7554446295130948E+00   2.3968779750954035E+00
      69.0000000000000000   5.7812961493140058E+00   2.3996581968214881E+00
      70.0000000000000000   5.8078230932122246E+00   2.4018144194385149E+00
      71.0000000000000000   5.8349822296195608E+00   2.4033843586739390E+00
      72.0000000000000000   5.8627335527613713E+00   2.4044035333102083E+00
      73.0000000000000000   5.8910400023425566E+00   2.4049053876398583E+00
      74.0000000000000000   5.9198672108043233E+00   2.4049214090818314E+00
      75.0000000000000000   5.9491832668399054E+00   2.4044812463387766E+00
      76.0000000000000000   5.9789585420374785E+00   2.4036127939443412E+00
      77.0000000000000000   6.0091654541068182E+00   2.4023423284891461E+00
      78.0000000000000000   6.0397783311004885E+00   2.4006945823111963E+00
      79.0000000000000000   6.0707732493826541E+00   2.3986928407673900E+00
      80.0000000000000000   6.1021278941575599E+00   2.3963590286636558E+00
      81.0000000000000000   6.1338214326185430E+00   2.3937137917890401E+00
      82.0000000000000000   6.1658343986390109E+00   2.3907765737410132E+00
      83.0000000000000000   6.1981485877953268E+00   2.3875656882258802E+00
      84.0000000000000000   6.2307469609669637E+00   2.3840983870809382E+00
      85.0000000000000000   6.2636135572142617E+00   2.3803909241779602E+00
      86.0000000000000000   6.2967334136059439E+00   2.3764586154595500E+00
      87.0000000000000000   6.3300924905264555E+00   2.3723158961499347E+00
      88.0000000000000000   6.3636776108364410E+00   2.3679763702404273E+00
      89.0000000000000000   6.3974763890366733E+00   2.3634528652615940E+00
      90.0000000000000000   6.4314771809603251E+00   2.3587574753930936E+00
      91.0000000000000000   6.4656690305841975E+00   2.3539016059906648E+00
      92.0000000000000000   6.5000416223124127E+00   2.3488960145341307E+00
      92.9989999999999952   6.5345506111782514E+00   2.3437560606760219E+00
      93.0000000000000000   6.5345852371249826E+00   2.3437508490260419E+00
      93.0010000000000048   6.5346198632335240E+00   2.3437456372461085E+00
      94.0000000000000000   6.5692907121837898E+00   2.3384756840000831E+00
      95.0000000000000000   6.6041494035836248E+00   2.3330795542890086E+00
      96.0000000000000000   6.6391531519799996E+00   2.3275709866936594E+00
      97.0000000000000000   6.6742942508377752E+00   2.3219580296862743E+00
      98.0000000000000000   6.7095654169316354E+00   2.3162482812797474E+00
      99.0000000000000000   6.7449597637728003E+00   2.3104489151421426E+00
     100.0000000000000000   6.7804707755430229E+00   2.3045667051633840E+00
     101.9989999999999952   6.8517826724236857E+00   2.2925850492344155E+00
     102.0010000000000048   6.8518542256688146E+00   2.2925729245651540E+00
     110.0000000000000000   7.1407873540965596E+00   2.2424347333260619E+00
     120.0000000000000000   7.5076394717086377E+00   2.1772327994650569E+00
     130.0000000000000000   7.8781372595981756E+00   2.1117215256516393E+00
     140.0000000000000000   8.2504713251912740E+00   2.0474547732850534E+00
     140.9989999999999952   8.2877195549359932E+00   2.0411398949701973E+00
     141.0010000000000048   8.2877941317662955E+00   2.0411272742589119E+00
     150.0000000000000000   8.6188076448282640E+00   1.9900827003759278E+00
     160.0000000000000000   8.9944459368585328E+00   1.9300697113439265E+00
     170.0000000000000000   9.3669747562601913E+00   1.8750791770086375E+00
     180.0000000000000000   9.7366433668306183E+00   1.8244656048719123E+00
     190.0000000000000000   1.0108723721243905E+01   1.7729953165309309E+00
     200.0000000000000000   1.0473068128793974E+01   1.7298917315579678E+00
     210.0000000000000000   1.0839785247589333E+01   1.6855970483400575E+00
     220.0000000000000000   1.1208515600723972E+01   1.6404535559037177E+00
     230.0000000000000000   1.1570237050238989E+01   1.6022453127038887E+00
     240.0000000000000000   1.1934006815254959E+01   1.5629245158504772E+00
     250.0000000000000000   1.2295459347289990E+01   1.5261573397996844E+00
     260.0000000000000000   1.2654724755265709E+01   1.4916903945292364E+00
     270.0000000000000000   1.3011922297763107E+01   1.4593034021287830E+00
     280.0000000000000000   1.3371002311146469E+01   1.4257942792330744E+00
     290.0000000000000000   1.3724277350935621E+01   1.3971327149297901E+00
     300.0000000000000000   1.4079464453369937E+01   1.3672479325061757E+00
     310.0000000000000000   1.4429194217544381E+01   1.3416823239580680E+00
     320.0000000000000000   1.4780839167968956E+01   1.3148355956518296E+00
     330.0000000000000000   1.5130799350059231E+01   1.2893709902308463E+00
     340.0000000000000000   1.5479145197800584E+01   1.2651799874919727E+00
     350.0000000000000000   1.5825942555366884E+01   1.2421653403383703E+00
     360.0000000000000000   1.6171253054438736E+01   1.2202396377068956E+00
     370.0000000000000000   1.6518386991140925E+01   1.1971178075980555E+00
     380.0000000000000000   1.6860833361349240E+01   1.1772060656861976E+00
     390.0000000000000000   1.7201956092943441E+01   1.1581652508933071E+00
     400.0000000000000000   1.7544912854247741E+01   1.1379123012136316E+00
     410.0000000000000000   1.7883469593606925E+01   1.1204988511899361E+00
     420.0000000000000000   1.8223864907495390E+01   1.1018742142341122E+00
     430.0000000000000000   1.8560027447010533E+01   1.0858829665444494E+00
     440.0000000000000000   1.8898023121202868E+01   1.0686890704160004E+00
     450.0000000000000000   1.9234861909484216E+01   1.0521681124114732E+00
     460.0000000000000000   1.9570577893803858E+01   1.0362800651614108E+00
     470.0000000000000000   1.9902338573317603E+01   1.0226872704359007E+00
     480.0000000000000000   2.0235931384240871E+01   1.0079192063136628E+00
     488.9989999999999668   2.0534691185340570E+01   9.9541084311048256E-01
     489.0009999999999195   2.0534758734522537E+01   9.9540738501534676E-01
     490.0000000000000000   2.0568494820047984E+01   9.9368317090538172E-01
     496.9990000000000805   2.0801771473681111E+01   9.8338062878120114E-01
     497.0010000000000332   2.0801838860053028E+01   9.8337726467822484E-01
     500.0000000000000000   2.0900057013987301E+01   9.7994997003500584E-01
     510.0000000000000000   2.1230644849068824E+01   9.6669253490024865E-01
     520.0000000000000000   2.1560284037570767E+01   9.5388572859354415E-01
     530.0000000000000000   2.1888999176087729E+01   9.4150618226905614E-01
     540.0000000000000000   2.2219487248800270E+01   9.2806944658397961E-01
     550.0000000000000000   2.2546395982719819E+01   9.1650934264320150E-01
     560.0000000000000000   2.2872448435467156E+01   9.0531440988570244E-01
     570.0000000000000000   2.3197665402589273E+01   8.9446700015936786E-01
     580.0000000000000000   2.3522066705398885E+01   8.8395067388922988E-01
     590.0000000000000000   2.3848231655245097E+01   8.7242015167769127E-01
     600.0000000000000000   2.4171029264671819E+01   8.6254483880290911E-01
     610.0000000000000000   2.4493067044542421E+01   8.5295593509264045E-01
     620.0000000000000000   2.4816863318269451E+01   8.4237970751333247E-01
     630.0000000000000000   2.5137400613891057E+01   8.3334909587916239E-01
     640.0000000000000000   2.5457228088160146E+01   8.2456780622415382E-01
     650.0000000000000000   2.5778800692007714E+01   8.1482722916566230E-01
     660.0000000000000000   2.6097221019222260E+01   8.0653491568482472E-01
     670.0000000000000000   2.6417385442653874E+01   7.9730034334662836E-01
     680.0000000000000000   2.6734455184984448E+01   7.8945686799617198E-01
     690.0000000000000000   2.7053264980587567E+01   7.8068833904676260E-01
     700.0000000000000000   2.7369037579653696E+01   7.7325759229248336E-01
     710.0000000000000000   2.7686542499160137E+01   7.6491950193550240E-01
     718.9990000000000236   2.7971486812035860E+01   7.5770364477646546E-01
     719.0009999999999764   2.7971550607438800E+01   7.5770181911426449E-01
     720.0000000000000000   2.8003413121420149E+01   7.5679118145993263E-01
     730.0000000000000000   2.8317314856209723E+01   7.4992942726804257E-01
     740.0000000000000000   2.8632951053018129E+01   7.4218357113133704E-01
     750.0000000000000000   2.8947981592140643E+01   7.3462679246780493E-01
     760.0000000000000000   2.9260116736956117E+01   7.2826967679231336E-01
     760.9990000000000236   2.9291727056132419E+01   7.2743916479075499E-01
     761.0009999999999764   2.9291790334409832E+01   7.2743750410912444E-01
     770.0000000000000000   2.9573978506986798E+01   7.2105364978508812E-01
     780.0000000000000000   2.9887263752920241E+01   7.1400762139041229E-01
     790.0000000000000000   3.0197723278897698E+01   7.0810181149482831E-01
     800.0000000000000000   3.0509898924298259E+01   7.0136099481975744E-01
     810.0000000000000000   3.0821526643361292E+01   6.9477288749199406E-01
     820.0000000000000000   3.1132613927228569E+01   6.8833273096747227E-01
     830.0000000000000000   3.1440961738148356E+01   6.8296061251617579E-01
     840.0000000000000000   3.1751011461189648E+01   6.7678506017765006E-01
     850.0000000000000000   3.2060546896795991E+01   6.7074288501976087E-01
     860.0000000000000000   3.2369574890210259E+01   6.6483008975316349E-01
     870.0000000000000000   3.2678104235373404E+01   6.5904198301771511E-01
     880.0000000000000000   3.2983990097499998E+01   6.5424452827677038E-01
     887.9990000000000236   3.3231768222967155E+01   6.4909541528302617E-01
     888.0009999999999764   3.3231830135184758E+01   6.4909413958274387E-01
     890.0000000000000000   3.3291559651515946E+01   6.4868029636909497E-01
     900.0000000000000000   3.3598652878927176E+01   6.4322931720356080E-01
     910.0000000000000000   3.3905275980705802E+01   6.3788832423216268E-01
     920.0000000000000000   3.4211435506109119E+01   6.3265398545670715E-01
     930.0000000000000000   3.4517138280300280E+01   6.2752293477778687E-01
     940.0000000000000000   3.4822391225895998E+01   6.2249184438848937E-01
     950.0000000000000000   3.5127201075031394E+01   6.1755753364699084E-01
     960.0000000000000000   3.5431574181490006E+01   6.1271703449542170E-01
     970.0000000000000000   3.5735516504347160E+01   6.0796758971382026E-01
     980.0000000000000000   3.6039033700869368E+01   6.0330661057297441E-01
     990.0000000000000000   3.6342131233594365E+01   5.9873163169324073E-01
    1000.0000000000000000   3.6644814438620749E+01   5.9424028176006150E-01
    1100.0000000000000000   3.9649975731710008E+01   5.5345459139647324E-01
    1200.0000000000000000   4.2620802552546500E+01   5.1830288226814414E-01
    1300.0000000000000000   4.5560933362721968E+01   4.8757513256606483E-01
    1400.0000000000000000   4.8473433440863765E+01   4.6037063309509269E-01
    1500.0000000000000000   5.1359038523343500E+01   4.3653841683201017E-01
    1600.0000000000000000   5.4219991870621755E+01   4.1548290710117530E-01
    1700.0000000000000000   5.7059970701409632E+01   3.9628268861157279E-01
    1800.0000000000000000   5.9880604344492198E+01   3.7863719329726209E-01
    1900.0000000000000000   6.2679824649225267E+01   3.6314810900185529E-01
    2000.0000000000000000   6.5462365925752806E+01   3.4872175990449999E-01
    2100.0000000000000000   6.8227690680343542E+01   3.3557957262238253E-01
    2200.0000000000000000   7.0976780653126028E+01   3.2356275676386809E-01
    2300.0000000000000000   7.3712207454764254E+01   3.1218108815424711E-01
    2400.0000000000000000   7.6433047530820502E+01   3.0170757295394945E-01
    2500.0000000000000000   7.9140078526584730E+01   2.9203376251006646E-01
    2600.0000000000000000   8.1834138192636146E+01   2.8304101604446696E-01
    2700.0000000000000000   8.4515979502345189E+01   2.7463438242781174E-01
    2800.0000000000000000   8.7185563743197278E+01   2.6685944451289023E-01
    2900.0000000000000000   8.9845353972431383E+01   2.5931385949005631E-01
    3000.0000000000000000   9.2492908863149836E+01   2.5247559989847390E-01
    3100.0000000000000000   9.5131762304792304E+01   2.4576468172210533E-01
    3200.0000000000000000   9.7759891020069105E+01   2.3955890939564295E-01
    3300.0000000000000000   1.0037890698252100E+02   2.3363074936173034E-01
    3400.0000000000000000   1.0298854585514047E+02   2.2804393538240966E-01
    3500.0000000000000000   1.0558908155250981E+02   2.2278002212727524E-01
    3600.0000000000000000   1.0818106624318621E+02   2.1777866194864612E-01
    3700.0000000000000000   1.1076536724092318E+02   2.1294951326739575E-01
    3800.0000000000000000   1.1334041395864053E+02   2.0851847220221012E-01
    3900.0000000000000000   1.1590949277453031E+02   2.0404646879672070E-01
    3932.9989999999997963   1.1675549677968225E+02   2.0263287611568256E-01
    3933.0010000000002037   1.1675554778536758E+02   2.0263282200375973E-01
    4000.0000000000000000   1.1847005885461813E+02   1.9992500252537787E-01
    4100.0000000000000000   1.2102419766032301E+02   1.9586469025406661E-01
    4159.9989999999997963   1.2255222230993515E+02   1.9365389846552497E-01
    4160.0010000000002037   1.2255227352296680E+02   1.9365378526765828E-01
    4200.0000000000000000   1.2356987135275499E+02   1.9216851215622643E-01
    4300.0000000000000000   1.2611044062043088E+02   1.8839923513526488E-01
    4400.0000000000000000   1.2864429712505330E+02   1.8480372995442165E-01
    4468.9989999999997963   1.3038827443743253E+02   1.8247402813691016E-01
    4469.0010000000002037   1.3038832487378434E+02   1.8247396780496036E-01
    4500.0000000000000000   1.3116929827999169E+02   1.8163695667047799E-01
    4600.0000000000000000   1.3369116063898215E+02   1.7822164643850721E-01
    4700.0000000000000000   1.3620513325009682E+02   1.7513269416655325E-01
    4800.0000000000000000   1.3871303481878343E+02   1.7217941006424284E-01
    4900.0000000000000000   1.4121606094648362E+02   1.6923288314263144E-01
    5000.0000000000000000   1.4371316891367414E+02   1.6641762475125099E-01
    5100.0000000000000000   1.4620452357351081E+02   1.6372438214448537E-01
    5200.0000000000000000   1.4869024508867156E+02   1.6114803722043866E-01
    5300.0000000000000000   1.5117033529834671E+02   1.5869500098550646E-01
    5400.0000000000000000   1.5364627815140852E+02   1.5622127044834741E-01
    5500.0000000000000000   1.5611773109206791E+02   1.5378159085326906E-01
    5600.0000000000000000   1.5858173364553915E+02   1.5166723827348549E-01
    5700.0000000000000000   1.6104398311416662E+02   1.4930574887644960E-01
    5800.0000000000000000   1.6349950417852884E+02   1.4722499985528043E-01
    5900.0000000000000000   1.6595158102797856E+02   1.4508987855238092E-01
    6000.0000000000000000   1.6839761854441386E+02   1.4315633048608203E-01
    6100.0000000000000000   1.7084076612084294E+02   1.4115483745869831E-01
    6200.0000000000000000   1.7327914347689062E+02   1.3923352590481877E-01
    6300.0000000000000000   1.7571147392163795E+02   1.3752851906129487E-01
    6400.0000000000000000   1.7814121118178113E+02   1.3574318486894893E-01
    6500.0000000000000000   1.8056699694427996E+02   1.3399352691709918E-01
    6600.0000000000000000   1.8298934628063435E+02   1.3222728127052519E-01
    6700.0000000000000000   1.8540668551140175E+02   1.3061018467116198E-01
    6800.0000000000000000   1.8782072648273743E+02   1.2897631413602015E-01
    6900.0000000000000000   1.9023007551510688E+02   1.2746975640738775E-01
    7000.0000000000000000   1.9263621887005482E+02   1.2594528300622632E-01
    7100.0000000000000000   1.9503798348703964E+02   1.2451174746330133E-01
    7200.0000000000000000   1.9743697552784124E+02   1.2306466024652979E-01
    7300.0000000000000000   1.9983444535800109E+02   1.2148512927153997E-01
    7400.0000000000000000   2.0222510451146607E+02   1.2021014237720141E-01
    7500.0000000000000000   2.0461221113660315E+02   1.1896126561203875E-01
    7600.0000000000000000   2.0699902174174741E+02   1.1750411669952320E-01
    7700.0000000000000000   2.0938013035912334E+02   1.1627952087294467E-01
    7800.0000000000000000   2.1175634379602033E+02   1.1518644805985169E-01
    7900.0000000000000000   2.1413459678015502E+02   1.1373257605139700E-01
    8000.0000000000000000   2.1650486664631612E+02   1.1265729127937721E-01
    8100.0000000000000000   2.1887578098865336E+02   1.1134065854078297E-01
    8200.0000000000000000   2.2123845896023954E+02   1.1042367632085684E-01
    8300.0000000000000000   2.2360360010658823E+02   1.0913495679607126E-01
    8400.0000000000000000   2.2596026688383427E+02   1.0825045475486023E-01
    8500.0000000000000000   2.2832023217385529E+02   1.0695279024986176E-01
    8600.0000000000000000   2.3067466673058604E+02   1.0586108576129670E-01
    8700.0000000000000000   2.3302143578077684E+02   1.0513648989107061E-01
    8800.0000000000000000   2.3537225433749782E+02   1.0394221191042775E-01
    8900.0000000000000000   2.3771871790152267E+02   1.0289237821466328E-01
    9000.0000000000000000   2.4005914619507487E+02   1.0206245497783310E-01
    9100.0000000000000000   2.4239822155712844E+02   1.0116742137227754E-01
    9200.0000000000000000   2.4473800378406898E+02   1.0006427235990302E-01
    9300.0000000000000000   2.4707136711797378E+02   9.9241832087523268E-02
    9400.0000000000000000   2.4940493321478201E+02   9.8235980415520313E-02
    9500.0000000000000000   2.5173418939727219E+02   9.7364758403666415E-02
    9600.0000000000000000   2.5405849037177470E+02   9.6672982543096850E-02
    9700.0000000000000000   2.5638087982043663E+02   9.5959485059024185E-02
    9800.0000000000000000   2.5870243705985069E+02   9.5150533137321525E-02
    9900.0000000000000000   2.6102213867333495E+02   9.4314147324772266E-02
   10000.0000000000000000   2.6333932564295088E+02   9.3497283408850745E-02
   11000.0000000000000000   2.8638449418415723E+02   8.6036614834716599E-02
   12000.0000000000000000   3.0921119080489609E+02   7.9944243455105701E-02
   13000.0000000000000000   3.3184036208096217E+02   7.4967088834629991E-02
   14000.0000000000000000   3.5430332891033589E+02   7.0169284985768576E-02
   15000.0000000000000000   3.7660547133530514E+02   6.5998339682379989E-02
   16000.0000000000000000   3.9875597975879742E+02   6.2475067661129334E-02
   17000.0000000000000000   4.2075958552144868E+02   5.9727867353961912E-02
   18000.0000000000000000   4.4265229685608261E+02   5.6649215328417615E-02
   19000.0000000000000000   4.6442662874034329E+02   5.3927380796641992E-02
   20000.0000000000000000   4.8608525025978707E+02   5.1515221307757403E-02
   21000.0000000000000000   5.0762717036606733E+02   4.9714323222136599E-02
   22000.0000000000000000   5.2908978972489365E+02   4.7506644642090472E-02
   23000.0000000000000000   5.5044518550967587E+02   4.5715455661449793E-02
   24000.0000000000000000   5.7171971572312702E+02   4.4083186398944020E-02
   25000.0000000000000000   5.9290266542816823E+02   4.2691665057803335E-02
   26000.0000000000000000   6.1400655864090868E+02   4.1328904679800688E-02
   27000.0000000000000000   6.3502713613723120E+02   4.0227202958449317E-02
   28000.0000000000000000   6.5598946434020070E+02   3.8632688433383494E-02
   29000.0000000000000000   6.7687748220989931E+02   3.7580940226660392E-02
   29203.9989999999997963   6.8113986133386993E+02   3.7122120451609036E-02
   29204.0010000000002037   6.8113990343023534E+02   3.7122114648713900E-02
   30000.0000000000000000   6.9769921557739372E+02   3.6285834966060408E-02
   31000.0000000000000000   7.1846212986943237E+02   3.5230504629360573E-02
   32000.0000000000000000   7.3914657605541424E+02   3.4390997704307209E-02
   33000.0000000000000000   7.5976438469766902E+02   3.3605466662762179E-02
   34000.0000000000000000   7.8033472507097258E+02   3.2763769712369890E-02
   35000.0000000000000000   8.0086615221280806E+02   3.1740894562210728E-02
   36000.0000000000000000   8.2133089573041002E+02   3.1051437923862335E-02
   37000.0000000000000000   8.4173800793407383E+02   3.0460149130878134E-02
   38000.0000000000000000   8.6209848892061666E+02   2.9591060316061197E-02
   39000.0000000000000000   8.8238708067643881E+02   2.9337199108907336E-02
   40000.0000000000000000   9.0267557350235199E+02   2.8532235375834398E-02
   41000.0000000000000000   9.2286393733712032E+02   2.8058600667005690E-02
   42000.0000000000000000   9.4307366541243141E+02   2.7192266726770508E-02
   43000.0000000000000000   9.6320125713411892E+02   2.6475796443760736E-02
   44000.0000000000000000   9.8328315316860869E+02   2.5958664836068662E-02
   45000.0000000000000000   1.0033440334464269E+03   2.5517763592379315E-02
   46000.0000000000000000   1.0233582124592226E+03   2.4919228326269798E-02
   47000.0000000000000000   1.0432933488521992E+03   2.4680166925819563E-02
   48000.0000000000000000   1.0632140620554646E+03   2.4154345112814724E-02
   49000.0000000000000000   1.0831088626861690E+03   2.3714556025106765E-02
   50000.0000000000000000   1.1029467993504777E+03   2.3667031568578144E-02
