       0.1000000000000000   1.1735096569066615E+01   2.4822078490882578E-03
       0.2000000000000000   1.0380952336243274E+01   4.8260151074985399E-03
       0.3000000000000000   9.9551336281678466E+00   7.1320705857115156E-03
       0.4000000000000000   9.8135650635133196E+00   9.3148686897780338E-03
       0.5000000000000000   9.7560964155701431E+00   1.1457422523470723E-02
       0.6000000000000000   9.7378483615351676E+00   1.3566578556728623E-02
       0.7000000000000000   9.7411256593663573E+00   1.5648333220474559E-02
       0.7999999999999999   9.7564470799605996E+00   1.7707135865699778E-02
       0.8999999999999999   9.7794010341508919E+00   1.9742365165442095E-02
       0.9999999999999999   9.8060253843653431E+00   2.1762451627543235E-02
       2.0000000000000000   1.0081289283896831E+01   4.1440902411552266E-02
       3.0000000000000000   1.0241395047833036E+01   6.1080788493655856E-02
       4.0000000000000000   1.0293342871789086E+01   8.1392739399895900E-02
       5.0000000000000000   1.0266704485626171E+01   1.0275880757025460E-01
       6.0000000000000000   1.0184005144113906E+01   1.2542299705755269E-01
       7.0000000000000000   1.0061329500938109E+01   1.4955588855429700E-01
       8.0000000000000000   9.9099793567483392E+00   1.7529331459638001E-01
       9.0000000000000000   9.7381493798009160E+00   2.0275036673125713E-01
      10.0000000000000000   9.5518477644383335E+00   2.3203091955189184E-01
      11.0000000000000000   9.3555980210043188E+00   2.6323097536426132E-01
      12.0000000000000000   9.1528354169555630E+00   2.9644122245734988E-01
      13.0000000000000000   8.9462190530352288E+00   3.3174837347941805E-01
      14.0000000000000000   8.7378104331956852E+00   3.6923565454250673E-01
      15.0000000000000000   8.5292581321924636E+00   4.0898056932671151E-01
      16.0000000000000000   8.3219104869630254E+00   4.5105192658975451E-01
      17.0000000000000000   8.1168832795383548E+00   4.9550737983513526E-01
      18.0000000000000000   7.9151391930597050E+00   5.4238787495768126E-01
      19.0000000000000000   7.7175237350619854E+00   5.9171243840395260E-01
      20.0000000000000000   7.5248018632736349E+00   6.4347204216923293E-01
      21.0000000000000000   7.3376783605565103E+00   6.9762280372528673E-01
      22.0000000000000000   7.1568126674801116E+00   7.5407915692685246E-01
      23.0000000000000000   6.9828193391707920E+00   8.1270842918120734E-01
      24.0000000000000000   6.8162641502032182E+00   8.7332699234739497E-01
      25.0000000000000000   6.6576572680585020E+00   9.3569831445662566E-01
      26.0000000000000000   6.5074400255887337E+00   9.9953468832747505E-01
      27.0000000000000000   6.3659714347424536E+00   1.0645023986329880E+00
      27.9989999999999988   6.2336438969681094E+00   1.1301644343901152E+00
      28.0000000000000000   6.2335160059436925E+00   1.1302304116480930E+00
      28.0010000000000012   6.2333881241189353E+00   1.1302963892707878E+00
      28.9989999999999988   6.1103528119796335E+00   1.1962560153082518E+00
      29.0000000000000000   6.1102341388928298E+00   1.1963221530447785E+00
      29.0010000000000012   6.1101154750410602E+00   1.1963882907363546E+00
      30.0000000000000000   5.9961783940275897E+00   1.2623691602623088E+00
      31.0000000000000000   5.8912942392875749E+00   1.3279655489936300E+00
      32.0000000000000000   5.7954274569977171E+00   1.3927216686698225E+00
      33.0000000000000000   5.7083348392953583E+00   1.4562761503057997E+00
      34.0000000000000000   5.6296992813420710E+00   1.5183051015602633E+00
      35.0000000000000000   5.5591458448502769E+00   1.5785283707382973E+00
      36.0000000000000000   5.4962582514846474E+00   1.6367127662949239E+00
      37.0000000000000000   5.4405943095611224E+00   1.6926725847428095E+00
      38.0000000000000000   5.3916995664499137E+00   1.7462679580202431E+00
      39.0000000000000000   5.3491186692008261E+00   1.7974016093271628E+00
      40.0000000000000000   5.3124044759927314E+00   1.8460145698967205E+00
      41.0000000000000000   5.2811247830264358E+00   1.8920813826262968E+00
      42.0000000000000000   5.2548671562122271E+00   1.9356051363341948E+00
      43.0000000000000000   5.2332420314972934E+00   1.9766126503925188E+00
      44.0000000000000000   5.2158844616483595E+00   2.0151499644169242E+00
      45.0000000000000000   5.2024547305387774E+00   2.0512783055446304E+00
      46.0000000000000000   5.1926382830476250E+00   2.0850704969843843E+00
      47.0000000000000000   5.1861450223082395E+00   2.1166078847954739E+00
      48.0000000000000000   5.1827082424814011E+00   2.1459777336242483E+00
      49.0000000000000000   5.1820833214418309E+00   2.1732710606433172E+00
      50.0000000000000000   5.1840462791564423E+00   2.1985808606171795E+00
      51.0000000000000000   5.1883922773077327E+00   2.2220006759389919E+00
      52.0000000000000000   5.1949341385309600E+00   2.2436234598040432E+00
      53.0000000000000000   5.2035008892494936E+00   2.2635406912515323E+00
      54.0000000000000000   5.2139363800421474E+00   2.2818416995917215E+00
      55.0000000000000000   5.2260979758015225E+00   2.2986131659018980E+00
      56.0000000000000000   5.2398553530010883E+00   2.3139387708044588E+00
      57.0000000000000000   5.2550894285452845E+00   2.3278988863929344E+00
      58.0000000000000000   5.2716912200105206E+00   2.3405705393552343E+00
      59.0000000000000000   5.2895609724926747E+00   2.3520272738617409E+00
      60.0000000000000000   5.3086073829267333E+00   2.3623390625278398E+00
      61.0000000000000000   5.3287466693135404E+00   2.3715724708252530E+00
      62.0000000000000000   5.3499019730064754E+00   2.3797906245504792E+00
      63.0000000000000000   5.3720027006537530E+00   2.3870533193906316E+00
      64.0000000000000000   5.3949839455533972E+00   2.3934171260328441E+00
      65.0000000000000000   5.4187859731366776E+00   2.3989355082300747E+00
      66.0000000000000000   5.4433537526101237E+00   2.4036589496199054E+00
      67.0000000000000000   5.4686365348586872E+00   2.4076350856279731E+00
      68.0000000000000000   5.4945874721640697E+00   2.4109088376668950E+00
      69.0000000000000000   5.5211632741319505E+00   2.4135225475321516E+00
      70.0000000000000000   5.5483238973051101E+00   2.4155161101495950E+00
      71.0000000000000000   5.5760322638935236E+00   2.4169271037802575E+00
      72.0000000000000000   5.6042540089033954E+00   2.4177909163266982E+00
      73.0000000000000000   5.6329572503021659E+00   2.4181408673988183E+00
      74.0000000000000000   5.6621123811105214E+00   2.4180083255640281E+00
      75.0000000000000000   5.6916918734429380E+00   2.4174228261710238E+00
      76.0000000000000000   5.7216701382063393E+00   2.4164121555527882E+00
      77.0000000000000000   5.7520233237656679E+00   2.4150024869996027E+00
      78.0000000000000000   5.7827292060136442E+00   2.4132184541462673E+00
      79.0000000000000000   5.8137670523338523E+00   2.4110832479944091E+00
      80.0000000000000000   5.8451175048910038E+00   2.4086187031032598E+00
      81.0000000000000000   5.8767624740884834E+00   2.4058453789001937E+00
      82.0000000000000000   5.9086850420567414E+00   2.4027826362994027E+00
      83.0000000000000000   5.9408693738724914E+00   2.3994487097962223E+00
      84.0000000000000000   5.9733006359995997E+00   2.3958607753221304E+00
      85.0000000000000000   6.0059649229566832E+00   2.3920350139656739E+00
      86.0000000000000000   6.0388491891919838E+00   2.3879866718508085E+00
      87.0000000000000000   6.0719411858548318E+00   2.3837301171956971E+00
      88.0000000000000000   6.1052294089792571E+00   2.3792788896588606E+00
      89.0000000000000000   6.1387030392022144E+00   2.3746457549723208E+00
      90.0000000000000000   6.1723518985996924E+00   2.3698427479335460E+00
      91.0000000000000000   6.2061664055667860E+00   2.3648812168096032E+00
      92.0000000000000000   6.2401375339004046E+00   2.3597718641753582E+00
      92.9989999999999952   6.2742225847272470E+00   2.3545300978650698E+00
      93.0000000000000000   6.2742567752413958E+00   2.3545247852074809E+00
      93.0010000000000048   6.2742909658955925E+00   2.3545194724217406E+00
      94.0000000000000000   6.3085161044387856E+00   2.3491495035942349E+00
      95.0000000000000000   6.3429079475608843E+00   2.3436550052103873E+00
      96.0000000000000000   6.3774251523522603E+00   2.3380497696984341E+00
      97.0000000000000000   6.4120609609070041E+00   2.3323418000890057E+00
      98.0000000000000000   6.4468089841974878E+00   2.3265386505940144E+00
      99.0000000000000000   6.4816631793804698E+00   2.3206474526381817E+00
     100.0000000000000000   6.5166178268819204E+00   2.3146749393692376E+00
     101.9989999999999952   6.5867719194845620E+00   2.3025171931935353E+00
     102.0010000000000048   6.5868422852881272E+00   2.3025048952252556E+00
     110.0000000000000000   6.8706261718622876E+00   2.2517159854966509E+00
     120.0000000000000000   7.2301703936439283E+00   2.1858040358511945E+00
     130.0000000000000000   7.5927088284758026E+00   2.1196758311663646E+00
     140.0000000000000000   7.9566513878444916E+00   2.0548675394112061E+00
     140.9989999999999952   7.9930435606882915E+00   2.0485021581744576E+00
     141.0010000000000048   7.9931164209165573E+00   2.0484894369665199E+00
     150.0000000000000000   8.3166007367958894E+00   1.9970195025849280E+00
     160.0000000000000000   8.6823705917300593E+00   1.9366716206686378E+00
     170.0000000000000000   9.0450493792281232E+00   1.8813799366293975E+00
     180.0000000000000000   9.4048890519672277E+00   1.8304939476831912E+00
     190.0000000000000000   9.7668271933523894E+00   1.7787759252009119E+00
     200.0000000000000000   1.0121406710274664E+01   1.7354459771259134E+00
     210.0000000000000000   1.0478077283450972E+01   1.6909435662987564E+00
     220.0000000000000000   1.0836518035603579E+01   1.6456087011104177E+00
     230.0000000000000000   1.1188305022637092E+01   1.6072235226490790E+00
     240.0000000000000000   1.1541912323271609E+01   1.5677386037092018E+00
     250.0000000000000000   1.1893264988353311E+01   1.5308187330434651E+00
     260.0000000000000000   1.2242489745962322E+01   1.4962093308716513E+00
     270.0000000000000000   1.2589702686435995E+01   1.4636890916995318E+00
     280.0000000000000000   1.2938606823807907E+01   1.4300550397743943E+00
     290.0000000000000000   1.3282008267512627E+01   1.4012760852602357E+00
     300.0000000000000000   1.3627137009577357E+01   1.3712807683389441E+00
     310.0000000000000000   1.3967093223506883E+01   1.3456108792879724E+00
     320.0000000000000000   1.4308786691161131E+01   1.3186655922588595E+00
     330.0000000000000000   1.4648847418458965E+01   1.2931076773363042E+00
     340.0000000000000000   1.4987343607731070E+01   1.2688281932057530E+00
     350.0000000000000000   1.5324339005500256E+01   1.2457295162249726E+00
     360.0000000000000000   1.5659893271432738E+01   1.2237238975527089E+00
     370.0000000000000000   1.5997112823327551E+01   1.2005259612680725E+00
     380.0000000000000000   1.6329893112627889E+01   1.1805416488027760E+00
     390.0000000000000000   1.6661390195058566E+01   1.1614315509445896E+00
     400.0000000000000000   1.6994568176981517E+01   1.1411123805982015E+00
     410.0000000000000000   1.7323579620162114E+01   1.1236355676219560E+00
     420.0000000000000000   1.7654279441739483E+01   1.1049502388658152E+00
     430.0000000000000000   1.7980971346433911E+01   1.0889008001077265E+00
     440.0000000000000000   1.8309349382142443E+01   1.0716510576388922E+00
     450.0000000000000000   1.8636608494606989E+01   1.0550764549276028E+00
     460.0000000000000000   1.8962781613586326E+01   1.0391368330987358E+00
     470.0000000000000000   1.9285210068258763E+01   1.0254944128446490E+00
     480.0000000000000000   1.9609328525390474E+01   1.0106785605711437E+00
     488.9989999999999668   1.9899625215190248E+01   9.9812867809337058E-01
     489.0009999999999195   1.9899690810813631E+01   9.9812521092152517E-01
     490.0000000000000000   1.9932451244247044E+01   9.9639647121654251E-01
     496.9990000000000805   2.0159072140051684E+01   9.8606267617800969E-01
     497.0010000000000332   2.0159137578379532E+01   9.8605930325609947E-01
     500.0000000000000000   2.0254605400820807E+01   9.8261885513178360E-01
     510.0000000000000000   2.0575816962220237E+01   9.6931855502919206E-01
     520.0000000000000000   2.0896110763623341E+01   9.5647035186973972E-01
     530.0000000000000000   2.1215510562063365E+01   9.4405080046451195E-01
     540.0000000000000000   2.1536550731331172E+01   9.3057538041019572E-01
     550.0000000000000000   2.1854203712289067E+01   9.1897784658039217E-01
     560.0000000000000000   2.2171028134496115E+01   9.0774667660484554E-01
     570.0000000000000000   2.2487044081848445E+01   8.9686416457786888E-01
     580.0000000000000000   2.2802270700991812E+01   8.8631381689625255E-01
     590.0000000000000000   2.3119132508500716E+01   8.7475030356111982E-01
     600.0000000000000000   2.3432808069466692E+01   8.6484298240636415E-01
     610.0000000000000000   2.3745748206136547E+01   8.5522300872779877E-01
     620.0000000000000000   2.4060320488202905E+01   8.4461660765012747E-01
     630.0000000000000000   2.4371809244172152E+01   8.3555667963400926E-01
     640.0000000000000000   2.4682610850103437E+01   8.2674689366422760E-01
     650.0000000000000000   2.4995033647152344E+01   8.1697860544542700E-01
     660.0000000000000000   2.5304473990067660E+01   8.0865933302933823E-01
     670.0000000000000000   2.5615535526681825E+01   7.9939852289470492E-01
     680.0000000000000000   2.5923669223749751E+01   7.9152950151519907E-01
     690.0000000000000000   2.6233421222875563E+01   7.8273609052980475E-01
     700.0000000000000000   2.6540299862561177E+01   7.7528109944731327E-01
     710.0000000000000000   2.6848790384020695E+01   7.6691937757425244E-01
     718.9990000000000236   2.7125654749973357E+01   7.5968275875758828E-01
     719.0009999999999764   2.7125716720306269E+01   7.5968092853297986E-01
     720.0000000000000000   2.7156667726698817E+01   7.5876801479728873E-01
     730.0000000000000000   2.7461736534630067E+01   7.5188378513514131E-01
     740.0000000000000000   2.7768420409981594E+01   7.4411599911189319E-01
     750.0000000000000000   2.8074518873469259E+01   7.3653781596241619E-01
     760.0000000000000000   2.8377878448614887E+01   7.3015980201634445E-01
     760.9990000000000236   2.8408585818176991E+01   7.2932722937945982E-01
     761.0009999999999764   2.8408647288932251E+01   7.2932556457730480E-01
     770.0000000000000000   2.8682846789462946E+01   7.2292336470508611E-01
     780.0000000000000000   2.8987257876466760E+01   7.1585739660356795E-01
     790.0000000000000000   2.9288996085044847E+01   7.0993210105561166E-01
     800.0000000000000000   2.9592334155570157E+01   7.0317223701751796E-01
     810.0000000000000000   2.9895142562742830E+01   6.9656550558299246E-01
     820.0000000000000000   3.0197428569371304E+01   6.9010713386453582E-01
     830.0000000000000000   3.0497123396538857E+01   6.8471719543889564E-01
     840.0000000000000000   3.0798405898269625E+01   6.7852420526582802E-01
     850.0000000000000000   3.1099191212524762E+01   6.7246496191257465E-01
     860.0000000000000000   3.1399485972062365E+01   6.6653545613634346E-01
     870.0000000000000000   3.1699298638234840E+01   6.6073098514084083E-01
     880.0000000000000000   3.1996611051274765E+01   6.5591750144263650E-01
     887.9990000000000236   3.2237339435009019E+01   6.5075580120204668E-01
     888.0009999999999764   3.2237399585950911E+01   6.5075452238011255E-01
     890.0000000000000000   3.2295495298679221E+01   6.5033756539694598E-01
     900.0000000000000000   3.2593918990392844E+01   6.4487119686786309E-01
     910.0000000000000000   3.2891888129662561E+01   6.3951511967845642E-01
     920.0000000000000000   3.3189409043329142E+01   6.3426599259596916E-01
     930.0000000000000000   3.3486488313928753E+01   6.2912044066063044E-01
     940.0000000000000000   3.3783132611934363E+01   6.2407512756043348E-01
     950.0000000000000000   3.4079348424909774E+01   6.1912686448594489E-01
     960.0000000000000000   3.4375141880794004E+01   6.1427267553244536E-01
     970.0000000000000000   3.4670518732592782E+01   6.0950979593815591E-01
     980.0000000000000000   3.4965484445906178E+01   6.0483562972226768E-01
     990.0000000000000000   3.5260044299815007E+01   6.0024770452981369E-01
    1000.0000000000000000   3.5554203451264051E+01   5.9574364233403643E-01
    1100.0000000000000000   3.8474835479251773E+01   5.5484239067920971E-01
    1200.0000000000000000   4.1362207698832393E+01   5.1959269468141789E-01
    1300.0000000000000000   4.4219841310798593E+01   4.8878072645491299E-01
    1400.0000000000000000   4.7050701369607872E+01   4.6150300654725163E-01
    1500.0000000000000000   4.9855545535398370E+01   4.3760650155537895E-01
    1600.0000000000000000   5.2636541697512612E+01   4.1649406079385998E-01
    1700.0000000000000000   5.5397201943205161E+01   3.9724304805662158E-01
    1800.0000000000000000   5.8139102674592039E+01   3.7955193310892765E-01
    1900.0000000000000000   6.0860329375392595E+01   3.6402163485970834E-01
    2000.0000000000000000   6.3565375971113625E+01   3.4955785529963884E-01
    2100.0000000000000000   6.6253763176612154E+01   3.3638151197435751E-01
    2200.0000000000000000   6.8926440962546565E+01   3.2433339378862081E-01
    2300.0000000000000000   7.1585856343713573E+01   3.1292292573509572E-01
    2400.0000000000000000   7.4231158074900350E+01   3.0242281899418888E-01
    2500.0000000000000000   7.6863097303693849E+01   2.9272437502604759E-01
    2600.0000000000000000   7.9482480338458856E+01   2.8370873990454532E-01
    2700.0000000000000000   8.2090032194131709E+01   2.7528077953587082E-01
    2800.0000000000000000   8.4685729787958451E+01   2.6748591879763156E-01
    2900.0000000000000000   8.7271909347454482E+01   2.5992167774155228E-01
    3000.0000000000000000   8.9846278874829366E+01   2.5306590925698536E-01
    3100.0000000000000000   9.2412183369135249E+01   2.4633852444726281E-01
    3200.0000000000000000   9.4967723469537944E+01   2.4011723541035962E-01
    3300.0000000000000000   9.7514429390398575E+01   2.3417442696313495E-01
    3400.0000000000000000   1.0005206014292412E+02   2.2857376043346642E-01
    3500.0000000000000000   1.0258088209725820E+02   2.2329672598167932E-01
    3600.0000000000000000   1.0510142375861483E+02   2.1828291831376287E-01
    3700.0000000000000000   1.0761451069639527E+02   2.1344194417228810E-01
    3800.0000000000000000   1.1011866688935153E+02   2.0899965320783259E-01
    3900.0000000000000000   1.1261700060588652E+02   2.0451693356139769E-01
    3932.9989999999997963   1.1343971794275579E+02   2.0309991517230228E-01
    3933.0010000000002037   1.1343976755153879E+02   2.0309986085436374E-01
    4000.0000000000000000   1.1510711537741977E+02   2.0038524681939973E-01
    4100.0000000000000000   1.1759098532307821E+02   1.9631517550163510E-01
    4159.9989999999997963   1.1907701448085238E+02   1.9409873675829292E-01
    4160.0010000000002037   1.1907706427744637E+02   1.9409862337470143E-01
    4200.0000000000000000   1.2006669171502931E+02   1.9260966857027950E-01
    4300.0000000000000000   1.2253741220087836E+02   1.8883146450031429E-01
    4400.0000000000000000   1.2500163299513133E+02   1.8522740810399571E-01
    4468.9989999999997963   1.2669771368153768E+02   1.8289201266541932E-01
    4469.0010000000002037   1.2669776273487612E+02   1.8289195217079254E-01
    4500.0000000000000000   1.2745733540559866E+02   1.8205243569869742E-01
    4600.0000000000000000   1.2990992110269971E+02   1.7862925667946034E-01
    4700.0000000000000000   1.3235490815579624E+02   1.7553274597025201E-01
    4800.0000000000000000   1.3479401753919188E+02   1.7257219539384849E-01
    4900.0000000000000000   1.3722838184354794E+02   1.6961867701420341E-01
    5000.0000000000000000   1.3965701986003785E+02   1.6679668653436991E-01
    5100.0000000000000000   1.4208009050092625E+02   1.6409695673964822E-01
    5200.0000000000000000   1.4449771033684101E+02   1.6151435612703552E-01
    5300.0000000000000000   1.4690988405905307E+02   1.5905528327241225E-01
    5400.0000000000000000   1.4931801600737990E+02   1.5657572363763936E-01
    5500.0000000000000000   1.5172178544796589E+02   1.5413041172627800E-01
    5600.0000000000000000   1.5411839886375913E+02   1.5201061360726523E-01
    5700.0000000000000000   1.5651323982980301E+02   1.4964385611778155E-01
    5800.0000000000000000   1.5890161154587003E+02   1.4755800773849281E-01
    5900.0000000000000000   1.6128661833952870E+02   1.4541794766653421E-01
    6000.0000000000000000   1.6366581119299508E+02   1.4347961379644264E-01
    6100.0000000000000000   1.6604216711227696E+02   1.4147348078686986E-01
    6200.0000000000000000   1.6841391208738136E+02   1.3954766837141952E-01
    6300.0000000000000000   1.7077984205328559E+02   1.3783829349464879E-01
    6400.0000000000000000   1.7314322147126245E+02   1.3604871818288838E-01
    6500.0000000000000000   1.7550276910161426E+02   1.3429494046064960E-01
    6600.0000000000000000   1.7785897333867766E+02   1.3252469115195839E-01
    6700.0000000000000000   1.8021034924016814E+02   1.3090370205864887E-01
    6800.0000000000000000   1.8255851568631792E+02   1.2926604553689075E-01
    6900.0000000000000000   1.8490215762130012E+02   1.2775580392780742E-01
    7000.0000000000000000   1.8724268076233179E+02   1.2622774459292044E-01
    7100.0000000000000000   1.8957897834013613E+02   1.2479071712880384E-01
    7200.0000000000000000   1.9191256932178848E+02   1.2334022827929059E-01
    7300.0000000000000000   1.9424463656500117E+02   1.2175738243210213E-01
    7400.0000000000000000   1.9657018471550148E+02   1.2047916408154596E-01
    7500.0000000000000000   1.9889229347525500E+02   1.1922713610309672E-01
    7600.0000000000000000   2.0121404117023516E+02   1.1776691320776207E-01
    7700.0000000000000000   2.0353032108910224E+02   1.1653931776685927E-01
    7800.0000000000000000   2.0584189670809133E+02   1.1544331698711326E-01
    7900.0000000000000000   2.0815532200135289E+02   1.1398658607135173E-01
    8000.0000000000000000   2.1046112745171840E+02   1.1290850898752552E-01
    8100.0000000000000000   2.1276746672866116E+02   1.1158914818581701E-01
    8200.0000000000000000   2.1506594887980987E+02   1.1066949991478600E-01
    8300.0000000000000000   2.1736668573496817E+02   1.0937817421792261E-01
    8400.0000000000000000   2.1965934250553832E+02   1.0849112384839965E-01
    8500.0000000000000000   2.2195504558481238E+02   1.0719096691574702E-01
    8600.0000000000000000   2.2424545226559144E+02   1.0609682404404046E-01
    8700.0000000000000000   2.2652854592907354E+02   1.0536984206116148E-01
    8800.0000000000000000   2.2881539871793561E+02   1.0417322854193097E-01
    8900.0000000000000000   2.3109806893013766E+02   1.0312110825859767E-01
    9000.0000000000000000   2.3337496937684995E+02   1.0228894583159782E-01
    9100.0000000000000000   2.3565052606989087E+02   1.0139171894538312E-01
    9200.0000000000000000   2.3792668664064780E+02   1.0028642113624033E-01
    9300.0000000000000000   2.4019671730074526E+02   9.9461875184388676E-02
    9400.0000000000000000   2.4246687708263258E+02   9.8453959639597952E-02
    9500.0000000000000000   2.4473290171485215E+02   9.7580714304155033E-02
    9600.0000000000000000   2.4699418198917047E+02   9.6886954462154881E-02
    9700.0000000000000000   2.4925359536952431E+02   9.6171511179694760E-02
    9800.0000000000000000   2.5151216275936432E+02   9.5360650529086946E-02
    9900.0000000000000000   2.5376891759638028E+02   9.4522391986879090E-02
   10000.0000000000000000   2.5602323768570568E+02   9.3703690311534388E-02
   11000.0000000000000000   2.7844363819656803E+02   8.6226366954804276E-02
   12000.0000000000000000   3.0065241142398804E+02   8.0119948209698005E-02
   13000.0000000000000000   3.2266985282588172E+02   7.5130776842603636E-02
   14000.0000000000000000   3.4452598568364573E+02   7.0322569715442762E-02
   15000.0000000000000000   3.6622624343887242E+02   6.6142525212899955E-02
   16000.0000000000000000   3.8777961059203881E+02   6.2611223611789793E-02
   17000.0000000000000000   4.0919081391742424E+02   5.9856882328182731E-02
   18000.0000000000000000   4.3049412907448209E+02   5.6771835884722351E-02
   19000.0000000000000000   4.5168267189792863E+02   5.4044240421502431E-02
   20000.0000000000000000   4.7275913780659221E+02   5.1626862326949567E-02
   21000.0000000000000000   4.9372274051892737E+02   4.9821213625904991E-02
   22000.0000000000000000   5.1460899585382617E+02   4.7609191182191854E-02
   23000.0000000000000000   5.3539161217868400E+02   4.5814014172246877E-02
   24000.0000000000000000   5.5609563552691657E+02   4.4178070021996856E-02
   25000.0000000000000000   5.7671102958286872E+02   4.2783150862582893E-02
   26000.0000000000000000   5.9724973496265568E+02   4.1417239042906007E-02
   27000.0000000000000000   6.1770780563937569E+02   4.0312605971448361E-02
   28000.0000000000000000   6.3810903661574798E+02   3.8715357543083445E-02
   29000.0000000000000000   6.5843830240983789E+02   3.7661053263301679E-02
   29203.9989999999997963   6.6258643340507990E+02   3.7201732309036235E-02
   29204.0010000000002037   6.6258647436446893E+02   3.7201726501259871E-02
   30000.0000000000000000   6.7870326301741500E+02   3.6363552679299381E-02
   31000.0000000000000000   6.9891104399540097E+02   3.5305972825325369E-02
   32000.0000000000000000   7.1904310760072281E+02   3.4464349056971148E-02
   33000.0000000000000000   7.3911070123870763E+02   3.3676822257620816E-02
   34000.0000000000000000   7.5913201526399075E+02   3.2833240368683118E-02
   35000.0000000000000000   7.7911519308051004E+02   3.1808581970985461E-02
   36000.0000000000000000   7.9903399586360149E+02   3.1117435631650044E-02
   37000.0000000000000000   8.1889703086359066E+02   3.0524543393875340E-02
   38000.0000000000000000   8.3871474721756886E+02   2.9653930844569191E-02
   39000.0000000000000000   8.5846327409260209E+02   2.9398619718671810E-02
   40000.0000000000000000   8.7821059556559646E+02   2.8592274559946292E-02
   41000.0000000000000000   8.9786206306186932E+02   2.8117322099750101E-02
   42000.0000000000000000   9.1753270541383881E+02   2.7249729708946235E-02
   43000.0000000000000000   9.3712458267758109E+02   2.6532056297470311E-02
   44000.0000000000000000   9.5667221486067695E+02   2.6013773255728533E-02
   45000.0000000000000000   9.7619899025262464E+02   2.5571768957668852E-02
   46000.0000000000000000   9.9568061957294151E+02   2.4972175981882196E-02
   47000.0000000000000000   1.0150865097285953E+03   2.4732099432166643E-02
   48000.0000000000000000   1.0344778545985994E+03   2.4205302471242883E-02
   49000.0000000000000000   1.0538437998248837E+03   2.3764575880681853E-02
   50000.0000000000000000   1.0731550644180400E+03   2.3716149393076251E-02
