       0.1000000000000000   4.9475449807964068E+01   5.9113990800224757E-04
       0.2000000000000000   4.2972130393890701E+01   1.1781508387196269E-03
       0.3000000000000000   4.0477260271131847E+01   1.7848949218101516E-03
       0.4000000000000000   3.9222350383296749E+01   2.3876909367840211E-03
       0.5000000000000000   3.8345337864481650E+01   3.0065851276503863E-03
       0.6000000000000000   3.7652430133198955E+01   3.6426804723619041E-03
       0.7000000000000000   3.7066544901683201E+01   4.2970975950287179E-03
       0.7999999999999999   3.6546351711224354E+01   4.9706317979242715E-03
       0.8999999999999999   3.6073147468171960E+01   5.6624556206992162E-03
       0.9999999999999999   3.5628665204102404E+01   6.3749202903108336E-03
       2.0000000000000000   3.1909608810584089E+01   1.4658670382755520E-02
       3.0000000000000000   2.8810598727560325E+01   2.5188505375000645E-02
       4.0000000000000000   2.6179570601034907E+01   3.7999227959591389E-02
       5.0000000000000000   2.3964268227554573E+01   5.3008043808793849E-02
       6.0000000000000000   2.2100885845712618E+01   7.0089127172545673E-02
       7.0000000000000000   2.0526004358604943E+01   8.9108635418017335E-02
       8.0000000000000000   1.9183361818364446E+01   1.0995133139568129E-01
       9.0000000000000000   1.8027078862056104E+01   1.3252532817025198E-01
      10.0000000000000000   1.7020768303202303E+01   1.5676313192909197E-01
      11.0000000000000000   1.6136145360973952E+01   1.8261710057053787E-01
      12.0000000000000000   1.5351167678884602E+01   2.1005568598189064E-01
      13.0000000000000000   1.4648632769997119E+01   2.3906137940738167E-01
      14.0000000000000000   1.4014900404830708E+01   2.6962920249041128E-01
      15.0000000000000000   1.3439162935599631E+01   3.0176354092144053E-01
      16.0000000000000000   1.2912794096090952E+01   3.3547531259749286E-01
      17.0000000000000000   1.2428788416971171E+01   3.7078242989393623E-01
      18.0000000000000000   1.1981466682444420E+01   4.0770665273619239E-01
      19.0000000000000000   1.1566164900267447E+01   4.4627275000987471E-01
      20.0000000000000000   1.1179031866077121E+01   4.8650742011487597E-01
      21.0000000000000000   1.0816870234669562E+01   5.2843753506474533E-01
      22.0000000000000000   1.0477023512594426E+01   5.7208798949870621E-01
      23.0000000000000000   1.0157266109534540E+01   6.1748055418793368E-01
      24.0000000000000000   9.8557259828022747E+00   6.6463251017758207E-01
      25.0000000000000000   9.5708315964155997E+00   7.1355399326880953E-01
      26.0000000000000000   9.3012589793383054E+00   7.6424623873289066E-01
      27.0000000000000000   9.0458918265469652E+00   8.1669946591220310E-01
      28.0000000000000000   8.8037888462725977E+00   8.7089069831200938E-01
      29.0000000000000000   8.5741537879681591E+00   9.2678183642459655E-01
      30.0000000000000000   8.3563134745035867E+00   9.8431764618541351E-01
      31.0000000000000000   8.1496950794544176E+00   1.0434242678011925E+00
      32.0000000000000000   7.9538099079542040E+00   1.1040078058905958E+00
      33.0000000000000000   7.7682346843988199E+00   1.1659539244847774E+00
      34.0000000000000000   7.5925986348071399E+00   1.2291276530809012E+00
      35.0000000000000000   7.4265699905053850E+00   1.2933741482110257E+00
      36.0000000000000000   7.2698447642323210E+00   1.3585201876502122E+00
      37.0000000000000000   7.1221369394034051E+00   1.4243764396517971E+00
      38.0000000000000000   6.9831703376178451E+00   1.4907404356791940E+00
      39.0000000000000000   6.8526720176004865E+00   1.5574001272332925E+00
      40.0000000000000000   6.7303675862405159E+00   1.6241378228837791E+00
      41.0000000000000000   6.6159776381040576E+00   1.6907343766710725E+00
      42.0000000000000000   6.5092160574423454E+00   1.7569733107781731E+00
      43.0000000000000000   6.4097894329184255E+00   1.8226447472434397E+00
      44.0000000000000000   6.3173976455527043E+00   1.8875488919409387E+00
      45.0000000000000000   6.2317349778750311E+00   1.9514990814790216E+00
      46.0000000000000000   6.1524921968351460E+00   2.0143241070259172E+00
      47.0000000000000000   6.0793587385449142E+00   2.0758699370070066E+00
      48.0000000000000000   6.0120250933045973E+00   2.1360007823317209E+00
      49.0000000000000000   5.9501851426088379E+00   2.1945995628266930E+00
      50.0000000000000000   5.8935383431082853E+00   2.2515678439692155E+00
      51.0000000000000000   5.8417916348269063E+00   2.3068253355272343E+00
      52.0000000000000000   5.7946610935446969E+00   2.3603090360869019E+00
      53.0000000000000000   5.7518732239598407E+00   2.4119721217033034E+00
      54.0000000000000000   5.7131659487033097E+00   2.4617826584680289E+00
      55.0000000000000000   5.6782892711835435E+00   2.5097222205500254E+00
      56.0000000000000000   5.6470057102279254E+00   2.5557844753603960E+00
      57.0000000000000000   5.6190906051035361E+00   2.5999736122628541E+00
      58.0000000000000000   5.5943317900814060E+00   2.6423032252660050E+00
      59.0000000000000000   5.5725295885821353E+00   2.6827948665610322E+00
      60.0000000000000000   5.5534966956613570E+00   2.7214766646404973E+00
      61.0000000000000000   5.5370573717928560E+00   2.7583825234443191E+00
      62.0000000000000000   5.5230472309944627E+00   2.7935508915526430E+00
      63.0000000000000000   5.5113126498430729E+00   2.8270239049616026E+00
      64.0000000000000000   5.5017102052110189E+00   2.8588465783533779E+00
      65.0000000000000000   5.4941061088308141E+00   2.8890660935343639E+00
      66.0000000000000000   5.4883756348378325E+00   2.9177311790798623E+00
      67.0000000000000000   5.4844025558167848E+00   2.9448915738715615E+00
      68.0000000000000000   5.4820785943119761E+00   2.9705975669938272E+00
      69.0000000000000000   5.4813028925522804E+00   2.9948996065091831E+00
      70.0000000000000000   5.4819815075697234E+00   3.0178479694500258E+00
      71.0000000000000000   5.4840269279958154E+00   3.0394924866595683E+00
      72.0000000000000000   5.4873576216461784E+00   3.0598823151600993E+00
      73.0000000000000000   5.4918976078652859E+00   3.0790657526267933E+00
      74.0000000000000000   5.4975760573690104E+00   3.0970900882691206E+00
      75.0000000000000000   5.5043269019096916E+00   3.1140014986305831E+00
      76.0000000000000000   5.5120885535179482E+00   3.1298449032296594E+00
      76.9989999999999952   5.5207943062506173E+00   3.1446496569716587E+00
      77.0000000000000000   5.5208034791574701E+00   3.1446639785965971E+00
      77.0010000000000048   5.5208126529635875E+00   3.1446782992396547E+00
      78.0000000000000000   5.5304179690241053E+00   3.1585010562600409E+00
      79.0000000000000000   5.5408818411045084E+00   3.1713971056958203E+00
      80.0000000000000000   5.5521481837389093E+00   3.1833917176494273E+00
      81.0000000000000000   5.5641731174109603E+00   3.1945230992372706E+00
      82.0000000000000000   5.5769155750564545E+00   3.2048280788331667E+00
      83.0000000000000000   5.5903370990392798E+00   3.2143421189711190E+00
      84.0000000000000000   5.6044016525380949E+00   3.2230993358786124E+00
      85.0000000000000000   5.6190754472528806E+00   3.2311325242247468E+00
      86.0000000000000000   5.6343267831913062E+00   3.2384731860952924E+00
      87.0000000000000000   5.6501258983435783E+00   3.2451515652592482E+00
      88.0000000000000000   5.6664448442277067E+00   3.2511966736669042E+00
      89.0000000000000000   5.6832573423236239E+00   3.2566363403038894E+00
      90.0000000000000000   5.7005386794901352E+00   3.2614972406489198E+00
      91.0000000000000000   5.7182655981390758E+00   3.2658049372436673E+00
      92.0000000000000000   5.7364161969350258E+00   3.2695839185594164E+00
      93.0000000000000000   5.7549698391484032E+00   3.2728576379036394E+00
      94.0000000000000000   5.7739070679072793E+00   3.2756485520995406E+00
      95.0000000000000000   5.7932095277788527E+00   3.2779781597189204E+00
      96.0000000000000000   5.8128598921933570E+00   3.2798670386912847E+00
      97.0000000000000000   5.8328417962272798E+00   3.2813348831477360E+00
      98.0000000000000000   5.8531397740502946E+00   3.2824005394046303E+00
      99.0000000000000000   5.8737392022908930E+00   3.2830820409074351E+00
     100.0000000000000000   5.8946262447494373E+00   3.2833966423093979E+00
     103.9989999999999952   5.9807767075855693E+00   3.2813068354924919E+00
     104.0010000000000048   5.9808207661253991E+00   3.2813045499859341E+00
     110.0000000000000000   6.1167453130354712E+00   3.2696648722408801E+00
     120.0000000000000000   6.3567210854364991E+00   3.2335665819243027E+00
     120.9989999999999952   6.3814149331284078E+00   3.2290908119074944E+00
     121.0010000000000048   6.3814644823350282E+00   3.2290817199880770E+00
     130.0000000000000000   6.6083839985953929E+00   3.1836556103356917E+00
     140.0000000000000000   6.8678282566911699E+00   3.1254870405895852E+00
     150.0000000000000000   7.1324913531969587E+00   3.0626971621158092E+00
     153.9989999999999952   7.2393829768215294E+00   3.0368609972599949E+00
     154.0010000000000048   7.2394365595536794E+00   3.0368480086181853E+00
     160.0000000000000000   7.4006418059547228E+00   2.9976806937250138E+00
     170.0000000000000000   7.6710809220892573E+00   2.9320186340505932E+00
     180.0000000000000000   7.9429621732447533E+00   2.8667520459242724E+00
     190.0000000000000000   8.2156779798992350E+00   2.8025597899972063E+00
     200.0000000000000000   8.4887865822280695E+00   2.7398755553369201E+00
     210.0000000000000000   8.7603962675173861E+00   2.6825156917296336E+00
     220.0000000000000000   9.0312978916653375E+00   2.6286673330749464E+00
     230.0000000000000000   9.3063808097805474E+00   2.5705540239161753E+00
     240.0000000000000000   9.5743808879994496E+00   2.5230315859618657E+00
     250.0000000000000000   9.8463219535112891E+00   2.4713816104997863E+00
     260.0000000000000000   1.0116742925506420E+01   2.4226863794685647E+00
     270.0000000000000000   1.0385726541495886E+01   2.3766829100173279E+00
     280.0000000000000000   1.0658087253369489E+01   2.3272781760856058E+00
     290.0000000000000000   1.0924269289254866E+01   2.2862288009117862E+00
     300.0000000000000000   1.1193730875808651E+01   2.2418234604223071E+00
     310.0000000000000000   1.1461800239013188E+01   2.1997176524605462E+00
     320.0000000000000000   1.1724211986604299E+01   2.1647586599460813E+00
     330.0000000000000000   1.1989764696122503E+01   2.1265484848405523E+00
     340.0000000000000000   1.2254098753924970E+01   2.0901537749665859E+00
     350.0000000000000000   1.2517264908224222E+01   2.0554412851873760E+00
     360.0000000000000000   1.2783298661328443E+01   2.0178935871405610E+00
     370.0000000000000000   1.3044186083722836E+01   1.9863327397220885E+00
     380.0000000000000000   1.3304040742241513E+01   1.9561189692950280E+00
     390.0000000000000000   1.3566692057336200E+01   1.9231455556291459E+00
     400.0000000000000000   1.3824516336567784E+01   1.8954825526864505E+00
     410.0000000000000000   1.4081420439028348E+01   1.8689159948378604E+00
     420.0000000000000000   1.4341032529448031E+01   1.8396851560831178E+00
     430.0000000000000000   1.4599675183024562E+01   1.8116145546678004E+00
     440.0000000000000000   1.4853853420324542E+01   1.7881445376338096E+00
     450.0000000000000000   1.5110682028851212E+01   1.7621035807228422E+00
     460.0000000000000000   1.5366627873819340E+01   1.7370316621384307E+00
     470.0000000000000000   1.5621717001636449E+01   1.7128735069393317E+00
     480.0000000000000000   1.5875974238010240E+01   1.6895780481221279E+00
     490.0000000000000000   1.6129423293880670E+01   1.6670980029903539E+00
     500.0000000000000000   1.6382086808475155E+01   1.6453895454836693E+00
     510.0000000000000000   1.6633986410305877E+01   1.6244119938671095E+00
     520.0000000000000000   1.6885142784680298E+01   1.6041275246647622E+00
     530.0000000000000000   1.7135575722504576E+01   1.5845009273328192E+00
     540.0000000000000000   1.7385304165682943E+01   1.5654993839775333E+00
     550.0000000000000000   1.7634346262306828E+01   1.5470922618031044E+00
     560.0000000000000000   1.7882719402908652E+01   1.5292509380474502E+00
     570.0000000000000000   1.8130440270274594E+01   1.5119486296557707E+00
     580.0000000000000000   1.8380535626961542E+01   1.4925718281164115E+00
     590.0000000000000000   1.8626962484431722E+01   1.4763227008113102E+00
     600.0000000000000000   1.8872783326475954E+01   1.4605402202583113E+00
     610.0000000000000000   1.9120947265584324E+01   1.4427532216769074E+00
     620.0000000000000000   1.9365561209175983E+01   1.4278874272711786E+00
     630.0000000000000000   1.9609610273769988E+01   1.4134284463473870E+00
     640.0000000000000000   1.9855965083040406E+01   1.3970333802340886E+00
     650.0000000000000000   2.0098885104827986E+01   1.3833775092673357E+00
     660.0000000000000000   2.0344094067914877E+01   1.3678286304253946E+00
     670.0000000000000000   2.0585932553205691E+01   1.3549096555750035E+00
     680.0000000000000000   2.0830040745122204E+01   1.3401399694877090E+00
     690.0000000000000000   2.1070841920348016E+01   1.3278988963238403E+00
     700.0000000000000000   2.1313891615476713E+01   1.3138483519662962E+00
     710.0000000000000000   2.1553696720653459E+01   1.3022324466106654E+00
     720.0000000000000000   2.1795727588664430E+01   1.2888470782253327E+00
     730.0000000000000000   2.2037259609393644E+01   1.2757907263376997E+00
     740.0000000000000000   2.2275624430106603E+01   1.2650402469103701E+00
     750.0000000000000000   2.2516192192614053E+01   1.2525773413811798E+00
     760.0000000000000000   2.2753653050967522E+01   1.2423415178925905E+00
     770.0000000000000000   2.2993290791210065E+01   1.2304301554296242E+00
     780.0000000000000000   2.3232471335438792E+01   1.2187934525989965E+00
     790.0000000000000000   2.3471203087330643E+01   1.2074211518405018E+00
     800.0000000000000000   2.3706917405610927E+01   1.1981340082200425E+00
     810.0000000000000000   2.3944780052774750E+01   1.1872404926041742E+00
     820.0000000000000000   2.4182215306503526E+01   1.1765858076859730E+00
     830.0000000000000000   2.4419230400780290E+01   1.1661616230175826E+00
     840.0000000000000000   2.4653315494655210E+01   1.1576976402143979E+00
     850.0000000000000000   2.4889516121308603E+01   1.1476918176690107E+00
     860.0000000000000000   2.5125315443641590E+01   1.1378954141750108E+00
     870.0000000000000000   2.5360719906518632E+01   1.1283014768976953E+00
     880.0000000000000000   2.5595735422632629E+01   1.1189036016786043E+00
     890.0000000000000000   2.5830367491326577E+01   1.1096958296422004E+00
     900.0000000000000000   2.6062183553734194E+01   1.1022871876863380E+00
     910.0000000000000000   2.6296072856644667E+01   1.0934246113267596E+00
     920.0000000000000000   2.6529595224966325E+01   1.0847356335028371E+00
     930.0000000000000000   2.6762755984481363E+01   1.0762149776950682E+00
     940.0000000000000000   2.6995560231522290E+01   1.0678576458986284E+00
     950.0000000000000000   2.7228012868872934E+01   1.0596588845718251E+00
     960.0000000000000000   2.7460118663344524E+01   1.0516141391004015E+00
     970.0000000000000000   2.7691882275594747E+01   1.0437190278012629E+00
     980.0000000000000000   2.7923308281326531E+01   1.0359693230975406E+00
     990.0000000000000000   2.8154401168128405E+01   1.0283609474150428E+00
    1000.0000000000000000   2.8385165337978592E+01   1.0208899666038289E+00
    1100.0000000000000000   3.0675630448621927E+01   9.5296738742843079E-01
    1200.0000000000000000   3.2941720312116793E+01   8.9297304707097058E-01
    1300.0000000000000000   3.5181918883270683E+01   8.4144278271663864E-01
    1400.0000000000000000   3.7398804269236564E+01   7.9665945413329264E-01
    1500.0000000000000000   3.9596466572450026E+01   7.5641674575948703E-01
    1563.9990000000000236   4.0993541214714206E+01   7.3271731820469721E-01
    1564.0009999999999764   4.0993584994289265E+01   7.3271649340127953E-01
    1600.0000000000000000   4.1776563983117860E+01   7.1992746070423430E-01
    1700.0000000000000000   4.3938657884177303E+01   6.8739870455165253E-01
    1800.0000000000000000   4.6084061319366675E+01   6.5821944101737329E-01
    1843.9990000000000236   4.7022398606179443E+01   6.4657699399976953E-01
    1844.0009999999999764   4.7022441428141036E+01   6.4657637772942944E-01
    1900.0000000000000000   4.8213983196921667E+01   6.3187712416478892E-01
    2000.0000000000000000   5.0331203709495952E+01   6.0727616809532814E-01
    2100.0000000000000000   5.2434824945420097E+01   5.8484694895863221E-01
    2200.0000000000000000   5.4527416674740792E+01   5.6365899861114688E-01
    2300.0000000000000000   5.6606121027446683E+01   5.4482503211797950E-01
    2400.0000000000000000   5.8675170101643594E+01   5.2684255450548323E-01
    2500.0000000000000000   6.0733335139854660E+01   5.1021283172218213E-01
    2600.0000000000000000   6.2781192506937955E+01   4.9477789353807577E-01
    2700.0000000000000000   6.4819254686857846E+01   4.8040687312832103E-01
    2800.0000000000000000   6.6847895900831787E+01   4.6701400661662745E-01
    2900.0000000000000000   6.8869279661125219E+01   4.5397096988431568E-01
    3000.0000000000000000   7.0880417508989098E+01   4.4223911446952824E-01
    3100.0000000000000000   7.2885040308832572E+01   4.3072529554407657E-01
    3200.0000000000000000   7.4881633918320574E+01   4.1992034138897572E-01
    3300.0000000000000000   7.6870770982010114E+01   4.0969641783532895E-01
    3400.0000000000000000   7.8852550662652320E+01   4.0005009615724474E-01
    3500.0000000000000000   8.0827198466209452E+01   3.9094465132205741E-01
    3600.0000000000000000   8.2795043743574510E+01   3.8231796126690304E-01
    3700.0000000000000000   8.4756559542072964E+01   3.7407842497243443E-01
    3800.0000000000000000   8.6712945263558765E+01   3.6593246457840189E-01
    3900.0000000000000000   8.8661827469838883E+01   3.5852108602274796E-01
    4000.0000000000000000   9.0606179073320504E+01   3.5111903568585112E-01
    4100.0000000000000000   9.2543549943486170E+01   3.4434483438851354E-01
    4200.0000000000000000   9.4476381824232561E+01   3.3762719201147162E-01
    4300.0000000000000000   9.6402644313773550E+01   3.3146946287394669E-01
    4400.0000000000000000   9.8325436836085871E+01   3.2517809281354099E-01
    4500.0000000000000000   1.0024214956934102E+02   3.1934677355497781E-01
    4600.0000000000000000   1.0215467646693079E+02   3.1359707306941670E-01
    4700.0000000000000000   1.0406046037757527E+02   3.0846899065272659E-01
    4800.0000000000000000   1.0596317455477370E+02   3.0320358332061514E-01
    4900.0000000000000000   1.0786153929312060E+02   2.9809201156839521E-01
    5000.0000000000000000   1.0975527975084016E+02   2.9319822460058786E-01
    5100.0000000000000000   1.1164450896921588E+02   2.8851073241196568E-01
    5200.0000000000000000   1.1352931996531717E+02   2.8402074185453791E-01
    5300.0000000000000000   1.1540976236097279E+02   2.7972601130561786E-01
    5400.0000000000000000   1.1728622743419429E+02   2.7556347013512428E-01
    5500.0000000000000000   1.1916074079236392E+02   2.7117055788139027E-01
    5600.0000000000000000   1.2102938899453791E+02   2.6728612414312769E-01
    5700.0000000000000000   1.2289424906263862E+02   2.6351652028867673E-01
    5800.0000000000000000   1.2475612338823518E+02   2.5975974642933924E-01
    5900.0000000000000000   1.2661436863085031E+02   2.5609015428799120E-01
    6000.0000000000000000   1.2846858791178951E+02   2.5263889932952033E-01
    6100.0000000000000000   1.3031998778614704E+02   2.4917536294565501E-01
    6200.0000000000000000   1.3216732028376720E+02   2.4590233595939212E-01
    6300.0000000000000000   1.3401103168336283E+02   2.4279065107613865E-01
    6400.0000000000000000   1.3585205366083758E+02   2.3967808702078733E-01
    6500.0000000000000000   1.3769062330353762E+02   2.3651775945735345E-01
    6600.0000000000000000   1.3952525353019439E+02   2.3357324725098971E-01
    6700.0000000000000000   1.4135708321805998E+02   2.3065672681437491E-01
    6800.0000000000000000   1.4318545645486904E+02   2.2788759038433387E-01
    6900.0000000000000000   1.4501106605985780E+02   2.2515275581070385E-01
    7000.0000000000000000   1.4683316467773659E+02   2.2258158327537461E-01
    7100.0000000000000000   1.4865288929241652E+02   2.1998949328198630E-01
    7200.0000000000000000   1.5046974025820103E+02   2.1746164248117744E-01
    7300.0000000000000000   1.5228367273890629E+02   2.1503891824740590E-01
    7400.0000000000000000   1.5409621634633697E+02   2.1248374408550771E-01
    7500.0000000000000000   1.5590386974148791E+02   2.1029714884335543E-01
    7600.0000000000000000   1.5770930019769688E+02   2.0808156931014937E-01
    7700.0000000000000000   1.5951457713461031E+02   2.0560570864501113E-01
    7800.0000000000000000   1.6131392529865818E+02   2.0364091176047627E-01
    7900.0000000000000000   1.6311314903386264E+02   2.0137968086349528E-01
    8000.0000000000000000   1.6490917429959626E+02   1.9928295112763927E-01
    8100.0000000000000000   1.6670244451702283E+02   1.9725877828788679E-01
    8200.0000000000000000   1.6849324460191716E+02   1.9531222644931076E-01
    8300.0000000000000000   1.7028260759795884E+02   1.9325611278130678E-01
    8400.0000000000000000   1.7206810966125425E+02   1.9145476903238853E-01
    8500.0000000000000000   1.7385339964529632E+02   1.8943111771961532E-01
    8600.0000000000000000   1.7563363174199208E+02   1.8777383130624564E-01
    8700.0000000000000000   1.7741329070804767E+02   1.8598142299995218E-01
    8800.0000000000000000   1.7919199164387160E+02   1.8404659749811456E-01
    8900.0000000000000000   1.8096596917774423E+02   1.8245475583911791E-01
    9000.0000000000000000   1.8273822415373061E+02   1.8085844559548891E-01
    9100.0000000000000000   1.8451033051414245E+02   1.7905625060091088E-01
    9200.0000000000000000   1.8627964208737285E+02   1.7737347957501096E-01
    9300.0000000000000000   1.8804664974848578E+02   1.7574135284604286E-01
    9400.0000000000000000   1.8980982640091332E+02   1.7434305700166278E-01
    9500.0000000000000000   1.9157160375016309E+02   1.7290487951358616E-01
    9600.0000000000000000   1.9333298148110035E+02   1.7132008180116776E-01
    9700.0000000000000000   1.9509255486590840E+02   1.6974907918255824E-01
    9800.0000000000000000   1.9684978305622451E+02   1.6825131047794056E-01
    9900.0000000000000000   1.9860363640859234E+02   1.6695850904441598E-01
   10000.0000000000000000   2.0035668330092003E+02   1.6555183905769821E-01
   11000.0000000000000000   2.1778786467612520E+02   1.5275419155639861E-01
   12000.0000000000000000   2.3504829073353119E+02   1.4225566996152555E-01
   13000.0000000000000000   2.5216277607697052E+02   1.3284548340257624E-01
   14000.0000000000000000   2.6913887867492969E+02   1.2480599054911758E-01
   15000.0000000000000000   2.8598767459853138E+02   1.1795413025329660E-01
   16000.0000000000000000   3.0272369948077795E+02   1.1173233546604910E-01
   17000.0000000000000000   3.1935766327978058E+02   1.0582908788500020E-01
   18000.0000000000000000   3.3589139718934206E+02   1.0063935993072756E-01
   19000.0000000000000000   3.5233018141088263E+02   9.6177470125039799E-02
   20000.0000000000000000   3.6867370013139447E+02   9.2581834622599335E-02
   21000.0000000000000000   3.8495333404607862E+02   8.8261591971940917E-02
   22000.0000000000000000   4.0114255761463642E+02   8.5127013467734325E-02
   23000.0000000000000000   4.1726261772560076E+02   8.1963924603480329E-02
   24000.0000000000000000   4.3332502270196568E+02   7.8575032636393496E-02
   25000.0000000000000000   4.4930520260503488E+02   7.6233176317942714E-02
   26000.0000000000000000   4.6523446223014622E+02   7.3439539772948648E-02
   27000.0000000000000000   4.8109686356291866E+02   7.1251310181982205E-02
   28000.0000000000000000   4.9690614486578409E+02   6.8966008394598766E-02
   29000.0000000000000000   5.1265946904621057E+02   6.6841176739191155E-02
   30000.0000000000000000   5.2835965677051252E+02   6.5050034285054570E-02
   31000.0000000000000000   5.4401254488186089E+02   6.3189193533716922E-02
   32000.0000000000000000   5.5961016136875151E+02   6.1544624893270242E-02
   33000.0000000000000000   5.7516839286252730E+02   5.9800598472794474E-02
   34000.0000000000000000   5.9067994549539389E+02   5.8273265839170897E-02
   35000.0000000000000000   6.0614842354230518E+02   5.6825070180318044E-02
   36000.0000000000000000   6.2157403279580319E+02   5.5473221809668682E-02
   37000.0000000000000000   6.3696302275901758E+02   5.4136554663690183E-02
   38000.0000000000000000   6.5230181937420593E+02   5.3316506602238675E-02
   39000.0000000000000000   6.6760825835914989E+02   5.1905155749176424E-02
   40000.0000000000000000   6.8288088280669001E+02   5.0932663400973396E-02
   41000.0000000000000000   6.9811188980638303E+02   4.9893559032692117E-02
   42000.0000000000000000   7.1333168241727537E+02   4.8463591922659588E-02
   43000.0000000000000000   7.2846989350865658E+02   4.8177200446148150E-02
   44000.0000000000000000   7.4363857485299093E+02   4.6480262286472583E-02
   45000.0000000000000000   7.5872398351517234E+02   4.6010791592209555E-02
   46000.0000000000000000   7.7379388337414127E+02   4.4938544449707060E-02
   47000.0000000000000000   7.8883141538679547E+02   4.4240082574608167E-02
   48000.0000000000000000   8.0385393926532652E+02   4.3372426918220360E-02
   49000.0000000000000000   8.1884744380371080E+02   4.2446156022346422E-02
   50000.0000000000000000   8.3379701790965419E+02   4.1815203485827956E-02
