       0.1000000000000000   1.0546233834297734E+01   2.7612648904720722E-03
       0.2000000000000000   9.3005550050520096E+00   5.3834520562649549E-03
       0.3000000000000000   8.8958751295543834E+00   7.9740622901498560E-03
       0.4000000000000000   8.7498083277724756E+00   1.0434636298048671E-02
       0.5000000000000000   8.6822347833425990E+00   1.2854967635093476E-02
       0.6000000000000000   8.6522165627557825E+00   1.5240606649531552E-02
       0.7000000000000000   8.6437303476557972E+00   1.7596556937917878E-02
       0.7999999999999999   8.6480090361840780E+00   1.9926427575891009E-02
       0.8999999999999999   8.6609756386034640E+00   2.2227297262278452E-02
       0.9999999999999999   8.6788317318569863E+00   2.4508768979449900E-02
       2.0000000000000000   8.9300355408374585E+00   4.6417484986956657E-02
       3.0000000000000000   9.1483334111839287E+00   6.7468785161741415E-02
       4.0000000000000000   9.3036654689799807E+00   8.8328372400123159E-02
       5.0000000000000000   9.4045201340281182E+00   1.0938408668020237E-01
       6.0000000000000000   9.4614974286376192E+00   1.3088841950769986E-01
       7.0000000000000000   9.4836968647721633E+00   1.5300836104984034E-01
       8.0000000000000000   9.4779788255640174E+00   1.7587009545316629E-01
       9.0000000000000000   9.4497213298273159E+00   1.9957257608101681E-01
      10.0000000000000000   9.4030736789343177E+00   2.2419955609893311E-01
      11.0000000000000000   9.3413882112564934E+00   2.4982196636688253E-01
      12.0000000000000000   9.2673492790855523E+00   2.7650220091282129E-01
      13.0000000000000000   9.1831768438581474E+00   3.0429651952447773E-01
      14.0000000000000000   9.0906419540498469E+00   3.3325927194706623E-01
      15.0000000000000000   8.9912328508053605E+00   3.6344163179360034E-01
      16.0000000000000000   8.8862159585654936E+00   3.9489133424943923E-01
      17.0000000000000000   8.7766369170163721E+00   4.2765585972092890E-01
      18.0000000000000000   8.6634070829171410E+00   4.6178027932650306E-01
      19.0000000000000000   8.5472971234711359E+00   4.9730821831652550E-01
      20.0000000000000000   8.4289779902527311E+00   5.3428201697934652E-01
      21.0000000000000000   8.3090322146850486E+00   5.7274214635847120E-01
      22.0000000000000000   8.1879804588796095E+00   6.1272595917271855E-01
      23.0000000000000000   8.0662842628549054E+00   6.5426779341391939E-01
      24.0000000000000000   7.9443546253400026E+00   6.9739867060592664E-01
      25.0000000000000000   7.8225677425572435E+00   7.4214449768293544E-01
      26.0000000000000000   7.7012689747275083E+00   7.8852533221137000E-01
      27.0000000000000000   7.5807785836986552E+00   8.3655415785310561E-01
      28.0000000000000000   7.4613972284733823E+00   8.8623549358171083E-01
      29.0000000000000000   7.3434074746645868E+00   9.3756417411592452E-01
      30.0000000000000000   7.2270790318455811E+00   9.9052375367671475E-01
      31.0000000000000000   7.1126679349117961E+00   1.0450852662399213E+00
      32.0000000000000000   7.0004204652305466E+00   1.1012056364155638E+00
      33.0000000000000000   6.8905702558836772E+00   1.1588268595819118E+00
      34.0000000000000000   6.7833401875196788E+00   1.2178748653330986E+00
      35.0000000000000000   6.6789404405111092E+00   1.2782589985906847E+00
      36.0000000000000000   6.5775674041289758E+00   1.3398718392175446E+00
      37.0000000000000000   6.4794019046331810E+00   1.4025895066616547E+00
      38.0000000000000000   6.3846074348977533E+00   1.4662724810077377E+00
      39.0000000000000000   6.2933280362090356E+00   1.5307669675092415E+00
      40.0000000000000000   6.2056868501265834E+00   1.5959067423799818E+00
      41.0000000000000000   6.1217843325369472E+00   1.6615155306488378E+00
      42.0000000000000000   6.0416973255601398E+00   1.7274096924852496E+00
      43.0000000000000000   5.9654784945771686E+00   1.7934012085977296E+00
      44.0000000000000000   5.8931562936872366E+00   1.8593007396538932E+00
      45.0000000000000000   5.8247353065978507E+00   1.9249207912912500E+00
      46.0000000000000000   5.7601974727216643E+00   1.9900786105197830E+00
      47.0000000000000000   5.6995035344867402E+00   2.0545988908124451E+00
      48.0000000000000000   5.6425949318704678E+00   2.1183161099124930E+00
      49.0000000000000000   5.5893959879392590E+00   2.1810764560240052E+00
      50.0000000000000000   5.5398162499706798E+00   2.2427393036456120E+00
      51.0000000000000000   5.4937528931248627E+00   2.3031782424869558E+00
      52.0000000000000000   5.4510931704124701E+00   2.3622816653576990E+00
      53.0000000000000000   5.4117166879341907E+00   2.4199529650426981E+00
      54.0000000000000000   5.3754975798812428E+00   2.4761103845394969E+00
      55.0000000000000000   5.3423064421863495E+00   2.5306865888471606E+00
      56.0000000000000000   5.3120121084422625E+00   2.5836280177152662E+00
      57.0000000000000000   5.2844832889625453E+00   2.6348938691911430E+00
      58.0000000000000000   5.2595895316543855E+00   2.6844554620181786E+00
      59.0000000000000000   5.2372024759213787E+00   2.7322950401591908E+00
      60.0000000000000000   5.2171969282085007E+00   2.7784045144164282E+00
      61.0000000000000000   5.1994510918228682E+00   2.8227847914981532E+00
      62.0000000000000000   5.1838473701136323E+00   2.8654444762482965E+00
      63.0000000000000000   5.1702726686543778E+00   2.9063989451528700E+00
      64.0000000000000000   5.1586186167348425E+00   2.9456694118671840E+00
      65.0000000000000000   5.1487817212746219E+00   2.9832820577127506E+00
      66.0000000000000000   5.1406634186001865E+00   3.0192672331849906E+00
      67.0000000000000000   5.1341700607850740E+00   3.0536587318052013E+00
      68.0000000000000000   5.1292128505415615E+00   3.0864931358271392E+00
      69.0000000000000000   5.1257077313110635E+00   3.1178092318990291E+00
      70.0000000000000000   5.1235752458004757E+00   3.1476474925647757E+00
      71.0000000000000000   5.1227403705840509E+00   3.1760496208327837E+00
      72.0000000000000000   5.1231323386555792E+00   3.2030581515405236E+00
      73.0000000000000000   5.1246844484469127E+00   3.2287161058988092E+00
      74.0000000000000000   5.1273338681814753E+00   3.2530666938917920E+00
      75.0000000000000000   5.1310214204973672E+00   3.2761530763553064E+00
      76.0000000000000000   5.1356914601154848E+00   3.2980180829802976E+00
      77.0000000000000000   5.1412915697492281E+00   3.3187041309852914E+00
      78.0000000000000000   5.1477724478395803E+00   3.3382530072120966E+00
      79.0000000000000000   5.1550877085445803E+00   3.3567057609377184E+00
      80.0000000000000000   5.1631937079941403E+00   3.3741026033164614E+00
      81.0000000000000000   5.1720493776194010E+00   3.3904828273117595E+00
      82.0000000000000000   5.1816160681597463E+00   3.4058847454405896E+00
      83.0000000000000000   5.1918573989199981E+00   3.4203456427852972E+00
      84.0000000000000000   5.2027391144877857E+00   3.4339017434661914E+00
      85.0000000000000000   5.2142289536773703E+00   3.4465881882162224E+00
      86.0000000000000000   5.2262965229154439E+00   3.4584390217289305E+00
      87.0000000000000000   5.2389131764640480E+00   3.4694871906672424E+00
      88.0000000000000000   5.2520519163041000E+00   3.4797645359748084E+00
      89.0000000000000000   5.2656872722768258E+00   3.4893018162102081E+00
      90.0000000000000000   5.2797952147992104E+00   3.4981287103252958E+00
      91.0000000000000000   5.2943530630132685E+00   3.5062738370412956E+00
      92.0000000000000000   5.3093393994602440E+00   3.5137647748873189E+00
      93.0000000000000000   5.3247339908839573E+00   3.5206280847731750E+00
      94.0000000000000000   5.3405177142968787E+00   3.5268893345555794E+00
      95.0000000000000000   5.3566724879073337E+00   3.5325731251259951E+00
      96.0000000000000000   5.3731812066913758E+00   3.5377031176169607E+00
      97.0000000000000000   5.3900276822346589E+00   3.5423020613831273E+00
      98.0000000000000000   5.4071965860840452E+00   3.5463918224995901E+00
      99.0000000000000000   5.4246733993812510E+00   3.5499934123263386E+00
     100.0000000000000000   5.4424443605466299E+00   3.5531270164467967E+00
     110.0000000000000000   5.6337645348656489E+00   3.5626301978292605E+00
     120.0000000000000000   5.8435684391075995E+00   3.5424436242071429E+00
     130.0000000000000000   6.0656149051623087E+00   3.5030652242509599E+00
     140.0000000000000000   6.2959260648454629E+00   3.4514820146112628E+00
     150.0000000000000000   6.5318788917958877E+00   3.3923735955835084E+00
     160.0000000000000000   6.7716932436545241E+00   3.3288951163830012E+00
     170.0000000000000000   7.0141314664377443E+00   3.2631846847362840E+00
     180.0000000000000000   7.2583155307446452E+00   3.1966944062553235E+00
     190.0000000000000000   7.5036120127111481E+00   3.1304087242503891E+00
     200.0000000000000000   7.7495576133654707E+00   3.0649901963022219E+00
     210.0000000000000000   7.9958097035449178E+00   3.0008780075517798E+00
     220.0000000000000000   8.2421127113466586E+00   2.9383553461822225E+00
     230.0000000000000000   8.4842072113689415E+00   2.8856531562592149E+00
     240.0000000000000000   8.7307879324125679E+00   2.8269721261291143E+00
     250.0000000000000000   8.9759546859101071E+00   2.7716507181707826E+00
     260.0000000000000000   9.2197862436777847E+00   2.7193892279629011E+00
     270.0000000000000000   9.4623555416813439E+00   2.6699231545456108E+00
     280.0000000000000000   9.7037300461819633E+00   2.6230182292594777E+00
     287.9990000000000236   9.8968862290038206E+00   2.5858726321716121E+00
     288.0009999999999764   9.8969378108979154E+00   2.5858585406256052E+00
     290.0000000000000000   9.9484698088138970E+00   2.5718539016757593E+00
     300.0000000000000000   1.0187489645929119E+01   2.5297348214185571E+00
     310.0000000000000000   1.0429756501088082E+01   2.4834837482618277E+00
     320.0000000000000000   1.0670828295021689E+01   2.4395182983719579E+00
     330.0000000000000000   1.0910757253050210E+01   2.3976638423076793E+00
     340.0000000000000000   1.1149592288168300E+01   2.3577634390650974E+00
     350.0000000000000000   1.1387379251335284E+01   2.3196756351044447E+00
     360.0000000000000000   1.1624161129147613E+01   2.2832726061663480E+00
     370.0000000000000000   1.1859978240534899E+01   2.2484385577712489E+00
     380.0000000000000000   1.2098597914647527E+01   2.2102191659302175E+00
     390.0000000000000000   1.2332516237493653E+01   2.1783616891946194E+00
     400.0000000000000000   1.2565577835709895E+01   2.1477774150477513E+00
     410.0000000000000000   1.2801349878777257E+01   2.1139406296234626E+00
     420.0000000000000000   1.3036213795311019E+01   2.0814644117041587E+00
     430.0000000000000000   1.3266732304812685E+01   2.0544860248512187E+00
     440.0000000000000000   1.3499900678190171E+01   2.0243813281298748E+00
     450.0000000000000000   1.3732243859896940E+01   1.9954102918956835E+00
     460.0000000000000000   1.3960468790488068E+01   1.9714196321066511E+00
     470.0000000000000000   1.4191270751525497E+01   1.9444327269820580E+00
     480.0000000000000000   1.4421318935262978E+01   1.9184013701977780E+00
     490.0000000000000000   1.4650634898966715E+01   1.8932735314293736E+00
     500.0000000000000000   1.4879239221930822E+01   1.8690009660331215E+00
     510.0000000000000000   1.5107151567588161E+01   1.8455388696441486E+00
     520.0000000000000000   1.5334390744804013E+01   1.8228455652436868E+00
     530.0000000000000000   1.5560974742741566E+01   1.8008822453279807E+00
     540.0000000000000000   1.5786920788632267E+01   1.7796127161867343E+00
     550.0000000000000000   1.6012245378373734E+01   1.7590031891754929E+00
     560.0000000000000000   1.6239921067554494E+01   1.7358771280527427E+00
     570.0000000000000000   1.6464013480210021E+01   1.7165564651051575E+00
     580.0000000000000000   1.6687530078923441E+01   1.6978047518717678E+00
     590.0000000000000000   1.6910484839902111E+01   1.6795961236074279E+00
     600.0000000000000000   1.7135737695885112E+01   1.6589907634870502E+00
     610.0000000000000000   1.7357572535944012E+01   1.6418504935162284E+00
     620.0000000000000000   1.7578884489406519E+01   1.6251828666041936E+00
     630.0000000000000000   1.7802456703855412E+01   1.6062038403734340E+00
     640.0000000000000000   1.8022722286578020E+01   1.5904708717135931E+00
     650.0000000000000000   1.8245231064733364E+01   1.5724798115207961E+00
     660.0000000000000000   1.8464494993935485E+01   1.5576037476812712E+00
     670.0000000000000000   1.8685982875300841E+01   1.5405216279361922E+00
     680.0000000000000000   1.8904286875094567E+01   1.5264331541509801E+00
     690.0000000000000000   1.9124793609455477E+01   1.5101893339802606E+00
     700.0000000000000000   1.9342176609554233E+01   1.4968265119572437E+00
     710.0000000000000000   1.9561739448205564E+01   1.4813575990966839E+00
     720.0000000000000000   1.9778237812628159E+01   1.4686649207164792E+00
     730.0000000000000000   1.9996891694221734E+01   1.4539138772876503E+00
     740.0000000000000000   2.0215100100704902E+01   1.4395190215782252E+00
     750.0000000000000000   2.0430317152018262E+01   1.4277568346190805E+00
     760.0000000000000000   2.0647665017351720E+01   1.4140035340062351E+00
     770.0000000000000000   2.0864590075000532E+01   1.4005698708585959E+00
     780.0000000000000000   2.1078595784524261E+01   1.3896389737397647E+00
     790.0000000000000000   2.1294704532103683E+01   1.3767811542954791E+00
     800.0000000000000000   2.1510411315085726E+01   1.3642113007488532E+00
     810.0000000000000000   2.1725722983393787E+01   1.3519192724997067E+00
     820.0000000000000000   2.1938200394047087E+01   1.3419754439082596E+00
     830.0000000000000000   2.2152748654244451E+01   1.3301848999983152E+00
     840.0000000000000000   2.2366920197624975E+01   1.3186461022717773E+00
     850.0000000000000000   2.2580721185574436E+01   1.3073505634879592E+00
     860.0000000000000000   2.2794157496270422E+01   1.2962902735172577E+00
     870.0000000000000000   2.3004856611931555E+01   1.2874101167063623E+00
     880.0000000000000000   2.3217587631083372E+01   1.2767754972016638E+00
     890.0000000000000000   2.3429969855550986E+01   1.2663554158895174E+00
     900.0000000000000000   2.3642008596866962E+01   1.2561430993449036E+00
     910.0000000000000000   2.3853708963390101E+01   1.2461321130641791E+00
     920.0000000000000000   2.4065075840374739E+01   1.2363163646987529E+00
     930.0000000000000000   2.4276113919496741E+01   1.2266900671278009E+00
     940.0000000000000000   2.4486827759084758E+01   1.2172476799160552E+00
     950.0000000000000000   2.4697221817979010E+01   1.2079838743895239E+00
     960.0000000000000000   2.4905028067122789E+01   1.2006519009109007E+00
     970.0000000000000000   2.5114804550363182E+01   1.1917111984662876E+00
     980.0000000000000000   2.5324274302960898E+01   1.1829345358412440E+00
     990.0000000000000000   2.5533441460645918E+01   1.1743172882157966E+00
    1000.0000000000000000   2.5742310052315187E+01   1.1658550145941660E+00
    1100.0000000000000000   2.7817534525947092E+01   1.0873658134692468E+00
    1200.0000000000000000   2.9866540429525649E+01   1.0207913262500121E+00
    1300.0000000000000000   3.1894156870885720E+01   9.6227223827825448E-01
    1400.0000000000000000   3.3902509681546391E+01   9.1022532812082790E-01
    1500.0000000000000000   3.5891511480348107E+01   8.6454634207002323E-01
    1600.0000000000000000   3.7862823166110637E+01   8.2410602399827060E-01
    1700.0000000000000000   3.9819627527306594E+01   7.8708285971444913E-01
    1800.0000000000000000   4.1761304476240824E+01   7.5384483032743199E-01
    1900.0000000000000000   4.3690606072842975E+01   7.2298738094282788E-01
    2000.0000000000000000   4.5606732067882753E+01   6.9497628938728717E-01
    2100.0000000000000000   4.7510479142135388E+01   6.6944303496205615E-01
    2200.0000000000000000   4.9402592658589043E+01   6.4606749801782315E-01
    2300.0000000000000000   5.1285417410412649E+01   6.2384879921174563E-01
    2400.0000000000000000   5.3156175887049955E+01   6.0406031851983544E-01
    2500.0000000000000000   5.5018732256836635E+01   5.8507523349982549E-01
    2600.0000000000000000   5.6871925979399869E+01   5.6745156428328891E-01
    2700.0000000000000000   5.8717820313933956E+01   5.5041412217675656E-01
    2800.0000000000000000   6.0553555827321915E+01   5.3513375061298252E-01
    2900.0000000000000000   6.2381169672214902E+01   5.2083945160265155E-01
    3000.0000000000000000   6.4202585113647316E+01   5.0686322419515972E-01
    3100.0000000000000000   6.6016556030399997E+01   4.9372206652952894E-01
    3200.0000000000000000   6.7823191630075272E+01   4.8140337494698038E-01
    3300.0000000000000000   6.9621578085414555E+01   4.7024721711161721E-01
    3400.0000000000000000   7.1414806227029658E+01   4.5922139937068590E-01
    3500.0000000000000000   7.3201605206980091E+01   4.4879753247692011E-01
    3600.0000000000000000   7.4983752596517860E+01   4.3843382721686242E-01
    3700.0000000000000000   7.6758519904541444E+01   4.2903951740877871E-01
    3800.0000000000000000   7.8527388829429327E+01   4.2015117918284961E-01
    3900.0000000000000000   8.0292048928357048E+01   4.1128040190305848E-01
    4000.0000000000000000   8.2050110804994830E+01   4.0318404179522982E-01
    4100.0000000000000000   8.3804141805082097E+01   3.9511067869357269E-01
    4200.0000000000000000   8.5551875905216733E+01   3.8774653117853602E-01
    4300.0000000000000000   8.7296147953451111E+01   3.8029868843201642E-01
    4400.0000000000000000   8.9034214375385076E+01   3.7356525929816053E-01
    4500.0000000000000000   9.0768662283803422E+01   3.6682117221967114E-01
    4600.0000000000000000   9.2499188487300316E+01   3.6020810972762635E-01
    4700.0000000000000000   9.4224783612368540E+01   3.5398459414361833E-01
    4800.0000000000000000   9.5945998427613361E+01   3.4803155669041969E-01
    4900.0000000000000000   9.7663341277002232E+01   3.4223721665703805E-01
    5000.0000000000000000   9.9376625587764906E+01   3.3665608195853658E-01
    5100.0000000000000000   1.0108587479423076E+02   3.3129396663284844E-01
    5200.0000000000000000   1.0279117362009269E+02   3.2614130289510718E-01
    5300.0000000000000000   1.0449264041933597E+02   3.2118004910203007E-01
    5400.0000000000000000   1.0619068169650072E+02   3.1633281145806647E-01
    5500.0000000000000000   1.0788545918407871E+02   3.1158185423402368E-01
    5600.0000000000000000   1.0957573213875894E+02   3.0719628373548458E-01
    5700.0000000000000000   1.1126298816496674E+02   3.0286156927746899E-01
    5800.0000000000000000   1.1294813209967980E+02   2.9838810264142529E-01
    5900.0000000000000000   1.1462892489287472E+02   2.9427813047386214E-01
    6000.0000000000000000   1.1630591677464314E+02   2.9042316572932164E-01
    6100.0000000000000000   1.1798165197154042E+02   2.8628459736701944E-01
    6200.0000000000000000   1.1965264606623096E+02   2.8259704377427924E-01
    6300.0000000000000000   1.2132008605077418E+02   2.7913213128381070E-01
    6400.0000000000000000   1.2298654662554482E+02   2.7536197302896964E-01
    6500.0000000000000000   1.2464905617492644E+02   2.7191136139634831E-01
    6600.0000000000000000   1.2630933906743499E+02   2.6842051851440013E-01
    6700.0000000000000000   1.2796611304731101E+02   2.6516492135294556E-01
    6800.0000000000000000   1.2962053493527762E+02   2.6191242438058421E-01
    6900.0000000000000000   1.3127163775235826E+02   2.5886607886219148E-01
    7000.0000000000000000   1.3292057357119185E+02   2.5579826198651179E-01
    7100.0000000000000000   1.3456585403202632E+02   2.5300620677855623E-01
    7200.0000000000000000   1.3620970973467007E+02   2.5006398605662455E-01
    7300.0000000000000000   1.3785182644508748E+02   2.4706798438121813E-01
    7400.0000000000000000   1.3949058943386351E+02   2.4431055315242969E-01
    7500.0000000000000000   1.4112631453039265E+02   2.4170223074767624E-01
    7600.0000000000000000   1.4276004028887141E+02   2.3907937982292030E-01
    7700.0000000000000000   1.4439220356770221E+02   2.3641648320490882E-01
    7800.0000000000000000   1.4602044003022809E+02   2.3405361610687422E-01
    7900.0000000000000000   1.4764822853939251E+02   2.3144770795861280E-01
    8000.0000000000000000   1.4927179788652865E+02   2.2923491677730484E-01
    8100.0000000000000000   1.5089481547308370E+02   2.2677675273001702E-01
    8200.0000000000000000   1.5251478694164462E+02   2.2452556097996318E-01
    8300.0000000000000000   1.5413358440752330E+02   2.2216340426760520E-01
    8400.0000000000000000   1.5574870914367935E+02   2.2008243854094425E-01
    8500.0000000000000000   1.5736307835124356E+02   2.1787266939628916E-01
    8600.0000000000000000   1.5897390183662631E+02   2.1589982618372264E-01
    8700.0000000000000000   1.6058381413787029E+02   2.1381798382442968E-01
    8800.0000000000000000   1.6219239132640172E+02   2.1167805498134398E-01
    8900.0000000000000000   1.6379796738000411E+02   2.0971873768687477E-01
    9000.0000000000000000   1.6540073837768892E+02   2.0792249456286571E-01
    9100.0000000000000000   1.6700273992904337E+02   2.0602840833196953E-01
    9200.0000000000000000   1.6860352833091366E+02   2.0404464612735521E-01
    9300.0000000000000000   1.7020220601503573E+02   2.0212730120188119E-01
    9400.0000000000000000   1.7179753617641620E+02   2.0046132570275391E-01
    9500.0000000000000000   1.7339075633855887E+02   1.9887363750291073E-01
    9600.0000000000000000   1.7498335840502619E+02   1.9715322689125370E-01
    9700.0000000000000000   1.7657472764704073E+02   1.9538740786358458E-01
    9800.0000000000000000   1.7816422015604809E+02   1.9366870506040512E-01
    9900.0000000000000000   1.7975177071675313E+02   1.9200849365953082E-01
   10000.0000000000000000   1.8133747949710371E+02   1.9039485505871487E-01
   11000.0000000000000000   1.9710402217899033E+02   1.7578605729034386E-01
   12000.0000000000000000   2.1271656644494843E+02   1.6366168237741049E-01
   13000.0000000000000000   2.2819655563588765E+02   1.5284178905607065E-01
   14000.0000000000000000   2.4354925596570499E+02   1.4379299438108725E-01
   15000.0000000000000000   2.5878919246974010E+02   1.3579909371140172E-01
   16000.0000000000000000   2.7392546855782246E+02   1.2862214443129044E-01
   17000.0000000000000000   2.8897054542229671E+02   1.2179681932454231E-01
   18000.0000000000000000   3.0392267381970635E+02   1.1591271838940834E-01
   19000.0000000000000000   3.1878897241028739E+02   1.1074546199123450E-01
   20000.0000000000000000   3.3357157533909952E+02   1.0647828086626941E-01
   21000.0000000000000000   3.4829267061461456E+02   1.0163148895560381E-01
   22000.0000000000000000   3.6293351577159882E+02   9.7959620731407640E-02
   23000.0000000000000000   3.7750963272677637E+02   9.4564345353235574E-02
   24000.0000000000000000   3.9203236765530096E+02   9.0742795481200247E-02
   25000.0000000000000000   4.0648609877910570E+02   8.7795582625187066E-02
   26000.0000000000000000   4.2089058663315075E+02   8.4634349347857435E-02
   27000.0000000000000000   4.3523541992029413E+02   8.2068669220869597E-02
   28000.0000000000000000   4.4953575281695566E+02   7.9299784430429121E-02
   29000.0000000000000000   4.6377792201109844E+02   7.7062347502004025E-02
   30000.0000000000000000   4.7797370850293828E+02   7.5010028616670679E-02
   31000.0000000000000000   4.9211950805609638E+02   7.3153789041491335E-02
   32000.0000000000000000   5.0623345555317798E+02   7.1004941270581184E-02
   33000.0000000000000000   5.2030559328443758E+02   6.8943167684713827E-02
   34000.0000000000000000   5.3433187170204019E+02   6.7180768108145536E-02
   35000.0000000000000000   5.4831596997852625E+02   6.5635510136013708E-02
   36000.0000000000000000   5.6226620540645149E+02   6.3954529523227999E-02
   37000.0000000000000000   5.7617490447597334E+02   6.2405402622282891E-02
   38000.0000000000000000   5.9004540286761608E+02   6.1302699928825727E-02
   39000.0000000000000000   6.0389716180882283E+02   5.9715854707936569E-02
   40000.0000000000000000   6.1768952480899520E+02   5.8773325606539785E-02
   41000.0000000000000000   6.3147608313324918E+02   5.7400111936236668E-02
   42000.0000000000000000   6.4522193043241998E+02   5.5945361047522846E-02
   43000.0000000000000000   6.5892762777549967E+02   5.5455334851917767E-02
   44000.0000000000000000   6.7262226271518193E+02   5.3739212801562283E-02
   45000.0000000000000000   6.8627008810774407E+02   5.2898667229445903E-02
   46000.0000000000000000   6.9990697282319377E+02   5.1830366282629922E-02
   47000.0000000000000000   7.1351044054511851E+02   5.0786177966323579E-02
   48000.0000000000000000   7.2706900981340948E+02   5.0289984954948651E-02
   49000.0000000000000000   7.4062832874107914E+02   4.8868045483746764E-02
   50000.0000000000000000   7.5414327307831888E+02   4.8106833805815902E-02
