       0.0010000000000000   1.0000000000000000E+30   0.0000000000000000E+00
       0.1000000000000000   1.6025967551959585E+01   1.8184987665574655E-03
       0.2000000000000000   1.4127427421100558E+01   3.5508735117643713E-03
       0.3000000000000000   1.3503732770626618E+01   5.2695496212630524E-03
       0.4000000000000000   1.3271292421832680E+01   6.9094976500167510E-03
       0.5000000000000000   1.3155806692912318E+01   8.5308847599248616E-03
       0.6000000000000000   1.3095494589932184E+01   1.0137867014337072E-02
       0.7000000000000000   1.3066007544818655E+01   1.1734177619915900E-02
       0.7999999999999999   1.3054214843386816E+01   1.3322522474667324E-02
       0.8999999999999999   1.3054031041925395E+01   1.4901594418123120E-02
       0.9999999999999999   1.3059857716621948E+01   1.6477592635272736E-02
       2.0000000000000000   1.3173145681354081E+01   3.2220915066250869E-02
       3.0000000000000000   1.3182240025742537E+01   4.8503040967736638E-02
       4.0000000000000000   1.3079810547306590E+01   6.5783365889218542E-02
       5.0000000000000000   1.2898647943361953E+01   8.4315969930023799E-02
       6.0000000000000000   1.2665335975261991E+01   1.0426108672390644E-01
       7.0000000000000000   1.2399061147338356E+01   1.2572237645259865E-01
       8.0000000000000000   1.2112968300521176E+01   1.4877609276525433E-01
       9.0000000000000000   1.1816211419511477E+01   1.7348121698940905E-01
      10.0000000000000000   1.1515085526083681E+01   1.9988794418879233E-01
      11.0000000000000000   1.1213977107599852E+01   2.2804066672515688E-01
      12.0000000000000000   1.0915886055745062E+01   2.5798093512560616E-01
      13.0000000000000000   1.0622857337665844E+01   2.8974983007601135E-01
      14.0000000000000000   1.0336210017709568E+01   3.2338990359086234E-01
      15.0000000000000000   1.0056799571613910E+01   3.5894439210961537E-01
      16.0000000000000000   9.7851658474622880E+00   3.9645611053611624E-01
      17.0000000000000000   9.5216093687278800E+00   4.3596788767677641E-01
      18.0000000000000000   9.2662990343763685E+00   4.7751969880948508E-01
      19.0000000000000000   9.0193095377879615E+00   5.2114694474618528E-01
      20.0000000000000000   8.7806672713947833E+00   5.6687798636165676E-01
      21.0000000000000000   8.5503764206182762E+00   6.1473080722788720E-01
      22.0000000000000000   8.3284430127651419E+00   6.6470904074930792E-01
      23.0000000000000000   8.1148807731346349E+00   7.1679850187211358E-01
      24.0000000000000000   7.9097163625123184E+00   7.7096351050349687E-01
      25.0000000000000000   7.7129945855947133E+00   8.2714251728353239E-01
      26.0000000000000000   7.5247744135464263E+00   8.8524481606176353E-01
      27.0000000000000000   7.3451237998119545E+00   9.4514778330917970E-01
      28.0000000000000000   7.1741125171114266E+00   1.0066951675934377E+00
      29.0000000000000000   7.0118022174318959E+00   1.0696969193082857E+00
      30.0000000000000000   6.8582377428879511E+00   1.1339305173536340E+00
      31.0000000000000000   6.7134366033142250E+00   1.1991442472126035E+00
      32.0000000000000000   6.5773816216769303E+00   1.2650619931763443E+00
      33.0000000000000000   6.4500130179400417E+00   1.3313898400478394E+00
      34.0000000000000000   6.3312249744320992E+00   1.3978234608893196E+00
      35.0000000000000000   6.2208636586032071E+00   1.4640562008085543E+00
      36.0000000000000000   6.1187283501564629E+00   1.5297870914604570E+00
      37.0000000000000000   6.0245748623715096E+00   1.5947282830341867E+00
      38.0000000000000000   5.9381209405245299E+00   1.6586114388956623E+00
      39.0000000000000000   5.8590529008332908E+00   1.7211927916142431E+00
      40.0000000000000000   5.7870331483473576E+00   1.7822566940148175E+00
      41.0000000000000000   5.7217075932437762E+00   1.8416177184994642E+00
      42.0000000000000000   5.6627129201459470E+00   1.8991213602827115E+00
      43.0000000000000000   5.6096831073278013E+00   1.9546435980591441E+00
      44.0000000000000000   5.5622550875369292E+00   2.0080895036420334E+00
      45.0000000000000000   5.5200732962261139E+00   2.0593912417522393E+00
      46.0000000000000000   5.4827934146507635E+00   2.1085055641491994E+00
      47.0000000000000000   5.4500850677828412E+00   2.1554111003228487E+00
      48.0000000000000000   5.4216337232453897E+00   2.2001055647230499E+00
      49.0000000000000000   5.3971418788472283E+00   2.2426030133225021E+00
      50.0000000000000000   5.3763296628748574E+00   2.2829312356288085E+00
      51.0000000000000000   5.3589349579124761E+00   2.3211293431040354E+00
      52.0000000000000000   5.3447131905633958E+00   2.3572455810720241E+00
      53.0000000000000000   5.3334368280168709E+00   2.3913353831026609E+00
      54.0000000000000000   5.3248947008377474E+00   2.4234596653682279E+00
      55.0000000000000000   5.3188911823942941E+00   2.4536833570050063E+00
      55.9990000000000023   5.3152478440222879E+00   2.4820466533986054E+00
      56.0000000000000000   5.3152453191121118E+00   2.4820741516076952E+00
      56.0009999999999977   5.3152427963913684E+00   2.4821016480531513E+00
      57.0000000000000000   5.3137899828698583E+00   2.5087013500046944E+00
      57.9990000000000023   5.3143692227322825E+00   2.5336110310044386E+00
      58.0000000000000000   5.3143707722066633E+00   2.5336351423402963E+00
      58.0009999999999977   5.3143723235737870E+00   2.5336592520530252E+00
      59.0000000000000000   5.3168451989318504E+00   2.5569457887713156E+00
      60.0000000000000000   5.3210819198110455E+00   2.5787029208401799E+00
      61.0000000000000000   5.3269596591390087E+00   2.5989752683882155E+00
      62.0000000000000000   5.3343665658751966E+00   2.6178301446929662E+00
      63.0000000000000000   5.3431994285677833E+00   2.6353331888822740E+00
      64.0000000000000000   5.3533629696596963E+00   2.6515481458200236E+00
      65.0000000000000000   5.3647692012752461E+00   2.6665367058350751E+00
      66.0000000000000000   5.3773368245764424E+00   2.6803583944799096E+00
      67.0000000000000000   5.3909906772327396E+00   2.6930705033923203E+00
      68.0000000000000000   5.4056612265811594E+00   2.7047280547579682E+00
      69.0000000000000000   5.4212841037596968E+00   2.7153837930866827E+00
      70.0000000000000000   5.4377996777921069E+00   2.7250881986578155E+00
      71.0000000000000000   5.4551526646966302E+00   2.7338895185958885E+00
      72.0000000000000000   5.4732917723720123E+00   2.7418338111759981E+00
      73.0000000000000000   5.4921693748107021E+00   2.7489650006403346E+00
      74.0000000000000000   5.5117412149374863E+00   2.7553249397285007E+00
      75.0000000000000000   5.5319661226976971E+00   2.7609534862421721E+00
      76.0000000000000000   5.5528058105572642E+00   2.7658885409546934E+00
      77.0000000000000000   5.5742245822520351E+00   2.7701661732069107E+00
      78.0000000000000000   5.5961891701494810E+00   2.7738206619581995E+00
      79.0000000000000000   5.6186685356063846E+00   2.7768845801588111E+00
      80.0000000000000000   5.6416336966364575E+00   2.7793888699622196E+00
      81.0000000000000000   5.6650575701193135E+00   2.7813629168449951E+00
      82.0000000000000000   5.6889148282444610E+00   2.7828346221835494E+00
      83.0000000000000000   5.7131817663670859E+00   2.7838304738990378E+00
      84.0000000000000000   5.7378361813754646E+00   2.7843756150177188E+00
      85.0000000000000000   5.7628572618407077E+00   2.7844939098221917E+00
      86.0000000000000000   5.7882254860537419E+00   2.7842080075778930E+00
      87.0000000000000000   5.8139225272387085E+00   2.7835394049919495E+00
      88.0000000000000000   5.8399311752545096E+00   2.7825084996977814E+00
      89.0000000000000000   5.8662352467684817E+00   2.7811346540266899E+00
      90.0000000000000000   5.8928195199151032E+00   2.7794362433257076E+00
      91.0000000000000000   5.9196696663817248E+00   2.7774307082333221E+00
      92.0000000000000000   5.9467721898513286E+00   2.7751346032117064E+00
      93.0000000000000000   5.9741143694382979E+00   2.7725636426922602E+00
      94.0000000000000000   6.0016842075134509E+00   2.7697327449133868E+00
      95.0000000000000000   6.0294703815176893E+00   2.7666560735326993E+00
      96.0000000000000000   6.0574621994564826E+00   2.7633470770998789E+00
      97.0000000000000000   6.0856495587400756E+00   2.7598185264783845E+00
      98.0000000000000000   6.1140229078694599E+00   2.7560825503172155E+00
      99.0000000000000000   6.1425732120912144E+00   2.7521506685890249E+00
     100.0000000000000000   6.1712919192097511E+00   2.7480338244650966E+00
     110.0000000000000000   6.4661506684579875E+00   2.6987431975731577E+00
     120.0000000000000000   6.7710952539149600E+00   2.6396877249919175E+00
     130.0000000000000000   7.0822968477297685E+00   2.5757859125743048E+00
     130.9989999999999952   7.1136279158076059E+00   2.5692632252138559E+00
     131.0010000000000048   7.1136906771368462E+00   2.5692501507501668E+00
     140.0000000000000000   7.3973337903890926E+00   2.5100394845087903E+00
     140.9989999999999952   7.4289506050433260E+00   2.5034479838510912E+00
     141.0010000000000048   7.4290139232839989E+00   2.5034347890508952E+00
     150.0000000000000000   7.7146250841438961E+00   2.4442833649617257E+00
     160.0000000000000000   8.0331124916200505E+00   2.3796303642114078E+00
     170.0000000000000000   8.3520739705046800E+00   2.3167401073432807E+00
     180.0000000000000000   8.6651158542021314E+00   2.2644453573340835E+00
     190.0000000000000000   8.9854912521097425E+00   2.2055241766994471E+00
     192.9989999999999952   9.0784189374859690E+00   2.1918634811974886E+00
     193.0010000000000048   9.0784880161271353E+00   2.1918460514660869E+00
     200.0000000000000000   9.3035380204309774E+00   2.1508639614136200E+00
     210.0000000000000000   9.6194168569406528E+00   2.0999892611998381E+00
     220.0000000000000000   9.9332739360168638E+00   2.0524939251238417E+00
     230.0000000000000000   1.0249914734162891E+01   2.0028960873876582E+00
     240.0000000000000000   1.0564468006555762E+01   1.9565277813861290E+00
     250.0000000000000000   1.0872637778935870E+01   1.9177315299491449E+00
     260.0000000000000000   1.1183494577485860E+01   1.8766895225668776E+00
     270.0000000000000000   1.1496764808498577E+01   1.8337771403489977E+00
     280.0000000000000000   1.1804083956653958E+01   1.7974903465284715E+00
     290.0000000000000000   1.2113810500777618E+01   1.7592467876919542E+00
     300.0000000000000000   1.2417945398521244E+01   1.7269027237881174E+00
     310.0000000000000000   1.2724458063217462E+01   1.6925654166160258E+00
     320.0000000000000000   1.3029439129931475E+01   1.6600108188100267E+00
     330.0000000000000000   1.3332954905061852E+01   1.6290972259700620E+00
     340.0000000000000000   1.3635067328719089E+01   1.5996978422198702E+00
     350.0000000000000000   1.3935834340667542E+01   1.5716988496628475E+00
     360.0000000000000000   1.4235310194499808E+01   1.5449977805498116E+00
     370.0000000000000000   1.4533545726299836E+01   1.5195021401043689E+00
     380.0000000000000000   1.4830588640761110E+01   1.4951282002792499E+00
     390.0000000000000000   1.5129785046767228E+01   1.4689804704007414E+00
     400.0000000000000000   1.5424508781953051E+01   1.4467090078190761E+00
     410.0000000000000000   1.5721376207597082E+01   1.4226792982761036E+00
     420.0000000000000000   1.6013941503716101E+01   1.4022420608812651E+00
     430.0000000000000000   1.6308631400009205E+01   1.3800706697403515E+00
     440.0000000000000000   1.6602270387721060E+01   1.3587754044243849E+00
     450.0000000000000000   1.6891830233613533E+01   1.3407126190366092E+00
     460.0000000000000000   1.7183490336580846E+01   1.3209587783837311E+00
     470.0000000000000000   1.7474191010113145E+01   1.3019373450858613E+00
     480.0000000000000000   1.7763959765806398E+01   1.2836068294198775E+00
     490.0000000000000000   1.8052822838405049E+01   1.2659288728166638E+00
     500.0000000000000000   1.8340805257451219E+01   1.2488679609679494E+00
     510.0000000000000000   1.8627930928679323E+01   1.2323911557807199E+00
     520.0000000000000000   1.8914222712665403E+01   1.2164678572144560E+00
     530.0000000000000000   1.9199702473865230E+01   1.2010696042833038E+00
     540.0000000000000000   1.9484391147699167E+01   1.1861698847484399E+00
     550.0000000000000000   1.9768308775909123E+01   1.1717439795391096E+00
     560.0000000000000000   2.0051474582367142E+01   1.1577687966948766E+00
     570.0000000000000000   2.0336606362199060E+01   1.1423605196793380E+00
     580.0000000000000000   2.0618292490846937E+01   1.1292584716921323E+00
     590.0000000000000000   2.0899279857164061E+01   1.1165452357179524E+00
     600.0000000000000000   2.1179584722034523E+01   1.1042031609659881E+00
     610.0000000000000000   2.1461828959752729E+01   1.0904848363837267E+00
     620.0000000000000000   2.1740785005760412E+01   1.0788664561075323E+00
     625.9990000000000236   2.1908338303357802E+01   1.0717163259521625E+00
     626.0009999999999764   2.1908394983843699E+01   1.0717134012205323E+00
     630.0000000000000000   2.2021676374531644E+01   1.0658995148776620E+00
     637.9990000000000236   2.2242807025166055E+01   1.0577707102399430E+00
     638.0009999999999764   2.2242863544001118E+01   1.0577678749520947E+00
     640.0000000000000000   2.2299341492264666E+01   1.0549422316683492E+00
     650.0000000000000000   2.2576397244215809E+01   1.0442803446196942E+00
     660.0000000000000000   2.2855363751775329E+01   1.0323118381397247E+00
     670.0000000000000000   2.3131208599417935E+01   1.0222306174428006E+00
     680.0000000000000000   2.3408953827845952E+01   1.0108697849552524E+00
     690.0000000000000000   2.3683636306905498E+01   1.0013224853734597E+00
     700.0000000000000000   2.3960206813371890E+01   9.9052202430227820E-01
     710.0000000000000000   2.4236205773459776E+01   9.7999559170329442E-01
     720.0000000000000000   2.4509211750120173E+01   9.7118427164399523E-01
     730.0000000000000000   2.4784099725327309E+01   9.6115585313075325E-01
     740.0000000000000000   2.5056052272402752E+01   9.5278068538806737E-01
     750.0000000000000000   2.5329868357119018E+01   9.4321440516809341E-01
     760.0000000000000000   2.5603162193719545E+01   9.3387490369705528E-01
     770.0000000000000000   2.5873588504429339E+01   9.2610598058641991E-01
     780.0000000000000000   2.6145864645893933E+01   9.1718064711424963E-01
     790.0000000000000000   2.6417644392690701E+01   9.0845901096564574E-01
     800.0000000000000000   2.6688934066901364E+01   8.9993494455878575E-01
     810.0000000000000000   2.6957436610021198E+01   8.9288331056294812E-01
     820.0000000000000000   2.7227775496601843E+01   8.8471818270380553E-01
     830.0000000000000000   2.7497648413282114E+01   8.7673095415653834E-01
     840.0000000000000000   2.7767061083970450E+01   8.6891652093669636E-01
     850.0000000000000000   2.8033766907581665E+01   8.6248710193534706E-01
     860.0000000000000000   2.8302287497138980E+01   8.5498640258080383E-01
     870.0000000000000000   2.8570370246646995E+01   8.4764163897337652E-01
     880.0000000000000000   2.8838020841921008E+01   8.4044828361590129E-01
     880.9990000000000236   2.8864957660895797E+01   8.3962054948946008E-01
     881.0009999999999764   2.8865011583901353E+01   8.3961889430990722E-01
     890.0000000000000000   2.9105244886978252E+01   8.3340195967528985E-01
     900.0000000000000000   2.9372048204594233E+01   8.2649828068331577E-01
     910.0000000000000000   2.9638436891849185E+01   8.1973282423187510E-01
     920.0000000000000000   2.9902239670885105E+01   8.1422120649037688E-01
     930.0000000000000000   3.0167827364948835E+01   8.0770563106814741E-01
     936.9990000000000236   3.0354989478653625E+01   8.0245102888369679E-01
     937.0009999999999764   3.0355042930910514E+01   8.0244953935419083E-01
     940.0000000000000000   3.0433018928469338E+01   8.0131587191423026E-01
     950.0000000000000000   3.0697819589866057E+01   7.9504833447331880E-01
     960.0000000000000000   3.0962234522539482E+01   7.8889952976423239E-01
     970.0000000000000000   3.1226268853111872E+01   7.8286606740390996E-01
     980.0000000000000000   3.1489927646358829E+01   7.7694465936868506E-01
     990.0000000000000000   3.1753215888992770E+01   7.7113212477568083E-01
    1000.0000000000000000   3.2016138474346171E+01   7.6542539379818286E-01
    1077.9990000000000236   3.4056497296253305E+01   7.2348003613483369E-01
    1078.0009999999999764   3.4056549715343451E+01   7.2347886223722546E-01
    1100.0000000000000000   3.4628264788817617E+01   7.1265594358400830E-01
    1200.0000000000000000   3.7208308497003280E+01   6.6797015542187221E-01
    1300.0000000000000000   3.9761585770395349E+01   6.2882914205111162E-01
    1400.0000000000000000   4.2288914517308832E+01   5.9484206909279125E-01
    1500.0000000000000000   4.4794421747668622E+01   5.6437091586232968E-01
    1600.0000000000000000   4.7279981732035374E+01   5.3679933017824066E-01
    1700.0000000000000000   4.9745505302591006E+01   5.1223316555696807E-01
    1800.0000000000000000   5.2192432216497991E+01   4.9021191494697353E-01
    1900.0000000000000000   5.4623801470059803E+01   4.6980119329701875E-01
    2000.0000000000000000   5.7037272206503268E+01   4.5182002568016078E-01
    2100.0000000000000000   5.9438961320884871E+01   4.3444112083668812E-01
    2200.0000000000000000   6.1824645175875915E+01   4.1902566273917935E-01
    2300.0000000000000000   6.4196874444641765E+01   4.0486373463454206E-01
    2400.0000000000000000   6.6558022747343443E+01   3.9136007360762626E-01
    2500.0000000000000000   6.8906989907112703E+01   3.7888766633136350E-01
    2600.0000000000000000   7.1244488285116404E+01   3.6730825835861819E-01
    2700.0000000000000000   7.3571081594497485E+01   3.5652419186907197E-01
    2800.0000000000000000   7.5888623474898367E+01   3.4612093408684230E-01
    2900.0000000000000000   7.8194700757464517E+01   3.3673815261989465E-01
    3000.0000000000000000   8.0492763651192902E+01   3.2758832193479032E-01
    3100.0000000000000000   8.2780231460378332E+01   3.1931507086355559E-01
    3200.0000000000000000   8.5060110347127363E+01   3.1125420952890742E-01
    3300.0000000000000000   8.7331679446425767E+01   3.0362222641217662E-01
    3400.0000000000000000   8.9595095891947480E+01   2.9641188648637290E-01
    3500.0000000000000000   9.1850528900687564E+01   2.8961237665904216E-01
    3600.0000000000000000   9.4098621822222682E+01   2.8312438883682811E-01
    3700.0000000000000000   9.6340495675782350E+01   2.7674492331530964E-01
    3800.0000000000000000   9.8574346966445376E+01   2.7086229370762932E-01
    3900.0000000000000000   1.0080061683076100E+02   2.6539741513935633E-01
    4000.0000000000000000   1.0302195890439152E+02   2.5987548585964804E-01
    4100.0000000000000000   1.0523557704508805E+02   2.5484437980283858E-01
    4200.0000000000000000   1.0744432178340445E+02   2.4979084245501837E-01
    4300.0000000000000000   1.0964718255288132E+02   2.4493533245234406E-01
    4400.0000000000000000   1.1184275362624940E+02   2.4052574733088916E-01
    4500.0000000000000000   1.1403344105299475E+02   2.3614757804299222E-01
    4562.9989999999997963   1.1541141962961343E+02   2.3337011176959563E-01
    4563.0010000000002037   1.1541146325162204E+02   2.3337003609729179E-01
    4600.0000000000000000   1.1621895339224052E+02   2.3189894939619729E-01
    4700.0000000000000000   1.1839912596100012E+02   2.2779953155936741E-01
    4800.0000000000000000   1.2057209279590242E+02   2.2416567219682282E-01
    4857.9989999999997963   1.2183185031631625E+02   2.2184384761223538E-01
    4858.0010000000002037   1.2183189395182180E+02   2.2184373436060772E-01
    4900.0000000000000000   1.2274163510823868E+02   2.2040616275483110E-01
    5000.0000000000000000   1.2490634678712559E+02   2.1676128062283140E-01
    5100.0000000000000000   1.2706598968005841E+02   2.1327521479655409E-01
    5194.9989999999997963   1.2911415872263700E+02   2.0992786033812569E-01
    5195.0010000000002037   1.2911420165589502E+02   2.0992780980914674E-01
    5200.0000000000000000   1.2922065533846549E+02   2.0994298517520293E-01
    5300.0000000000000000   1.3137203731207379E+02   2.0651945095806049E-01
    5400.0000000000000000   1.3351834402791800E+02   2.0330863674569877E-01
    5500.0000000000000000   1.3565954093532906E+02   2.0029537048431836E-01
    5600.0000000000000000   1.3779564854941509E+02   1.9747000065290471E-01
    5700.0000000000000000   1.3992958912304849E+02   1.9447216396780151E-01
    5800.0000000000000000   1.4205672099264655E+02   1.9191360939863766E-01
    5900.0000000000000000   1.4418308784470165E+02   1.8900222912510475E-01
    6000.0000000000000000   1.4630229079328114E+02   1.8658194566294128E-01
    6100.0000000000000000   1.4841962030573143E+02   1.8399803461410386E-01
    6200.0000000000000000   1.5053358179350283E+02   1.8141576816703264E-01
    6300.0000000000000000   1.5264183103005763E+02   1.7914884196767322E-01
    6400.0000000000000000   1.5474725714238903E+02   1.7684195794073318E-01
    6500.0000000000000000   1.5684913322162046E+02   1.7461051233543537E-01
    6600.0000000000000000   1.5894738005701583E+02   1.7245139115992683E-01
    6700.0000000000000000   1.6104305770314949E+02   1.7022913290741543E-01
    6800.0000000000000000   1.6313408697164692E+02   1.6822410495022203E-01
    6900.0000000000000000   1.6522261232511335E+02   1.6615930488411121E-01
    7000.0000000000000000   1.6730758295805762E+02   1.6417656592206692E-01
    7100.0000000000000000   1.6938845733599388E+02   1.6235601430012445E-01
    7200.0000000000000000   1.7146862791344205E+02   1.6030735606018048E-01
    7300.0000000000000000   1.7354441541417151E+02   1.5844921631615017E-01
    7400.0000000000000000   1.7561614593700961E+02   1.5673473994790638E-01
    7500.0000000000000000   1.7768444444252415E+02   1.5509382158654175E-01
    7600.0000000000000000   1.7975274935999875E+02   1.5320339750152404E-01
    7700.0000000000000000   1.8181541590037853E+02   1.5163168380313938E-01
    7800.0000000000000000   1.8387488074382159E+02   1.5011459287726209E-01
    7900.0000000000000000   1.8593406249874803E+02   1.4840094874698351E-01
    8000.0000000000000000   1.8798706065088263E+02   1.4704562095441584E-01
    8100.0000000000000000   1.9004154594798527E+02   1.4531052562807520E-01
    8200.0000000000000000   1.9208898875690591E+02   1.4401719837437357E-01
    8300.0000000000000000   1.9413742280692892E+02   1.4243357822216141E-01
    8400.0000000000000000   1.9618063506037390E+02   1.4110354910127487E-01
    8500.0000000000000000   1.9822298650183058E+02   1.3964912231843643E-01
    8600.0000000000000000   2.0026320708046902E+02   1.3818767663458073E-01
    8700.0000000000000000   2.0229716137904995E+02   1.3708864216345501E-01
    8800.0000000000000000   2.0433348749768220E+02   1.3558254756867863E-01
    8900.0000000000000000   2.0636508323608908E+02   1.3432129364204745E-01
    9000.0000000000000000   2.0839427825916133E+02   1.3306240996429097E-01
    9100.0000000000000000   2.1041837747684215E+02   1.3208722657680336E-01
    9200.0000000000000000   2.1244457209746275E+02   1.3072692723140819E-01
    9300.0000000000000000   2.1446734892396179E+02   1.2949531091242256E-01
    9400.0000000000000000   2.1648780248253905E+02   1.2829551234689882E-01
    9500.0000000000000000   2.1850602799466091E+02   1.2710740908206059E-01
    9600.0000000000000000   2.2052067309148600E+02   1.2605342129191391E-01
    9700.0000000000000000   2.2253212919814763E+02   1.2510519785285440E-01
    9800.0000000000000000   2.2454206403502377E+02   1.2412110192421517E-01
    9900.0000000000000000   2.2655067610443780E+02   1.2308662874758691E-01
   10000.0000000000000000   2.2855744689929625E+02   1.2204739834748154E-01
   11000.0000000000000000   2.4851497883937805E+02   1.1249611163171791E-01
   12000.0000000000000000   2.6828522611355442E+02   1.0436846249959734E-01
   13000.0000000000000000   2.8788119558573834E+02   9.7747267014489395E-02
   14000.0000000000000000   3.0732916403908513E+02   9.1627569308145473E-02
   15000.0000000000000000   3.2663535875058818E+02   8.6364256061098890E-02
   16000.0000000000000000   3.4581139298511766E+02   8.1693647408118034E-02
   17000.0000000000000000   3.6486296467319795E+02   7.7856145660327974E-02
   18000.0000000000000000   3.8380925754095983E+02   7.4035095326297026E-02
   19000.0000000000000000   4.0265281963081526E+02   7.0607467096624452E-02
   20000.0000000000000000   4.2139434887303628E+02   6.7601278548514540E-02
   21000.0000000000000000   4.4004378306875253E+02   6.4932311678431234E-02
   22000.0000000000000000   4.5861460432883621E+02   6.2190444187002217E-02
   23000.0000000000000000   4.7709692096623075E+02   5.9877350640787377E-02
   24000.0000000000000000   4.9550476335063655E+02   5.7717179384623327E-02
   25000.0000000000000000   5.1382707755503861E+02   5.6007720785123519E-02
   26000.0000000000000000   5.3209057845872371E+02   5.4057583529564704E-02
   27000.0000000000000000   5.5027743420916238E+02   5.2702993677374584E-02
   28000.0000000000000000   5.6842364483032088E+02   5.0510130745553591E-02
   29000.0000000000000000   5.8648303082910581E+02   4.9148014612905119E-02
   30000.0000000000000000   6.0449899537879833E+02   4.7734566478929132E-02
   31000.0000000000000000   6.2245498463010483E+02   4.6222848837649232E-02
   32000.0000000000000000   6.4034823078994225E+02   4.5039292392781351E-02
   33000.0000000000000000   6.5819008442033544E+02   4.3957068969937896E-02
   33175.9990000000034343   6.6132812988671628E+02   4.3870159792899460E-02
   33176.0009999999965657   6.6132816503802997E+02   4.3870166926319593E-02
   34000.0000000000000000   6.7598580755278510E+02   4.2852188230968334E-02
   35000.0000000000000000   6.9374038058948361E+02   4.1599923270970333E-02
   36000.0000000000000000   7.1143206262850367E+02   4.0706776439597449E-02
   37000.0000000000000000   7.2908783018944894E+02   3.9832170953571090E-02
   38000.0000000000000000   7.4671129943124959E+02   3.8758796795414989E-02
   39000.0000000000000000   7.6424734459250010E+02   3.8512166572930537E-02
   40000.0000000000000000   7.8178259604072571E+02   3.7496835551975943E-02
   41000.0000000000000000   7.9926806882608594E+02   3.6713211639387996E-02
   42000.0000000000000000   8.1673296004466476E+02   3.5521000572645636E-02
   43000.0000000000000000   8.3413208560694716E+02   3.4813985736329024E-02
   44000.0000000000000000   8.5152411715752066E+02   3.4016265779290775E-02
   45000.0000000000000000   8.6884522508860528E+02   3.3458749081918156E-02
   46000.0000000000000000   8.8612949472591652E+02   3.2973861458348540E-02
   47000.0000000000000000   9.0339613820605314E+02   3.2423073774830807E-02
   48000.0000000000000000   9.2064158421547177E+02   3.1760972814096448E-02
   49000.0000000000000000   9.3785048593446743E+02   3.1086505610474994E-02
   50000.0000000000000000   9.5500573709475123E+02   3.0942178593742830E-02
