       0.0010000000000000   1.0000000000000000E+30   0.0000000000000000E+00
       0.1000000000000000   6.4517160804805291E+00   4.5115634880837285E-03
       0.2000000000000000   5.7131616993912893E+00   8.7525511212003769E-03
       0.3000000000000000   5.4857118560354268E+00   1.2902845854805988E-02
       0.4000000000000000   5.4150687373729109E+00   1.6808461139929141E-02
       0.5000000000000000   5.3914437624822025E+00   2.0618417738913267E-02
       0.6000000000000000   5.3900401200494690E+00   2.4344572543021865E-02
       0.7000000000000000   5.4011237767578217E+00   2.7997324255726271E-02
       0.7999999999999999   5.4194177044828704E+00   3.1584455824946581E-02
       0.8999999999999999   5.4424516631474864E+00   3.5104191625677669E-02
       0.9999999999999999   5.4679928813703977E+00   3.8572166823382339E-02
       2.0000000000000000   5.7471993038431481E+00   7.0948047491407179E-02
       3.0000000000000000   5.9814688378245364E+00   1.0082794978043365E-01
       4.0000000000000000   6.1619965111267412E+00   1.2956617697628756E-01
       5.0000000000000000   6.2986459470277101E+00   1.5789591833452893E-01
       6.0000000000000000   6.4003274927984366E+00   1.8627230385174490E-01
       7.0000000000000000   6.4739039229817275E+00   2.1499851366273204E-01
       8.0000000000000000   6.5243900133989650E+00   2.4430238594411666E-01
       9.0000000000000000   6.5556051429940334E+00   2.7436520151968274E-01
      10.0000000000000000   6.5704833078013225E+00   3.0534107355718365E-01
      11.0000000000000000   6.5713739782938800E+00   3.3736421790694326E-01
      12.0000000000000000   6.5601771880227302E+00   3.7055567799645650E-01
      13.0000000000000000   6.5384787447994661E+00   4.0502691671805807E-01
      14.0000000000000000   6.5075968879801227E+00   4.4088383376753959E-01
      15.0000000000000000   6.4686725252802102E+00   4.7822596273626966E-01
      16.0000000000000000   6.4227119945637865E+00   5.1714607151460001E-01
      17.0000000000000000   6.3706035338046174E+00   5.5773153762306005E-01
      18.0000000000000000   6.3131604220471473E+00   6.0006161558837989E-01
      19.0000000000000000   6.2511273693915204E+00   6.4420642140808315E-01
      20.0000000000000000   6.1852029296085513E+00   6.9022489199427184E-01
      21.0000000000000000   6.1160483260706595E+00   7.3816190480116228E-01
      22.0000000000000000   6.0443004951798516E+00   7.8804465922234268E-01
      23.0000000000000000   5.9705752279013460E+00   8.3987969970080512E-01
      24.0000000000000000   5.8954707080610245E+00   8.9364959114950016E-01
      25.0000000000000000   5.8195718969446339E+00   9.4930886950088600E-01
      26.0000000000000000   5.7434492263851871E+00   1.0067810889484201E+00
      27.0000000000000000   5.6676562957690155E+00   1.0659563443659574E+00
      28.0000000000000000   5.5927260943019279E+00   1.1266898120112805E+00
      29.0000000000000000   5.5191647214177539E+00   1.1888018189878227E+00
      30.0000000000000000   5.4474457741926932E+00   1.2520793351162425E+00
      31.0000000000000000   5.3780024899752235E+00   1.3162794196721974E+00
      32.0000000000000000   5.3112221726574083E+00   1.3811341085869304E+00
      33.0000000000000000   5.2474394100860762E+00   1.4463571144765697E+00
      34.0000000000000000   5.1869327565117285E+00   1.5116512504789474E+00
      35.0000000000000000   5.1299221524028766E+00   1.5767165441590565E+00
      36.0000000000000000   5.0765689363827677E+00   1.6412582555342341E+00
      37.0000000000000000   5.0269777739642132E+00   1.7049943045511651E+00
      38.0000000000000000   4.9812004593594024E+00   1.7676616551910149E+00
      39.0000000000000000   4.9392409963452266E+00   1.8290213629386698E+00
      40.0000000000000000   4.9010618304638403E+00   1.8888621180999672E+00
      41.0000000000000000   4.8665903310922101E+00   1.9470023513443873E+00
      42.0000000000000000   4.8357254913372865E+00   2.0032909450234437E+00
      43.0000000000000000   4.8083443093378788E+00   2.0576068113569792E+00
      44.0000000000000000   4.7843076263499986E+00   2.1098575275017701E+00
      45.0000000000000000   4.7634652425116952E+00   2.1599773664669626E+00
      46.0000000000000000   4.7456604099635120E+00   2.2079248230632653E+00
      47.0000000000000000   4.7307334905803886E+00   2.2536799406309207E+00
      48.0000000000000000   4.7185249254607351E+00   2.2972415534469919E+00
      49.0000000000000000   4.7088775654070680E+00   2.3386245785260433E+00
      50.0000000000000000   4.7016384257109118E+00   2.3778574405904611E+00
      51.0000000000000000   4.6966599571509029E+00   2.4149796921169573E+00
      52.0000000000000000   4.6938009460287926E+00   2.4500398530022149E+00
      53.0000000000000000   4.6929270549131203E+00   2.4830934907756341E+00
      54.0000000000000000   4.6939111322827198E+00   2.5142015377673999E+00
      55.0000000000000000   4.6966333025219704E+00   2.5434288417018869E+00
      55.9990000000000023   4.7009758082871143E+00   2.5708164029368392E+00
      56.0000000000000000   4.7009809321644163E+00   2.5708429342060533E+00
      56.0009999999999977   4.7009860575610887E+00   2.5708694637310932E+00
      57.0000000000000000   4.7068485224972729E+00   2.5965128894127334E+00
      57.9990000000000023   4.7141293717271839E+00   2.6204854360136771E+00
      58.0000000000000000   4.7141373392451502E+00   2.6205086187635778E+00
      58.0009999999999977   4.7141453080916556E+00   2.6205317999092128E+00
      59.0000000000000000   4.7227551981279099E+00   2.6429000628805270E+00
      60.0000000000000000   4.7326162353044827E+00   2.6637565018282747E+00
      61.0000000000000000   4.7436403725637897E+00   2.6831462907826431E+00
      62.0000000000000000   4.7557530930003278E+00   2.7011363512327904E+00
      63.0000000000000000   4.7688850659561908E+00   2.7177919189414101E+00
      64.0000000000000000   4.7829717933700007E+00   2.7331763285356736E+00
      65.0000000000000000   4.7979532865613370E+00   2.7473508568661900E+00
      66.0000000000000000   4.8137737480454028E+00   2.7603746158381708E+00
      67.0000000000000000   4.8303812711921044E+00   2.7723044857411088E+00
      68.0000000000000000   4.8477275587244861E+00   2.7831950816653310E+00
      69.0000000000000000   4.8657676574174342E+00   2.7930987468873578E+00
      70.0000000000000000   4.8844597101364080E+00   2.8020655674423272E+00
      71.0000000000000000   4.9037647249486049E+00   2.8101434042500935E+00
      72.0000000000000000   4.9236463626255258E+00   2.8173779380431245E+00
      73.0000000000000000   4.9440707380811055E+00   2.8238127247048874E+00
      74.0000000000000000   4.9650062370788763E+00   2.8294892581426083E+00
      75.0000000000000000   4.9864233380649461E+00   2.8344470470983882E+00
      76.0000000000000000   5.0082944921365966E+00   2.8387236530211162E+00
      77.0000000000000000   5.0305939242989739E+00   2.8423548158970648E+00
      78.0000000000000000   5.0532975374769871E+00   2.8453744951040423E+00
      79.0000000000000000   5.0763827808868438E+00   2.8478149537151167E+00
      80.0000000000000000   5.0998285373626020E+00   2.8497068335620446E+00
      81.0000000000000000   5.1236150191192680E+00   2.8510792291728539E+00
      82.0000000000000000   5.1477236733486409E+00   2.8519597601476336E+00
      83.0000000000000000   5.1721370933877244E+00   2.8523746415481135E+00
      84.0000000000000000   5.1968389364422505E+00   2.8523487522618871E+00
      85.0000000000000000   5.2218138501609097E+00   2.8519057008749522E+00
      86.0000000000000000   5.2470474029134575E+00   2.8510678891519552E+00
      87.0000000000000000   5.2725260193177164E+00   2.8498565742385500E+00
      88.0000000000000000   5.2982369265034679E+00   2.8482919218848610E+00
      89.0000000000000000   5.3241680919367722E+00   2.8463930699639990E+00
      90.0000000000000000   5.3503081777824182E+00   2.8441781765456815E+00
      91.0000000000000000   5.3766464942408358E+00   2.8416644719150534E+00
      92.0000000000000000   5.4031729563162587E+00   2.8388683068658547E+00
      93.0000000000000000   5.4298780441371317E+00   2.8358051986096995E+00
      94.0000000000000000   5.4567527662306414E+00   2.8324898743840583E+00
      95.0000000000000000   5.4837886254646238E+00   2.8289363128414213E+00
      96.0000000000000000   5.5109775875051144E+00   2.8251577833060972E+00
      97.0000000000000000   5.5383120515406379E+00   2.8211668829869634E+00
      98.0000000000000000   5.5657848227913114E+00   2.8169755722556880E+00
      99.0000000000000000   5.5933890885635389E+00   2.8125952079567593E+00
     100.0000000000000000   5.6211183926270794E+00   2.8080365751453131E+00
     110.0000000000000000   5.9040845488378340E+00   2.7546646609171987E+00
     120.0000000000000000   6.1944306662099970E+00   2.6920542301027353E+00
     130.0000000000000000   6.4892371881940667E+00   2.6250252408660408E+00
     130.9989999999999952   6.5188556661864530E+00   2.6182105960931148E+00
     131.0010000000000048   6.5189149870889844E+00   2.6181969406023855E+00
     140.0000000000000000   6.7866532791748346E+00   2.5565042214280043E+00
     140.9989999999999952   6.8164580161061910E+00   2.5496525467000555E+00
     141.0010000000000048   6.8165176983264821E+00   2.5496388339319416E+00
     150.0000000000000000   7.0854714412696067E+00   2.4882677329912037E+00
     160.0000000000000000   7.3848862428923718E+00   2.4213825876947777E+00
     170.0000000000000000   7.6843516074481659E+00   2.3564716555401195E+00
     180.0000000000000000   7.9778788493494375E+00   2.3025097327180504E+00
     190.0000000000000000   8.2770793172737971E+00   2.2421299362063110E+00
     192.9989999999999952   8.3640811579212038E+00   2.2280557019705856E+00
     193.0010000000000048   8.3641452021573297E+00   2.2280379999257840E+00
     200.0000000000000000   8.5740404574213773E+00   2.1861300892185755E+00
     210.0000000000000000   8.8689189158777086E+00   2.1340202726038258E+00
     220.0000000000000000   9.1618564462831760E+00   2.0853821562008910E+00
     230.0000000000000000   9.4569591338609076E+00   2.0347235456025214E+00
     240.0000000000000000   9.7500984575810374E+00   1.9873676548227757E+00
     250.0000000000000000   1.0037623962752154E+01   1.9476494283258556E+00
     260.0000000000000000   1.0327274114516545E+01   1.9057445055202387E+00
     270.0000000000000000   1.0618830294760603E+01   1.8620225755053055E+00
     280.0000000000000000   1.0905166025638266E+01   1.8249746302501284E+00
     290.0000000000000000   1.1193420482253108E+01   1.7860139541992772E+00
     300.0000000000000000   1.1476771722015989E+01   1.7529929628843606E+00
     310.0000000000000000   1.1762031297905194E+01   1.7180155160881923E+00
     320.0000000000000000   1.2045866488520948E+01   1.6848545443590370E+00
     330.0000000000000000   1.2328338760801175E+01   1.6533656490285777E+00
     340.0000000000000000   1.2609505507080073E+01   1.6234196240568248E+00
     350.0000000000000000   1.2889420392268473E+01   1.5949004886314875E+00
     360.0000000000000000   1.3168133652360746E+01   1.5677038281067188E+00
     370.0000000000000000   1.3445692350233424E+01   1.5417353902469804E+00
     380.0000000000000000   1.3722140643250048E+01   1.5169098562563130E+00
     390.0000000000000000   1.4000346863864088E+01   1.4903302919137382E+00
     400.0000000000000000   1.4274640643886093E+01   1.4676454414078641E+00
     410.0000000000000000   1.4550690672510232E+01   1.4432195931587946E+00
     420.0000000000000000   1.4822978401318236E+01   1.4224023721648704E+00
     430.0000000000000000   1.5097011985008209E+01   1.3998661506311973E+00
     440.0000000000000000   1.5370073399763541E+01   1.3782202888244059E+00
     450.0000000000000000   1.5639568869909034E+01   1.3598202957124497E+00
     460.0000000000000000   1.5910797054434854E+01   1.3397418577264733E+00
     470.0000000000000000   1.6181137421164902E+01   1.3204077193382111E+00
     480.0000000000000000   1.6450615331741865E+01   1.3017757271286903E+00
     490.0000000000000000   1.6719254968373626E+01   1.2838069081667247E+00
     500.0000000000000000   1.6987079400984420E+01   1.2664651785682188E+00
     510.0000000000000000   1.7254110662235114E+01   1.2497170714001047E+00
     520.0000000000000000   1.7520369819750602E+01   1.2335314949020031E+00
     530.0000000000000000   1.7785877022543083E+01   1.2178795302538492E+00
     540.0000000000000000   1.8050651562560279E+01   1.2027342383684374E+00
     550.0000000000000000   1.8314711908686629E+01   1.1880705017074973E+00
     560.0000000000000000   1.8578075775172582E+01   1.1738648558792344E+00
     570.0000000000000000   1.8843077607086791E+01   1.1582331358376083E+00
     580.0000000000000000   1.9105072763524298E+01   1.1449143382841600E+00
     590.0000000000000000   1.9366420326515108E+01   1.1319907399881179E+00
     600.0000000000000000   1.9627135285758168E+01   1.1194444026587131E+00
     610.0000000000000000   1.9889470420585713E+01   1.1055276450357776E+00
     620.0000000000000000   2.0148937197961246E+01   1.0937164070460419E+00
     625.9990000000000236   2.0304748665448567E+01   1.0864531569486628E+00
     626.0009999999999764   2.0304801313097872E+01   1.0864501948187397E+00
     630.0000000000000000   2.0410022895756420E+01   1.0805619440391461E+00
     637.9990000000000236   2.0615781545534958E+01   1.0722868298742252E+00
     638.0009999999999764   2.0615834044241343E+01   1.0722839584040273E+00
     640.0000000000000000   2.0668294829056293E+01   1.0694222493422645E+00
     650.0000000000000000   2.0926001527802075E+01   1.0585828482094328E+00
     660.0000000000000000   2.1185309108135705E+01   1.0464415240247993E+00
     670.0000000000000000   2.1441894657807094E+01   1.0361919920176490E+00
     680.0000000000000000   2.1700074031116543E+01   1.0246671749127101E+00
     690.0000000000000000   2.1955583144794279E+01   1.0149600472946569E+00
     700.0000000000000000   2.2212677200569985E+01   1.0040037536085653E+00
     710.0000000000000000   2.2469243274510728E+01   9.9332533102098275E-01
     720.0000000000000000   2.2723200638054390E+01   9.8436571862770006E-01
     730.0000000000000000   2.2978740142031910E+01   9.7419256778725460E-01
     740.0000000000000000   2.3231721372024772E+01   9.6567609693869616E-01
     750.0000000000000000   2.3486270350174230E+01   9.5597181848431267E-01
     760.0000000000000000   2.3740336764476339E+01   9.4649750534098254E-01
     770.0000000000000000   2.3991904622706038E+01   9.3859684448520386E-01
     780.0000000000000000   2.4245030481619683E+01   9.2954273989478386E-01
     790.0000000000000000   2.4497697613351342E+01   9.2069519697394497E-01
     800.0000000000000000   2.4749911957897943E+01   9.1204799058625097E-01
     810.0000000000000000   2.4999698482282394E+01   9.0487589029995730E-01
     820.0000000000000000   2.5251033853190922E+01   8.9659288093946288E-01
     830.0000000000000000   2.5501938592636833E+01   8.8849027074183029E-01
     840.0000000000000000   2.5752418072187343E+01   8.8056287452699666E-01
     850.0000000000000000   2.6000540201779835E+01   8.7402283352694421E-01
     860.0000000000000000   2.6250194805775880E+01   8.6641377885501436E-01
     870.0000000000000000   2.6499444698001852E+01   8.5896285546074491E-01
     880.0000000000000000   2.6748295171539635E+01   8.5166546769206120E-01
     880.9990000000000236   2.6773324627017455E+01   8.5082745507018476E-01
     881.0009999999999764   2.6773374731843518E+01   8.5082577933366088E-01
     890.0000000000000000   2.6996751438664688E+01   8.4451717339919175E-01
     900.0000000000000000   2.7244818889843678E+01   8.3751352348774954E-01
     910.0000000000000000   2.7492503141962928E+01   8.3065003547546501E-01
     920.0000000000000000   2.7737936224689886E+01   8.2504226787958679E-01
     930.0000000000000000   2.7984879400056112E+01   8.1843236895722071E-01
     936.9990000000000236   2.8158798989342543E+01   8.1311280766799432E-01
     937.0009999999999764   2.8158848659948966E+01   8.1311129969853624E-01
     940.0000000000000000   2.8231456354662452E+01   8.1195005949041565E-01
     950.0000000000000000   2.8477671923116748E+01   8.0559169383422846E-01
     960.0000000000000000   2.8723530884684063E+01   7.9935373389370235E-01
     970.0000000000000000   2.8969037970663845E+01   7.9323274205230343E-01
     980.0000000000000000   2.9214197851693498E+01   7.8722538484316673E-01
     990.0000000000000000   2.9459015124047568E+01   7.8132843764560667E-01
    1000.0000000000000000   2.9703494296697144E+01   7.7553878852044944E-01
    1077.9990000000000236   3.1600676115281090E+01   7.3299368619605132E-01
    1078.0009999999999764   3.1600724832172112E+01   7.3299249790864562E-01
    1100.0000000000000000   3.2132344196731658E+01   7.2201410982016656E-01
    1200.0000000000000000   3.4531526861479449E+01   6.7668583550208838E-01
    1300.0000000000000000   3.6905830202562065E+01   6.3699100682501675E-01
    1400.0000000000000000   3.9256131713275359E+01   6.0252119243076918E-01
    1500.0000000000000000   4.1586131961375514E+01   5.7162519517315469E-01
    1600.0000000000000000   4.3897569313774618E+01   5.4367659155347636E-01
    1700.0000000000000000   4.6190472082227686E+01   5.1877339888940865E-01
    1800.0000000000000000   4.8466172226722762E+01   4.9644891732286939E-01
    1900.0000000000000000   5.0727369709889395E+01   4.7576380003986873E-01
    2000.0000000000000000   5.2972115673641312E+01   4.5753304783559856E-01
    2100.0000000000000000   5.5205747964730023E+01   4.3992606966529579E-01
    2200.0000000000000000   5.7424678797299137E+01   4.2430131703238089E-01
    2300.0000000000000000   5.9631157866321459E+01   4.0994659026280161E-01
    2400.0000000000000000   6.1827277938839458E+01   3.9626470360655780E-01
    2500.0000000000000000   6.4012130351112532E+01   3.8362701217349149E-01
    2600.0000000000000000   6.6186366596107476E+01   3.7189386768610827E-01
    2700.0000000000000000   6.8350506756928752E+01   3.6096641413461156E-01
    2800.0000000000000000   7.0506181596501733E+01   3.5042908278297263E-01
    2900.0000000000000000   7.2651336481070516E+01   3.4092064075094680E-01
    3000.0000000000000000   7.4788975766240569E+01   3.3165277588385544E-01
    3100.0000000000000000   7.6916895759535393E+01   3.2326842668142058E-01
    3200.0000000000000000   7.9037714126455171E+01   3.1510279481957287E-01
    3300.0000000000000000   8.1150829398902800E+01   3.0737183033791010E-01
    3400.0000000000000000   8.3256396646135045E+01   3.0006781991250048E-01
    3500.0000000000000000   8.5354580075265417E+01   2.9317952406755615E-01
    3600.0000000000000000   8.7445952184354582E+01   2.8660725333119791E-01
    3700.0000000000000000   8.9531497028037933E+01   2.8014766579662703E-01
    3800.0000000000000000   9.1609671992091648E+01   2.7418876710951490E-01
    3900.0000000000000000   9.3680871997450694E+01   2.6865119445477642E-01
    4000.0000000000000000   9.5747402283183632E+01   2.6305989456849460E-01
    4100.0000000000000000   9.7806860204593619E+01   2.5796251320841035E-01
    4200.0000000000000000   9.9861719797583476E+01   2.5284558835547966E-01
    4300.0000000000000000   1.0191111936444523E+02   2.4792938950601123E-01
    4400.0000000000000000   1.0395385508327678E+02   2.4346164141886448E-01
    4500.0000000000000000   1.0599201552389079E+02   2.3902767688689786E-01
    4562.9989999999997963   1.0727401530524368E+02   2.3621621004757040E-01
    4563.0010000000002037   1.0727405589497604E+02   2.3621613330950281E-01
    4600.0000000000000000   1.0802535850846172E+02   2.3472547565072840E-01
    4700.0000000000000000   1.1005375085816029E+02   2.3057457456766395E-01
    4800.0000000000000000   1.1207558897270526E+02   2.2689119857006632E-01
    4857.9989999999997963   1.1324761980624196E+02   2.2454151094423511E-01
    4858.0010000000002037   1.1324766038831012E+02   2.2454139674230272E-01
    4900.0000000000000000   1.1409414810288185E+02   2.2308402591511400E-01
    5000.0000000000000000   1.1610822125649243E+02   2.1939322942946182E-01
    5100.0000000000000000   1.1811761016471925E+02   2.1586290135996755E-01
    5194.9989999999997963   1.2002323572628033E+02   2.1247494672260261E-01
    5195.0010000000002037   1.2002327568115716E+02   2.1247489535320660E-01
    5200.0000000000000000   1.2012240110373304E+02   2.1248797194903896E-01
    5300.0000000000000000   1.2212406443371911E+02   2.0902321718836683E-01
    5400.0000000000000000   1.2412105857701258E+02   2.0577258434628584E-01
    5500.0000000000000000   1.2611335994089137E+02   2.0272082939877004E-01
    5600.0000000000000000   1.2810099225625891E+02   1.9985823375640194E-01
    5700.0000000000000000   1.3008648687250692E+02   1.9682437155558982E-01
    5800.0000000000000000   1.3206583779412315E+02   1.9423093330247343E-01
    5900.0000000000000000   1.3404427381080100E+02   1.9128575649426158E-01
    6000.0000000000000000   1.3601626955932821E+02   1.8883271244221123E-01
    6100.0000000000000000   1.3798640262232848E+02   1.8621702874761348E-01
    6200.0000000000000000   1.3995338603691232E+02   1.8360393255353769E-01
    6300.0000000000000000   1.4191519811685384E+02   1.8130707719022415E-01
    6400.0000000000000000   1.4387434058973432E+02   1.7897112479117142E-01
    6500.0000000000000000   1.4583018944108159E+02   1.7671143415204421E-01
    6600.0000000000000000   1.4778268034961152E+02   1.7452485599466669E-01
    6700.0000000000000000   1.4973273370388779E+02   1.7227589553751435E-01
    6800.0000000000000000   1.5167855599624818E+02   1.7024488874740418E-01
    6900.0000000000000000   1.5362200480730760E+02   1.6815480355345047E-01
    7000.0000000000000000   1.5556217536324397E+02   1.6614744512127319E-01
    7100.0000000000000000   1.5749860298231204E+02   1.6430291314904799E-01
    7200.0000000000000000   1.5943422399485701E+02   1.6223088854938716E-01
    7300.0000000000000000   1.6136586081217683E+02   1.6034997262259801E-01
    7400.0000000000000000   1.6329379850860823E+02   1.5861328766501562E-01
    7500.0000000000000000   1.6521858047910507E+02   1.5695070687528928E-01
    7600.0000000000000000   1.6714318265563466E+02   1.5503914616859887E-01
    7700.0000000000000000   1.6906272739639888E+02   1.5344680231166238E-01
    7800.0000000000000000   1.7097932429217732E+02   1.5190956929509306E-01
    7900.0000000000000000   1.7289549971162262E+02   1.5017625363720816E-01
    8000.0000000000000000   1.7480615436668023E+02   1.4880170821220889E-01
    8100.0000000000000000   1.7671792358954565E+02   1.4704783326779192E-01
    8200.0000000000000000   1.7862343441367736E+02   1.4573614927039197E-01
    8300.0000000000000000   1.8052963609233942E+02   1.4413458080671854E-01
    8400.0000000000000000   1.8243115850972592E+02   1.4278699802226968E-01
    8500.0000000000000000   1.8433177506776875E+02   1.4131539905993834E-01
    8600.0000000000000000   1.8623038980764463E+02   1.3983715010256673E-01
    8700.0000000000000000   1.8812342873037829E+02   1.3872166923909421E-01
    8800.0000000000000000   1.9001836401462714E+02   1.3719947363131396E-01
    8900.0000000000000000   1.9190905592158734E+02   1.3592245306384987E-01
    9000.0000000000000000   1.9379752114918787E+02   1.3464812657841760E-01
    9100.0000000000000000   1.9568143089605633E+02   1.3365781412075428E-01
    9200.0000000000000000   1.9756700628260825E+02   1.3228268976714777E-01
    9300.0000000000000000   1.9944948125045633E+02   1.3103654322471869E-01
    9400.0000000000000000   2.0132980423588350E+02   1.2982250032122877E-01
    9500.0000000000000000   2.0320805940398665E+02   1.2862043006333268E-01
    9600.0000000000000000   2.0508307887450758E+02   1.2755274442516989E-01
    9700.0000000000000000   2.0695520287206614E+02   1.2659108440703040E-01
    9800.0000000000000000   2.0882587548576311E+02   1.2559380559996886E-01
    9900.0000000000000000   2.1069527007933144E+02   1.2454639597012719E-01
   10000.0000000000000000   2.1256293981811743E+02   1.2349446854527114E-01
   11000.0000000000000000   2.3113739842890249E+02   1.1382801560484429E-01
   12000.0000000000000000   2.4953818292264756E+02   1.0560308653834226E-01
   13000.0000000000000000   2.6777769556671200E+02   9.8898563369980610E-02
   14000.0000000000000000   2.8587962557430507E+02   9.2706640171628107E-02
   15000.0000000000000000   3.0385016619086019E+02   8.7380086549475572E-02
   16000.0000000000000000   3.2170005261149549E+02   8.2653616045252468E-02
   17000.0000000000000000   3.3943480687835074E+02   7.8766389011494950E-02
   18000.0000000000000000   3.5707154645793213E+02   7.4900774240121704E-02
   19000.0000000000000000   3.7461292913639005E+02   7.1432964883264130E-02
   20000.0000000000000000   3.9205995823971466E+02   6.8390351025253551E-02
   21000.0000000000000000   4.0942159105789540E+02   6.5688202506390889E-02
   22000.0000000000000000   4.2670981699527249E+02   6.2915974739127759E-02
   23000.0000000000000000   4.4391635944189630E+02   6.0574990886753846E-02
   24000.0000000000000000   4.6105362361245170E+02   5.8389104425458034E-02
   25000.0000000000000000   4.7811227425205419E+02   5.6655856399751764E-02
   26000.0000000000000000   4.9511565561841871E+02   5.4683643208818709E-02
   27000.0000000000000000   5.1204852486555274E+02   5.3308508992327468E-02
   28000.0000000000000000   5.2894223424775475E+02   5.1096476444767419E-02
   29000.0000000000000000   5.4575696334708471E+02   4.9716429513422478E-02
   30000.0000000000000000   5.6253044928937129E+02   4.8286170972444836E-02
   31000.0000000000000000   5.7924850016549203E+02   4.6758659651588021E-02
   32000.0000000000000000   5.9590885101380411E+02   4.5560235108911669E-02
   33000.0000000000000000   6.1252145448066449E+02   4.4463988698694418E-02
   33175.9990000000034343   6.1544310840614162E+02   4.4374693466081382E-02
   33176.0009999999965657   6.1544314116600822E+02   4.4374700572521894E-02
   34000.0000000000000000   6.2909098293896034E+02   4.3345858759342555E-02
   35000.0000000000000000   6.4562185776174226E+02   4.2081054939541306E-02
   36000.0000000000000000   6.6209535025026571E+02   4.1176022955581836E-02
   37000.0000000000000000   6.7853491933752161E+02   4.0290135308423736E-02
   38000.0000000000000000   6.9494378686471225E+02   3.9206036425089762E-02
   39000.0000000000000000   7.1127428902451095E+02   3.8949197874618563E-02
   40000.0000000000000000   7.2760154107781875E+02   3.7924137851622089E-02
   41000.0000000000000000   7.4388318887274102E+02   3.7131230688507502E-02
   42000.0000000000000000   7.6014459417101864E+02   3.5930151640136992E-02
   43000.0000000000000000   7.7634668456459565E+02   3.5214656350498190E-02
   44000.0000000000000000   7.9254034746961679E+02   3.4408818166692057E-02
   45000.0000000000000000   8.0867035071893577E+02   3.3843522342513498E-02
   46000.0000000000000000   8.2476627815977042E+02   3.3351173510591234E-02
   47000.0000000000000000   8.4084482838001759E+02   3.2793223099377350E-02
   48000.0000000000000000   8.5690296057590126E+02   3.2124240020745543E-02
   49000.0000000000000000   8.7292742962142643E+02   3.1443154849488057E-02
   50000.0000000000000000   8.8890346293812115E+02   3.1292458829795748E-02
