       0.0010000000000000   1.0000000000000000E+30   0.0000000000000000E+00
       0.1000000000000000   2.1291883496936020E+01   1.3696803035756833E-03
       0.2000000000000000   1.8722523065268295E+01   2.6841010014894986E-03
       0.3000000000000000   1.7851104283164233E+01   3.9978906414375910E-03
       0.4000000000000000   1.7501080304539073E+01   5.2609245938289003E-03
       0.5000000000000000   1.7306856306578986E+01   6.5186538868970160E-03
       0.6000000000000000   1.7186214153485672E+01   7.7740314689663760E-03
       0.7000000000000000   1.7106683769191466E+01   9.0297556429991075E-03
       0.7999999999999999   1.7050805818533220E+01   1.0287756906153448E-02
       0.8999999999999999   1.7010530994652015E+01   1.1546869009021875E-02
       0.9999999999999999   1.6978389403089931E+01   1.2811783852724482E-02
       2.0000000000000000   1.6743973833649083E+01   2.5878061376226280E-02
       3.0000000000000000   1.6406730571545001E+01   4.0107411643115154E-02
       4.0000000000000000   1.5965101761254576E+01   5.5824196783598422E-02
       5.0000000000000000   1.5464740802125640E+01   7.3198357146877627E-02
       6.0000000000000000   1.4939425735780418E+01   9.2324104359729209E-02
       7.0000000000000000   1.4411131913676183E+01   1.1324738260534606E-01
       8.0000000000000000   1.3892892337488462E+01   1.3599173557678404E-01
       9.0000000000000000   1.3392141640041132E+01   1.6056876263608566E-01
      10.0000000000000000   1.2912645759453227E+01   1.8698712790671332E-01
      11.0000000000000000   1.2455980087309310E+01   2.1525604765786380E-01
      12.0000000000000000   1.2022344482593187E+01   2.4538803483799351E-01
      13.0000000000000000   1.1611160713042446E+01   2.7740094341334698E-01
      14.0000000000000000   1.1221374694712482E+01   3.1131909720447726E-01
      15.0000000000000000   1.0851752708276951E+01   3.4717184739978046E-01
      16.0000000000000000   1.0501025145243016E+01   3.8499166302039967E-01
      17.0000000000000000   1.0167938011733932E+01   4.2481383154993396E-01
      18.0000000000000000   9.8513364494614741E+00   4.6667300176342008E-01
      19.0000000000000000   9.5501717598867231E+00   5.1060092250892464E-01
      20.0000000000000000   9.2635179775609497E+00   5.5662356745190367E-01
      21.0000000000000000   8.9905727779730267E+00   6.0475745924675761E-01
      22.0000000000000000   8.7306587429392728E+00   6.5500544648371029E-01
      23.0000000000000000   8.4832088164993298E+00   7.0735303343796674E-01
      24.0000000000000000   8.2477546990355872E+00   7.6176455989808967E-01
      25.0000000000000000   8.0239180205566090E+00   8.1817871875109638E-01
      26.0000000000000000   7.8113942676521351E+00   8.7650518927132604E-01
      27.0000000000000000   7.6099376524648257E+00   9.3662182044771514E-01
      28.0000000000000000   7.4193456586410917E+00   9.9837288045901196E-01
      29.0000000000000000   7.2394422114711965E+00   1.0615688574994051E+00
      30.0000000000000000   7.0700633522583738E+00   1.1259877692189870E+00
      31.0000000000000000   6.9110421144975946E+00   1.1913784268437622E+00
      32.0000000000000000   6.7621974186325993E+00   1.2574652208326982E+00
      33.0000000000000000   6.6233231448837406E+00   1.3239547166378267E+00
      34.0000000000000000   6.4941822797995812E+00   1.3905430410296826E+00
      35.0000000000000000   6.3745030382769619E+00   1.4569239643220040E+00
      36.0000000000000000   6.2639784489153145E+00   1.5227969153874930E+00
      37.0000000000000000   6.1622685394084371E+00   1.5878744142968428E+00
      38.0000000000000000   6.0690047109835970E+00   1.6518884682326884E+00
      39.0000000000000000   5.9837955219682879E+00   1.7145956288811059E+00
      40.0000000000000000   5.9062334482088277E+00   1.7757805452293578E+00
      41.0000000000000000   5.8359016176181902E+00   1.8352580643030711E+00
      42.0000000000000000   5.7723804580682119E+00   1.8928739360554081E+00
      43.0000000000000000   5.7152536285369653E+00   1.9485043757303468E+00
      44.0000000000000000   5.6641131377143372E+00   2.0020546746751076E+00
      45.0000000000000000   5.6185633668500117E+00   2.0534572016461676E+00
      46.0000000000000000   5.5782243324279817E+00   2.1026688981932256E+00
      47.0000000000000000   5.5427339318743822E+00   2.1496685704643497E+00
      48.0000000000000000   5.5117494261304669E+00   2.1944540975768447E+00
      49.0000000000000000   5.4849482434487973E+00   2.2370396891028763E+00
      50.0000000000000000   5.4620282325960341E+00   2.2774532780034340E+00
      51.0000000000000000   5.4427074711474992E+00   2.3157341098066571E+00
      52.0000000000000000   5.4267237713043928E+00   2.3519305553197500E+00
      53.0000000000000000   5.4138339247984053E+00   2.3860981656659659E+00
      54.0000000000000000   5.4038127993865004E+00   2.4182979672562150E+00
      55.0000000000000000   5.3964523184854265E+00   2.4485949927082356E+00
      55.9990000000000023   5.3915641333067459E+00   2.4770294644148505E+00
      56.0000000000000000   5.3915604143652214E+00   2.4770570328573007E+00
      56.0009999999999977   5.3915566977140337E+00   2.4770845995341206E+00
      57.0000000000000000   5.3889600274748233E+00   2.5037534799971870E+00
      57.9990000000000023   5.3884873252238998E+00   2.5287304326277997E+00
      58.0000000000000000   5.3884878650265104E+00   2.5287546103747074E+00
      58.0009999999999977   5.3884884068059238E+00   2.5287787864966549E+00
      59.0000000000000000   5.3899934697410465E+00   2.5521307652804430E+00
      60.0000000000000000   5.3933383478310155E+00   2.5739516528009636E+00
      61.0000000000000000   5.3983947929047282E+00   2.5942860750145034E+00
      62.0000000000000000   5.4050451649391640E+00   2.6132014134515029E+00
      63.0000000000000000   5.4131810315742692E+00   2.6307633717911463E+00
      64.0000000000000000   5.4227024002007793E+00   2.6470357559734965E+00
      65.0000000000000000   5.4335170173748821E+00   2.6620803141763711E+00
      66.0000000000000000   5.4455397193915971E+00   2.6759566267825337E+00
      67.0000000000000000   5.4586918366666808E+00   2.6887220374367988E+00
      68.0000000000000000   5.4729006487671494E+00   2.7004316176926735E+00
      69.0000000000000000   5.4880988849549599E+00   2.7111381589488284E+00
      70.0000000000000000   5.5042242688202228E+00   2.7208921860618700E+00
      71.0000000000000000   5.5212191010157161E+00   2.7297419885495215E+00
      72.0000000000000000   5.5390298808803209E+00   2.7377336650386326E+00
      73.0000000000000000   5.5576069600511913E+00   2.7449111782021234E+00
      74.0000000000000000   5.5769042269934719E+00   2.7513164174034452E+00
      75.0000000000000000   5.5968788085783938E+00   2.7569892753635958E+00
      76.0000000000000000   5.6174908519172950E+00   2.7619676861843523E+00
      77.0000000000000000   5.6387032188906128E+00   2.7662877510131429E+00
      78.0000000000000000   5.6604813127986668E+00   2.7699837791949724E+00
      79.0000000000000000   5.6827928681636237E+00   2.7730883727206286E+00
      80.0000000000000000   5.7056077691285658E+00   2.7756325015134582E+00
      81.0000000000000000   5.7288978834008342E+00   2.7776455776187157E+00
      82.0000000000000000   5.7526369110850473E+00   2.7791555278441917E+00
      83.0000000000000000   5.7768002459403540E+00   2.7801888644704440E+00
      84.0000000000000000   5.8013648477560675E+00   2.7807707538610384E+00
      85.0000000000000000   5.8263091269280363E+00   2.7809250826718177E+00
      86.0000000000000000   5.8516128376322634E+00   2.7806745216260444E+00
      87.0000000000000000   5.8772569784419604E+00   2.7800405880205070E+00
      88.0000000000000000   5.9032237103555074E+00   2.7790436992530458E+00
      89.0000000000000000   5.9294962628034940E+00   2.7777032366378469E+00
      90.0000000000000000   5.9560588654015447E+00   2.7760375937590251E+00
      91.0000000000000000   5.9828966768330805E+00   2.7740642287849298E+00
      92.0000000000000000   6.0099957205808971E+00   2.7717997130342504E+00
      93.0000000000000000   6.0373428258613702E+00   2.7692597771539562E+00
      94.0000000000000000   6.0649255731660512E+00   2.7664593549876080E+00
      95.0000000000000000   6.0927322439937051E+00   2.7634126252163478E+00
      96.0000000000000000   6.1207517744383901E+00   2.7601330508589212E+00
      97.0000000000000000   6.1489737122867831E+00   2.7566334167190334E+00
      98.0000000000000000   6.1773881771242669E+00   2.7529258648802020E+00
      99.0000000000000000   6.2059858244551247E+00   2.7490219282713451E+00
     100.0000000000000000   6.2347578102997421E+00   2.7449325625564676E+00
     110.0000000000000000   6.5304221821956974E+00   2.6958935083596351E+00
     120.0000000000000000   6.8365403622005685E+00   2.6370539329175426E+00
     130.0000000000000000   7.1491587687870268E+00   2.5733396512242579E+00
     130.9989999999999952   7.1806414677404762E+00   2.5668343606586443E+00
     131.0010000000000048   7.1807045342294558E+00   2.5668213207977164E+00
     140.0000000000000000   7.4657779666181865E+00   2.5077577973944440E+00
     140.9989999999999952   7.4975598233893699E+00   2.5011816430412210E+00
     141.0010000000000048   7.4976234731541735E+00   2.5011684787786672E+00
     150.0000000000000000   7.7847663382038697E+00   2.4421473907044451E+00
     160.0000000000000000   8.1050315245654154E+00   2.3776244017303800E+00
     170.0000000000000000   8.4258278082528903E+00   2.3148509357468559E+00
     180.0000000000000000   8.7407628096416197E+00   2.2626449886621582E+00
     190.0000000000000000   9.0632486779097636E+00   2.2037981129138551E+00
     192.9989999999999952   9.1567615931308772E+00   2.1901584075635085E+00
     193.0010000000000048   9.1568311863412184E+00   2.1901409916429717E+00
     200.0000000000000000   9.3834005078691352E+00   2.1492057724681763E+00
     210.0000000000000000   9.7013788033651025E+00   2.0983933422867520E+00
     220.0000000000000000   1.0017329701681762E+01   2.0509553591137832E+00
     230.0000000000000000   1.0336137669552302E+01   2.0014105350428166E+00
     240.0000000000000000   1.0652846396739907E+01   1.9550913928389164E+00
     250.0000000000000000   1.0963086638064180E+01   1.9163408726591447E+00
     260.0000000000000000   1.1276079517477427E+01   1.8753415221854484E+00
     270.0000000000000000   1.1591544632461217E+01   1.8324690317953314E+00
     280.0000000000000000   1.1900977665627281E+01   1.7962196332196507E+00
     290.0000000000000000   1.2212874290032573E+01   1.7580112073384055E+00
     300.0000000000000000   1.2519103012742564E+01   1.7257002195179192E+00
     310.0000000000000000   1.2827763136578064E+01   1.6913941124557819E+00
     320.0000000000000000   1.3134880448313806E+01   1.6588689987518339E+00
     330.0000000000000000   1.3440521736052503E+01   1.6279833160091692E+00
     340.0000000000000000   1.3744749395199502E+01   1.5986103948680668E+00
     350.0000000000000000   1.4047621795647778E+01   1.5706365305364822E+00
     360.0000000000000000   1.4349193596995946E+01   1.5439593567056280E+00
     370.0000000000000000   1.4649516018058442E+01   1.5184864698550684E+00
     380.0000000000000000   1.4948637124557374E+01   1.4941342242677311E+00
     390.0000000000000000   1.5249956010597984E+01   1.4680072037496237E+00
     400.0000000000000000   1.5546740379495583E+01   1.4457555332028291E+00
     410.0000000000000000   1.5845711680186511E+01   1.4217447597878168E+00
     420.0000000000000000   1.6140321329574050E+01   1.4013256585864518E+00
     430.0000000000000000   1.6437097729745275E+01   1.3791716548269082E+00
     440.0000000000000000   1.6732814695047281E+01   1.3578930748715645E+00
     450.0000000000000000   1.7024396032841260E+01   1.3398463157373617E+00
     460.0000000000000000   1.7318118377734830E+01   1.3201078816642755E+00
     470.0000000000000000   1.7610873527163708E+01   1.3011012715743195E+00
     480.0000000000000000   1.7902689223141344E+01   1.2827850292225416E+00
     490.0000000000000000   1.8193591920579703E+01   1.2651208269661003E+00
     500.0000000000000000   1.8483606859384459E+01   1.2480731791119353E+00
     510.0000000000000000   1.8772758146508750E+01   1.2316091740850694E+00
     520.0000000000000000   1.9061068835271424E+01   1.2156982364562738E+00
     530.0000000000000000   1.9348560974650219E+01   1.2003119281141550E+00
     540.0000000000000000   1.9635255676946716E+01   1.1854237581094735E+00
     550.0000000000000000   1.9921173153267961E+01   1.1710090272123552E+00
     560.0000000000000000   2.0206332790123167E+01   1.1570446619768311E+00
     570.0000000000000000   2.0493494345237597E+01   1.1416468631645760E+00
     580.0000000000000000   2.0777162206893976E+01   1.1285549701561068E+00
     590.0000000000000000   2.1060125739609976E+01   1.1158515810893743E+00
     600.0000000000000000   2.1342401341379702E+01   1.1035190593802469E+00
     610.0000000000000000   2.1626651200294638E+01   1.0898100073097547E+00
     620.0000000000000000   2.1907567006662021E+01   1.0782006315413384E+00
     625.9990000000000236   2.2076301451441093E+01   1.0710557795067654E+00
     626.0009999999999764   2.2076358538612801E+01   1.0710528565196995E+00
     630.0000000000000000   2.2190452672223351E+01   1.0652424385964816E+00
     637.9990000000000236   2.2413127214037594E+01   1.0571204547380177E+00
     638.0009999999999764   2.2413184138163356E+01   1.0571176211364202E+00
     640.0000000000000000   2.2470067068938889E+01   1.0542936585399891E+00
     650.0000000000000000   2.2749067294862900E+01   1.0436400399622101E+00
     660.0000000000000000   2.3030012041400571E+01   1.0316795771270735E+00
     670.0000000000000000   2.3307791569507074E+01   1.0216061845525271E+00
     680.0000000000000000   2.3587504846053164E+01   1.0102529734546819E+00
     690.0000000000000000   2.3864112628161230E+01   1.0007130968411935E+00
     700.0000000000000000   2.4142641393616536E+01   9.8991986818210465E-01
     710.0000000000000000   2.4420593834950484E+01   9.7940048488790066E-01
     720.0000000000000000   2.4695511492503957E+01   9.7059603808610440E-01
     730.0000000000000000   2.4972343706982038E+01   9.6057432347953842E-01
     740.0000000000000000   2.5246199498521957E+01   9.5220569664887877E-01
     750.0000000000000000   2.5521950914840957E+01   9.4264580038372559E-01
     760.0000000000000000   2.5797175731713793E+01   9.3331253164891603E-01
     770.0000000000000000   2.6069492961645985E+01   9.2554969551413124E-01
     780.0000000000000000   2.6343691639244042E+01   9.1663030845231686E-01
     790.0000000000000000   2.6617389792634448E+01   9.0791448309596012E-01
     800.0000000000000000   2.6890593786415504E+01   8.9939609657782016E-01
     810.0000000000000000   2.7160971691217640E+01   8.9235001606261255E-01
     820.0000000000000000   2.7433217037505532E+01   8.8419031956499805E-01
     830.0000000000000000   2.7704992540768792E+01   8.7620840435451652E-01
     840.0000000000000000   2.7976303964136719E+01   8.6839917035746539E-01
     850.0000000000000000   2.8244870696426563E+01   8.6197484020231308E-01
     860.0000000000000000   2.8515282684559381E+01   8.5447912289101313E-01
     870.0000000000000000   2.8785253202633438E+01   8.4713923794270574E-01
     880.0000000000000000   2.9054787979953442E+01   8.3995066113261152E-01
     880.9990000000000236   2.9081916183886541E+01   8.3912339900458621E-01
     881.0009999999999764   2.9081970490004917E+01   8.3912174476900681E-01
     890.0000000000000000   2.9323892663904772E+01   8.3290901876141032E-01
     900.0000000000000000   2.9592573124995116E+01   8.2600992736335344E-01
     910.0000000000000000   2.9860835513182682E+01   8.1924896740838726E-01
     920.0000000000000000   3.0126475824636440E+01   8.1374175782598090E-01
     930.0000000000000000   3.0393930665216246E+01   8.0723050487356884E-01
     936.9990000000000236   3.0582420403621761E+01   8.0197887837583726E-01
     937.0009999999999764   3.0582474234983174E+01   8.0197738969090882E-01
     940.0000000000000000   3.0660986099653510E+01   8.0084498504201684E-01
     950.0000000000000000   3.0927647399805362E+01   7.9458160621688290E-01
     960.0000000000000000   3.1193919782522336E+01   7.8843688176189797E-01
     970.0000000000000000   3.1459808417981549E+01   7.8240742354767179E-01
     980.0000000000000000   3.1725318414361571E+01   7.7648994571739860E-01
     990.0000000000000000   3.1990454801354893E+01   7.7068126947243010E-01
    1000.0000000000000000   3.2255222514595125E+01   7.6497832699158463E-01
    1077.9990000000000236   3.4309898309151762E+01   7.2306032548819443E-01
    1078.0009999999999764   3.4309951098633270E+01   7.2305915224597195E-01
    1100.0000000000000000   3.4885672848547244E+01   7.1224331171271604E-01
    1200.0000000000000000   3.7483776308761321E+01   6.6758671508987621E-01
    1300.0000000000000000   4.0054906400668081E+01   6.2847078648718069E-01
    1400.0000000000000000   4.2599875243147714E+01   5.9450551858389244E-01
    1500.0000000000000000   4.5122855933149879E+01   5.6405350745559757E-01
    1600.0000000000000000   4.7625737642338258E+01   5.3649887061490964E-01
    1700.0000000000000000   5.0108419117268518E+01   5.1194782583203480E-01
    1800.0000000000000000   5.2572352008230887E+01   4.8994015305994482E-01
    1900.0000000000000000   5.5020611648929744E+01   4.6954169657299838E-01
    2000.0000000000000000   5.7450815954604430E+01   4.5157166697526074E-01
    2100.0000000000000000   5.9869164617841889E+01   4.3420292478539885E-01
    2200.0000000000000000   6.2271366963363164E+01   4.1879677939064991E-01
    2300.0000000000000000   6.4660005774320197E+01   4.0464341861029052E-01
    2400.0000000000000000   6.7037484530280793E+01   3.9114766744315721E-01
    2500.0000000000000000   6.9402683032172646E+01   3.7868258702859708E-01
    2600.0000000000000000   7.1756320256348204E+01   3.6710998643098502E-01
    2700.0000000000000000   7.4098964691570643E+01   3.5633226234233900E-01
    2800.0000000000000000   7.6432493579497802E+01   3.4593492904938644E-01
    2900.0000000000000000   7.8754456198673040E+01   3.3655769501160737E-01
    3000.0000000000000000   8.1068349759658261E+01   3.2741307033439609E-01
    3100.0000000000000000   8.3371554101686286E+01   3.1914471508694292E-01
    3200.0000000000000000   8.5667116290422683E+01   3.1108846689098341E-01
    3300.0000000000000000   8.7954303034184974E+01   3.0346083853522304E-01
    3400.0000000000000000   9.0233271789393541E+01   2.9625461656134505E-01
    3500.0000000000000000   9.2504192400800989E+01   2.8945900708447592E-01
    3600.0000000000000000   9.4767715730838958E+01   2.8297471917428846E-01
    3700.0000000000000000   9.7024977207749330E+01   2.7659876851156923E-01
    3800.0000000000000000   9.9274146129699176E+01   2.7071948254270162E-01
    3900.0000000000000000   1.0151566856195785E+02   2.6525778886666146E-01
    4000.0000000000000000   1.0375223461353923E+02   2.5973889701033193E-01
    4100.0000000000000000   1.0598100710616029E+02   2.5471069113092853E-01
    4200.0000000000000000   1.0820487594554841E+02   2.4965992600387846E-01
    4300.0000000000000000   1.1042281507852223E+02   2.4480706872599894E-01
    4400.0000000000000000   1.1263339778681420E+02   2.4040002455632806E-01
    4500.0000000000000000   1.1483906328707819E+02   2.3602429151167345E-01
    4562.9989999999997963   1.1622646554708236E+02   2.3324830922293707E-01
    4563.0010000000002037   1.1622650946671814E+02   2.3324823359714203E-01
    4600.0000000000000000   1.1703951504764171E+02   2.3177800087472109E-01
    4700.0000000000000000   1.1923458515111415E+02   2.2768082876073900E-01
    4800.0000000000000000   1.2142238037214666E+02   2.2404912830495016E-01
    4857.9989999999997963   1.2269074527625324E+02   2.2172851808984181E-01
    4858.0010000000002037   1.2269078921151086E+02   2.2172840487962620E-01
    4900.0000000000000000   1.2360673464845202E+02   2.2029169599592358E-01
    5000.0000000000000000   1.2578622117590974E+02   2.1664881387823376E-01
    5100.0000000000000000   1.2796059769543439E+02   2.1316467525227678E-01
    5194.9989999999997963   1.3002274201450641E+02   2.0981908780647285E-01
    5195.0010000000002037   1.3002278523962687E+02   2.0981903731406334E-01
    5200.0000000000000000   1.3012995635090627E+02   2.0983430400403685E-01
    5300.0000000000000000   1.3229601392847084E+02   2.0641256303068997E-01
    5400.0000000000000000   1.3445695290340345E+02   2.0320348036768310E-01
    5500.0000000000000000   1.3661273763054334E+02   2.0019188715619793E-01
    5600.0000000000000000   1.3876338833460858E+02   1.9736813485102417E-01
    5700.0000000000000000   1.4091186788474326E+02   1.9437186294373091E-01
    5800.0000000000000000   1.4305346866413578E+02   1.9181482299531991E-01
    5900.0000000000000000   1.4519431895569903E+02   1.8890490960807738E-01
    6000.0000000000000000   1.4732792927399697E+02   1.8648604756516604E-01
    6100.0000000000000000   1.4945966406281789E+02   1.8390351459310278E-01
    6200.0000000000000000   1.5158800721744856E+02   1.8132258487317338E-01
    6300.0000000000000000   1.5371058110976830E+02   1.7905695592257051E-01
    6400.0000000000000000   1.5583031504766345E+02   1.7675133142484403E-01
    6500.0000000000000000   1.5794647148070104E+02   1.7452110928402345E-01
    6600.0000000000000000   1.6005896967959245E+02   1.7236317706665541E-01
    6700.0000000000000000   1.6216888418144910E+02   1.7014207473490461E-01
    6800.0000000000000000   1.6427410624359709E+02   1.6813817104697279E-01
    6900.0000000000000000   1.6637681004731957E+02   1.6607446490725744E-01
    7000.0000000000000000   1.6847592969260285E+02   1.6409279076546990E-01
    7100.0000000000000000   1.7057091571887628E+02   1.6227327602737013E-01
    7200.0000000000000000   1.7266520777384304E+02   1.6022562784208222E-01
    7300.0000000000000000   1.7475507471154259E+02   1.5836847237239715E-01
    7400.0000000000000000   1.7684084690087292E+02   1.5665495549252961E-01
    7500.0000000000000000   1.7892315775778354E+02   1.5501497277690157E-01
    7600.0000000000000000   1.8100549351680363E+02   1.5312546139054786E-01
    7700.0000000000000000   1.8308213013552077E+02   1.5155463829456386E-01
    7800.0000000000000000   1.8515553811407761E+02   1.5003841668365378E-01
    7900.0000000000000000   1.8722867658073258E+02   1.4832562135033420E-01
    8000.0000000000000000   1.8929556229928636E+02   1.4697112256912279E-01
    8100.0000000000000000   1.9136397293278034E+02   1.4523683716613597E-01
    8200.0000000000000000   1.9342525946280162E+02   1.4394430141263692E-01
    8300.0000000000000000   1.9548756756212077E+02   1.4236145497148936E-01
    8400.0000000000000000   1.9754459722210746E+02   1.4103218237748383E-01
    8500.0000000000000000   1.9960077006494777E+02   1.3957849551489424E-01
    8600.0000000000000000   2.0165479808676531E+02   1.3811777369634828E-01
    8700.0000000000000000   2.0370248799399306E+02   1.3701944756286727E-01
    8800.0000000000000000   2.0575259811951636E+02   1.3551404628227098E-01
    8900.0000000000000000   2.0779792703811560E+02   1.3425347112873823E-01
    9000.0000000000000000   2.0984083669502439E+02   1.3299525214473812E-01
    9100.0000000000000000   2.1187859426995038E+02   1.3202071981386182E-01
    9200.0000000000000000   2.1391849093988012E+02   1.3066105831161579E-01
    9300.0000000000000000   2.1595493653008771E+02   1.2943006702845106E-01
    9400.0000000000000000   2.1798904063019526E+02   1.2823088108091013E-01
    9500.0000000000000000   2.2002089961070590E+02   1.2704337838991206E-01
    9600.0000000000000000   2.2204914211835367E+02   1.2598997948816107E-01
    9700.0000000000000000   2.2407416486727803E+02   1.2504233359650338E-01
    9800.0000000000000000   2.2609765861083514E+02   1.2405880420518012E-01
    9900.0000000000000000   2.2811982444350559E+02   1.2302488687381009E-01
   10000.0000000000000000   2.3014013648746118E+02   1.2198620193267849E-01
   11000.0000000000000000   2.5023223654699316E+02   1.1243985815248653E-01
   12000.0000000000000000   2.7013560632887749E+02   1.0431637765195154E-01
   13000.0000000000000000   2.8986332136828378E+02   9.7698747853240397E-02
   14000.0000000000000000   3.0944192919443572E+02   9.1582136802334263E-02
   15000.0000000000000000   3.2887766496118434E+02   8.6321523073264225E-02
   16000.0000000000000000   3.4818223566486961E+02   8.1653296432017797E-02
   17000.0000000000000000   3.6736136058607860E+02   7.7817912943850778E-02
   18000.0000000000000000   3.8643443740833499E+02   7.3998759295113070E-02
   19000.0000000000000000   4.0540400533137750E+02   7.0572839748550081E-02
   20000.0000000000000000   4.2427073335099038E+02   6.7568198945842803E-02
   21000.0000000000000000   4.4304466124911693E+02   6.4900640951241900E-02
   22000.0000000000000000   4.6173942488388025E+02   6.2160061643914917E-02
   23000.0000000000000000   4.8034496961018391E+02   5.9848150704254588E-02
   24000.0000000000000000   4.9887549265631725E+02   5.7689069148903697E-02
   25000.0000000000000000   5.1731976659378040E+02   5.5980618050591208E-02
   26000.0000000000000000   5.3570485018845955E+02   5.4031415205708193E-02
   27000.0000000000000000   5.5401264947577249E+02   5.2677694474250462E-02
   28000.0000000000000000   5.7227963747536899E+02   5.0485642093161739E-02
   29000.0000000000000000   5.9045898986054419E+02   4.9124283762303420E-02
   30000.0000000000000000   6.0859468581735143E+02   4.7711545749489964E-02
   31000.0000000000000000   6.2666993250256826E+02   4.6200494982755129E-02
   32000.0000000000000000   6.4468191190970288E+02   4.5017566062209642E-02
   33000.0000000000000000   6.6264211702555826E+02   4.3935934251715908E-02
   33175.9990000000034343   6.6580099552797606E+02   4.3849125715556311E-02
   33176.0009999999965657   6.6580103090918203E+02   4.3849132850114367E-02
   34000.0000000000000000   6.8055587020226096E+02   4.2831612258962773E-02
   35000.0000000000000000   6.9842820895702425E+02   4.1579875887173226E-02
   36000.0000000000000000   7.1623708788937574E+02   4.0687229902179003E-02
   37000.0000000000000000   7.3400984019550208E+02   3.9813099683429755E-02
   38000.0000000000000000   7.5175012227357035E+02   3.8740177155270013E-02
   39000.0000000000000000   7.6940205394629811E+02   3.8493976674052681E-02
   40000.0000000000000000   7.8705343083610614E+02   3.7479055084494957E-02
   41000.0000000000000000   8.0465459764196589E+02   3.6695821722796756E-02
   42000.0000000000000000   8.2223513952938686E+02   3.5503983623674115E-02
   43000.0000000000000000   8.3974925507429657E+02   3.4797325351813665E-02
   44000.0000000000000000   8.5725640281346807E+02   3.3999946632035698E-02
   45000.0000000000000000   8.7469188494200387E+02   3.3442756827850986E-02
   46000.0000000000000000   8.9209024189456329E+02   3.2958182653527353E-02
   47000.0000000000000000   9.0947093981394880E+02   3.2407695801070002E-02
   48000.0000000000000000   9.2683035396375419E+02   3.1745883812155679E-02
   49000.0000000000000000   9.4415292562449599E+02   3.1071694419903879E-02
   50000.0000000000000000   9.6142131340265200E+02   3.0927634698598629E-02
