       1.0000000000000000   1.0000000000000000E+30   0.0000000000000000E+00
       2.0000000000000000   1.0000000000000000E+30  -4.6467817734463797E+00
       3.0000000000000000   1.0000000000000000E+30  -6.3517351421521751E+00
       4.0000000000000000   1.0000000000000000E+30  -6.3838327202728262E+00
       5.0000000000000000   1.0000000000000000E+30  -5.9387929756569529E+00
       6.0000000000000000   1.0000000000000000E+30  -5.3938541089617145E+00
       7.0000000000000000   1.0000000000000000E+30  -4.8667087844458337E+00
       8.0000000000000000   1.0000000000000000E+30  -4.3910974102100413E+00
       9.0000000000000000   1.0000000000000000E+30  -3.9724892429969079E+00
      10.0000000000000000   1.0000000000000000E+30  -3.6070143180355974E+00
      11.0000000000000000   1.0000000000000000E+30  -3.2882146607927911E+00
      12.0000000000000000   1.0000000000000000E+30  -3.0094665812399017E+00
      13.0000000000000000   1.0000000000000000E+30  -2.7647907083081602E+00
      14.0000000000000000   1.0000000000000000E+30  -2.5490511049793412E+00
      15.0000000000000000   1.0000000000000000E+30  -2.3579292274868155E+00
      16.0000000000000000   1.0000000000000000E+30  -2.1878247025269131E+00
      17.0000000000000000   1.0000000000000000E+30  -2.0357423678334423E+00
      18.0000000000000000   1.0000000000000000E+30  -1.8991874887934610E+00
      19.0000000000000000   1.0000000000000000E+30  -1.7760757807346494E+00
      20.0000000000000000   1.0000000000000000E+30  -1.6646588164807732E+00
      21.0000000000000000   1.0000000000000000E+30  -1.5634632187566235E+00
      22.0000000000000000   1.0000000000000000E+30  -1.4712414605184454E+00
      23.0000000000000000   1.0000000000000000E+30  -1.3869321523176943E+00
      24.0000000000000000   1.0000000000000000E+30  -1.3096279691822259E+00
      25.0000000000000000   1.0000000000000000E+30  -1.2385496872169355E+00
      26.0000000000000000   1.0000000000000000E+30  -1.1730250951496550E+00
      27.0000000000000000   1.0000000000000000E+30  -1.1124717971301457E+00
      28.0000000000000000   1.0000000000000000E+30  -1.0563831279780997E+00
      29.0000000000000000   1.0000000000000000E+30  -1.0043165656358641E+00
      30.0000000000000000   1.0000000000000000E+30  -9.5588415465008703E-01
      31.0000000000000000   1.0000000000000000E+30  -9.1074455578712421E-01
      32.0000000000000000   1.0000000000000000E+30  -8.6859641620198802E-01
      33.0000000000000000   1.0000000000000000E+30  -8.2917281670838638E-01
      34.0000000000000000   1.0000000000000000E+30  -7.9223660144478547E-01
      35.0000000000000000   1.0000000000000000E+30  -7.5757643358098847E-01
      36.0000000000000000   1.0000000000000000E+30  -7.2500345097764596E-01
      37.0000000000000000   1.0000000000000000E+30  -6.9434841968766337E-01
      38.0000000000000000   1.0000000000000000E+30  -6.6545930225528915E-01
      39.0000000000000000   1.0000000000000000E+30  -6.3819917299220952E-01
      40.0000000000000000   1.0000000000000000E+30  -6.1244442461469339E-01
      41.0000000000000000   1.0000000000000000E+30  -5.8808322045047656E-01
      42.0000000000000000   1.0000000000000000E+30  -5.6501415436500024E-01
      43.0000000000000000   1.0000000000000000E+30  -5.4314508700087172E-01
      44.0000000000000000   1.0000000000000000E+30  -5.2239213217468705E-01
      45.0000000000000000   1.0000000000000000E+30  -5.0267877156948049E-01
      46.0000000000000000   1.0000000000000000E+30  -4.8393507938638292E-01
      47.0000000000000000   1.0000000000000000E+30  -4.6609704152389875E-01
      48.0000000000000000   1.0000000000000000E+30  -4.4910595625540545E-01
      49.0000000000000000   1.0000000000000000E+30  -4.3290790536876506E-01
      50.0000000000000000   1.0000000000000000E+30  -4.1745328639174178E-01
      51.0000000000000000   1.0000000000000000E+30  -4.0269639791333878E-01
      52.0000000000000000   1.0000000000000000E+30  -3.8859507117312725E-01
      53.0000000000000000   1.0000000000000000E+30  -3.7511034206733079E-01
      54.0000000000000000   1.0000000000000000E+30  -3.6220615854395588E-01
      55.0000000000000000   1.0000000000000000E+30  -3.4984911905560334E-01
      56.0000000000000000   1.0000000000000000E+30  -3.3800823832909199E-01
      57.0000000000000000   1.0000000000000000E+30  -3.2665473721311306E-01
      58.0000000000000000   1.0000000000000000E+30  -3.1576185379318356E-01
      59.0000000000000000   1.0000000000000000E+30  -3.0530467332907590E-01
      60.0000000000000000   1.0000000000000000E+30  -2.9525997488337363E-01
      61.0000000000000000   1.0000000000000000E+30  -2.8560609277915650E-01
      62.0000000000000000   1.0000000000000000E+30  -2.7632279125663878E-01
      63.0000000000000000   1.0000000000000000E+30  -2.6739115089869803E-01
      64.0000000000000000   1.0000000000000000E+30  -2.5879346556828203E-01
      65.0000000000000000   1.0000000000000000E+30  -2.5051314875065556E-01
      66.0000000000000000   1.0000000000000000E+30  -2.4253464832375574E-01
      67.0000000000000000   1.0000000000000000E+30  -2.3484336889327592E-01
      68.0000000000000000   1.0000000000000000E+30  -2.2742560092800793E-01
      69.0000000000000000   1.0000000000000000E+30  -2.2026845601734224E-01
      70.0000000000000000   1.0000000000000000E+30  -2.1335980764847551E-01
      71.0000000000000000   1.0000000000000000E+30  -2.0668823696718505E-01
      72.0000000000000000   1.0000000000000000E+30  -2.0024298304430971E-01
      73.0000000000000000   1.0000000000000000E+30  -1.9401389722136228E-01
      74.0000000000000000   1.0000000000000000E+30  -1.8799140115389326E-01
      75.0000000000000000   1.0000000000000000E+30  -1.8216644821117073E-01
      76.0000000000000000   1.0000000000000000E+30  -1.7653048792601816E-01
      77.0000000000000000   1.0000000000000000E+30  -1.7107543321995836E-01
      78.0000000000000000   1.0000000000000000E+30  -1.6579363015653129E-01
      79.0000000000000000   1.0000000000000000E+30  -1.6067783000032862E-01
      80.0000000000000000   1.0000000000000000E+30  -1.5572116338120712E-01
      81.0000000000000000   1.0000000000000000E+30  -1.5091711638269997E-01
      82.0000000000000000   1.0000000000000000E+30  -1.4625950839107824E-01
      83.0000000000000000   1.0000000000000000E+30  -1.4174247155709990E-01
      84.0000000000000000   1.0000000000000000E+30  -1.3736043173643050E-01
      85.0000000000000000   1.0000000000000000E+30  -1.3310809078719327E-01
      86.0000000000000000   1.0000000000000000E+30  -1.2898041011433228E-01
      87.0000000000000000   1.0000000000000000E+30  -1.2497259536050527E-01
      88.0000000000000000   1.0000000000000000E+30  -1.2108008215229266E-01
      89.0000000000000000   1.0000000000000000E+30  -1.1729852281863491E-01
      90.0000000000000000   1.0000000000000000E+30  -1.1362377400575784E-01
      91.0000000000000000   1.0000000000000000E+30  -1.1005188511946513E-01
      92.0000000000000000   1.0000000000000000E+30  -1.0657908753165500E-01
      93.0000000000000000   1.0000000000000000E+30  -1.0320178449333418E-01
      94.0000000000000000   1.0000000000000000E+30  -9.9916541701283210E-02
      95.0000000000000000   1.0000000000000000E+30  -9.6720078469983400E-02
      96.0000000000000000   1.0000000000000000E+30  -9.3609259464417352E-02
      97.0000000000000000   1.0000000000000000E+30  -9.0581086953026621E-02
      98.0000000000000000   1.0000000000000000E+30  -8.7632693543417267E-02
      99.0000000000000000   1.0000000000000000E+30  -8.4761335366434779E-02
     100.0000000000000000   1.0000000000000000E+30  -8.1964385676969467E-02
     110.0000000000000000   1.0000000000000000E+30  -5.7582184020955697E-02
     120.0000000000000000   1.0000000000000000E+30  -3.8428811330645081E-02
     130.0000000000000000   1.0000000000000000E+30  -2.3126908655903847E-02
     140.0000000000000000   1.0000000000000000E+30  -1.0721472506113218E-02
     150.0000000000000000   1.0000000000000000E+30  -5.3300994456913805E-04
     160.0000000000000000   1.0000000000000000E+30   7.9327194737268958E-03
     170.0000000000000000   1.0000000000000000E+30   1.5042105436320445E-02
     180.0000000000000000   1.0000000000000000E+30   2.1071284507582395E-02
     190.0000000000000000   1.0000000000000000E+30   2.6231407552841556E-02
     200.0000000000000000   1.0000000000000000E+30   3.0686009175158298E-02
     210.0000000000000000   5.8888421664231352E+05   3.4563189724069202E-02
     220.0000000000000000   5.1805530040640740E+04   3.7964313328783569E-02
     230.0000000000000000   2.6542871841506269E+04   4.0970318829031092E-02
     240.0000000000000000   1.7727945690889079E+04   4.3646365470716125E-02
     250.0000000000000000   1.3295590505592696E+04   4.6045297884554318E-02
     260.0000000000000000   1.0651544994116110E+04   4.8210261418293002E-02
     270.0000000000000000   8.9068581749985879E+03   5.0176697754852236E-02
     280.0000000000000000   7.6757027760098408E+03   5.1973882902751109E-02
     290.0000000000000000   6.7641365916228542E+03   5.3626123391484620E-02
     300.0000000000000000   6.0642974834440456E+03   5.5153694499234983E-02
     310.0000000000000000   5.5115707692859669E+03   5.6573581888489974E-02
     320.0000000000000000   5.0649752498995113E+03   5.7900072073906468E-02
     330.0000000000000000   4.6973134901415206E+03   5.9145225679643795E-02
     340.0000000000000000   4.3898565062738608E+03   6.0319259108951258E-02
     350.0000000000000000   4.1293046303263591E+03   6.1430854128934814E-02
     360.0000000000000000   3.9059651337323312E+03   6.2487410336526383E-02
     370.0000000000000000   3.7126149854434179E+03   6.3495252078031805E-02
     380.0000000000000000   3.5437666443550370E+03   6.4459798834709647E-02
     390.0000000000000000   3.3951799629889674E+03   6.5385706140508093E-02
     400.0000000000000000   3.2635293119432790E+03   6.6276982607211946E-02
     410.0000000000000000   3.1461714040232059E+03   6.7137087482225868E-02
     420.0000000000000000   3.0409800942042211E+03   6.7969012271211202E-02
     430.0000000000000000   2.9462267222655169E+03   6.8775349259997537E-02
     440.0000000000000000   2.8604920433335765E+03   6.9558349221703869E-02
     450.0000000000000000   2.7826004617893259E+03   7.0319970161434195E-02
     460.0000000000000000   2.7115702694271058E+03   7.1061918606358854E-02
     470.0000000000000000   2.6465755378793560E+03   7.1785684673779021E-02
     480.0000000000000000   2.5869166124718104E+03   7.2492571928896049E-02
     490.0000000000000000   2.5319970331498116E+03   7.3183722865908268E-02
     500.0000000000000000   2.4813053126515106E+03   7.3860140701840701E-02
     510.0000000000000000   2.4344004242934816E+03   7.4522708055230563E-02
     520.0000000000000000   2.3909001506134559E+03   7.5172202986044989E-02
     530.0000000000000000   2.3504716583786703E+03   7.5809312794735087E-02
     540.0000000000000000   2.3128238208777407E+03   7.6434645913793856E-02
     550.0000000000000000   2.2777009223689815E+03   7.7048742171913848E-02
     560.0000000000000000   2.2448774639697849E+03   7.7652081666735054E-02
     570.0000000000000000   2.2141538533969492E+03   7.8245092445523745E-02
     580.0000000000000000   2.1853528085975827E+03   7.8828157162597293E-02
     590.0000000000000000   2.1583163415508075E+03   7.9401618856795739E-02
     600.0000000000000000   2.1329032163139336E+03   7.9965785970911557E-02
     610.0000000000000000   2.1089867968613671E+03   8.0520936717040040E-02
     620.0000000000000000   2.0864532169741378E+03   8.1067322876663836E-02
     630.0000000000000000   2.0651998175267981E+03   8.1605173111518284E-02
     640.0000000000000000   2.0451338068361304E+03   8.2134695850459724E-02
     650.0000000000000000   2.0261711079182753E+03   8.2656081808389251E-02
     660.0000000000000000   2.0082353630266489E+03   8.3169506185475403E-02
     670.0000000000000000   1.9912570710760349E+03   8.3675130588277483E-02
     680.0000000000000000   1.9751728377763520E+03   8.4173104708696614E-02
     690.0000000000000000   1.9599247217165014E+03   8.4663567791822894E-02
     700.0000000000000000   1.9454596624196276E+03   8.5146649919593406E-02
     710.0000000000000000   1.9317289786647143E+03   8.5622473133602980E-02
     720.0000000000000000   1.9186879272362321E+03   8.6091152417339584E-02
     730.0000000000000000   1.9062953138027792E+03   8.6552796555468173E-02
     740.0000000000000000   1.8945131488997265E+03   8.7007508885514881E-02
     750.0000000000000000   1.8833063430495688E+03   8.7455387955317709E-02
     760.0000000000000000   1.8726424359366185E+03   8.7896528097919674E-02
     770.0000000000000000   1.8624913552915755E+03   8.8331019934089608E-02
     780.0000000000000000   1.8528252017620423E+03   8.8758950811382215E-02
     790.0000000000000000   1.8436180565678005E+03   8.9180405187530121E-02
     800.0000000000000000   1.8348458091814873E+03   8.9595464964992905E-02
     810.0000000000000000   1.8264860026498354E+03   9.0004209782646769E-02
     820.0000000000000000   1.8185176944890259E+03   9.0406717269856787E-02
     830.0000000000000000   1.8109213313592061E+03   9.0803063267539660E-02
     840.0000000000000000   1.8036786359552607E+03   9.1193322020254500E-02
     850.0000000000000000   1.7967725047498718E+03   9.1577566342878475E-02
     860.0000000000000000   1.7901869153958514E+03   9.1955867764985433E-02
     870.0000000000000000   1.7839068427419563E+03   9.2328296655675407E-02
     880.0000000000000000   1.7779181825436090E+03   9.2694922331270704E-02
     890.0000000000000000   1.7722076820599455E+03   9.3055813148004152E-02
     900.0000000000000000   1.7667628768241366E+03   9.3411036581571502E-02
     910.0000000000000000   1.7615720329568917E+03   9.3760659295196752E-02
     920.0000000000000000   1.7566240944653712E+03   9.4104747197660626E-02
     930.0000000000000000   1.7519086350328430E+03   9.4443365492571776E-02
     940.0000000000000000   1.7474158138596486E+03   9.4776578720005639E-02
     950.0000000000000000   1.7431363351643943E+03   9.5104450791504522E-02
     960.0000000000000000   1.7390614109968003E+03   9.5427045019307932E-02
     970.0000000000000000   1.7351827270509850E+03   9.5744424140588424E-02
     980.0000000000000000   1.7314924112008982E+03   9.6056650337362617E-02
     990.0000000000000000   1.7279830045086865E+03   9.6363785252679329E-02
    1000.0000000000000000   1.7246474344824730E+03   9.6665890003600943E-02
    1100.0000000000000000   1.6995287713401531E+03   9.9423362722532993E-02
    1200.0000000000000000   1.6861274639149694E+03   1.0174132996908901E-01
    1300.0000000000000000   1.6811343252994459E+03   1.0367264747682335E-01
    1400.0000000000000000   1.6823699385779507E+03   1.0526505110135877E-01
    1500.0000000000000000   1.6883405945002814E+03   1.0656117123677522E-01
    1600.0000000000000000   1.6979884378348208E+03   1.0759874274159634E-01
    1700.0000000000000000   1.7105434619570101E+03   1.0841095464754176E-01
    1800.0000000000000000   1.7254319910518864E+03   1.0902687176590892E-01
    1900.0000000000000000   1.7422179966183096E+03   1.0947187723000719E-01
    2000.0000000000000000   1.7605642764653126E+03   1.0976810379175642E-01
    2100.0000000000000000   1.7802060693484661E+03   1.0993483598759263E-01
    2200.0000000000000000   1.8009326919039365E+03   1.0998887481360035E-01
    2300.0000000000000000   1.8225744886786915E+03   1.0994486241978624E-01
    2400.0000000000000000   1.8449933838721058E+03   1.0981556771337840E-01
    2500.0000000000000000   1.8680759258868220E+03   1.0961213554583045E-01
    2600.0000000000000000   1.8917280896542482E+03   1.0934430296445921E-01
    2700.0000000000000000   1.9158713394572519E+03   1.0902058623974056E-01
    2800.0000000000000000   1.9404396095480081E+03   1.0864844228701213E-01
    2900.0000000000000000   1.9653769623854676E+03   1.0823440784261099E-01
    3000.0000000000000000   1.9906357535702120E+03   1.0778421942254243E-01
    3100.0000000000000000   2.0161751801181492E+03   1.0730291674064729E-01
    3200.0000000000000000   2.0419601218844696E+03   1.0679493192270550E-01
    3300.0000000000000000   2.0679602094092415E+03   1.0626416653812654E-01
    3400.0000000000000000   2.0941490682655299E+03   1.0571405818831107E-01
    3500.0000000000000000   2.1205037021813323E+03   1.0514763814190041E-01
    3600.0000000000000000   2.1470039861468085E+03   1.0456758129073851E-01
    3700.0000000000000000   2.1736322473435748E+03   1.0397624951382961E-01
    3800.0000000000000000   2.2003729166908161E+03   1.0337572937673904E-01
    3900.0000000000000000   2.2272122375471658E+03   1.0276786495747024E-01
    4000.0000000000000000   2.2541380209592853E+03   1.0215428647373131E-01
    4100.0000000000000000   2.2811394390378946E+03   1.0153643528782591E-01
    4200.0000000000000000   2.3082068497363343E+03   1.0091558578159786E-01
    4300.0000000000000000   2.3353316476269661E+03   1.0029286452272392E-01
    4400.0000000000000000   2.3625061363065101E+03   9.9669267083236993E-02
    4500.0000000000000000   2.3897234188792472E+03   9.9045672819839933E-02
    4600.0000000000000000   2.4169773036166498E+03   9.8422857881933876E-02
    4700.0000000000000000   2.4442622224110378E+03   9.7801506676136823E-02
    4800.0000000000000000   2.4715731600578215E+03   9.7182221984422626E-02
    4900.0000000000000000   2.4989055927375889E+03   9.6565533906002587E-02
    5000.0000000000000000   2.5262554343425363E+03   9.5951907769997222E-02
    5100.0000000000000000   2.5536189895145408E+03   9.5341751146204509E-02
    5200.0000000000000000   2.5809929124446649E+03   9.4735420064354023E-02
    5300.0000000000000000   2.6083741706339783E+03   9.4133224537713098E-02
    5400.0000000000000000   2.6357600129396192E+03   9.3535433474436325E-02
    5500.0000000000000000   2.6631479413327738E+03   9.2942279049302023E-02
    5600.0000000000000000   2.6905356858809482E+03   9.2353960599218257E-02
    5700.0000000000000000   2.7179211825383136E+03   9.1770648097879035E-02
    5800.0000000000000000   2.7453025533879450E+03   9.1192485258035666E-02
    5900.0000000000000000   2.7726780890301625E+03   9.0619592303850999E-02
    6000.0000000000000000   2.8000462328537419E+03   9.0052068450608286E-02
    6100.0000000000000000   2.8274055669628319E+03   8.9489994124525601E-02
    6200.0000000000000000   2.8547547995629511E+03   8.8933432951498081E-02
    6300.0000000000000000   2.8820927536355289E+03   8.8382433540164784E-02
    6400.0000000000000000   2.9094183567526738E+03   8.7837031081703293E-02
    6500.0000000000000000   2.9367306319029040E+03   8.7297248786151332E-02
    6600.0000000000000000   2.9640286892149156E+03   8.6763099172758040E-02
    6700.0000000000000000   2.9913117184805456E+03   8.6234585229874400E-02
    6800.0000000000000000   3.0185789823901741E+03   8.5711701458124581E-02
    6900.0000000000000000   3.0458298104043815E+03   8.5194434809065189E-02
    7000.0000000000000000   3.0730635931946731E+03   8.4682765530171636E-02
    7100.0000000000000000   3.1002797775940526E+03   8.4176667925801515E-02
    7200.0000000000000000   3.1274778620050561E+03   8.3676111042722337E-02
    7300.0000000000000000   3.1546573922188618E+03   8.3181059287864040E-02
    7400.0000000000000000   3.1818179576043467E+03   8.2691472985131034E-02
    7500.0000000000000000   3.2089591876304921E+03   8.2207308877377372E-02
    7600.0000000000000000   3.2360807486896178E+03   8.1728520579003913E-02
    7700.0000000000000000   3.2631823411924424E+03   8.1255058984064585E-02
    7800.0000000000000000   3.2902636969090431E+03   8.0786872634254742E-02
    7900.0000000000000000   3.3173245765325851E+03   8.0323908050709034E-02
    8000.0000000000000000   3.3443647674450640E+03   7.9866110033125909E-02
    8100.0000000000000000   3.3713840816664920E+03   7.9413421929383457E-02
    8200.0000000000000000   3.3983823539708183E+03   7.8965785878487169E-02
    8300.0000000000000000   3.4253594401535820E+03   7.8523143029406980E-02
    8400.0000000000000000   3.4523152154377940E+03   7.8085433738104656E-02
    8500.0000000000000000   3.4792495730058690E+03   7.7652597744824706E-02
    8600.0000000000000000   3.5061624226466133E+03   7.7224574333518869E-02
    8700.0000000000000000   3.5330536895073551E+03   7.6801302475088887E-02
    8800.0000000000000000   3.5599233129422205E+03   7.6382720955971817E-02
    8900.0000000000000000   3.5867712454484445E+03   7.5968768493441682E-02
    9000.0000000000000000   3.6135974516833312E+03   7.5559383838870314E-02
    9100.0000000000000000   3.6404019075551810E+03   7.5154505870073621E-02
    9200.0000000000000000   3.6671845993821034E+03   7.4754073673758151E-02
    9300.0000000000000000   3.6939455231131956E+03   7.4358026618991352E-02
    9400.0000000000000000   3.7206846836070508E+03   7.3966304422528925E-02
    9500.0000000000000000   3.7474020939630282E+03   7.3578847206756601E-02
    9600.0000000000000000   3.7740977749010813E+03   7.3195595550932330E-02
    9700.0000000000000000   3.8007717541863512E+03   7.2816490536351197E-02
    9800.0000000000000000   3.8274240660950277E+03   7.2441473785998842E-02
    9900.0000000000000000   3.8540547509182952E+03   7.2070487499205610E-02
   10000.0000000000000000   3.8806638545014466E+03   7.1703474481768531E-02
   11000.0000000000000000   4.1455812046741712E+03   6.8239767031488374E-02
   12000.0000000000000000   4.4084188235036318E+03   6.5115597755608531E-02
   13000.0000000000000000   4.6692681144842290E+03   6.2285452523650767E-02
   14000.0000000000000000   4.9282277697879499E+03   5.9710623336722869E-02
   15000.0000000000000000   5.1853964010210120E+03   5.7358378561231813E-02
   16000.0000000000000000   5.4408689369056210E+03   5.5201056026575504E-02
   17000.0000000000000000   5.6947349826903201E+03   5.3215228277008302E-02
   18000.0000000000000000   5.9470782143831675E+03   5.1380983984701180E-02
   19000.0000000000000000   6.1979763172499888E+03   4.9681327978584551E-02
   20000.0000000000000000   6.4475012032317027E+03   4.8101687429474960E-02
   21000.0000000000000000   6.6957193618366673E+03   4.6629507856404656E-02
   22000.0000000000000000   6.9426922644997103E+03   4.5253923108529492E-02
   23000.0000000000000000   7.1884767787912833E+03   4.3965485473354118E-02
   24000.0000000000000000   7.4331255693640760E+03   4.2755944368842447E-02
   25000.0000000000000000   7.6766874741522270E+03   4.1618064226550358E-02
   26000.0000000000000000   7.9192078509237062E+03   4.0545474014068987E-02
   27000.0000000000000000   8.1607288929714887E+03   3.9532542359214370E-02
   28000.0000000000000000   8.4012899147326607E+03   3.8574273457543044E-02
   29000.0000000000000000   8.6409276091507963E+03   3.7666219915594296E-02
   30000.0000000000000000   8.8796762790573794E+03   3.6804409451281217E-02
