       0.1000000000000000   1.5234730928893459E+03   2.0931651078682077E-05
       0.2000000000000000   9.5915442135414560E+02   6.2748874772960574E-05
       0.3000000000000000   6.9694586893545431E+02   1.2981505058812511E-04
       0.4000000000000000   5.5113889359071050E+02   2.1901640160917963E-04
       0.5000000000000000   4.5646496516319991E+02   3.3095378968594667E-04
       0.6000000000000000   3.9032768988463499E+02   4.6474768172080063E-04
       0.7000000000000000   3.4160558017439104E+02   6.1970446651523248E-04
       0.7999999999999999   3.0425151775526871E+02   7.9515809762267331E-04
       0.8999999999999999   2.7478439750012518E+02   9.9018019858697261E-04
       0.9999999999999999   2.5087611643273610E+02   1.2045621422943592E-03
       2.0000000000000000   1.3981553639198819E+02   4.2935446813869710E-03
       3.0000000000000000   1.0102605992248620E+02   8.8508157077992616E-03
       4.0000000000000000   8.0962192312010728E+01   1.4633013582092982E-02
       5.0000000000000000   6.8533446737684471E+01   2.1486419734396908E-02
       6.0000000000000000   5.9983052547256818E+01   2.9310688322659897E-02
       7.0000000000000000   5.3685896493683565E+01   3.8034763590951079E-02
       8.0000000000000000   4.8818440021534670E+01   4.7610084857584160E-02
       9.0000000000000000   4.4918069463583244E+01   5.8003880045007346E-02
      10.0000000000000000   4.1703593131934880E+01   6.9196448669785943E-02
      11.0000000000000000   3.8994517289407391E+01   8.1177743027522675E-02
      12.0000000000000000   3.6669147395453486E+01   9.3945446521031942E-02
      13.0000000000000000   3.4642528654573226E+01   1.0750452744925777E-01
      14.0000000000000000   3.2852976784697880E+01   1.2186732021526350E-01
      15.0000000000000000   3.1254897319088961E+01   1.3705238808668552E-01
      16.0000000000000000   2.9813864150330136E+01   1.5308353862214386E-01
      17.0000000000000000   2.8503152936720927E+01   1.6999121842085788E-01
      18.0000000000000000   2.7301867339295217E+01   1.8781133703215400E-01
      19.0000000000000000   2.6193338065099407E+01   2.0658582616435539E-01
      20.0000000000000000   2.5164097280042743E+01   2.2636313941342770E-01
      21.0000000000000000   2.4203144134353096E+01   2.4719837673496139E-01
      22.0000000000000000   2.3301439555998801E+01   2.6915325701440834E-01
      23.0000000000000000   2.2451448869488633E+01   2.9229701545221809E-01
      24.0000000000000000   2.1646835259215266E+01   3.1670731764176191E-01
      25.0000000000000000   2.0882254101875095E+01   3.4247038359425069E-01
      26.0000000000000000   2.0153159481066346E+01   3.6968195216642008E-01
      27.0000000000000000   1.9455665631724617E+01   3.9844810950260917E-01
      28.0000000000000000   1.8786439285509285E+01   4.2888615273120217E-01
      29.0000000000000000   1.8142606540834684E+01   4.6112566432097246E-01
      30.0000000000000000   1.7521691553303576E+01   4.9530943020255042E-01
      31.0000000000000000   1.6921556544955692E+01   5.3159454984109389E-01
      32.0000000000000000   1.6340366427102769E+01   5.7015323331122281E-01
      33.0000000000000000   1.5776548250761952E+01   6.1117383054120666E-01
      34.0000000000000000   1.5228771681420236E+01   6.5486125150959906E-01
      35.0000000000000000   1.4695929264571072E+01   7.0143712360708144E-01
      36.0000000000000000   1.4177124735148364E+01   7.5113923874621980E-01
      37.0000000000000000   1.3671665775616447E+01   8.0422001500637874E-01
      37.9990000000000023   1.3179547388940245E+01   8.6088493473484962E-01
      38.0000000000000000   1.3179061091545364E+01   8.6094356779581205E-01
      38.0009999999999977   1.3178574806697618E+01   8.6100220477055245E-01
      39.0000000000000000   1.2699020347823017E+01   9.2158090539251070E-01
      39.9990000000000023   1.2231917783455899E+01   9.8633566939571060E-01
      40.0000000000000000   1.2231456473679790E+01   9.8640266934411425E-01
      40.0009999999999977   1.2230995176480604E+01   9.8646967373898786E-01
      41.0000000000000000   1.1776486560984754E+01   1.0556689216420172E+00
      42.0000000000000000   1.1334431189841213E+01   1.1296154444379949E+00
      43.0000000000000000   1.0905807324398276E+01   1.2084364586858503E+00
      44.0000000000000000   1.0491311881421224E+01   1.2922640747137917E+00
      45.0000000000000000   1.0091791369319216E+01   1.3811457785335193E+00
      46.0000000000000000   9.7081967321369866E+00   1.4750219665694240E+00
      47.0000000000000000   9.3415215348791669E+00   1.5737067888205849E+00
      48.0000000000000000   8.9927273935797771E+00   1.6768759173739720E+00
      49.0000000000000000   8.6626634588473621E+00   1.7840646442134556E+00
      50.0000000000000000   8.3519901322228662E+00   1.8946783839842622E+00
      51.0000000000000000   8.0611178493327991E+00   2.0080154862898785E+00
      52.0000000000000000   7.7901698715256611E+00   2.1232998239216965E+00
      53.0000000000000000   7.5389731648491702E+00   2.2397187679063086E+00
      54.0000000000000000   7.3070761442267251E+00   2.3564614462485642E+00
      55.0000000000000000   7.0937873611788325E+00   2.4727527647029661E+00
      56.0000000000000000   6.8982269197420694E+00   2.5878801310064850E+00
      57.0000000000000000   6.7193822950368043E+00   2.7012114455191112E+00
      58.0000000000000000   6.5561611348129043E+00   2.8122050649414678E+00
      59.0000000000000000   6.4074377709804757E+00   2.9204123152908625E+00
      60.0000000000000000   6.2720906742920670E+00   3.0254745733614574E+00
      61.0000000000000000   6.1490299061627045E+00   3.1271170836659343E+00
      61.9990000000000023   6.0373232761980811E+00   3.2250440270023608E+00
      62.0000000000000000   6.0372167508960812E+00   3.2251401926277921E+00
      62.0009999999999977   6.0371102358603350E+00   3.2252363544951250E+00
      63.0000000000000000   5.9356757785702907E+00   3.3194098599064628E+00
      64.0000000000000000   5.8435013117476160E+00   3.4098480316828885E+00
      65.0000000000000000   5.7598596795931618E+00   3.4964234756075157E+00
      66.0000000000000000   5.6839884860688841E+00   3.5791433999971072E+00
      67.0000000000000000   5.6151938920356059E+00   3.6580460108114452E+00
      68.0000000000000000   5.5528466715801574E+00   3.7331940461769504E+00
      69.0000000000000000   5.4963775979716720E+00   3.8046692568843548E+00
      70.0000000000000000   5.4452725570440359E+00   3.8725677603283915E+00
      71.0000000000000000   5.3990676472756203E+00   3.9369961764792167E+00
      72.0000000000000000   5.3573444475955130E+00   3.9980684472650996E+00
      73.0000000000000000   5.3197255505934713E+00   4.0559032441575988E+00
      74.0000000000000000   5.2858704200655842E+00   4.1106218749402137E+00
      75.0000000000000000   5.2554715832105545E+00   4.1623466213187426E+00
      76.0000000000000000   5.2282512374813086E+00   4.2111993691480167E+00
      77.0000000000000000   5.2039580642989405E+00   4.2573006424352755E+00
      78.0000000000000000   5.1823644938331359E+00   4.3007687603517351E+00
      79.0000000000000000   5.1632641975602480E+00   4.3417192466957113E+00
      80.0000000000000000   5.1464698634489174E+00   4.3802643862062505E+00
      81.0000000000000000   5.1318112145205106E+00   4.4165129091685076E+00
      82.0000000000000000   5.1191332460654637E+00   4.4505697793329473E+00
      83.0000000000000000   5.1082946587015519E+00   4.4825360645074834E+00
      84.0000000000000000   5.0991664641007315E+00   4.5125088729551504E+00
      85.0000000000000000   5.0916307466187387E+00   4.5405813416073793E+00
      86.0000000000000000   5.0855795609684993E+00   4.5668426648216283E+00
      87.0000000000000000   5.0809139491953452E+00   4.5913781561481617E+00
      88.0000000000000000   5.0775430751763384E+00   4.6142693250928035E+00
      89.0000000000000000   5.0753834328835374E+00   4.6355939891343487E+00
      90.0000000000000000   5.0743581592425677E+00   4.6554263808446921E+00
      91.0000000000000000   5.0743964109127067E+00   4.6738372726685409E+00
      92.0000000000000000   5.0754328084086149E+00   4.6908941055709121E+00
      93.0000000000000000   5.0774069383207587E+00   4.7066611208098088E+00
      94.0000000000000000   5.0802629069454985E+00   4.7211994928462389E+00
      95.0000000000000000   5.0839489395040074E+00   4.7345674618328575E+00
      96.0000000000000000   5.0884170198361245E+00   4.7468204644726715E+00
      97.0000000000000000   5.0936225660590031E+00   4.7580112623235387E+00
      98.0000000000000000   5.0995241380461609E+00   4.7681900668681001E+00
      99.0000000000000000   5.1060831742947590E+00   4.7774046607610972E+00
     100.0000000000000000   5.1132637523993871E+00   4.7857005150992702E+00
     110.0000000000000000   5.2128611602761001E+00   4.8266915829978734E+00
     120.0000000000000000   5.3484226406250253E+00   4.8124386915216979E+00
     130.0000000000000000   5.5065773946860226E+00   4.7639450154056160E+00
     140.0000000000000000   5.6795417142243734E+00   4.6943968592393901E+00
     150.0000000000000000   5.8592035620566598E+00   4.6216867243036210E+00
     160.0000000000000000   6.0452461258904719E+00   4.5447880015237683E+00
     170.0000000000000000   6.2411715750465575E+00   4.4529259442784657E+00
     180.0000000000000000   6.4448550356215977E+00   4.3501548687406473E+00
     190.0000000000000000   6.6416943722523660E+00   4.2675083207135769E+00
     200.0000000000000000   6.8450525265310516E+00   4.1755248670749667E+00
     208.9989999999999952   7.0306032590364129E+00   4.0910201943827031E+00
     209.0010000000000048   7.0306496925952686E+00   4.0909908476946608E+00
     210.0000000000000000   7.0479408890442992E+00   4.0887867493179630E+00
     211.9989999999999952   7.0884354925220769E+00   4.0720453459811505E+00
     212.0010000000000048   7.0884817908554680E+00   4.0720164548797584E+00
     220.0000000000000000   7.2503227634654008E+00   4.0068732477307947E+00
     230.0000000000000000   7.4574944192042718E+00   3.9183503039696399E+00
     240.0000000000000000   7.6636768609077075E+00   3.8350501594488504E+00
     250.0000000000000000   7.8689024718153133E+00   3.7565086785083017E+00
     260.0000000000000000   8.0732052532642467E+00   3.6823144272026838E+00
     270.0000000000000000   8.2766196624777617E+00   3.6121017970915101E+00
     280.0000000000000000   8.4791797689780655E+00   3.5455451482408975E+00
     290.0000000000000000   8.6852640194574970E+00   3.4739860145464103E+00
     300.0000000000000000   8.8860625692643396E+00   3.4142384881039565E+00
     310.0000000000000000   9.0902104030205031E+00   3.3496070562073017E+00
     320.0000000000000000   9.2934017863594924E+00   3.2881873333792777E+00
     330.0000000000000000   9.4956742662689280E+00   3.2297353353924039E+00
     340.0000000000000000   9.6970634841210899E+00   3.1740315485126773E+00
     350.0000000000000000   9.8976032578786164E+00   3.1208778865052653E+00
     360.0000000000000000   1.0097325614197834E+01   3.0700951927223552E+00
     366.9990000000000236   1.0237003587028621E+01   3.0352407878744296E+00
     367.0009999999999764   1.0237045522977407E+01   3.0352273443292326E+00
     370.0000000000000000   1.0296260864687637E+01   3.0215210278499769E+00
     380.0000000000000000   1.0494437690948637E+01   2.9750077581950416E+00
     381.9990000000000236   1.0536077087148087E+01   2.9623008991279951E+00
     382.0009999999999764   1.0536118731158997E+01   2.9622882442051193E+00
     390.0000000000000000   1.0695350326891196E+01   2.9244876227286554E+00
     400.0000000000000000   1.0892011518941516E+01   2.8818772963929038E+00
     410.0000000000000000   1.1091345064547328E+01   2.8353431332547512E+00
     420.0000000000000000   1.1286593323753609E+01   2.7961505829104483E+00
     430.0000000000000000   1.1484447377175117E+01   2.7531257690113646E+00
     440.0000000000000000   1.1681578434987081E+01   2.7117665108698681E+00
     450.0000000000000000   1.1874840060700238E+01   2.6770266058994614E+00
     460.0000000000000000   1.2070624055067666E+01   2.6385909447232625E+00
     470.0000000000000000   1.2265746878521112E+01   2.6015530224521273E+00
     471.9990000000000236   1.2305904374048630E+01   2.5923949766335617E+00
     472.0009999999999764   1.2305944538434746E+01   2.5923858493408525E+00
     480.0000000000000000   1.2460226820866806E+01   2.5658358007845812E+00
     490.0000000000000000   1.2654081614657121E+01   2.5313675626184318E+00
     500.0000000000000000   1.2847328574190204E+01   2.4980812763615017E+00
     510.0000000000000000   1.3039984309870691E+01   2.4659146381332904E+00
     520.0000000000000000   1.3232064640795413E+01   2.4348098436000831E+00
     530.0000000000000000   1.3423584654979733E+01   2.4047131663518710E+00
     540.0000000000000000   1.3614558808456628E+01   2.3755745199843306E+00
     550.0000000000000000   1.3805001013809283E+01   2.3473470753055872E+00
     560.0000000000000000   1.3994924683370327E+01   2.3199869688381165E+00
     570.0000000000000000   1.4187081550929236E+01   2.2895657693214688E+00
     580.0000000000000000   1.4375970057904610E+01   2.2638962435380323E+00
     590.0000000000000000   1.4564376416417799E+01   2.2389771413100910E+00
     600.0000000000000000   1.4754979162365551E+01   2.2110964870776253E+00
     610.0000000000000000   1.4942423388407809E+01   2.1876421012988363E+00
     620.0000000000000000   1.5129417255861187E+01   2.1648425592613685E+00
     630.0000000000000000   1.5318562358111585E+01   2.1391850599471991E+00
     640.0000000000000000   1.5504657849203195E+01   2.1176648274414100E+00
     650.0000000000000000   1.5692879124196761E+01   2.0933564350320046E+00
     660.0000000000000000   1.5878110817049365E+01   2.0730135331916069E+00
     670.0000000000000000   1.6062942169434468E+01   2.0531940441264798E+00
     680.0000000000000000   1.6249851413264373E+01   2.0306812699681025E+00
     690.0000000000000000   1.6436342272203621E+01   2.0087453751096391E+00
     700.0000000000000000   1.6619947963214212E+01   1.9904853504797024E+00
     710.0000000000000000   1.6805620964708748E+01   1.9696032489337263E+00
     720.0000000000000000   1.6988463759169829E+01   1.9522628541767146E+00
     730.0000000000000000   1.7173346802369707E+01   1.9323593940204471E+00
     740.0000000000000000   1.7355459087145679E+01   1.9158661080344237E+00
     750.0000000000000000   1.7539577783009843E+01   1.8968742717678551E+00
     760.0000000000000000   1.7723332651887187E+01   1.8783195604055243E+00
     770.0000000000000000   1.7904371443137606E+01   1.8630182016891672E+00
     780.0000000000000000   1.8087399641638836E+01   1.8452827909280662E+00
     790.0000000000000000   1.8270079440255639E+01   1.8279433351994354E+00
     800.0000000000000000   1.8452405948543653E+01   1.8109985722687927E+00
     810.0000000000000000   1.8632094056470677E+01   1.7971044812926495E+00
     820.0000000000000000   1.8813750403975590E+01   1.7808613014510219E+00
     830.0000000000000000   1.8995073732573076E+01   1.7649710425998359E+00
     840.0000000000000000   1.9176063069790732E+01   1.7494290199314446E+00
     850.0000000000000000   1.9356723918935252E+01   1.7342233735654680E+00
     860.0000000000000000   1.9534860092399118E+01   1.7218203818276863E+00
     870.0000000000000000   1.9714912708226620E+01   1.7071968347861248E+00
     880.0000000000000000   1.9894654229817977E+01   1.6928766084267703E+00
     890.0000000000000000   2.0074087474932377E+01   1.6788521628414077E+00
     900.0000000000000000   2.0253218056479312E+01   1.6651131033229394E+00
     910.0000000000000000   2.0432053957485618E+01   1.6516467551903709E+00
     920.0000000000000000   2.0610602870664440E+01   1.6384411536978882E+00
     930.0000000000000000   2.0788869365879254E+01   1.6254879980712313E+00
     940.0000000000000000   2.0964749128933306E+01   1.6150328374877596E+00
     950.0000000000000000   2.1142466451985964E+01   1.6025428298436872E+00
     960.0000000000000000   2.1319908020244124E+01   1.5902895414855998E+00
     970.0000000000000000   2.1497077884444696E+01   1.5782658719899403E+00
     980.0000000000000000   2.1673980099612823E+01   1.5664648867003290E+00
     990.0000000000000000   2.1850618687334219E+01   1.5548798559508636E+00
    1000.0000000000000000   2.2026997581101522E+01   1.5435043096445131E+00
    1100.0000000000000000   2.3779218587311412E+01   1.4381492689243840E+00
    1200.0000000000000000   2.5508633177177646E+01   1.3488554716957892E+00
    1300.0000000000000000   2.7219567269444561E+01   1.2705055650768498E+00
    1400.0000000000000000   2.8912013367159329E+01   1.2024794888366312E+00
    1500.0000000000000000   3.0589495867725606E+01   1.1413648646116552E+00
    1600.0000000000000000   3.2253306176195728E+01   1.0859643155952963E+00
    1700.0000000000000000   3.3902714875856816E+01   1.0367058096768678E+00
    1800.0000000000000000   3.5539154714252312E+01   9.9237403554008841E-01
    1900.0000000000000000   3.7164769712441235E+01   9.5138618881010839E-01
    2000.0000000000000000   3.8778974748223860E+01   9.1416162206701668E-01
    2100.0000000000000000   4.0382409092652182E+01   8.8024564168684583E-01
    2200.0000000000000000   4.1975789998542254E+01   8.4917137017206967E-01
    2300.0000000000000000   4.3561106258790367E+01   8.1972593183137399E-01
    2374.9989999999997963   4.4742573933087733E+01   8.0008173499014346E-01
    2375.0010000000002037   4.4742605645157880E+01   8.0008107100333126E-01
    2400.0000000000000000   4.5135926616274546E+01   7.9343734679435451E-01
    2468.9989999999997963   4.6218041213888206E+01   7.7615391972901571E-01
    2469.0010000000002037   4.6218072752020170E+01   7.7615330647334779E-01
    2500.0000000000000000   4.6703616616165718E+01   7.6829482927351822E-01
    2600.0000000000000000   4.8263227005339957E+01   7.4494001896268902E-01
    2700.0000000000000000   4.9815152849845845E+01   7.2318351510986878E-01
    2701.9989999999997963   4.9846258330015019E+01   7.2267593197467839E-01
    2702.0010000000002037   4.9846289377305126E+01   7.2267545939839151E-01
    2800.0000000000000000   5.1360858166488484E+01   7.0223669937419397E-01
    2900.0000000000000000   5.2898160844905455E+01   6.8334170163142738E-01
    3000.0000000000000000   5.4430233228645626E+01   6.6487342419510553E-01
    3100.0000000000000000   5.5956500816355579E+01   6.4720978166872467E-01
    3200.0000000000000000   5.7473685855631238E+01   6.3190274612256359E-01
    3300.0000000000000000   5.8987365030972562E+01   6.1635498022959700E-01
    3400.0000000000000000   6.0495105556368742E+01   6.0174147350424179E-01
    3500.0000000000000000   6.1996940069949467E+01   5.8806066835099391E-01
    3600.0000000000000000   6.3493359441629963E+01   5.7511882519626012E-01
    3700.0000000000000000   6.4987325927432565E+01   5.6171233021167133E-01
    3800.0000000000000000   6.6472683884500995E+01   5.5042478382664395E-01
    3900.0000000000000000   6.7954714215366067E+01   5.3912386079449615E-01
    4000.0000000000000000   6.9433521147904202E+01   5.2775634164643981E-01
    4100.0000000000000000   7.0905948680542565E+01   5.1762322386229520E-01
    4200.0000000000000000   7.2375014751217876E+01   5.0755128119907689E-01
    4300.0000000000000000   7.3839488087225263E+01   4.9799736291926544E-01
    4400.0000000000000000   7.5300904559461515E+01   4.8856937457954613E-01
    4500.0000000000000000   7.6756665788772736E+01   4.8001014493639482E-01
    4600.0000000000000000   7.8211163204687395E+01   4.7090297943958631E-01
    4700.0000000000000000   7.9658284876984894E+01   4.6338602953124958E-01
    4800.0000000000000000   8.1104552699492586E+01   4.5522299254148701E-01
    4900.0000000000000000   8.2546891232329102E+01   4.4745188623859639E-01
    5000.0000000000000000   8.3984601539525073E+01   4.4035232592534568E-01
    5100.0000000000000000   8.5419554611585582E+01   4.3327991583526226E-01
    5200.0000000000000000   8.6851769545625757E+01   4.2624690498322415E-01
    5300.0000000000000000   8.8279677376996815E+01   4.1980052536108187E-01
    5400.0000000000000000   8.9703608979834570E+01   4.1379542320776125E-01
    5500.0000000000000000   9.1126999408365847E+01   4.0725174958454213E-01
    5600.0000000000000000   9.2546503912452806E+01   4.0118803364562339E-01
    5700.0000000000000000   9.3960065850093045E+01   3.9619134033379022E-01
    5800.0000000000000000   9.5376665028382561E+01   3.8963531901082582E-01
    5900.0000000000000000   9.6784147876313781E+01   3.8500203483935369E-01
    6000.0000000000000000   9.8193654415184255E+01   3.7918887214768376E-01
    6100.0000000000000000   9.9598563566715185E+01   3.7409201780002260E-01
    6200.0000000000000000   1.0099903094349975E+02   3.6963752465181177E-01
    6300.0000000000000000   1.0240003199921293E+02   3.6442597313896530E-01
    6400.0000000000000000   1.0379786763046154E+02   3.5951324852799338E-01
    6500.0000000000000000   1.0519396543682450E+02   3.5462033925937875E-01
    6600.0000000000000000   1.0658583391361201E+02   3.5015417753654404E-01
    6700.0000000000000000   1.0797595238722950E+02   3.4580287132624637E-01
    6800.0000000000000000   1.0936302690941874E+02   3.4161960149700499E-01
    6900.0000000000000000   1.1074847218676555E+02   3.3743781454395411E-01
    7000.0000000000000000   1.1213015557633020E+02   3.3370339536702204E-01
    7100.0000000000000000   1.1350980941894774E+02   3.3002399456611559E-01
    7200.0000000000000000   1.1488791367169469E+02   3.2622785475022581E-01
    7300.0000000000000000   1.1626108694841813E+02   3.2329249639192864E-01
    7400.0000000000000000   1.1763837809801568E+02   3.1872559356219254E-01
    7500.0000000000000000   1.1901040377852226E+02   3.1531240804911348E-01
    7600.0000000000000000   1.2037767375961245E+02   3.1233273030120773E-01
    7700.0000000000000000   1.2174727799617757E+02   3.0851768496922288E-01
    7800.0000000000000000   1.2311335821594024E+02   3.0527192958552024E-01
    7900.0000000000000000   1.2447385335761609E+02   3.0263726196944774E-01
    8000.0000000000000000   1.2583930179807825E+02   2.9873482984258581E-01
    8100.0000000000000000   1.2719585872808476E+02   2.9650226109707284E-01
    8200.0000000000000000   1.2855663623983619E+02   2.9279108644126878E-01
    8300.0000000000000000   1.2990925099897200E+02   2.9051736864815381E-01
    8400.0000000000000000   1.3126686396050036E+02   2.8706797810797907E-01
    8500.0000000000000000   1.3262131802146763E+02   2.8386211461315258E-01
    8600.0000000000000000   1.3396875526993847E+02   2.8174496830766532E-01
    8700.0000000000000000   1.3531828106350562E+02   2.7881107489129792E-01
    8800.0000000000000000   1.3666743499671247E+02   2.7577572255941252E-01
    8900.0000000000000000   1.3800900464558222E+02   2.7409264709172315E-01
    9000.0000000000000000   1.3935653779655513E+02   2.7093502655701096E-01
    9100.0000000000000000   1.4069919037346290E+02   2.6831902773948080E-01
    9200.0000000000000000   1.4204057040194979E+02   2.6557628363366959E-01
    9300.0000000000000000   1.4337320546161823E+02   2.6436767613395884E-01
    9400.0000000000000000   1.4471105066900984E+02   2.6188224668380189E-01
    9500.0000000000000000   1.4604982714503868E+02   2.5900968234013333E-01
    9600.0000000000000000   1.4738441601816888E+02   2.5672374524567582E-01
    9700.0000000000000000   1.4871683778198530E+02   2.5461393159299472E-01
    9800.0000000000000000   1.5004859369254535E+02   2.5238946011911306E-01
    9900.0000000000000000   1.5137906192988638E+02   2.5015227327590178E-01
   10000.0000000000000000   1.5270778319953220E+02   2.4798434352631149E-01
   11000.0000000000000000   1.6591294763905739E+02   2.2866680770880335E-01
   12000.0000000000000000   1.7898556607167296E+02   2.1276170916202711E-01
   13000.0000000000000000   1.9194028250592424E+02   1.9920600160764357E-01
   14000.0000000000000000   2.0478967776195537E+02   1.8697839748099221E-01
   15000.0000000000000000   2.1754423010874100E+02   1.7621339523557564E-01
   16000.0000000000000000   2.3020332963095760E+02   1.6659470980213004E-01
   17000.0000000000000000   2.4278430941784089E+02   1.5869571221588966E-01
   18000.0000000000000000   2.5527868860988636E+02   1.5181241760956968E-01
   18989.9989999999997963   2.6759613756451614E+02   1.4393125160277004E-01
   18990.0010000000002037   2.6759616108561693E+02   1.4393134473737146E-01
   19000.0000000000000000   2.6770996337238159E+02   1.4490611450377816E-01
   20000.0000000000000000   2.8007353161759903E+02   1.3793477611935726E-01
   21000.0000000000000000   2.9236693070461752E+02   1.3298508853561944E-01
   22000.0000000000000000   3.0461085033510159E+02   1.2752704086615829E-01
   23000.0000000000000000   3.1681110842182943E+02   1.2228330709414803E-01
   24000.0000000000000000   3.2891727853967893E+02   1.1924276387720334E-01
   25000.0000000000000000   3.4099860917732047E+02   1.1390504253719613E-01
   26000.0000000000000000   3.5301644246924491E+02   1.1104079214019227E-01
   27000.0000000000000000   3.6501620281755521E+02   1.0652048309980200E-01
   28000.0000000000000000   3.7696523334205051E+02   1.0409650847630823E-01
   29000.0000000000000000   3.8884363742417014E+02   1.0114980065539179E-01
   30000.0000000000000000   4.0073164205132645E+02   9.6933658571123210E-02
   31000.0000000000000000   4.1250709409419727E+02   9.5225359296812515E-02
   32000.0000000000000000   4.2432418578752441E+02   9.1610171242845720E-02
   33000.0000000000000000   4.3606013258714978E+02   9.0330525011979385E-02
   34000.0000000000000000   4.4777233109971246E+02   8.7996685956432438E-02
   35000.0000000000000000   4.5945510530337992E+02   8.5268087977432849E-02
   36000.0000000000000000   4.7109155390921586E+02   8.3116812292758496E-02
   37000.0000000000000000   4.8266494935651571E+02   8.2055443924733393E-02
   38000.0000000000000000   4.9424167894571536E+02   8.0142145547147714E-02
   39000.0000000000000000   5.0585545783559604E+02   7.7162314197681936E-02
   40000.0000000000000000   5.1732323435726244E+02   7.5972204745991145E-02
   41000.0000000000000000   5.2886812201278065E+02   7.4117323730961332E-02
   42000.0000000000000000   5.4029134835566947E+02   7.2414588246958261E-02
   43000.0000000000000000   5.5178933305155556E+02   7.0661635236948642E-02
   44000.0000000000000000   5.6312703342848613E+02   7.1192954547207837E-02
   45000.0000000000000000   5.7451741710671899E+02   6.9437006941859503E-02
   46000.0000000000000000   5.8595123593970709E+02   6.6850959288325559E-02
   47000.0000000000000000   5.9731504753298350E+02   6.5419082728820563E-02
   48000.0000000000000000   6.0859661721968541E+02   6.5233117084172593E-02
   49000.0000000000000000   6.1988142505171629E+02   6.3444102465998978E-02
   50000.0000000000000000   6.3114410663514275E+02   6.2090861464379483E-02
