       0.1000000000000000   1.0000000000000000E+30
       0.2000000000000000   1.0000000000000000E+30
       0.3000000000000000   1.0000000000000000E+30
       0.4000000000000000   1.0000000000000000E+30
       0.5000000000000000   1.0000000000000000E+30
       0.6000000000000000   1.0000000000000000E+30
       0.7000000000000000   1.0000000000000000E+30
       0.7999999999999999   1.0000000000000000E+30
       0.8999999999999999   1.0000000000000000E+30
       0.9999999999999999   1.0000000000000000E+30
       2.0000000000000000   1.0000000000000000E+30
       3.0000000000000000   1.0000000000000000E+30
       4.0000000000000000   1.0000000000000000E+30
       5.0000000000000000   1.0000000000000000E+30
       6.0000000000000000   1.0000000000000000E+30
       7.0000000000000000   1.0000000000000000E+30
       8.0000000000000000   1.0000000000000000E+30
       9.0000000000000000   1.0000000000000000E+30
      10.0000000000000000   1.0000000000000000E+30
      11.0000000000000000   1.0000000000000000E+30
      12.0000000000000000   1.0000000000000000E+30
      13.0000000000000000   1.0000000000000000E+30
      14.0000000000000000   1.0000000000000000E+30
      15.0000000000000000   1.0000000000000000E+30
      16.0000000000000000   1.0000000000000000E+30
      17.0000000000000000   1.0000000000000000E+30
      18.0000000000000000   1.0000000000000000E+30
      19.0000000000000000   1.0000000000000000E+30
      20.0000000000000000   1.0000000000000000E+30
      21.0000000000000000   1.0000000000000000E+30
      22.0000000000000000   1.0000000000000000E+30
      23.0000000000000000   1.0000000000000000E+30
      24.0000000000000000   1.0000000000000000E+30
      25.0000000000000000   1.0000000000000000E+30
      26.0000000000000000   1.0000000000000000E+30
      27.0000000000000000   1.0000000000000000E+30
      28.0000000000000000   1.0000000000000000E+30
      29.0000000000000000   1.0000000000000000E+30
      30.0000000000000000   1.0000000000000000E+30
      31.0000000000000000   1.0000000000000000E+30
      32.0000000000000000   1.0000000000000000E+30
      33.0000000000000000   1.0000000000000000E+30
      34.0000000000000000   1.0000000000000000E+30
      35.0000000000000000   1.0000000000000000E+30
      36.0000000000000000   1.0000000000000000E+30
      37.0000000000000000   1.0000000000000000E+30
      37.9990000000000023   1.0000000000000000E+30
      38.0000000000000000   1.0000000000000000E+30
      38.0009999999999977   1.0000000000000000E+30
      39.0000000000000000   1.0000000000000000E+30
      39.9990000000000023   1.0000000000000000E+30
      40.0000000000000000   1.0000000000000000E+30
      40.0009999999999977   1.0000000000000000E+30
      41.0000000000000000   1.0000000000000000E+30
      42.0000000000000000   1.0000000000000000E+30
      43.0000000000000000   1.0000000000000000E+30
      44.0000000000000000   1.0000000000000000E+30
      45.0000000000000000   1.0000000000000000E+30
      46.0000000000000000   1.0000000000000000E+30
      47.0000000000000000   1.0000000000000000E+30
      48.0000000000000000   1.0000000000000000E+30
      49.0000000000000000   1.0000000000000000E+30
      50.0000000000000000   1.0000000000000000E+30
      51.0000000000000000   1.0000000000000000E+30
      52.0000000000000000   1.0000000000000000E+30
      53.0000000000000000   1.0000000000000000E+30
      54.0000000000000000   1.0000000000000000E+30
      55.0000000000000000   1.0000000000000000E+30
      56.0000000000000000   1.0000000000000000E+30
      57.0000000000000000   1.0000000000000000E+30
      58.0000000000000000   1.0000000000000000E+30
      59.0000000000000000   1.0000000000000000E+30
      60.0000000000000000   1.0000000000000000E+30
      61.0000000000000000   1.0000000000000000E+30
      61.9990000000000023   1.0000000000000000E+30
      62.0000000000000000   1.0000000000000000E+30
      62.0009999999999977   1.0000000000000000E+30
      63.0000000000000000   1.0000000000000000E+30
      64.0000000000000000   1.0000000000000000E+30
      65.0000000000000000   1.0000000000000000E+30
      66.0000000000000000   1.0000000000000000E+30
      67.0000000000000000   1.0000000000000000E+30
      68.0000000000000000   1.0000000000000000E+30
      69.0000000000000000   1.0000000000000000E+30
      70.0000000000000000   1.0000000000000000E+30
      71.0000000000000000   1.0000000000000000E+30
      72.0000000000000000   1.0000000000000000E+30
      73.0000000000000000   1.0000000000000000E+30
      74.0000000000000000   1.0000000000000000E+30
      75.0000000000000000   1.0000000000000000E+30
      76.0000000000000000   1.0000000000000000E+30
      77.0000000000000000   1.0000000000000000E+30
      78.0000000000000000   1.0000000000000000E+30
      79.0000000000000000   1.0000000000000000E+30
      80.0000000000000000   1.0000000000000000E+30
      81.0000000000000000   1.0000000000000000E+30
      82.0000000000000000   1.0000000000000000E+30
      83.0000000000000000   1.0000000000000000E+30
      84.0000000000000000   1.0000000000000000E+30
      85.0000000000000000   1.0000000000000000E+30
      86.0000000000000000   1.0000000000000000E+30
      87.0000000000000000   1.0000000000000000E+30
      88.0000000000000000   1.0000000000000000E+30
      89.0000000000000000   1.0000000000000000E+30
      90.0000000000000000   1.0000000000000000E+30
      91.0000000000000000   1.0000000000000000E+30
      92.0000000000000000   1.0000000000000000E+30
      93.0000000000000000   1.0000000000000000E+30
      94.0000000000000000   1.0000000000000000E+30
      95.0000000000000000   1.0000000000000000E+30
      96.0000000000000000   1.0000000000000000E+30
      97.0000000000000000   1.0000000000000000E+30
      98.0000000000000000   1.0000000000000000E+30
      99.0000000000000000   1.0000000000000000E+30
     100.0000000000000000   1.0000000000000000E+30
     110.0000000000000000   1.0000000000000000E+30
     120.0000000000000000   1.0000000000000000E+30
     130.0000000000000000   1.0000000000000000E+30
     140.0000000000000000   1.0000000000000000E+30
     150.0000000000000000   1.0000000000000000E+30
     160.0000000000000000   1.0000000000000000E+30
     170.0000000000000000   1.0000000000000000E+30
     180.0000000000000000   1.0000000000000000E+30
     190.0000000000000000   1.0000000000000000E+30
     200.0000000000000000   1.0000000000000000E+30
     208.9989999999999952   1.0000000000000000E+30
     209.0010000000000048   1.0000000000000000E+30
     210.0000000000000000   1.0000000000000000E+30
     211.9989999999999952   1.0000000000000000E+30
     212.0010000000000048   1.0000000000000000E+30
     220.0000000000000000   1.0000000000000000E+30
     230.0000000000000000   1.0000000000000000E+30
     240.0000000000000000   1.0000000000000000E+30
     250.0000000000000000   1.0000000000000000E+30
     260.0000000000000000   1.0000000000000000E+30
     270.0000000000000000   1.0000000000000000E+30
     280.0000000000000000   1.0000000000000000E+30
     290.0000000000000000   1.0000000000000000E+30
     300.0000000000000000   1.0000000000000000E+30
     310.0000000000000000   1.0000000000000000E+30
     320.0000000000000000   1.0000000000000000E+30
     330.0000000000000000   1.0000000000000000E+30
     340.0000000000000000   1.0000000000000000E+30
     350.0000000000000000   1.0000000000000000E+30
     360.0000000000000000   1.0000000000000000E+30
     366.9990000000000236   1.0000000000000000E+30
     367.0009999999999764   1.0000000000000000E+30
     370.0000000000000000   1.0000000000000000E+30
     380.0000000000000000   1.0000000000000000E+30
     381.9990000000000236   1.0000000000000000E+30
     382.0009999999999764   1.0000000000000000E+30
     390.0000000000000000   1.0000000000000000E+30
     400.0000000000000000   1.0000000000000000E+30
     410.0000000000000000   1.0000000000000000E+30
     420.0000000000000000   1.0000000000000000E+30
     430.0000000000000000   1.0000000000000000E+30
     440.0000000000000000   1.0000000000000000E+30
     450.0000000000000000   1.0000000000000000E+30
     460.0000000000000000   1.0000000000000000E+30
     470.0000000000000000   1.0000000000000000E+30
     471.9990000000000236   1.0000000000000000E+30
     472.0009999999999764   1.0000000000000000E+30
     480.0000000000000000   1.0000000000000000E+30
     490.0000000000000000   1.0000000000000000E+30
     500.0000000000000000   1.0000000000000000E+30
     510.0000000000000000   1.0000000000000000E+30
     520.0000000000000000   1.0000000000000000E+30
     530.0000000000000000   1.0000000000000000E+30
     540.0000000000000000   1.0000000000000000E+30
     550.0000000000000000   1.0000000000000000E+30
     560.0000000000000000   1.0000000000000000E+30
     570.0000000000000000   1.0000000000000000E+30
     580.0000000000000000   1.0000000000000000E+30
     590.0000000000000000   1.0000000000000000E+30
     600.0000000000000000   1.0000000000000000E+30
     610.0000000000000000   1.0000000000000000E+30
     620.0000000000000000   1.0000000000000000E+30
     630.0000000000000000   1.0000000000000000E+30
     640.0000000000000000   1.0000000000000000E+30
     650.0000000000000000   1.0000000000000000E+30
     660.0000000000000000   1.0000000000000000E+30
     670.0000000000000000   1.0000000000000000E+30
     680.0000000000000000   1.0000000000000000E+30
     690.0000000000000000   1.0000000000000000E+30
     700.0000000000000000   1.0000000000000000E+30
     710.0000000000000000   1.0000000000000000E+30
     720.0000000000000000   1.0000000000000000E+30
     730.0000000000000000   1.0000000000000000E+30
     740.0000000000000000   1.0000000000000000E+30
     750.0000000000000000   1.0000000000000000E+30
     760.0000000000000000   1.0000000000000000E+30
     770.0000000000000000   1.0000000000000000E+30
     780.0000000000000000   1.0000000000000000E+30
     790.0000000000000000   1.0000000000000000E+30
     800.0000000000000000   1.0000000000000000E+30
     810.0000000000000000   1.0000000000000000E+30
     820.0000000000000000   1.0000000000000000E+30
     830.0000000000000000   1.0000000000000000E+30
     840.0000000000000000   1.0000000000000000E+30
     850.0000000000000000   1.0000000000000000E+30
     860.0000000000000000   1.0000000000000000E+30
     870.0000000000000000   1.0000000000000000E+30
     880.0000000000000000   1.0000000000000000E+30
     890.0000000000000000   1.0000000000000000E+30
     900.0000000000000000   1.0000000000000000E+30
     910.0000000000000000   1.0000000000000000E+30
     920.0000000000000000   1.0000000000000000E+30
     930.0000000000000000   1.0000000000000000E+30
     940.0000000000000000   1.0000000000000000E+30
     950.0000000000000000   1.0000000000000000E+30
     960.0000000000000000   1.0000000000000000E+30
     970.0000000000000000   1.0000000000000000E+30
     980.0000000000000000   1.0000000000000000E+30
     990.0000000000000000   1.0000000000000000E+30
    1000.0000000000000000   1.0000000000000000E+30
    1100.0000000000000000   1.0000000000000000E+30
    1200.0000000000000000   1.0000000000000000E+30
    1300.0000000000000000   1.0000000000000000E+30
    1400.0000000000000000   1.0000000000000000E+30
    1500.0000000000000000   1.0000000000000000E+30
    1600.0000000000000000   1.0000000000000000E+30
    1700.0000000000000000   1.0000000000000000E+30
    1800.0000000000000000   1.0000000000000000E+30
    1900.0000000000000000   1.0000000000000000E+30
    2000.0000000000000000   1.0000000000000000E+30
    2100.0000000000000000   1.0000000000000000E+30
    2200.0000000000000000   1.0000000000000000E+30
    2300.0000000000000000   1.0000000000000000E+30
    2374.9989999999997963   1.0000000000000000E+30
    2375.0010000000002037   6.7678738145504385E+03
    2400.0000000000000000   6.9385984631283527E+03
    2468.9989999999997963   7.4578499848070323E+03
    2469.0010000000002037   7.4578661621728706E+03
    2500.0000000000000000   7.6773345563771900E+03
    2600.0000000000000000   8.4820264310362072E+03
    2700.0000000000000000   9.3007962922257793E+03
    2701.9989999999997963   9.3199739477084167E+03
    2702.0010000000002037   9.3199931745600898E+03
    2800.0000000000000000   1.0226655208683122E+04
    2900.0000000000000000   1.1234160658187649E+04
    3000.0000000000000000   1.2303596386928051E+04
    3100.0000000000000000   1.3470360100151567E+04
    3200.0000000000000000   1.4659270296475332E+04
    3300.0000000000000000   1.5977690333801778E+04
    3400.0000000000000000   1.7327091823202209E+04
    3500.0000000000000000   1.8789447194449069E+04
    3600.0000000000000000   2.0252014264005295E+04
    3700.0000000000000000   2.1872177626588342E+04
    3800.0000000000000000   2.3569606673798859E+04
    3900.0000000000000000   2.5266672795914958E+04
    4000.0000000000000000   2.7123421386711278E+04
    4100.0000000000000000   2.9050237113120187E+04
    4200.0000000000000000   3.1150309460668741E+04
    4300.0000000000000000   3.3253902199746859E+04
    4400.0000000000000000   3.5497407665100916E+04
    4500.0000000000000000   3.7858485255247157E+04
    4600.0000000000000000   4.0356916412362203E+04
    4700.0000000000000000   4.2932324437951291E+04
    4800.0000000000000000   4.5580107647561905E+04
    4900.0000000000000000   4.8357625971484820E+04
    5000.0000000000000000   5.1281271956480348E+04
    5100.0000000000000000   5.4349399369351733E+04
    5200.0000000000000000   5.7572272195036014E+04
    5300.0000000000000000   6.0875275711995229E+04
    5400.0000000000000000   6.4274584058577850E+04
    5500.0000000000000000   6.7892609344952245E+04
    5600.0000000000000000   7.1665193016665668E+04
    5700.0000000000000000   7.5448074420579389E+04
    5800.0000000000000000   7.9402813610976940E+04
    5900.0000000000000000   8.3556900715920317E+04
    6000.0000000000000000   8.7781012355916493E+04
    6100.0000000000000000   9.2122589724383492E+04
    6200.0000000000000000   9.7038196866821949E+04
    6300.0000000000000000   1.0179465524486027E+05
    6400.0000000000000000   1.0664319112706099E+05
    6500.0000000000000000   1.1172033408679825E+05
    6600.0000000000000000   1.1700022850033060E+05
    6700.0000000000000000   1.2247737290561349E+05
    6800.0000000000000000   1.2861467929820076E+05
    6900.0000000000000000   1.3417802502813307E+05
    7000.0000000000000000   1.3997146144239765E+05
    7100.0000000000000000   1.4610898403846822E+05
    7200.0000000000000000   1.5230259821780832E+05
    7300.0000000000000000   1.5865172119476719E+05
    7400.0000000000000000   1.6580370731364092E+05
    7500.0000000000000000   1.7273828452233560E+05
    7600.0000000000000000   1.7983323083237064E+05
    7700.0000000000000000   1.8720199722753582E+05
    7800.0000000000000000   1.9548066428248817E+05
    7900.0000000000000000   2.0280604417156562E+05
    8000.0000000000000000   2.1054813097233343E+05
    8100.0000000000000000   2.1873172167192341E+05
    8200.0000000000000000   2.2772832826925095E+05
    8300.0000000000000000   2.3604659125053033E+05
    8400.0000000000000000   2.4583584616362691E+05
    8500.0000000000000000   2.5427886066693702E+05
    8600.0000000000000000   2.6353301003970380E+05
    8700.0000000000000000   2.7309888366429461E+05
    8800.0000000000000000   2.8368562520408334E+05
    8900.0000000000000000   2.9371708667756198E+05
    9000.0000000000000000   3.0527256879867782E+05
    9100.0000000000000000   3.1503864993370319E+05
    9200.0000000000000000   3.2545246968768188E+05
    9300.0000000000000000   3.3654629878213082E+05
    9400.0000000000000000   3.4866349223675585E+05
    9500.0000000000000000   3.5985759680650925E+05
    9600.0000000000000000   3.7281163087181677E+05
    9700.0000000000000000   3.8421684706975729E+05
    9800.0000000000000000   3.9783196920781559E+05
    9900.0000000000000000   4.1021734054655104E+05
   10000.0000000000000000   4.2477941736057342E+05
   11000.0000000000000000   5.7511500280466094E+05
   12000.0000000000000000   7.5849714411603706E+05
   13000.0000000000000000   9.8356204371709132E+05
   14000.0000000000000000   1.2536729039547078E+06
   15000.0000000000000000   1.5725094803671062E+06
   16000.0000000000000000   1.9502983599510472E+06
   17000.0000000000000000   2.3863692114584576E+06
   18000.0000000000000000   2.8880770054585095E+06
   18989.9989999999997963   3.4481873400724079E+06
   18990.0010000000002037   3.4481886310198125E+06
   19000.0000000000000000   3.4546548279886306E+06
   20000.0000000000000000   4.1136957270971774E+06
   21000.0000000000000000   4.8475578960219873E+06
   22000.0000000000000000   5.6926200777448993E+06
   23000.0000000000000000   6.6053014535211697E+06
   24000.0000000000000000   7.6752835277548069E+06
   25000.0000000000000000   8.7935162886578608E+06
   26000.0000000000000000   1.0067024679913772E+07
   27000.0000000000000000   1.1503987223607186E+07
   28000.0000000000000000   1.2986550494582979E+07
   29000.0000000000000000   1.4667562219385259E+07
   30000.0000000000000000   1.6505374647045771E+07
   31000.0000000000000000   1.8476734086316332E+07
   32000.0000000000000000   2.0684243225004204E+07
   33000.0000000000000000   2.2995993005831625E+07
   34000.0000000000000000   2.5525383968797326E+07
   35000.0000000000000000   2.8370571027327102E+07
   36000.0000000000000000   3.1218930701162267E+07
   37000.0000000000000000   3.4337982962931894E+07
   38000.0000000000000000   3.7782627565869629E+07
   39000.0000000000000000   4.1327465258443333E+07
   40000.0000000000000000   4.5243462939699009E+07
   41000.0000000000000000   4.9456150913911894E+07
   42000.0000000000000000   5.3751709581438288E+07
   43000.0000000000000000   5.8590382515580527E+07
   44000.0000000000000000   6.3670379601461366E+07
   45000.0000000000000000   6.8703031992523178E+07
   46000.0000000000000000   7.4394663840406403E+07
   47000.0000000000000000   8.0031242674821734E+07
   48000.0000000000000000   8.6370661550233915E+07
   49000.0000000000000000   9.3131872940071449E+07
   50000.0000000000000000   9.9924783092406541E+07
