       0.1000000000000000   3.5399490764905131E+01   8.2293319265984010E-04
       0.2000000000000000   3.1065735818673136E+01   1.6133865942556816E-03
       0.3000000000000000   2.9577322583970950E+01   2.4026402971298296E-03
       0.4000000000000000   2.8965827747558180E+01   3.1601266791267233E-03
       0.5000000000000000   2.8624622982405594E+01   3.9121851607926139E-03
       0.6000000000000000   2.8414557100345053E+01   4.6599585901986873E-03
       0.7000000000000000   2.8281589159118539E+01   5.4045228890530596E-03
       0.7999999999999999   2.8195744169869773E+01   6.1466018449287839E-03
       0.8999999999999999   2.8143246483178231E+01   6.8845995309837907E-03
       0.9999999999999999   2.8110748032212825E+01   7.6215303738695634E-03
       2.0000000000000000   2.8189545540315979E+01   1.4912659378827504E-02
       3.0000000000000000   2.8363629869542716E+01   2.2193941295742186E-02
       4.0000000000000000   2.8459636450672747E+01   2.9585146564675070E-02
       5.0000000000000000   2.8463351364427727E+01   3.7169583977393832E-02
       6.0000000000000000   2.8384656049561158E+01   4.5010551445179230E-02
       7.0000000000000000   2.8238862097895826E+01   5.3150369880304221E-02
       8.0000000000000000   2.8038373186151759E+01   6.1623308253324550E-02
       9.0000000000000000   2.7794093363953301E+01   7.0456661847207488E-02
      10.0000000000000000   2.7514511151063022E+01   7.9674947746095487E-02
      11.0000000000000000   2.7207044973032499E+01   8.9298278166342782E-02
      12.0000000000000000   2.6877659111458431E+01   9.9343855415563828E-02
      13.0000000000000000   2.6531579910255591E+01   1.0982623670917449E-01
      14.0000000000000000   2.6172603656352667E+01   1.2076091162985464E-01
      15.0000000000000000   2.5803987544221922E+01   1.3216229830462470E-01
      16.0000000000000000   2.5428579406444427E+01   1.4404294212955313E-01
      17.0000000000000000   2.5048480958869870E+01   1.5641691742758435E-01
      18.0000000000000000   2.4665606336437584E+01   1.6929736667667880E-01
      19.0000000000000000   2.4281394956060332E+01   1.8269781418134656E-01
      20.0000000000000000   2.3897050448895108E+01   1.9663274918366613E-01
      21.0000000000000000   2.3513503606212261E+01   2.1111750849482439E-01
      22.0000000000000000   2.3131569617482437E+01   2.2616741330535739E-01
      23.0000000000000000   2.2751877803301703E+01   2.4179885212878899E-01
      24.0000000000000000   2.2374878735332921E+01   2.5803004320511275E-01
      25.0000000000000000   2.2000941694769288E+01   2.7488006089015354E-01
      26.0000000000000000   2.1630341350096252E+01   2.9236940669893485E-01
      27.0000000000000000   2.1263273469240417E+01   3.1052011373090838E-01
      28.0000000000000000   2.0899878761043553E+01   3.2935576479240869E-01
      29.0000000000000000   2.0540230301168183E+01   3.4890187745017465E-01
      30.0000000000000000   2.0184373438406876E+01   3.6918579124209749E-01
      31.0000000000000000   1.9832303337691542E+01   3.9023705996028718E-01
      32.0000000000000000   1.9484006491427394E+01   4.1208719756019324E-01
      33.0000000000000000   1.9139429152049694E+01   4.3477034240445678E-01
      34.0000000000000000   1.8798509229088346E+01   4.5832308713797865E-01
      35.0000000000000000   1.8461168355929502E+01   4.8278474835786261E-01
      36.0000000000000000   1.8127318933804574E+01   5.0819753878338991E-01
      37.0000000000000000   1.7796866256617005E+01   5.3460676447217681E-01
      38.0000000000000000   1.7469712337905158E+01   5.6206102680892089E-01
      39.0000000000000000   1.7145755393104107E+01   5.9061244770951049E-01
      40.0000000000000000   1.6824895580107288E+01   6.2031684548370880E-01
      41.0000000000000000   1.6507033007621285E+01   6.5123403166459570E-01
      42.0000000000000000   1.6192071169237483E+01   6.8342800380799740E-01
      43.0000000000000000   1.5879918704266709E+01   7.1696720309160866E-01
      44.0000000000000000   1.5570490861345835E+01   7.5192467861201617E-01
      45.0000000000000000   1.5263708819934193E+01   7.8837843565174459E-01
      46.0000000000000000   1.4959503216092230E+01   8.2641155693828672E-01
      47.0000000000000000   1.4657814753504882E+01   8.6611240891643948E-01
      48.0000000000000000   1.4358595644378356E+01   9.0757477963375599E-01
      49.0000000000000000   1.4061811227828150E+01   9.5089796234985269E-01
      50.0000000000000000   1.3767441466654219E+01   9.9618675340066143E-01
      51.0000000000000000   1.3475482455128681E+01   1.0435513516205455E+00
      52.0000000000000000   1.3185948742743680E+01   1.0931071033204116E+00
      52.9990000000000023   1.2899160749575705E+01   1.1449210119932163E+00
      53.0000000000000000   1.2898874921448469E+01   1.1449740744357271E+00
      53.0009999999999977   1.2898589095836007E+01   1.1450271393133231E+00
      54.0000000000000000   1.2614317891512540E+01   1.1992763930715900E+00
      55.0000000000000000   1.2332358748192078E+01   1.2561413284351184E+00
      56.0000000000000000   1.2053105332559072E+01   1.3156980448202400E+00
      57.0000000000000000   1.1776695418528101E+01   1.3780756192302723E+00
      57.9990000000000023   1.1503567728982034E+01   1.4433346023363602E+00
      58.0000000000000000   1.1503295896965962E+01   1.4434014421682522E+00
      58.0009999999999977   1.1503024068157552E+01   1.4434682850716840E+00
      59.0000000000000000   1.1233106276987415E+01   1.5117982711793099E+00
      60.0000000000000000   1.0966361595460603E+01   1.5833806664464833E+00
      61.0000000000000000   1.0703329363498314E+01   1.6582518675464766E+00
      62.0000000000000000   1.0444311570016188E+01   1.7364989974594716E+00
      63.0000000000000000   1.0189642505699569E+01   1.8181883617001400E+00
      64.0000000000000000   9.9396854684816773E+00   1.9033603138536956E+00
      65.0000000000000000   9.6948280176510000E+00   1.9920240231275350E+00
      66.0000000000000000   9.4554752569744664E+00   2.0841524493873775E+00
      67.0000000000000000   9.2220413129149037E+00   2.1796778946454602E+00
      68.0000000000000000   8.9949391926620716E+00   2.2784885398024404E+00
      69.0000000000000000   8.7745693839686929E+00   2.3804263715549125E+00
      70.0000000000000000   8.5613078133733289E+00   2.4852868431403410E+00
      71.0000000000000000   8.3554939096559835E+00   2.5928204995246849E+00
      72.0000000000000000   8.1574196268181343E+00   2.7027366272615732E+00
      73.0000000000000000   7.9673201898880279E+00   2.8147088038269055E+00
      74.0000000000000000   7.7853672508745442E+00   2.9283820321424985E+00
      75.0000000000000000   7.6116648125113704E+00   3.0433810274844544E+00
      76.0000000000000000   7.4462485199463124E+00   3.1593189225459257E+00
      77.0000000000000000   7.2890870538603370E+00   3.2758062782866921E+00
      78.0000000000000000   7.1400867865116782E+00   3.3924592719254330E+00
      79.0000000000000000   6.9990979918480623E+00   3.5089071078807814E+00
      80.0000000000000000   6.8659224624477675E+00   3.6247981853293543E+00
      81.0000000000000000   6.7403218308166579E+00   3.7398049091905148E+00
      82.0000000000000000   6.6220260509708995E+00   3.8536271243264602E+00
      83.0000000000000000   6.5107415723278494E+00   3.9659942504525896E+00
      84.0000000000000000   6.4061588857083267E+00   4.0766662635462660E+00
      85.0000000000000000   6.3079592450325075E+00   4.1854337059425983E+00
      86.0000000000000000   6.2158204351709685E+00   4.2921169218615951E+00
      86.9989999999999952   6.1295052082530956E+00   4.3964614258692585E+00
      87.0000000000000000   6.1294215708405346E+00   4.3965647134930146E+00
      87.0010000000000048   6.1293379388515481E+00   4.3966679987547721E+00
      88.0000000000000000   6.0484469959687885E+00   4.4986525622056002E+00
      89.0000000000000000   5.9725892565937784E+00   4.5982806354016983E+00
      90.0000000000000000   5.9015513838691058E+00   4.6953716056665389E+00
      91.0000000000000000   5.8350484951067116E+00   4.7898684504557680E+00
      92.0000000000000000   5.7728088503632478E+00   4.8817322762941755E+00
      93.0000000000000000   5.7145744637227622E+00   4.9709402245171104E+00
      94.0000000000000000   5.6601013577748045E+00   5.0574834939605173E+00
      95.0000000000000000   5.6091595395699185E+00   5.1413655025010723E+00
      96.0000000000000000   5.5615327650102433E+00   5.2226001989316222E+00
      97.0000000000000000   5.5170181470874580E+00   5.3012105288753277E+00
      98.0000000000000000   5.4754256524586333E+00   5.3772270528987525E+00
      99.0000000000000000   5.4365775288039151E+00   5.4506867106597978E+00
     100.0000000000000000   5.4003076760933020E+00   5.5216317237853847E+00
     110.0000000000000000   5.1499316997530729E+00   6.1042193745647619E+00
     120.0000000000000000   5.0381402289311410E+00   6.4955538374419906E+00
     130.0000000000000000   5.0077261012054750E+00   6.7468750038723986E+00
     140.0000000000000000   5.0280504953510405E+00   6.8976896580731211E+00
     150.0000000000000000   5.0816460771558702E+00   6.9765852219486906E+00
     160.0000000000000000   5.1579679108477183E+00   7.0039201621934835E+00
     170.0000000000000000   5.2503309523900565E+00   6.9942003742971686E+00
     180.0000000000000000   5.3543193815417478E+00   6.9578299208667760E+00
     190.0000000000000000   5.4669138952781697E+00   6.9023348484947604E+00
     200.0000000000000000   5.5859890048625136E+00   6.8332069311873136E+00
     210.0000000000000000   5.7019668623307691E+00   6.7805037600547324E+00
     220.0000000000000000   5.8358624202004714E+00   6.6795092388990485E+00
     230.0000000000000000   5.9624138978686938E+00   6.6072224452284374E+00
     240.0000000000000000   6.0978107954847802E+00   6.5109122755407736E+00
     250.0000000000000000   6.2335385830371433E+00   6.4177870178073455E+00
     260.0000000000000000   6.3695038651079194E+00   6.3277978229624461E+00
     270.0000000000000000   6.5056327676883239E+00   6.2408688670804215E+00
     280.0000000000000000   6.6418663795347594E+00   6.1569073053493897E+00
     290.0000000000000000   6.7841696812278620E+00   6.0567646256467276E+00
     300.0000000000000000   6.9260563140765150E+00   5.9609711664469955E+00
     310.0000000000000000   7.0618564698288306E+00   5.8868146291888497E+00
     312.9990000000000236   7.1036924702662532E+00   5.8615951461590949E+00
     313.0009999999999764   7.1037240763443554E+00   5.8615668728879200E+00
     317.9990000000000236   7.1770544963899185E+00   5.8088666354403635E+00
     318.0009999999999764   7.1770860210742988E+00   5.8088389827464137E+00
     320.0000000000000000   7.2030744323203475E+00   5.7982396059544943E+00
     330.0000000000000000   7.3438774898036607E+00   5.7132845278236655E+00
     340.0000000000000000   7.4842722107701176E+00   5.6317267166650860E+00
     350.0000000000000000   7.6242661648424717E+00   5.5533607161463978E+00
     360.0000000000000000   7.7638675866623483E+00   5.4779968865588344E+00
     370.0000000000000000   7.9030851490053307E+00   5.4054600152124541E+00
     380.0000000000000000   8.0465727404961118E+00   5.3219091738798472E+00
     390.0000000000000000   8.1849217411707791E+00   5.2549848807463517E+00
     400.0000000000000000   8.3273717223566788E+00   5.1775422855688484E+00
     410.0000000000000000   8.4649017774238331E+00   5.1155844575111642E+00
     420.0000000000000000   8.6063709844535801E+00   5.0435696897228786E+00
     430.0000000000000000   8.7431292980293431E+00   4.9860281510807871E+00
     440.0000000000000000   8.8836714415245872E+00   4.9188593880344609E+00
     450.0000000000000000   9.0237398279709993E+00   4.8540676249915355E+00
     460.0000000000000000   9.1633474608450882E+00   4.7915233833295305E+00
     470.0000000000000000   9.2985841823506217E+00   4.7417567448771534E+00
     480.0000000000000000   9.4373640011252213E+00   4.6831009309221425E+00
     490.0000000000000000   9.5757187714756569E+00   4.6263680907177172E+00
     500.0000000000000000   9.7136597229721602E+00   4.5714609718736527E+00
     500.9990000000000805   9.7281630043069942E+00   4.5640973151568121E+00
     501.0010000000000332   9.7281920356241525E+00   4.5640825986721349E+00
     510.0000000000000000   9.8511976871948761E+00   4.5182888567259454E+00
     520.0000000000000000   9.9883431080935541E+00   4.4667670218698223E+00
     525.9990000000000236   1.0071150875613387E+01   4.4347507967324935E+00
     526.0009999999999764   1.0071179658578687E+01   4.4347371072821851E+00
     530.0000000000000000   1.0125106038382038E+01   4.4168162856951962E+00
     540.0000000000000000   1.0261496173743039E+01   4.3683625165715680E+00
     550.0000000000000000   1.0401010678417505E+01   4.3124549028146006E+00
     560.0000000000000000   1.0536631333963268E+01   4.2669748072061155E+00
     570.0000000000000000   1.0671906770872132E+01   4.2227891931549637E+00
     580.0000000000000000   1.0806845307677637E+01   4.1798409959748222E+00
     590.0000000000000000   1.0944781108339621E+01   4.1298760523157201E+00
     600.0000000000000000   1.1079019927881689E+01   4.0894033837449291E+00
     610.0000000000000000   1.1212945752852992E+01   4.0500104321884205E+00
     620.0000000000000000   1.1349783421400884E+01   4.0038994078949584E+00
     630.0000000000000000   1.1483055646924351E+01   3.9666783849217797E+00
     633.9990000000000236   1.1535635629093433E+01   3.9535743139777240E+00
     634.0009999999999764   1.1535663497307073E+01   3.9535640127600233E+00
     640.0000000000000000   1.1616036400411399E+01   3.9304051583157191E+00
     650.0000000000000000   1.1751843468958960E+01   3.8876929139674585E+00
     660.0000000000000000   1.1884212285003523E+01   3.8533363734035113E+00
     670.0000000000000000   1.2019363433605070E+01   3.8127103163233502E+00
     680.0000000000000000   1.2151146305342756E+01   3.7801192808142576E+00
     690.0000000000000000   1.2285666442110731E+01   3.7414226720464590E+00
     700.0000000000000000   1.2416887735233834E+01   3.7104615447214107E+00
     710.0000000000000000   1.2550800562707311E+01   3.6735527371586869E+00
     720.0000000000000000   1.2684411782935307E+01   3.6375406044239522E+00
     730.0000000000000000   1.2814810968244991E+01   3.6088507313639542E+00
     740.0000000000000000   1.2947847902128631E+01   3.5744362886905954E+00
     750.0000000000000000   1.3077740000011078E+01   3.5470913152253227E+00
     760.0000000000000000   1.3210223337870897E+01   3.5141641390548308E+00
     770.0000000000000000   1.3342431757880137E+01   3.4819849218524097E+00
     780.0000000000000000   1.3474371001628912E+01   3.4505251896117168E+00
     790.0000000000000000   1.3603259626346386E+01   3.4256906893058447E+00
     800.0000000000000000   1.3734681719904373E+01   3.3955253303973087E+00
     810.0000000000000000   1.3865847665416664E+01   3.3660106909046354E+00
     820.0000000000000000   1.3994042677520845E+01   3.3428164175871116E+00
     830.0000000000000000   1.4124716492435470E+01   3.3144739853103315E+00
     840.0000000000000000   1.4255146496667766E+01   3.2867215270490027E+00
     850.0000000000000000   1.4385335405298845E+01   3.2595423689498730E+00
     860.0000000000000000   1.4515285715261296E+01   3.2329208163093544E+00
     870.0000000000000000   1.4645000847943033E+01   3.2068398125809590E+00
     880.0000000000000000   1.4771872756877883E+01   3.1865426798441199E+00
     890.0000000000000000   1.4901144884511991E+01   3.1614204775352972E+00
     900.0000000000000000   1.5030193125607971E+01   3.1367905437052070E+00
     910.0000000000000000   1.5159020272620404E+01   3.1126390734737903E+00
     920.0000000000000000   1.5287629511585228E+01   3.0889519004429302E+00
     930.0000000000000000   1.5416024331174876E+01   3.0657146885876108E+00
     940.0000000000000000   1.5544208254172908E+01   3.0429134498889292E+00
     950.0000000000000000   1.5672184614754682E+01   3.0205349596813176E+00
     960.0000000000000000   1.5799956471460209E+01   2.9985668919241948E+00
     970.0000000000000000   1.5927526641530314E+01   2.9769977198298050E+00
     980.0000000000000000   1.6054897792462960E+01   2.9558165147782809E+00
     990.0000000000000000   1.6182072515057442E+01   2.9350127864239184E+00
    1000.0000000000000000   1.6309053360855110E+01   2.9145763965619826E+00
    1100.0000000000000000   1.7568735487270864E+01   2.7284060939196113E+00
    1200.0000000000000000   1.8813771130520273E+01   2.5661872166523150E+00
    1300.0000000000000000   2.0045741130763901E+01   2.4229248309912816E+00
    1400.0000000000000000   2.1265918022233638E+01   2.2950013270224305E+00
    1500.0000000000000000   2.2473448564356872E+01   2.1825366220700522E+00
    1600.0000000000000000   2.3669416713186152E+01   2.0828499433926519E+00
    1700.0000000000000000   2.4856651558078223E+01   1.9912283630491709E+00
    1800.0000000000000000   2.6033979301796471E+01   1.9089145499053048E+00
    1900.0000000000000000   2.7203960632510721E+01   1.8321487968041597E+00
    2000.0000000000000000   2.8365276233505167E+01   1.7624635964041897E+00
    2100.0000000000000000   2.9518494208719389E+01   1.6988939408711232E+00
    2200.0000000000000000   3.0664115891200691E+01   1.6406503294864208E+00
    2300.0000000000000000   3.1804245040340373E+01   1.5851845714342523E+00
    2400.0000000000000000   3.2937581186794411E+01   1.5339855294742126E+00
    2500.0000000000000000   3.4062903965816716E+01   1.4882657953509213E+00
    2600.0000000000000000   3.5185281386350439E+01   1.4425156764140610E+00
    2700.0000000000000000   3.6300306987561612E+01   1.4014541408705985E+00
    2800.0000000000000000   3.7409677995509639E+01   1.3632201318955441E+00
    2900.0000000000000000   3.8515487803098210E+01   1.3257571413423181E+00
    3000.0000000000000000   3.9614492365342734E+01   1.2922503441966013E+00
    3009.9989999999997963   3.9724784875794128E+01   1.2883703133861362E+00
    3010.0010000000002037   3.9724806883003204E+01   1.2883695831880131E+00
    3100.0000000000000000   4.0710310386515062E+01   1.2592053155810334E+00
    3151.9989999999997963   4.1277563954915507E+01   1.2434496856718520E+00
    3152.0010000000002037   4.1277585924486779E+01   1.2434489314218515E+00
    3200.0000000000000000   4.1801526790114977E+01   1.2280294903520907E+00
    3300.0000000000000000   4.2888161299395520E+01   1.1986877419435285E+00
    3400.0000000000000000   4.3970413001749307E+01   1.1710098059813219E+00
    3417.9989999999997963   4.4164023298677087E+01   1.1668295989770796E+00
    3418.0010000000002037   4.4164044904644044E+01   1.1668290430534900E+00
    3500.0000000000000000   4.5048622133524219E+01   1.1447186743123514E+00
    3600.0000000000000000   4.6122768198947590E+01   1.1198349259322695E+00
    3700.0000000000000000   4.7192787750235311E+01   1.0964006867577565E+00
    3800.0000000000000000   4.8259483300086657E+01   1.0738312693925360E+00
    3900.0000000000000000   4.9323898166024662E+01   1.0512441442627363E+00
    4000.0000000000000000   5.0383128124070652E+01   1.0310244668108102E+00
    4100.0000000000000000   5.1440500945696023E+01   1.0105579141345546E+00
    4200.0000000000000000   5.2493378315342994E+01   9.9192451457863873E-01
    4300.0000000000000000   5.3544616849904948E+01   9.7296281833523057E-01
    4400.0000000000000000   5.4592204244179285E+01   9.5515933175562617E-01
    4500.0000000000000000   5.5635549096463997E+01   9.3901227922973896E-01
    4600.0000000000000000   5.6677523068886607E+01   9.2242673324226376E-01
    4700.0000000000000000   5.7716808691593172E+01   9.0638503737447307E-01
    4800.0000000000000000   5.8752408132226073E+01   8.9155332031433843E-01
    4900.0000000000000000   5.9785992782920559E+01   8.7686651435716778E-01
    5000.0000000000000000   6.0817148500774231E+01   8.6259903558206408E-01
    5100.0000000000000000   6.1845528747564686E+01   8.4897732329308917E-01
    5200.0000000000000000   6.2871147294107843E+01   8.3599957502750477E-01
    5300.0000000000000000   6.3894174252559957E+01   8.2356709513272419E-01
    5400.0000000000000000   6.4915497920099668E+01   8.1117311746314913E-01
    5500.0000000000000000   6.5934917262814764E+01   7.9896453189767058E-01
    5600.0000000000000000   6.6950628247369110E+01   7.8796160666891346E-01
    5700.0000000000000000   6.7966163640421271E+01   7.7609637210945548E-01
    5800.0000000000000000   6.8978397775658792E+01   7.6531372580809698E-01
    5900.0000000000000000   6.9987828100670157E+01   7.5521302208412988E-01
    6000.0000000000000000   7.0995417464573791E+01   7.4530839547467331E-01
    6100.0000000000000000   7.2003457045289196E+01   7.3432360485636683E-01
    6200.0000000000000000   7.3005810469120334E+01   7.2567258768860132E-01
    6300.0000000000000000   7.4008251107140978E+01   7.1612578791928694E-01
    6400.0000000000000000   7.5008966007007288E+01   7.0684342076078377E-01
    6500.0000000000000000   7.6007220451288831E+01   6.9813206372159275E-01
    6600.0000000000000000   7.7004895354618483E+01   6.8888722425536442E-01
    6700.0000000000000000   7.7998995502968114E+01   6.8093554762919750E-01
    6800.0000000000000000   7.8992865231149707E+01   6.7228596316900824E-01
    6900.0000000000000000   7.9983176187879309E+01   6.6488576252192300E-01
    7000.0000000000000000   8.0973257102133530E+01   6.5685297102964602E-01
    7100.0000000000000000   8.1960839971327147E+01   6.4946202037811396E-01
    7200.0000000000000000   8.2945818270030628E+01   6.4271877120220744E-01
    7300.0000000000000000   8.3930642313338922E+01   6.3542523368705361E-01
    7400.0000000000000000   8.4914784937121723E+01   6.2792271049966020E-01
    7500.0000000000000000   8.5896556874666530E+01   6.2098506609421544E-01
    7600.0000000000000000   8.6875010598384762E+01   6.1490242378778459E-01
    7700.0000000000000000   8.7854633467769560E+01   6.0791556498459587E-01
    7800.0000000000000000   8.8831617992080865E+01   6.0153140021409079E-01
    7900.0000000000000000   8.9805843902506254E+01   5.9576293154557947E-01
    8000.0000000000000000   9.0781802937966887E+01   5.8891198783953580E-01
    8100.0000000000000000   9.1751742398733640E+01   5.8413632363940593E-01
    8200.0000000000000000   9.2725500090886271E+01   5.7713945305643488E-01
    8300.0000000000000000   9.3693624185600967E+01   5.7215317612580785E-01
    8400.0000000000000000   9.4663794321581207E+01   5.6595403410859357E-01
    8500.0000000000000000   9.5630868243233607E+01   5.6050827117918278E-01
    8600.0000000000000000   9.6594436290735246E+01   5.5603322198762395E-01
    8700.0000000000000000   9.7561210917904361E+01   5.4985322949795146E-01
    8800.0000000000000000   9.8525485589359974E+01   5.4434075859193465E-01
    8900.0000000000000000   9.9484501207623893E+01   5.4051971597292947E-01
    9000.0000000000000000   1.0044729181937049E+02   5.3477463543326176E-01
    9100.0000000000000000   1.0140723014668646E+02   5.2970763718056557E-01
    9200.0000000000000000   1.0236603597366111E+02   5.2470148696107932E-01
    9300.0000000000000000   1.0331968201501127E+02   5.2144367049690521E-01
    9400.0000000000000000   1.0427556661593917E+02   5.1693503420192699E-01
    9500.0000000000000000   1.0523194237419135E+02   5.1186047012166747E-01
    9600.0000000000000000   1.0618635417381108E+02   5.0718087910515075E-01
    9700.0000000000000000   1.0713920706764982E+02   5.0272794345581651E-01
    9800.0000000000000000   1.0809106154193509E+02   4.9828737375410542E-01
    9900.0000000000000000   1.0904175251572127E+02   4.9393657971426425E-01
   10000.0000000000000000   1.0999114376359660E+02   4.8973672540010632E-01
   11000.0000000000000000   1.1942374386109638E+02   4.5303393964768746E-01
   12000.0000000000000000   1.2876094711979292E+02   4.2146284428430858E-01
   13000.0000000000000000   1.3801149802741642E+02   3.9409293426332764E-01
   14000.0000000000000000   1.4718309841881387E+02   3.7052393976843573E-01
   15000.0000000000000000   1.5628088930394759E+02   3.5000053854650148E-01
   16000.0000000000000000   1.6531587253296956E+02   3.3144074849198268E-01
   17000.0000000000000000   1.7428879228131521E+02   3.1429041702025479E-01
   18000.0000000000000000   1.8320169603884585E+02   3.0005346045326298E-01
   19000.0000000000000000   1.9206366478231305E+02   2.8723456977705819E-01
   20000.0000000000000000   2.0087498096338115E+02   2.7481423907971853E-01
   21000.0000000000000000   2.0964264529108814E+02   2.6296049522868437E-01
   22000.0000000000000000   2.1836662504377293E+02   2.5291676647983136E-01
   23000.0000000000000000   2.2704182381835423E+02   2.4359735133654489E-01
   23224.9989999999997963   2.2898783489475474E+02   2.4186145951781621E-01
   23225.0010000000002037   2.2898785303593885E+02   2.4186130482346355E-01
   24000.0000000000000000   2.3568262130864900E+02   2.3547134549396667E-01
   25000.0000000000000000   2.4428355954100599E+02   2.2705821242302665E-01
   26000.0000000000000000   2.5284859624264109E+02   2.1942836381110814E-01
   27000.0000000000000000   2.6138113895426778E+02   2.1311743028183874E-01
   28000.0000000000000000   2.6988787365056925E+02   2.0591426105003083E-01
   29000.0000000000000000   2.7834602493432016E+02   1.9980947787316380E-01
   30000.0000000000000000   2.8679128829007226E+02   1.9481347575829261E-01
   31000.0000000000000000   2.9519693839385604E+02   1.8814721075205526E-01
   32000.0000000000000000   3.0357021657115337E+02   1.8489966688901929E-01
   33000.0000000000000000   3.1194536767681859E+02   1.7841788060684116E-01
   34000.0000000000000000   3.2027820491475103E+02   1.7382476630352564E-01
   35000.0000000000000000   3.2856714705018345E+02   1.7135871861969731E-01
   36000.0000000000000000   3.3685529667177298E+02   1.6589191662750769E-01
   37000.0000000000000000   3.4510612468181540E+02   1.6175485555610561E-01
   38000.0000000000000000   3.5334297135018107E+02   1.5827952186469973E-01
   39000.0000000000000000   3.6156640021880361E+02   1.5578977815933132E-01
   40000.0000000000000000   3.6972721453160329E+02   1.5336860816754547E-01
   41000.0000000000000000   3.7792611287186645E+02   1.4971463028515908E-01
   42000.0000000000000000   3.8606992122978545E+02   1.4502441741565616E-01
   43000.0000000000000000   3.9422483593411050E+02   1.4238407735859906E-01
   44000.0000000000000000   4.0231461989234037E+02   1.3987780019347609E-01
   45000.0000000000000000   4.1041692745736248E+02   1.3680611181215696E-01
   46000.0000000000000000   4.1851360151979162E+02   1.3447090390656100E-01
   47000.0000000000000000   4.2656547967755404E+02   1.3307665078797221E-01
   48000.0000000000000000   4.3461324751539877E+02   1.2906455069912365E-01
   49000.0000000000000000   4.4263012623649905E+02   1.2664525683780217E-01
   50000.0000000000000000   4.5061705356760172E+02   1.2624338422028381E-01
