       0.1000000000000000   3.1096522526485642E+03   1.1157545930847073E-05
       0.2000000000000000   1.6066776358539294E+03   4.0242532599775709E-05
       0.3000000000000000   1.0851202584540483E+03   8.7789070988626309E-05
       0.4000000000000000   8.2948843277771255E+02   1.5113214590329929E-04
       0.5000000000000000   6.7376529051359705E+02   2.3078332540806237E-04
       0.6000000000000000   5.6884055460234356E+02   3.2629335885009478E-04
       0.7000000000000000   4.9326348472734497E+02   4.3732930421000525E-04
       0.7999999999999999   4.3619009716190010E+02   5.6355118274640094E-04
       0.8999999999999999   3.9166091966900120E+02   7.0438237400497015E-04
       0.9999999999999999   3.5581872241574291E+02   8.5980131798872215E-04
       2.0000000000000000   1.9248121880910224E+02   3.1426780306485322E-03
       3.0000000000000000   1.3674122727192906E+02   6.5900116417408677E-03
       4.0000000000000000   1.0831880243712085E+02   1.1030997794789516E-02
       5.0000000000000000   9.0923440899082337E+01   1.6346865164645445E-02
       6.0000000000000000   7.9084027311926562E+01   2.2454482850537222E-02
       7.0000000000000000   7.0452468430399776E+01   2.9289302980395723E-02
       8.0000000000000000   6.3844809833065447E+01   3.6802632145110516E-02
       9.0000000000000000   5.8599644171885103E+01   4.4956631027634364E-02
      10.0000000000000000   5.4316317872408860E+01   5.3723077903885447E-02
      11.0000000000000000   5.0739354934185791E+01   6.3079984389235955E-02
      12.0000000000000000   4.7697135844463759E+01   7.3009726414810072E-02
      13.0000000000000000   4.5070723309069400E+01   8.3498817611695433E-02
      14.0000000000000000   4.2773502546805247E+01   9.4538772527333129E-02
      15.0000000000000000   4.0741821369042725E+01   1.0612440854583685E-01
      16.0000000000000000   3.8927954688403169E+01   1.1825210658704653E-01
      17.0000000000000000   3.7294707152382109E+01   1.3092225788103556E-01
      18.0000000000000000   3.5813221370681489E+01   1.4413682114580836E-01
      19.0000000000000000   3.4460486991463462E+01   1.5789995376696431E-01
      20.0000000000000000   3.3217920086224325E+01   1.7221841878954941E-01
      21.0000000000000000   3.2070346265569455E+01   1.8710114003669256E-01
      22.0000000000000000   3.1005385347233101E+01   2.0255824756090718E-01
      23.0000000000000000   3.0012701723996003E+01   2.1860184813635331E-01
      24.0000000000000000   2.9083572471845546E+01   2.3524667983836420E-01
      25.0000000000000000   2.8210659812445758E+01   2.5250902349685467E-01
      26.0000000000000000   2.7387710895381446E+01   2.7040714743643113E-01
      27.0000000000000000   2.6609367013690260E+01   2.8896132663548940E-01
      28.0000000000000000   2.5871017774095499E+01   3.0819378620083809E-01
      29.0000000000000000   2.5168649903045232E+01   3.2812899229263548E-01
      30.0000000000000000   2.4498777893404860E+01   3.4879351970632683E-01
      31.0000000000000000   2.3858337320938546E+01   3.7021636333739716E-01
      32.0000000000000000   2.3244650311003578E+01   3.9242867651516333E-01
      33.0000000000000000   2.2655336553035262E+01   4.1546436924679836E-01
      34.0000000000000000   2.2088292311789452E+01   4.3935993442465371E-01
      35.0000000000000000   2.1541645159676076E+01   4.6415467961306794E-01
      36.0000000000000000   2.1013724998761688E+01   4.8989088696622968E-01
      37.0000000000000000   2.0503037373432534E+01   5.1661399115218631E-01
      38.0000000000000000   2.0008241863302704E+01   5.4437276891474451E-01
      39.0000000000000000   1.9528132646558888E+01   5.7321955075021391E-01
      40.0000000000000000   1.9061625720870872E+01   6.0321039279926081E-01
      41.0000000000000000   1.8607741545602448E+01   6.3440535966490497E-01
      42.0000000000000000   1.8165596181626167E+01   6.6686871411951532E-01
      43.0000000000000000   1.7734391319446612E+01   7.0066917257404782E-01
      44.0000000000000000   1.7313407469896948E+01   7.3588006115531801E-01
      45.0000000000000000   1.6901993614804290E+01   7.7257966160955216E-01
      46.0000000000000000   1.6499564262409500E+01   8.1085133170109325E-01
      47.0000000000000000   1.6105593675257612E+01   8.5078370799987690E-01
      48.0000000000000000   1.5719612092174421E+01   8.9247084380281172E-01
      49.0000000000000000   1.5341202348151709E+01   9.3601229049596080E-01
      50.0000000000000000   1.4969997466111137E+01   9.8151309531724751E-01
      51.0000000000000000   1.4605678426072300E+01   1.0290836988371133E+00
      52.0000000000000000   1.4247973129005134E+01   1.0788396810696184E+00
      52.9990000000000023   1.3897003597924089E+01   1.1308480784829933E+00
      53.0000000000000000   1.3896655406883921E+01   1.1309013329067710E+00
      53.0009999999999977   1.3896307222046891E+01   1.1309545897603017E+00
      54.0000000000000000   1.3551544594533251E+01   1.1853929986054141E+00
      55.0000000000000000   1.3212505200893878E+01   1.2424421545813680E+00
      56.0000000000000000   1.2879447377513925E+01   1.3021781641023575E+00
      57.0000000000000000   1.2552328546375090E+01   1.3647302943826809E+00
      57.9990000000000023   1.2231468637602436E+01   1.4301591101501698E+00
      58.0000000000000000   1.2231150439294760E+01   1.4302261177656082E+00
      58.0009999999999977   1.2230832246972831E+01   1.4302931284482037E+00
      59.0000000000000000   1.1915961316745170E+01   1.4987885654475990E+00
      60.0000000000000000   1.1606857519402084E+01   1.5705323642576103E+00
      61.0000000000000000   1.1303978718018636E+01   1.6455609121601262E+00
      62.0000000000000000   1.1007508798135900E+01   1.7239614835068557E+00
      63.0000000000000000   1.0717672251328485E+01   1.8058005285797267E+00
      64.0000000000000000   1.0434729715463423E+01   1.8911185388458716E+00
      65.0000000000000000   1.0158971911053159E+01   1.9799248151924018E+00
      66.0000000000000000   9.8907117485817313E+00   2.0721924431527037E+00
      67.0000000000000000   9.6302746830486239E+00   2.1678538446578424E+00
      68.0000000000000000   9.3779875366401182E+00   2.2667973151295620E+00
      69.0000000000000000   9.1341662060476896E+00   2.3688649504857464E+00
      70.0000000000000000   8.8991029225142633E+00   2.4738523084420638E+00
      71.0000000000000000   8.6730537937085082E+00   2.5815100335910905E+00
      72.0000000000000000   8.4562275442335295E+00   2.6915475077309101E+00
      73.0000000000000000   8.2487762118227526E+00   2.8036383993717542E+00
      74.0000000000000000   8.0507884681717421E+00   2.9174277984797112E+00
      75.0000000000000000   7.8622858855327369E+00   3.0325405035048902E+00
      76.0000000000000000   7.6832227209722754E+00   3.1485897270065695E+00
      77.0000000000000000   7.5134878503989588E+00   3.2651861061391534E+00
      78.0000000000000000   7.3529100191872034E+00   3.3819458911934368E+00
      79.0000000000000000   7.2012646044769832E+00   3.4984983566098564E+00
      80.0000000000000000   7.0582817208954411E+00   3.6144919686926236E+00
      81.0000000000000000   6.9236549398741696E+00   3.7295991967403439E+00
      82.0000000000000000   6.7970500546497661E+00   3.8435199473568367E+00
      83.0000000000000000   6.6781134408948404E+00   3.9559836996018003E+00
      84.0000000000000000   6.5664796822264169E+00   4.0667504863494228E+00
      85.0000000000000000   6.4617782758240097E+00   4.1756109046138548E+00
      86.0000000000000000   6.3636393155997428E+00   4.2823853511518397E+00
      86.9989999999999952   6.2717871063094410E+00   4.3868193023279121E+00
      87.0000000000000000   6.2716981416521635E+00   4.3869226786573350E+00
      87.0010000000000048   6.2716091828359648E+00   4.3870260526231171E+00
      88.0000000000000000   6.1855990583058613E+00   4.4890984170440005E+00
      89.0000000000000000   6.1049980790529741E+00   4.5888127804434262E+00
      90.0000000000000000   6.0295649834701681E+00   4.6859884863658108E+00
      91.0000000000000000   5.9589846714557648E+00   4.7805685555191380E+00
      92.0000000000000000   5.8929579792156659E+00   4.8725141360718034E+00
      93.0000000000000000   5.8312020549517865E+00   4.9618024094670430E+00
      94.0000000000000000   5.7734503877697305E+00   5.0484246131822310E+00
      95.0000000000000000   5.7194525708543829E+00   5.1323842023347499E+00
      96.0000000000000000   5.6689738672123564E+00   5.2136951616198433E+00
      97.0000000000000000   5.6217946342538028E+00   5.2923804712839786E+00
      98.0000000000000000   5.5777096521424303E+00   5.3684707252666248E+00
      99.0000000000000000   5.5365273956154910E+00   5.4420028955127240E+00
     100.0000000000000000   5.4980692684166570E+00   5.5130192347328242E+00
     110.0000000000000000   5.2317752689960830E+00   6.0962610294587289E+00
     120.0000000000000000   5.1107772284917736E+00   6.4881584987795495E+00
     130.0000000000000000   5.0746744443788545E+00   6.7399699198412826E+00
     140.0000000000000000   5.0913332872692969E+00   6.8912157531587361E+00
     150.0000000000000000   5.1425144016264772E+00   6.9704938170255932E+00
     160.0000000000000000   5.2172406630350689E+00   6.9981706307950047E+00
     170.0000000000000000   5.3085687882484303E+00   6.9887584300443795E+00
     180.0000000000000000   5.4119202528182724E+00   6.9526663413843330E+00
     190.0000000000000000   5.5241686701709298E+00   6.8974245080320440E+00
     200.0000000000000000   5.6431154661816150E+00   6.8285280559095485E+00
     210.0000000000000000   5.7589723489031783E+00   6.7760364555656638E+00
     220.0000000000000000   5.8932817112850531E+00   6.6751990892763571E+00
     230.0000000000000000   6.0201441808454224E+00   6.6030577410325195E+00
     240.0000000000000000   6.1560613728338227E+00   6.5068826110788480E+00
     250.0000000000000000   6.2923464348057170E+00   6.4138831013779543E+00
     260.0000000000000000   6.4289007547385468E+00   6.3240113207461066E+00
     270.0000000000000000   6.5656461768948091E+00   6.2371922737112726E+00
     280.0000000000000000   6.7025202404491342E+00   6.1533338358452836E+00
     290.0000000000000000   6.8455942724034973E+00   6.0532881245767749E+00
     300.0000000000000000   6.9882603816803295E+00   5.9575860311163709E+00
     310.0000000000000000   7.1247460814703709E+00   5.8835157443077062E+00
     312.9990000000000236   7.1668105462500566E+00   5.8583211965204525E+00
     313.0009999999999764   7.1668423712642033E+00   5.8582929397402799E+00
     317.9990000000000236   7.2406205093491440E+00   5.8056333515547340E+00
     318.0009999999999764   7.2406522525864760E+00   5.8056057149053801E+00
     320.0000000000000000   7.2667612077159331E+00   5.7950222877771527E+00
     330.0000000000000000   7.4083669229839586E+00   5.7101444761443982E+00
     340.0000000000000000   7.5495690831990796E+00   5.6286599733758393E+00
     350.0000000000000000   7.6903746490847400E+00   5.5503636292977232E+00
     360.0000000000000000   7.8307913321332530E+00   5.4750660790669432E+00
     370.0000000000000000   7.9708273538247481E+00   5.4025923575038730E+00
     380.0000000000000000   8.1152157762781059E+00   5.3191017598899393E+00
     390.0000000000000000   8.2543859238790596E+00   5.2522350067866457E+00
     400.0000000000000000   8.3977348948059927E+00   5.1748474316591855E+00
     410.0000000000000000   8.5360879680049617E+00   5.1129422708370056E+00
     420.0000000000000000   8.6784538898044268E+00   5.0409779699316148E+00
     430.0000000000000000   8.8160364865208987E+00   4.9834848371757650E+00
     440.0000000000000000   8.9574727871162647E+00   4.9163625466617757E+00
     450.0000000000000000   9.0984333686589185E+00   4.8516154399442746E+00
     460.0000000000000000   9.2389312324861805E+00   4.7891141461189397E+00
     470.0000000000000000   9.3749914798238070E+00   4.7393888462439078E+00
     480.0000000000000000   9.5146587607594100E+00   4.6807728531750881E+00
     490.0000000000000000   9.6538990329426984E+00   4.6240784008056561E+00
     500.0000000000000000   9.7927235436517339E+00   4.5692083151064500E+00
     500.9990000000000805   9.8073271653536835E+00   4.5618482864147829E+00
     501.0010000000000332   9.8073563975226445E+00   4.5618335771806358E+00
     510.0000000000000000   9.9311431451565877E+00   4.5160719510729024E+00
     520.0000000000000000   1.0069168304474930E+01   4.4645846527724773E+00
     525.9990000000000236   1.0152514580429004E+01   4.4325885895391188E+00
     526.0009999999999764   1.0152543562251964E+01   4.4325749067428939E+00
     530.0000000000000000   1.0206809099018916E+01   4.4146673013393452E+00
     540.0000000000000000   1.0344075250736598E+01   4.3662458235703756E+00
     550.0000000000000000   1.0484520173802906E+01   4.3103694622601543E+00
     560.0000000000000000   1.0621012258605925E+01   4.2649196310523969E+00
     570.0000000000000000   1.0757157378427456E+01   4.2207633408988610E+00
     580.0000000000000000   1.0892963879679783E+01   4.1778435716061662E+00
     590.0000000000000000   1.1031819058702695E+01   4.1279062015104522E+00
     600.0000000000000000   1.1166921575637863E+01   4.0874602912781564E+00
     610.0000000000000000   1.1301709482193509E+01   4.0480933195472364E+00
     620.0000000000000000   1.1439458683344238E+01   4.0020075310722865E+00
     630.0000000000000000   1.1573588957277630E+01   3.9648110323750458E+00
     633.9990000000000236   1.1626501625364925E+01   3.9517165764273696E+00
     634.0009999999999764   1.1626529684947643E+01   3.9517062799914444E+00
     640.0000000000000000   1.1707426242969024E+01   3.9285616490759168E+00
     650.0000000000000000   1.1844137409435644E+01   3.8858725958850413E+00
     660.0000000000000000   1.1977358948451165E+01   3.8515386215195866E+00
     670.0000000000000000   1.2113409377918604E+01   3.8109345313554694E+00
     680.0000000000000000   1.2246041315988558E+01   3.7783648877470761E+00
     690.0000000000000000   1.2381456077203106E+01   3.7396891188188146E+00
     700.0000000000000000   1.2513522926215298E+01   3.7087483010017319E+00
     710.0000000000000000   1.2648325880431905E+01   3.6718592932018970E+00
     720.0000000000000000   1.2782824901044041E+01   3.6358664700031622E+00
     730.0000000000000000   1.2914064252213755E+01   3.6071954347712905E+00
     740.0000000000000000   1.3047984717612584E+01   3.5727993758017398E+00
     750.0000000000000000   1.3178713810187004E+01   3.5454723486229320E+00
     760.0000000000000000   1.3312076557040838E+01   3.5125626972064463E+00
     770.0000000000000000   1.3445162262126038E+01   3.4804005983387789E+00
     780.0000000000000000   1.3577976718454744E+01   3.4489575924018401E+00
     790.0000000000000000   1.3707695571073586E+01   3.4241394400754213E+00
     800.0000000000000000   1.3839989008311823E+01   3.3939900638874052E+00
     810.0000000000000000   1.3972024319757512E+01   3.3644910543178130E+00
     820.0000000000000000   1.4101045008738621E+01   3.3413120700183372E+00
     830.0000000000000000   1.4232584498875166E+01   3.3129845972103533E+00
     840.0000000000000000   1.4363878294143266E+01   3.2852467797179021E+00
     850.0000000000000000   1.4494929121686720E+01   3.2580819540588211E+00
     860.0000000000000000   1.4625739488089996E+01   3.2314744354486638E+00
     870.0000000000000000   1.4756312839387794E+01   3.2054071768327361E+00
     880.0000000000000000   1.4884001354867692E+01   3.1851235093778980E+00
     890.0000000000000000   1.5014128407263422E+01   3.1600145012251524E+00
     900.0000000000000000   1.5144029828051305E+01   3.1353974987670479E+00
     910.0000000000000000   1.5273708427659143E+01   3.1112587051214984E+00
     920.0000000000000000   1.5403167416745715E+01   3.0875839615622058E+00
     930.0000000000000000   1.5532410313813221E+01   3.0643589394264357E+00
     940.0000000000000000   1.5661440672562513E+01   3.0415696577636284E+00
     950.0000000000000000   1.5790261855776112E+01   3.0192028986972730E+00
     960.0000000000000000   1.5918876946965085E+01   2.9972463427103526E+00
     970.0000000000000000   1.6047288785218612E+01   2.9756884692861547E+00
     980.0000000000000000   1.6175500058136304E+01   2.9545183558355381E+00
     990.0000000000000000   1.6303513375960133E+01   2.9337255178147279E+00
    1000.0000000000000000   1.6431331309562168E+01   2.9132998226029616E+00
    1100.0000000000000000   1.7699305598599519E+01   2.7272267953944005E+00
    1200.0000000000000000   1.8952535455000124E+01   2.5650904802984296E+00
    1300.0000000000000000   2.0192611650477478E+01   2.4218991170042581E+00
    1400.0000000000000000   2.1420814644381579E+01   2.2940374082561443E+00
    1500.0000000000000000   2.2636270065228533E+01   2.1816269983201759E+00
    1600.0000000000000000   2.3840070719925592E+01   2.0819884312009380E+00
    1700.0000000000000000   2.5035080660992509E+01   1.9904098012288467E+00
    1800.0000000000000000   2.6220103942324656E+01   1.9081345835457124E+00
    1900.0000000000000000   2.7397733594784338E+01   1.8314037158232450E+00
    2000.0000000000000000   2.8566627503655280E+01   1.7617502128440667E+00
    2100.0000000000000000   2.9727358591765988E+01   1.6982094942438757E+00
    2200.0000000000000000   3.0880432408364783E+01   1.6399924127790992E+00
    2300.0000000000000000   3.2027979843888609E+01   1.5845510725652883E+00
    2400.0000000000000000   3.3168679624314365E+01   1.5333745844679267E+00
    2500.0000000000000000   3.4301292180231059E+01   1.4876757505116296E+00
    2600.0000000000000000   3.5430954828315940E+01   1.4419450574919286E+00
    2700.0000000000000000   3.6553197493693659E+01   1.4009016277168933E+00
    2800.0000000000000000   3.7669739678025238E+01   1.3626845374697094E+00
    2900.0000000000000000   3.8782702512704645E+01   1.3252373941999840E+00
    3000.0000000000000000   3.9888795427454497E+01   1.2917454737850695E+00
    3009.9989999999997963   3.9999803903612779E+01   1.2878668806269664E+00
    3010.0010000000002037   3.9999826053314351E+01   1.2878661507155265E+00
    3100.0000000000000000   4.0991686260964542E+01   1.2587144398165027E+00
    3151.9989999999997963   4.1562593028930145E+01   1.2429657646327865E+00
    3152.0010000000002037   4.1562615141255058E+01   1.2429650106462318E+00
    3200.0000000000000000   4.2089939109967339E+01   1.2275518050646419E+00
    3300.0000000000000000   4.3183572942884041E+01   1.1982225118612131E+00
    3400.0000000000000000   4.4272788651194475E+01   1.1705563569904742E+00
    3417.9989999999997963   4.4467638663345966E+01   1.1663782031790286E+00
    3418.0010000000002037   4.4467660408386941E+01   1.1663776474824803E+00
    3500.0000000000000000   4.5357930279016244E+01   1.1442763867823265E+00
    3600.0000000000000000   4.6438976215648545E+01   1.1194032289328644E+00
    3700.0000000000000000   4.7515861372989789E+01   1.0959790530291342E+00
    3800.0000000000000000   4.8589398565214985E+01   1.0734192109526095E+00
    3900.0000000000000000   4.9660644701826499E+01   1.0508412085570149E+00
    4000.0000000000000000   5.0726655110537735E+01   1.0306302333259041E+00
    4100.0000000000000000   5.1790802528589715E+01   1.0101719914096023E+00
    4200.0000000000000000   5.2850411985252634E+01   9.9154653755958388E-01
    4300.0000000000000000   5.3908378567259938E+01   9.7259244602559924E-01
    4400.0000000000000000   5.4962661987486015E+01   9.5479624512462213E-01
    4500.0000000000000000   5.6012662347097731E+01   9.3865617934440482E-01
    4600.0000000000000000   5.7061289928819235E+01   9.2207733959538785E-01
    4700.0000000000000000   5.8107208881120734E+01   9.0604208638401296E-01
    4800.0000000000000000   5.9149407425250274E+01   8.9121656397358351E-01
    4900.0000000000000000   6.0189579242609035E+01   8.7653571901774463E-01
    5000.0000000000000000   6.1227304186819374E+01   8.6227398085432239E-01
    5100.0000000000000000   6.2262230672513141E+01   8.4865780105048849E-01
    5200.0000000000000000   6.3294372326612539E+01   8.3568538850335528E-01
    5300.0000000000000000   6.4323901243688326E+01   8.2325805809914587E-01
    5400.0000000000000000   6.5351717395552782E+01   8.1086905348339033E-01
    5500.0000000000000000   6.6377616720377105E+01   7.9866527364401829E-01
    5600.0000000000000000   6.7399770601258822E+01   7.8766699529938333E-01
    5700.0000000000000000   6.8421759101045623E+01   7.7580625669725534E-01
    5800.0000000000000000   6.9440414215664376E+01   7.6502796281856800E-01
    5900.0000000000000000   7.0456239859306422E+01   7.5493147489448231E-01
    6000.0000000000000000   7.1470211582950313E+01   7.4503093393236020E-01
    6100.0000000000000000   7.2484651050982279E+01   7.3405010487241085E-01
    6200.0000000000000000   7.3493339363208094E+01   7.2540293086259322E-01
    6300.0000000000000000   7.4502127094860683E+01   7.1585986119312228E-01
    6400.0000000000000000   7.5509176768534630E+01   7.0658111609852881E-01
    6500.0000000000000000   7.6513743637597415E+01   6.9787327781313424E-01
    6600.0000000000000000   7.7517733576783968E+01   6.8863185824174744E-01
    6700.0000000000000000   7.8518111152075647E+01   6.8068350684776224E-01
    6800.0000000000000000   7.9518265200871255E+01   6.7203715691663213E-01
    6900.0000000000000000   8.0514822765469617E+01   6.6464010383484051E-01
    7000.0000000000000000   8.1511156824952110E+01   6.5661037647846188E-01
    7100.0000000000000000   8.2504968964687308E+01   6.4922240987676771E-01
    7200.0000000000000000   8.3496151104419624E+01   6.4248206782975725E-01
    7300.0000000000000000   8.4487186033887099E+01   6.3519136352125849E-01
    7400.0000000000000000   8.5477539397713414E+01   6.2769160246142863E-01
    7500.0000000000000000   8.6465499314732071E+01   6.2075665180207862E-01
    7600.0000000000000000   8.7450105551210854E+01   6.1467663742162360E-01
    7700.0000000000000000   8.8435904947223634E+01   6.0769234315792353E-01
    7800.0000000000000000   8.9419039302291338E+01   6.0131068185424874E-01
    7900.0000000000000000   9.0399386651263072E+01   5.9554465778126553E-01
    8000.0000000000000000   9.1381498176733231E+01   5.8869610189512900E-01
    8100.0000000000000000   9.2357518283706312E+01   5.8392277073559917E-01
    8200.0000000000000000   9.3337415025764557E+01   5.7692818031672477E-01
    8300.0000000000000000   9.4311611261203339E+01   5.7194413248843501E-01
    8400.0000000000000000   9.5287888195343882E+01   5.6574717024354937E-01
    8500.0000000000000000   9.6261035407751493E+01   5.6030353940994015E-01
    8600.0000000000000000   9.7230637754849141E+01   5.5583057621727006E-01
    8700.0000000000000000   9.8203496301921575E+01   5.4965262513942237E-01
    8800.0000000000000000   9.9173828984574911E+01   5.4414215250208975E-01
    8900.0000000000000000   1.0013884021731039E+02   5.4032306639020655E-01
    9000.0000000000000000   1.0110768320343848E+02   5.3457990191868221E-01
    9100.0000000000000000   1.0207364309699697E+02   5.2951478056187717E-01
    9200.0000000000000000   1.0303846228995013E+02   5.2451046927983636E-01
    9300.0000000000000000   1.0399806035023431E+02   5.2125445495829836E-01
    9400.0000000000000000   1.0495993303731581E+02   5.1674758512720065E-01
    9500.0000000000000000   1.0592230980714113E+02   5.1167475290295661E-01
    9600.0000000000000000   1.0688270313170571E+02   5.0699686016259582E-01
    9700.0000000000000000   1.0784152332676398E+02   5.0254559019681766E-01
    9800.0000000000000000   1.0879933817849019E+02   4.9810665453458708E-01
    9900.0000000000000000   1.0975598036007212E+02   4.9375746380183699E-01
   10000.0000000000000000   1.1071131178465626E+02   4.8955918293900663E-01
   11000.0000000000000000   1.2020282598599562E+02   4.5287066051987429E-01
   12000.0000000000000000   1.2959822547402914E+02   4.2131160107902021E-01
   13000.0000000000000000   1.3890631749499460E+02   3.9395199142205867E-01
   14000.0000000000000000   1.4813486173585630E+02   3.7039191763925294E-01
   15000.0000000000000000   1.5728903045587816E+02   3.4987632157066706E-01
   16000.0000000000000000   1.6637993771855656E+02   3.3132342133192538E-01
   17000.0000000000000000   1.7540831118819708E+02   3.1417921898171169E-01
   18000.0000000000000000   1.8437620234917898E+02   2.9994775223647935E-01
   19000.0000000000000000   1.9329278937411812E+02   2.8713380874867678E-01
   20000.0000000000000000   2.0215834087287530E+02   2.7471796056501757E-01
   21000.0000000000000000   2.1097993183187691E+02   2.6286829814167245E-01
   22000.0000000000000000   2.1975751519344988E+02   2.5282830213401519E-01
   23000.0000000000000000   2.2848591715941552E+02   2.4351231462475895E-01
   23224.9989999999997963   2.3044385308909534E+02   2.4177715582900214E-01
   23225.0010000000002037   2.3044387134708415E+02   2.4177700114110598E-01
   24000.0000000000000000   2.3717968991217313E+02   2.3538946785794121E-01
   25000.0000000000000000   2.4583329564170666E+02   2.2697925619252576E-01
   26000.0000000000000000   2.5445073329462397E+02   2.1935211760347595E-01
   27000.0000000000000000   2.6303544527145112E+02   2.1304370523143895E-01
   28000.0000000000000000   2.7159419456620657E+02   2.0584288769361161E-01
   29000.0000000000000000   2.8010390981724277E+02   1.9974030355838809E-01
   30000.0000000000000000   2.8860073247275733E+02   1.9474636247306945E-01
   31000.0000000000000000   2.9705759252769076E+02   1.8808203329499013E-01
   32000.0000000000000000   3.0548181755802835E+02   1.8483631131840722E-01
   33000.0000000000000000   3.1390807959633344E+02   1.7835624291865168E-01
   34000.0000000000000000   3.2229162873677177E+02   1.7376475129883942E-01
   35000.0000000000000000   3.3063085979366343E+02   1.7130023892981716E-01
   36000.0000000000000000   3.3896941439001517E+02   1.6583489187102846E-01
   37000.0000000000000000   3.4727029912332108E+02   1.6169921160700387E-01
   38000.0000000000000000   3.5555714433729133E+02   1.5822519021428816E-01
   39000.0000000000000000   3.6383051686582496E+02   1.5573669535794726E-01
   40000.0000000000000000   3.7204059877646199E+02   1.5331671533426716E-01
   41000.0000000000000000   3.8028934984674476E+02   1.4966387267580769E-01
   42000.0000000000000000   3.8848242349023758E+02   1.4497474404093372E-01
   43000.0000000000000000   3.9668684343987957E+02   1.4233544064551459E-01
   44000.0000000000000000   4.0482541461972505E+02   1.3983015568428306E-01
   45000.0000000000000000   4.1297676163444999E+02   1.3675941789590623E-01
   46000.0000000000000000   4.2112249717833919E+02   1.3442512157910433E-01
   47000.0000000000000000   4.2922296679607490E+02   1.3303174343686155E-01
   48000.0000000000000000   4.3731936270139397E+02   1.2902048391036006E-01
   49000.0000000000000000   4.4538456940335925E+02   1.2660199822181400E-01
   50000.0000000000000000   4.5341953463378491E+02   1.2620090325487679E-01
