       0.1000000000000000   1.0000000000000000E+30   0.0000000000000000E+00
       0.2000000000000000   1.0000000000000000E+30   0.0000000000000000E+00
       0.3000000000000000   1.0000000000000000E+30   0.0000000000000000E+00
       0.4000000000000000   1.0000000000000000E+30   0.0000000000000000E+00
       0.5000000000000000   1.0000000000000000E+30   0.0000000000000000E+00
       0.6000000000000000   1.0000000000000000E+30   0.0000000000000000E+00
       0.7000000000000000   1.0000000000000000E+30   0.0000000000000000E+00
       0.7999999999999999   1.0000000000000000E+30   0.0000000000000000E+00
       0.8999999999999999   1.0000000000000000E+30   0.0000000000000000E+00
       0.9999999999999999   1.0000000000000000E+30   0.0000000000000000E+00
       2.0000000000000000   1.0000000000000000E+30   0.0000000000000000E+00
       3.0000000000000000   1.0000000000000000E+30   0.0000000000000000E+00
       4.0000000000000000   1.0000000000000000E+30   0.0000000000000000E+00
       5.0000000000000000   1.0000000000000000E+30   0.0000000000000000E+00
       6.0000000000000000   1.0000000000000000E+30   0.0000000000000000E+00
       7.0000000000000000   1.0000000000000000E+30   0.0000000000000000E+00
       8.0000000000000000   1.0000000000000000E+30   0.0000000000000000E+00
       9.0000000000000000   1.0000000000000000E+30   0.0000000000000000E+00
      10.0000000000000000   1.0000000000000000E+30   0.0000000000000000E+00
      11.0000000000000000   1.0000000000000000E+30   0.0000000000000000E+00
      12.0000000000000000   1.0000000000000000E+30   0.0000000000000000E+00
      13.0000000000000000   1.0000000000000000E+30   0.0000000000000000E+00
      14.0000000000000000   1.0000000000000000E+30   0.0000000000000000E+00
      15.0000000000000000   1.0000000000000000E+30   0.0000000000000000E+00
      16.0000000000000000   1.0000000000000000E+30   0.0000000000000000E+00
      17.0000000000000000   1.0000000000000000E+30   0.0000000000000000E+00
      18.0000000000000000   1.0000000000000000E+30   0.0000000000000000E+00
      19.0000000000000000   1.0000000000000000E+30   0.0000000000000000E+00
      20.0000000000000000   1.0000000000000000E+30   0.0000000000000000E+00
      21.0000000000000000   1.0000000000000000E+30   0.0000000000000000E+00
      22.0000000000000000   1.0000000000000000E+30   0.0000000000000000E+00
      23.0000000000000000   1.0000000000000000E+30   0.0000000000000000E+00
      24.0000000000000000   1.0000000000000000E+30   0.0000000000000000E+00
      25.0000000000000000   1.0000000000000000E+30   0.0000000000000000E+00
      26.0000000000000000   1.0000000000000000E+30   0.0000000000000000E+00
      27.0000000000000000   1.0000000000000000E+30   0.0000000000000000E+00
      28.0000000000000000   1.0000000000000000E+30   0.0000000000000000E+00
      29.0000000000000000   1.0000000000000000E+30   0.0000000000000000E+00
      30.0000000000000000   1.0000000000000000E+30   0.0000000000000000E+00
      31.0000000000000000   1.0000000000000000E+30   0.0000000000000000E+00
      32.0000000000000000   1.0000000000000000E+30   0.0000000000000000E+00
      33.0000000000000000   1.0000000000000000E+30   0.0000000000000000E+00
      34.0000000000000000   1.0000000000000000E+30   0.0000000000000000E+00
      35.0000000000000000   1.0000000000000000E+30   0.0000000000000000E+00
      36.0000000000000000   1.0000000000000000E+30   0.0000000000000000E+00
      37.0000000000000000   1.0000000000000000E+30   0.0000000000000000E+00
      38.0000000000000000   1.0000000000000000E+30   0.0000000000000000E+00
      39.0000000000000000   1.0000000000000000E+30   0.0000000000000000E+00
      40.0000000000000000   1.0000000000000000E+30   0.0000000000000000E+00
      41.0000000000000000   1.0000000000000000E+30   0.0000000000000000E+00
      41.9990000000000023   1.0000000000000000E+30   0.0000000000000000E+00
      42.0000000000000000   1.0000000000000000E+30   0.0000000000000000E+00
      42.0009999999999977   1.0000000000000000E+30   0.0000000000000000E+00
      43.0000000000000000   1.0000000000000000E+30   0.0000000000000000E+00
      44.0000000000000000   1.0000000000000000E+30   0.0000000000000000E+00
      44.9990000000000023   1.0000000000000000E+30   0.0000000000000000E+00
      45.0000000000000000   1.0000000000000000E+30   0.0000000000000000E+00
      45.0009999999999977   1.0000000000000000E+30   0.0000000000000000E+00
      46.0000000000000000   1.0000000000000000E+30   0.0000000000000000E+00
      47.0000000000000000   1.0000000000000000E+30   0.0000000000000000E+00
      48.0000000000000000   1.0000000000000000E+30   0.0000000000000000E+00
      49.0000000000000000   1.0000000000000000E+30   0.0000000000000000E+00
      50.0000000000000000   1.0000000000000000E+30   0.0000000000000000E+00
      51.0000000000000000   1.0000000000000000E+30   0.0000000000000000E+00
      52.0000000000000000   1.0000000000000000E+30   0.0000000000000000E+00
      53.0000000000000000   1.0000000000000000E+30   0.0000000000000000E+00
      54.0000000000000000   1.0000000000000000E+30   0.0000000000000000E+00
      55.0000000000000000   1.0000000000000000E+30   0.0000000000000000E+00
      56.0000000000000000   1.0000000000000000E+30   0.0000000000000000E+00
      57.0000000000000000   1.0000000000000000E+30   0.0000000000000000E+00
      58.0000000000000000   1.0000000000000000E+30   0.0000000000000000E+00
      59.0000000000000000   1.0000000000000000E+30   0.0000000000000000E+00
      60.0000000000000000   1.0000000000000000E+30   0.0000000000000000E+00
      61.0000000000000000   1.0000000000000000E+30   0.0000000000000000E+00
      62.0000000000000000   1.0000000000000000E+30   0.0000000000000000E+00
      63.0000000000000000   1.0000000000000000E+30   0.0000000000000000E+00
      64.0000000000000000   1.0000000000000000E+30   0.0000000000000000E+00
      65.0000000000000000   1.0000000000000000E+30   0.0000000000000000E+00
      66.0000000000000000   1.0000000000000000E+30   0.0000000000000000E+00
      67.0000000000000000   1.0000000000000000E+30   0.0000000000000000E+00
      67.9989999999999952   1.0000000000000000E+30   0.0000000000000000E+00
      68.0000000000000000   1.0000000000000000E+30   0.0000000000000000E+00
      68.0010000000000048   1.0000000000000000E+30   0.0000000000000000E+00
      69.0000000000000000   1.0000000000000000E+30   0.0000000000000000E+00
      70.0000000000000000   1.0000000000000000E+30   0.0000000000000000E+00
      71.0000000000000000   1.0000000000000000E+30   0.0000000000000000E+00
      72.0000000000000000   1.0000000000000000E+30   0.0000000000000000E+00
      73.0000000000000000   1.0000000000000000E+30   0.0000000000000000E+00
      74.0000000000000000   1.0000000000000000E+30   0.0000000000000000E+00
      75.0000000000000000   1.0000000000000000E+30   0.0000000000000000E+00
      76.0000000000000000   1.0000000000000000E+30   0.0000000000000000E+00
      77.0000000000000000   1.0000000000000000E+30   0.0000000000000000E+00
      78.0000000000000000   1.0000000000000000E+30   0.0000000000000000E+00
      79.0000000000000000   1.0000000000000000E+30   0.0000000000000000E+00
      80.0000000000000000   1.0000000000000000E+30   0.0000000000000000E+00
      81.0000000000000000   1.0000000000000000E+30   0.0000000000000000E+00
      82.0000000000000000   1.0000000000000000E+30   0.0000000000000000E+00
      83.0000000000000000   1.0000000000000000E+30   0.0000000000000000E+00
      84.0000000000000000   1.0000000000000000E+30   0.0000000000000000E+00
      85.0000000000000000   1.0000000000000000E+30   0.0000000000000000E+00
      86.0000000000000000   1.0000000000000000E+30   0.0000000000000000E+00
      87.0000000000000000   1.0000000000000000E+30   0.0000000000000000E+00
      88.0000000000000000   1.0000000000000000E+30   0.0000000000000000E+00
      89.0000000000000000   1.0000000000000000E+30   0.0000000000000000E+00
      90.0000000000000000   1.0000000000000000E+30   0.0000000000000000E+00
      91.0000000000000000   1.0000000000000000E+30   0.0000000000000000E+00
      92.0000000000000000   1.0000000000000000E+30   0.0000000000000000E+00
      93.0000000000000000   1.0000000000000000E+30   0.0000000000000000E+00
      94.0000000000000000   1.0000000000000000E+30   0.0000000000000000E+00
      95.0000000000000000   1.0000000000000000E+30   0.0000000000000000E+00
      96.0000000000000000   1.0000000000000000E+30   0.0000000000000000E+00
      97.0000000000000000   1.0000000000000000E+30   0.0000000000000000E+00
      98.0000000000000000   1.0000000000000000E+30   0.0000000000000000E+00
      99.0000000000000000   1.0000000000000000E+30   0.0000000000000000E+00
     100.0000000000000000   1.0000000000000000E+30   0.0000000000000000E+00
     110.0000000000000000   1.0000000000000000E+30   0.0000000000000000E+00
     120.0000000000000000   1.0000000000000000E+30   0.0000000000000000E+00
     130.0000000000000000   1.0000000000000000E+30   0.0000000000000000E+00
     140.0000000000000000   1.0000000000000000E+30   0.0000000000000000E+00
     150.0000000000000000   1.0000000000000000E+30   0.0000000000000000E+00
     160.0000000000000000   1.0000000000000000E+30   0.0000000000000000E+00
     167.9989999999999952   1.0000000000000000E+30   0.0000000000000000E+00
     168.0010000000000048   1.0000000000000000E+30   0.0000000000000000E+00
     169.9989999999999952   1.0000000000000000E+30   0.0000000000000000E+00
     170.0000000000000000   1.0000000000000000E+30   0.0000000000000000E+00
     170.0010000000000048   1.0000000000000000E+30   0.0000000000000000E+00
     180.0000000000000000   1.0000000000000000E+30   0.0000000000000000E+00
     190.0000000000000000   1.0000000000000000E+30   0.0000000000000000E+00
     200.0000000000000000   1.0000000000000000E+30   0.0000000000000000E+00
     210.0000000000000000   1.0000000000000000E+30   0.0000000000000000E+00
     220.0000000000000000   1.0000000000000000E+30   0.0000000000000000E+00
     230.0000000000000000   1.0000000000000000E+30   0.0000000000000000E+00
     231.9989999999999952   1.0000000000000000E+30   0.0000000000000000E+00
     232.0010000000000048   1.0000000000000000E+30   0.0000000000000000E+00
     233.9989999999999952   1.0000000000000000E+30   0.0000000000000000E+00
     234.0010000000000048   1.0000000000000000E+30   0.0000000000000000E+00
     236.9989999999999952   1.0000000000000000E+30   0.0000000000000000E+00
     237.0010000000000048   1.0000000000000000E+30   0.0000000000000000E+00
     240.0000000000000000   1.0000000000000000E+30   0.0000000000000000E+00
     250.0000000000000000   1.0000000000000000E+30   0.0000000000000000E+00
     260.0000000000000000   1.0000000000000000E+30   0.0000000000000000E+00
     270.0000000000000000   1.0000000000000000E+30   0.0000000000000000E+00
     280.0000000000000000   1.0000000000000000E+30   0.0000000000000000E+00
     290.0000000000000000   1.0000000000000000E+30   0.0000000000000000E+00
     300.0000000000000000   1.0000000000000000E+30   0.0000000000000000E+00
     310.0000000000000000   1.0000000000000000E+30   0.0000000000000000E+00
     320.0000000000000000   1.0000000000000000E+30   0.0000000000000000E+00
     330.0000000000000000   1.0000000000000000E+30   0.0000000000000000E+00
     340.0000000000000000   1.0000000000000000E+30   0.0000000000000000E+00
     350.0000000000000000   1.0000000000000000E+30   0.0000000000000000E+00
     360.0000000000000000   1.0000000000000000E+30   0.0000000000000000E+00
     370.0000000000000000   1.0000000000000000E+30   0.0000000000000000E+00
     380.0000000000000000   1.0000000000000000E+30   0.0000000000000000E+00
     390.0000000000000000   1.0000000000000000E+30   0.0000000000000000E+00
     398.9990000000000236   1.0000000000000000E+30   0.0000000000000000E+00
     399.0009999999999764   1.0000000000000000E+30   0.0000000000000000E+00
     400.0000000000000000   1.0000000000000000E+30   0.0000000000000000E+00
     410.0000000000000000   1.0000000000000000E+30   0.0000000000000000E+00
     415.9990000000000236   1.0000000000000000E+30   0.0000000000000000E+00
     416.0009999999999764   1.0000000000000000E+30   0.0000000000000000E+00
     420.0000000000000000   1.0000000000000000E+30   0.0000000000000000E+00
     430.0000000000000000   1.0000000000000000E+30   0.0000000000000000E+00
     440.0000000000000000   1.0000000000000000E+30   0.0000000000000000E+00
     450.0000000000000000   1.0000000000000000E+30   0.0000000000000000E+00
     460.0000000000000000   1.0000000000000000E+30   0.0000000000000000E+00
     470.0000000000000000   1.0000000000000000E+30   0.0000000000000000E+00
     480.0000000000000000   1.0000000000000000E+30   0.0000000000000000E+00
     490.0000000000000000   1.0000000000000000E+30   0.0000000000000000E+00
     500.0000000000000000   1.0000000000000000E+30   0.0000000000000000E+00
     510.0000000000000000   1.0000000000000000E+30   0.0000000000000000E+00
     510.9989999999999668   1.0000000000000000E+30   0.0000000000000000E+00
     511.0009999999999195   1.0000000000000000E+30   0.0000000000000000E+00
     520.0000000000000000   1.0000000000000000E+30   0.0000000000000000E+00
     530.0000000000000000   1.0000000000000000E+30   0.0000000000000000E+00
     540.0000000000000000   1.0000000000000000E+30   0.0000000000000000E+00
     550.0000000000000000   1.0000000000000000E+30   0.0000000000000000E+00
     560.0000000000000000   1.0000000000000000E+30   0.0000000000000000E+00
     570.0000000000000000   1.0000000000000000E+30   0.0000000000000000E+00
     580.0000000000000000   1.0000000000000000E+30   0.0000000000000000E+00
     590.0000000000000000   1.0000000000000000E+30   0.0000000000000000E+00
     600.0000000000000000   1.0000000000000000E+30   0.0000000000000000E+00
     610.0000000000000000   1.0000000000000000E+30   0.0000000000000000E+00
     620.0000000000000000   1.0000000000000000E+30   0.0000000000000000E+00
     630.0000000000000000   1.0000000000000000E+30   0.0000000000000000E+00
     640.0000000000000000   1.0000000000000000E+30   0.0000000000000000E+00
     650.0000000000000000   1.0000000000000000E+30   0.0000000000000000E+00
     660.0000000000000000   1.0000000000000000E+30   0.0000000000000000E+00
     670.0000000000000000   1.0000000000000000E+30   0.0000000000000000E+00
     680.0000000000000000   1.0000000000000000E+30   0.0000000000000000E+00
     690.0000000000000000   1.0000000000000000E+30   0.0000000000000000E+00
     700.0000000000000000   1.0000000000000000E+30   0.0000000000000000E+00
     710.0000000000000000   1.0000000000000000E+30   0.0000000000000000E+00
     720.0000000000000000   1.0000000000000000E+30   0.0000000000000000E+00
     730.0000000000000000   1.0000000000000000E+30   0.0000000000000000E+00
     740.0000000000000000   1.0000000000000000E+30   0.0000000000000000E+00
     750.0000000000000000   1.0000000000000000E+30   0.0000000000000000E+00
     760.0000000000000000   1.0000000000000000E+30   0.0000000000000000E+00
     770.0000000000000000   1.0000000000000000E+30   0.0000000000000000E+00
     780.0000000000000000   1.0000000000000000E+30   0.0000000000000000E+00
     790.0000000000000000   1.0000000000000000E+30   0.0000000000000000E+00
     800.0000000000000000   1.0000000000000000E+30   0.0000000000000000E+00
     810.0000000000000000   1.0000000000000000E+30   0.0000000000000000E+00
     820.0000000000000000   1.0000000000000000E+30   0.0000000000000000E+00
     830.0000000000000000   1.0000000000000000E+30   0.0000000000000000E+00
     840.0000000000000000   1.0000000000000000E+30   0.0000000000000000E+00
     850.0000000000000000   1.0000000000000000E+30   0.0000000000000000E+00
     860.0000000000000000   1.0000000000000000E+30   0.0000000000000000E+00
     870.0000000000000000   1.0000000000000000E+30   0.0000000000000000E+00
     880.0000000000000000   1.0000000000000000E+30   0.0000000000000000E+00
     890.0000000000000000   1.0000000000000000E+30   0.0000000000000000E+00
     900.0000000000000000   1.0000000000000000E+30   0.0000000000000000E+00
     910.0000000000000000   1.0000000000000000E+30   0.0000000000000000E+00
     920.0000000000000000   1.0000000000000000E+30   0.0000000000000000E+00
     930.0000000000000000   1.0000000000000000E+30   0.0000000000000000E+00
     940.0000000000000000   1.0000000000000000E+30   0.0000000000000000E+00
     950.0000000000000000   1.0000000000000000E+30   0.0000000000000000E+00
     960.0000000000000000   1.0000000000000000E+30   0.0000000000000000E+00
     970.0000000000000000   1.0000000000000000E+30   0.0000000000000000E+00
     980.0000000000000000   1.0000000000000000E+30   0.0000000000000000E+00
     990.0000000000000000   1.0000000000000000E+30   0.0000000000000000E+00
    1000.0000000000000000   1.0000000000000000E+30   0.0000000000000000E+00
    1100.0000000000000000   1.0000000000000000E+30   0.0000000000000000E+00
    1200.0000000000000000   1.0000000000000000E+30   0.0000000000000000E+00
    1300.0000000000000000   1.0000000000000000E+30   0.0000000000000000E+00
    1400.0000000000000000   1.0000000000000000E+30   0.0000000000000000E+00
    1500.0000000000000000   1.0000000000000000E+30   0.0000000000000000E+00
    1600.0000000000000000   1.0000000000000000E+30   0.0000000000000000E+00
    1700.0000000000000000   1.0000000000000000E+30   0.0000000000000000E+00
    1800.0000000000000000   1.0000000000000000E+30   0.0000000000000000E+00
    1900.0000000000000000   1.0000000000000000E+30   0.0000000000000000E+00
    2000.0000000000000000   1.0000000000000000E+30   0.0000000000000000E+00
    2100.0000000000000000   1.0000000000000000E+30   0.0000000000000000E+00
    2200.0000000000000000   1.0000000000000000E+30   0.0000000000000000E+00
    2300.0000000000000000   1.0000000000000000E+30   0.0000000000000000E+00
    2400.0000000000000000   1.0000000000000000E+30   0.0000000000000000E+00
    2475.9989999999997963   1.0000000000000000E+30   0.0000000000000000E+00
    2476.0010000000002037   1.0000000000000000E+30   0.0000000000000000E+00
    2500.0000000000000000   1.0000000000000000E+30   0.0000000000000000E+00
    2526.9989999999997963   1.0000000000000000E+30   0.0000000000000000E+00
    2527.0010000000002037   2.3554547343489694E+14   1.0728289375080878E-11
    2600.0000000000000000   1.4458683946278441E+08   1.7594271412556378E-05
    2631.9989999999997963   8.3026742374351010E+07   3.0727628069797992E-05
    2632.0010000000002037   8.3024601921146035E+07   3.0728425687504060E-05
    2700.0000000000000000   3.8519131104856126E+07   6.6632682647422282E-05
    2800.0000000000000000   1.8976339216780137E+07   1.3643521654732466E-04
    2871.9989999999997963   1.3172720675411137E+07   1.9775988390357231E-04
    2872.0010000000002037   1.3172606425801478E+07   1.9776163249713281E-04
    2900.0000000000000000   1.1661462971754422E+07   2.2391998495802321E-04
    3000.0000000000000000   8.0492601548174797E+06   3.2714782875077776E-04
    3100.0000000000000000   5.9727941761154141E+06   4.4456289962740828E-04
    3200.0000000000000000   4.6571430288318805E+06   5.7486570745533382E-04
    3300.0000000000000000   3.7651647805508543E+06   7.1688008465433664E-04
    3400.0000000000000000   3.1293756852276907E+06   8.6954084968705186E-04
    3500.0000000000000000   2.6584556559064090E+06   1.0318348178354878E-03
    3600.0000000000000000   2.2988131332394322E+06   1.2028280756776640E-03
    3700.0000000000000000   2.0172251500763616E+06   1.3816455315369359E-03
    3800.0000000000000000   1.7921665511403650E+06   1.5674444985901499E-03
    3900.0000000000000000   1.6091502243579896E+06   1.7594148936078131E-03
    4000.0000000000000000   1.4581066001674847E+06   1.9567876969358283E-03
    4100.0000000000000000   1.3318647132485569E+06   2.1588034947768188E-03
    4200.0000000000000000   1.2251726127969325E+06   2.3647593931136195E-03
    4300.0000000000000000   1.1341340333651584E+06   2.5739485160235342E-03
    4400.0000000000000000   1.0557921707492829E+06   2.7856905565786915E-03
    4500.0000000000000000   9.8786406327650172E+05   2.9993461392853167E-03
    4600.0000000000000000   9.2857198506960261E+05   3.2142840932497026E-03
    4700.0000000000000000   8.7650679493749700E+05   3.4299087183225921E-03
    4800.0000000000000000   8.3054068187491060E+05   3.6456529828299460E-03
    4900.0000000000000000   7.8976146999589528E+05   3.8609807808249489E-03
    5000.0000000000000000   7.5342545319627656E+05   4.0753833056798921E-03
    5100.0000000000000000   7.2091668865532218E+05   4.2884023234383475E-03
    5200.0000000000000000   6.9172842320781667E+05   4.4995847834040682E-03
    5300.0000000000000000   6.6543214242458262E+05   4.7085463089012172E-03
    5400.0000000000000000   6.4166889558901789E+05   4.9149227695362840E-03
    5500.0000000000000000   6.2013490993741492E+05   5.1183813836742720E-03
    5600.0000000000000000   6.0056978583335772E+05   5.3186372460292727E-03
    5700.0000000000000000   5.8275112274667365E+05   5.5154326801233966E-03
    5800.0000000000000000   5.6648702967558673E+05   5.7085463464108255E-03
    5900.0000000000000000   5.5161127806599869E+05   5.8977896940353765E-03
    6000.0000000000000000   5.3797977410393232E+05   6.0829999430337305E-03
    6100.0000000000000000   5.2546660216073575E+05   6.2640443668135664E-03
    6200.0000000000000000   5.1396090048635588E+05   6.4408245386505369E-03
    6300.0000000000000000   5.0336587251500919E+05   6.6132559480602477E-03
    6400.0000000000000000   4.9359579730785242E+05   6.7812824764453723E-03
    6500.0000000000000000   4.8457491002805432E+05   6.9448660767517500E-03
    6600.0000000000000000   4.7623594730868685E+05   7.1039879223264660E-03
    6700.0000000000000000   4.6851895179863379E+05   7.2586470465371223E-03
    6800.0000000000000000   4.6137064690732508E+05   7.4088536002881091E-03
    6900.0000000000000000   4.5474316906271735E+05   7.5546337107905530E-03
    7000.0000000000000000   4.4859359756727656E+05   7.6960253685414981E-03
    7100.0000000000000000   4.4288343315895542E+05   7.8330751680611380E-03
    7200.0000000000000000   4.3757795582315180E+05   7.9658387788363420E-03
    7300.0000000000000000   4.3264579703529843E+05   8.0943792612453696E-03
    7400.0000000000000000   4.2805877543993585E+05   8.2187637328166897E-03
    7500.0000000000000000   4.2379106484682410E+05   8.3390681933681425E-03
    7600.0000000000000000   4.1981935664017726E+05   8.4553713856714650E-03
    7700.0000000000000000   4.1612238302742707E+05   8.5677566496768724E-03
    7800.0000000000000000   4.1268093077466177E+05   8.6763058951884551E-03
    7900.0000000000000000   4.0947727664478723E+05   8.7811081062714562E-03
    8000.0000000000000000   4.0649526239884883E+05   8.8822518039152892E-03
    8100.0000000000000000   4.0372010757196811E+05   8.9798268837048348E-03
    8200.0000000000000000   4.0113828692753188E+05   9.0739222569829157E-03
    8300.0000000000000000   3.9873742156511609E+05   9.1646264866033222E-03
    8400.0000000000000000   3.9650594048910355E+05   9.2520321472217143E-03
    8500.0000000000000000   3.9443333553409891E+05   9.3362278655382408E-03
    8600.0000000000000000   3.9250986610596039E+05   9.4173022850926481E-03
    8700.0000000000000000   3.9072666054577165E+05   9.4953400082283326E-03
    8800.0000000000000000   3.8907527434957784E+05   9.5704308690665579E-03
    8900.0000000000000000   3.8754802118325530E+05   9.6426600186602651E-03
    9000.0000000000000000   3.8613784726521769E+05   9.7121084822639446E-03
    9100.0000000000000000   3.8483808262174815E+05   9.7788597242740617E-03
    9200.0000000000000000   3.8364262877271452E+05   9.8429925443828479E-03
    9300.0000000000000000   3.8254568793520622E+05   9.9045878325654951E-03
    9400.0000000000000000   3.8154201299615332E+05   9.9637199081023895E-03
    9500.0000000000000000   3.8062653585679806E+05   1.0020467084078940E-02
    9600.0000000000000000   3.7979477124740055E+05   1.0074897053819160E-02
    9700.0000000000000000   3.7904217948905990E+05   1.0127089153788229E-02
    9800.0000000000000000   3.7836497871254431E+05   1.0177102455647145E-02
    9900.0000000000000000   3.7775921922085807E+05   1.0225010795066769E-02
   10000.0000000000000000   3.7722130242756731E+05   1.0270881882267957E-02
   11000.0000000000000000   3.7493667693585582E+05   1.0630526216827462E-02
   12000.0000000000000000   3.7678250319684873E+05   1.0845629630551220E-02
   13000.0000000000000000   3.8134540104720200E+05   1.0956102161103659E-02
   14000.0000000000000000   3.8777318726503255E+05   1.0990806229106505E-02
   15000.0000000000000000   3.9552466010688333E+05   1.0970612043676982E-02
   16000.0000000000000000   4.0424124904691003E+05   1.0910680923813703E-02
   17000.0000000000000000   4.1367695590114972E+05   1.0822096306657638E-02
   18000.0000000000000000   4.2365796530663228E+05   1.0713017151506887E-02
   19000.0000000000000000   4.3405839725272852E+05   1.0589487535951811E-02
   20000.0000000000000000   4.4478511833371583E+05   1.0456010826286017E-02
   20005.9989999999997963   4.4485030208248494E+05   1.0455187334871744E-02
   20006.0010000000002037   4.4485032381566212E+05   1.0455187060286671E-02
   21000.0000000000000000   4.5576796687779902E+05   1.0315957402154300E-02
   22000.0000000000000000   4.6695322243165196E+05   1.0171858886886176E-02
   23000.0000000000000000   4.7829918882170465E+05   1.0025620240048277E-02
   24000.0000000000000000   4.8977309770445828E+05   9.8786756121080690E-03
   25000.0000000000000000   5.0134892692800867E+05   9.7321025193531658E-03
   26000.0000000000000000   5.1300580239062232E+05   9.5867076782906960E-03
   27000.0000000000000000   5.2472684924243530E+05   9.4430902891054352E-03
   28000.0000000000000000   5.3600814254824107E+05   9.3280444594563520E-03
   29000.0000000000000000   5.4798907136393536E+05   9.1843046980173634E-03
   30000.0000000000000000   5.5992624283931730E+05   9.0471661056017918E-03
   31000.0000000000000000   5.7182137671412330E+05   8.9161581980007724E-03
   32000.0000000000000000   5.8367620279940136E+05   8.7908533666401258E-03
   33000.0000000000000000   5.9549243922201649E+05   8.6708622483241526E-03
   34000.0000000000000000   6.0727176108842704E+05   8.5558301906108851E-03
   35000.0000000000000000   6.1901578952492832E+05   8.4454335445750105E-03
   36000.0000000000000000   6.3127770972323266E+05   8.3125990662671293E-03
   37000.0000000000000000   6.4294180560529430E+05   8.2114650427153272E-03
   38000.0000000000000000   6.5510703418119438E+05   8.0889222235150833E-03
   39000.0000000000000000   6.6669797786180920E+05   7.9958825315184345E-03
   40000.0000000000000000   6.7877346674755204E+05   7.8823991841741638E-03
   41000.0000000000000000   6.9080347483410395E+05   7.7733633703383521E-03
   42000.0000000000000000   7.0228956613241578E+05   7.6910117202922618E-03
   43000.0000000000000000   7.1423925171406078E+05   7.5895065383773152E-03
   44000.0000000000000000   7.2614789982771839E+05   7.4917300867878038E-03
   45000.0000000000000000   7.3801686832456104E+05   7.3974701443343255E-03
   46000.0000000000000000   7.4984745869653916E+05   7.3065305237509839E-03
   47000.0000000000000000   7.6164091709680844E+05   7.2187296470067547E-03
   48000.0000000000000000   7.7339844161604997E+05   7.1338990050250376E-03
   49000.0000000000000000   7.8512117687724356E+05   7.0518822532287199E-03
   50000.0000000000000000   7.9681022040040651E+05   6.9725339844526769E-03
