       0.1000000000000000   1.0000000000000000E+30
       0.2000000000000000   1.0000000000000000E+30
       0.3000000000000000   1.0000000000000000E+30
       0.4000000000000000   1.0000000000000000E+30
       0.5000000000000000   1.0000000000000000E+30
       0.6000000000000000   1.0000000000000000E+30
       0.7000000000000000   1.0000000000000000E+30
       0.7999999999999999   1.0000000000000000E+30
       0.8999999999999999   1.0000000000000000E+30
       0.9999999999999999   1.0000000000000000E+30
       2.0000000000000000   1.0000000000000000E+30
       3.0000000000000000   1.0000000000000000E+30
       4.0000000000000000   1.0000000000000000E+30
       5.0000000000000000   1.0000000000000000E+30
       6.0000000000000000   1.0000000000000000E+30
       7.0000000000000000   1.0000000000000000E+30
       8.0000000000000000   1.0000000000000000E+30
       9.0000000000000000   1.0000000000000000E+30
      10.0000000000000000   1.0000000000000000E+30
      11.0000000000000000   1.0000000000000000E+30
      12.0000000000000000   1.0000000000000000E+30
      13.0000000000000000   1.0000000000000000E+30
      14.0000000000000000   1.0000000000000000E+30
      15.0000000000000000   1.0000000000000000E+30
      16.0000000000000000   1.0000000000000000E+30
      17.0000000000000000   1.0000000000000000E+30
      18.0000000000000000   1.0000000000000000E+30
      19.0000000000000000   1.0000000000000000E+30
      20.0000000000000000   1.0000000000000000E+30
      21.0000000000000000   1.0000000000000000E+30
      22.0000000000000000   1.0000000000000000E+30
      23.0000000000000000   1.0000000000000000E+30
      24.0000000000000000   1.0000000000000000E+30
      25.0000000000000000   1.0000000000000000E+30
      26.0000000000000000   1.0000000000000000E+30
      27.0000000000000000   1.0000000000000000E+30
      28.0000000000000000   1.0000000000000000E+30
      29.0000000000000000   1.0000000000000000E+30
      30.0000000000000000   1.0000000000000000E+30
      31.0000000000000000   1.0000000000000000E+30
      32.0000000000000000   1.0000000000000000E+30
      33.0000000000000000   1.0000000000000000E+30
      34.0000000000000000   1.0000000000000000E+30
      35.0000000000000000   1.0000000000000000E+30
      36.0000000000000000   1.0000000000000000E+30
      37.0000000000000000   1.0000000000000000E+30
      38.0000000000000000   1.0000000000000000E+30
      39.0000000000000000   1.0000000000000000E+30
      40.0000000000000000   1.0000000000000000E+30
      41.0000000000000000   1.0000000000000000E+30
      42.0000000000000000   1.0000000000000000E+30
      43.0000000000000000   1.0000000000000000E+30
      44.0000000000000000   1.0000000000000000E+30
      45.0000000000000000   1.0000000000000000E+30
      46.0000000000000000   1.0000000000000000E+30
      47.0000000000000000   1.0000000000000000E+30
      48.0000000000000000   1.0000000000000000E+30
      49.0000000000000000   1.0000000000000000E+30
      50.0000000000000000   1.0000000000000000E+30
      51.0000000000000000   1.0000000000000000E+30
      52.0000000000000000   1.0000000000000000E+30
      53.0000000000000000   1.0000000000000000E+30
      54.0000000000000000   1.0000000000000000E+30
      55.0000000000000000   1.0000000000000000E+30
      56.0000000000000000   1.0000000000000000E+30
      57.0000000000000000   1.0000000000000000E+30
      58.0000000000000000   1.0000000000000000E+30
      59.0000000000000000   1.0000000000000000E+30
      60.0000000000000000   1.0000000000000000E+30
      60.9990000000000023   1.0000000000000000E+30
      61.0000000000000000   1.0000000000000000E+30
      61.0009999999999977   1.0000000000000000E+30
      62.0000000000000000   1.0000000000000000E+30
      63.0000000000000000   1.0000000000000000E+30
      64.0000000000000000   1.0000000000000000E+30
      65.0000000000000000   1.0000000000000000E+30
      66.0000000000000000   1.0000000000000000E+30
      67.0000000000000000   1.0000000000000000E+30
      68.0000000000000000   1.0000000000000000E+30
      69.0000000000000000   1.0000000000000000E+30
      70.0000000000000000   1.0000000000000000E+30
      71.0000000000000000   1.0000000000000000E+30
      72.0000000000000000   1.0000000000000000E+30
      73.0000000000000000   1.0000000000000000E+30
      74.0000000000000000   1.0000000000000000E+30
      75.0000000000000000   1.0000000000000000E+30
      75.9989999999999952   1.0000000000000000E+30
      76.0000000000000000   1.0000000000000000E+30
      76.0010000000000048   1.0000000000000000E+30
      77.0000000000000000   1.0000000000000000E+30
      78.0000000000000000   1.0000000000000000E+30
      79.0000000000000000   1.0000000000000000E+30
      80.0000000000000000   1.0000000000000000E+30
      81.0000000000000000   1.0000000000000000E+30
      82.0000000000000000   1.0000000000000000E+30
      83.0000000000000000   1.0000000000000000E+30
      84.0000000000000000   1.0000000000000000E+30
      85.0000000000000000   1.0000000000000000E+30
      86.0000000000000000   1.0000000000000000E+30
      86.9989999999999952   1.0000000000000000E+30
      87.0000000000000000   1.0000000000000000E+30
      87.0010000000000048   1.0000000000000000E+30
      88.0000000000000000   1.0000000000000000E+30
      89.0000000000000000   1.0000000000000000E+30
      90.0000000000000000   1.0000000000000000E+30
      90.9989999999999952   1.0000000000000000E+30
      91.0000000000000000   1.0000000000000000E+30
      91.0010000000000048   1.0000000000000000E+30
      92.0000000000000000   1.0000000000000000E+30
      93.0000000000000000   1.0000000000000000E+30
      94.0000000000000000   1.0000000000000000E+30
      95.0000000000000000   1.0000000000000000E+30
      96.0000000000000000   1.0000000000000000E+30
      97.0000000000000000   1.0000000000000000E+30
      98.0000000000000000   1.0000000000000000E+30
      99.0000000000000000   1.0000000000000000E+30
     100.0000000000000000   1.0000000000000000E+30
     110.0000000000000000   1.0000000000000000E+30
     113.9989999999999952   1.0000000000000000E+30
     114.0010000000000048   1.0000000000000000E+30
     120.0000000000000000   1.0000000000000000E+30
     130.0000000000000000   1.0000000000000000E+30
     140.0000000000000000   1.0000000000000000E+30
     150.0000000000000000   1.0000000000000000E+30
     160.0000000000000000   1.0000000000000000E+30
     170.0000000000000000   1.0000000000000000E+30
     180.0000000000000000   1.0000000000000000E+30
     190.0000000000000000   1.0000000000000000E+30
     200.0000000000000000   1.0000000000000000E+30
     210.0000000000000000   1.0000000000000000E+30
     220.0000000000000000   1.0000000000000000E+30
     230.0000000000000000   1.0000000000000000E+30
     240.0000000000000000   1.0000000000000000E+30
     250.0000000000000000   1.0000000000000000E+30
     260.0000000000000000   1.0000000000000000E+30
     270.0000000000000000   1.0000000000000000E+30
     280.0000000000000000   1.0000000000000000E+30
     290.0000000000000000   1.0000000000000000E+30
     300.0000000000000000   1.0000000000000000E+30
     310.0000000000000000   1.0000000000000000E+30
     320.0000000000000000   1.0000000000000000E+30
     330.0000000000000000   1.0000000000000000E+30
     338.9990000000000236   1.0000000000000000E+30
     339.0009999999999764   1.0000000000000000E+30
     340.0000000000000000   1.0000000000000000E+30
     350.0000000000000000   1.0000000000000000E+30
     356.9990000000000236   1.0000000000000000E+30
     357.0009999999999764   1.0000000000000000E+30
     360.0000000000000000   1.0000000000000000E+30
     370.0000000000000000   1.0000000000000000E+30
     380.0000000000000000   1.0000000000000000E+30
     390.0000000000000000   1.0000000000000000E+30
     400.0000000000000000   1.0000000000000000E+30
     410.0000000000000000   1.0000000000000000E+30
     420.0000000000000000   1.0000000000000000E+30
     430.0000000000000000   1.0000000000000000E+30
     440.0000000000000000   1.0000000000000000E+30
     450.0000000000000000   1.0000000000000000E+30
     460.0000000000000000   1.0000000000000000E+30
     470.0000000000000000   1.0000000000000000E+30
     480.0000000000000000   1.0000000000000000E+30
     490.0000000000000000   1.0000000000000000E+30
     500.0000000000000000   1.0000000000000000E+30
     510.0000000000000000   1.0000000000000000E+30
     520.0000000000000000   1.0000000000000000E+30
     530.0000000000000000   1.0000000000000000E+30
     540.0000000000000000   1.0000000000000000E+30
     547.9990000000000236   1.0000000000000000E+30
     548.0009999999999764   1.0000000000000000E+30
     550.0000000000000000   1.0000000000000000E+30
     560.0000000000000000   1.0000000000000000E+30
     570.0000000000000000   1.0000000000000000E+30
     580.0000000000000000   1.0000000000000000E+30
     590.0000000000000000   1.0000000000000000E+30
     600.0000000000000000   1.0000000000000000E+30
     610.0000000000000000   1.0000000000000000E+30
     620.0000000000000000   1.0000000000000000E+30
     630.0000000000000000   1.0000000000000000E+30
     640.0000000000000000   1.0000000000000000E+30
     644.9990000000000236   1.0000000000000000E+30
     645.0009999999999764   1.0000000000000000E+30
     650.0000000000000000   1.0000000000000000E+30
     660.0000000000000000   1.0000000000000000E+30
     670.0000000000000000   1.0000000000000000E+30
     680.0000000000000000   1.0000000000000000E+30
     690.0000000000000000   1.0000000000000000E+30
     700.0000000000000000   1.0000000000000000E+30
     710.0000000000000000   1.0000000000000000E+30
     720.0000000000000000   1.0000000000000000E+30
     730.0000000000000000   1.0000000000000000E+30
     740.0000000000000000   1.0000000000000000E+30
     750.0000000000000000   1.0000000000000000E+30
     760.0000000000000000   1.0000000000000000E+30
     763.9990000000000236   1.0000000000000000E+30
     764.0009999999999764   1.0000000000000000E+30
     770.0000000000000000   1.0000000000000000E+30
     780.0000000000000000   1.0000000000000000E+30
     790.0000000000000000   1.0000000000000000E+30
     800.0000000000000000   1.0000000000000000E+30
     810.0000000000000000   1.0000000000000000E+30
     820.0000000000000000   1.0000000000000000E+30
     830.0000000000000000   1.0000000000000000E+30
     840.0000000000000000   1.0000000000000000E+30
     850.0000000000000000   1.0000000000000000E+30
     860.0000000000000000   1.0000000000000000E+30
     870.0000000000000000   1.0000000000000000E+30
     880.0000000000000000   1.0000000000000000E+30
     890.0000000000000000   1.0000000000000000E+30
     900.0000000000000000   1.0000000000000000E+30
     910.0000000000000000   1.0000000000000000E+30
     920.0000000000000000   1.0000000000000000E+30
     930.0000000000000000   1.0000000000000000E+30
     940.0000000000000000   1.0000000000000000E+30
     950.0000000000000000   1.0000000000000000E+30
     960.0000000000000000   1.0000000000000000E+30
     970.0000000000000000   1.0000000000000000E+30
     980.0000000000000000   1.0000000000000000E+30
     990.0000000000000000   1.0000000000000000E+30
    1000.0000000000000000   1.0000000000000000E+30
    1100.0000000000000000   1.0000000000000000E+30
    1200.0000000000000000   1.0000000000000000E+30
    1300.0000000000000000   1.0000000000000000E+30
    1400.0000000000000000   1.0000000000000000E+30
    1500.0000000000000000   1.0000000000000000E+30
    1600.0000000000000000   1.0000000000000000E+30
    1700.0000000000000000   1.0000000000000000E+30
    1800.0000000000000000   1.0000000000000000E+30
    1900.0000000000000000   1.0000000000000000E+30
    2000.0000000000000000   1.0000000000000000E+30
    2100.0000000000000000   1.0000000000000000E+30
    2200.0000000000000000   1.0000000000000000E+30
    2209.9989999999997963   1.0000000000000000E+30
    2210.0010000000002037   1.0000000000000000E+30
    2294.9989999999997963   1.0000000000000000E+30
    2295.0010000000002037   1.0000000000000000E+30
    2300.0000000000000000   1.0000000000000000E+30
    2400.0000000000000000   1.0000000000000000E+30
    2500.0000000000000000   1.0000000000000000E+30
    2600.0000000000000000   1.0000000000000000E+30
    2700.0000000000000000   1.0000000000000000E+30
    2747.9989999999997963   1.0000000000000000E+30
    2748.0010000000002037   1.0000000000000000E+30
    2800.0000000000000000   1.0000000000000000E+30
    2900.0000000000000000   1.0000000000000000E+30
    3000.0000000000000000   1.0000000000000000E+30
    3100.0000000000000000   1.0000000000000000E+30
    3152.9989999999997963   1.0000000000000000E+30
    3153.0010000000002037   1.0000000000000000E+30
    3200.0000000000000000   1.0000000000000000E+30
    3300.0000000000000000   1.0000000000000000E+30
    3400.0000000000000000   1.0000000000000000E+30
    3429.9989999999997963   1.0000000000000000E+30
    3430.0010000000002037   8.1255730227089385E+04
    3500.0000000000000000   8.2976839450145751E+04
    3600.0000000000000000   8.5566029802403747E+04
    3700.0000000000000000   8.8322009624324259E+04
    3800.0000000000000000   9.2239531785298881E+04
    3900.0000000000000000   9.5332739922063280E+04
    4000.0000000000000000   9.8836148553289502E+04
    4100.0000000000000000   1.0197899317782064E+05
    4200.0000000000000000   1.0567745153275122E+05
    4300.0000000000000000   1.0890719431963729E+05
    4400.0000000000000000   1.1271631636680708E+05
    4500.0000000000000000   1.1685750231548613E+05
    4600.0000000000000000   1.2049328399234940E+05
    4700.0000000000000000   1.2440204926036701E+05
    4800.0000000000000000   1.2834664539954567E+05
    4900.0000000000000000   1.3270525632316031E+05
    5000.0000000000000000   1.3645166032404135E+05
    5100.0000000000000000   1.4096566701172027E+05
    5200.0000000000000000   1.4480367117466452E+05
    5300.0000000000000000   1.4892199187389601E+05
    5400.0000000000000000   1.5345120798764648E+05
    5500.0000000000000000   1.5745714215421898E+05
    5600.0000000000000000   1.6213970802068443E+05
    5700.0000000000000000   1.6611792404064024E+05
    5800.0000000000000000   1.7086118386429793E+05
    5900.0000000000000000   1.7559268939181350E+05
    6000.0000000000000000   1.8075561214257980E+05
    6100.0000000000000000   1.8521088463307347E+05
    6200.0000000000000000   1.9045556421962057E+05
    6300.0000000000000000   1.9550793742439110E+05
    6400.0000000000000000   2.0058421224117492E+05
    6500.0000000000000000   2.0609972254571607E+05
    6600.0000000000000000   2.1192713172093694E+05
    6700.0000000000000000   2.1658405181699587E+05
    6800.0000000000000000   2.2250190093195316E+05
    6900.0000000000000000   2.2738715938084404E+05
    7000.0000000000000000   2.3332700869680216E+05
    7100.0000000000000000   2.3855337997413744E+05
    7200.0000000000000000   2.4464958007231675E+05
    7300.0000000000000000   2.4972614130770619E+05
    7400.0000000000000000   2.5592442706040997E+05
    7500.0000000000000000   2.6103889538442783E+05
    7600.0000000000000000   2.6722729127006425E+05
    7700.0000000000000000   2.7328048244624533E+05
    7800.0000000000000000   2.7984217185519030E+05
    7900.0000000000000000   2.8672671641362942E+05
    8000.0000000000000000   2.9395854530514625E+05
    8100.0000000000000000   2.9892050684903678E+05
    8200.0000000000000000   3.0610620777214970E+05
    8300.0000000000000000   3.1364588975413941E+05
    8400.0000000000000000   3.1833137477067165E+05
    8500.0000000000000000   3.2485463186954020E+05
    8600.0000000000000000   3.3202525072637084E+05
    8700.0000000000000000   3.3951957346935134E+05
    8800.0000000000000000   3.4551192026839708E+05
    8900.0000000000000000   3.5302086709001847E+05
    9000.0000000000000000   3.6086344578354305E+05
    9100.0000000000000000   3.6694921489173186E+05
    9200.0000000000000000   3.7471875294437358E+05
    9300.0000000000000000   3.8282442205032363E+05
    9400.0000000000000000   3.8848124555595900E+05
    9500.0000000000000000   3.9642042464836873E+05
    9600.0000000000000000   4.0469087100511586E+05
    9700.0000000000000000   4.1331375990606140E+05
    9800.0000000000000000   4.1843823203504871E+05
    9900.0000000000000000   4.2668233450090163E+05
   10000.0000000000000000   4.3525781774755154E+05
   11000.0000000000000000   5.1867808895325323E+05
   11922.9989999999997963   6.0212013421870465E+05
   11923.0010000000002037   6.0212033757826791E+05
   12000.0000000000000000   6.1005272489113465E+05
   13000.0000000000000000   7.0992189745217725E+05
   13737.9989999999997963   7.9200680143844779E+05
   13738.0010000000002037   7.9200705451688799E+05
   14000.0000000000000000   8.1940817537455249E+05
   14355.9989999999997963   8.5985117584615480E+05
   14356.0010000000002037   8.5985142713833007E+05
   15000.0000000000000000   9.3565511737226835E+05
   16000.0000000000000000   1.0619509974193843E+06
   17000.0000000000000000   1.1984820072223675E+06
   18000.0000000000000000   1.3451899439934792E+06
   19000.0000000000000000   1.4979411969928145E+06
   20000.0000000000000000   1.6691540090963170E+06
   21000.0000000000000000   1.8441844083948138E+06
   22000.0000000000000000   2.0249943253313038E+06
   23000.0000000000000000   2.2248954161043963E+06
   24000.0000000000000000   2.4263891031989516E+06
   25000.0000000000000000   2.6410309733968456E+06
   26000.0000000000000000   2.8710454812729973E+06
   27000.0000000000000000   3.1120349574148832E+06
   28000.0000000000000000   3.3674492703360277E+06
   29000.0000000000000000   3.6240453106774846E+06
   30000.0000000000000000   3.9005219711901755E+06
   31000.0000000000000000   4.1877793134545353E+06
   32000.0000000000000000   4.4856419216826437E+06
   33000.0000000000000000   4.7997652033790965E+06
   34000.0000000000000000   5.1281866890427088E+06
   35000.0000000000000000   5.4524523411056148E+06
   36000.0000000000000000   5.8001504254433392E+06
   37000.0000000000000000   6.1717682629435603E+06
   38000.0000000000000000   6.5601231333434796E+06
   39000.0000000000000000   6.9499209624402421E+06
   40000.0000000000000000   7.3538305366915157E+06
   41000.0000000000000000   7.7801953253379334E+06
   42000.0000000000000000   8.2121418859590665E+06
   43000.0000000000000000   8.6489094666133951E+06
   44000.0000000000000000   9.0923368073140141E+06
   45000.0000000000000000   9.6091630756700840E+06
   46000.0000000000000000   1.0085077070223989E+07
   47000.0000000000000000   1.0579553696837906E+07
   48000.0000000000000000   1.1100864590091942E+07
   49000.0000000000000000   1.1624687203974953E+07
   50000.0000000000000000   1.2159584230068821E+07
   80728.9989999999961583   3.7741345001720525E+07
   80729.0010000000038417   3.7741347378196605E+07
