       0.1000000000000000   1.0000000000000000E+30
       0.2000000000000000   1.0000000000000000E+30
       0.3000000000000000   1.0000000000000000E+30
       0.4000000000000000   1.0000000000000000E+30
       0.5000000000000000   1.0000000000000000E+30
       0.6000000000000000   1.0000000000000000E+30
       0.7000000000000000   1.0000000000000000E+30
       0.7999999999999999   1.0000000000000000E+30
       0.8999999999999999   1.0000000000000000E+30
       0.9999999999999999   1.0000000000000000E+30
       2.0000000000000000   1.0000000000000000E+30
       3.0000000000000000   1.0000000000000000E+30
       4.0000000000000000   1.0000000000000000E+30
       5.0000000000000000   1.0000000000000000E+30
       6.0000000000000000   1.0000000000000000E+30
       7.0000000000000000   1.0000000000000000E+30
       8.0000000000000000   1.0000000000000000E+30
       9.0000000000000000   1.0000000000000000E+30
      10.0000000000000000   1.0000000000000000E+30
      11.0000000000000000   1.0000000000000000E+30
      12.0000000000000000   1.0000000000000000E+30
      13.0000000000000000   1.0000000000000000E+30
      14.0000000000000000   1.0000000000000000E+30
      15.0000000000000000   1.0000000000000000E+30
      16.0000000000000000   1.0000000000000000E+30
      17.0000000000000000   1.0000000000000000E+30
      18.0000000000000000   1.0000000000000000E+30
      19.0000000000000000   1.0000000000000000E+30
      20.0000000000000000   1.0000000000000000E+30
      21.0000000000000000   1.0000000000000000E+30
      22.0000000000000000   1.0000000000000000E+30
      23.0000000000000000   1.0000000000000000E+30
      24.0000000000000000   1.0000000000000000E+30
      25.0000000000000000   1.0000000000000000E+30
      26.0000000000000000   1.0000000000000000E+30
      27.0000000000000000   1.0000000000000000E+30
      28.0000000000000000   1.0000000000000000E+30
      29.0000000000000000   1.0000000000000000E+30
      30.0000000000000000   1.0000000000000000E+30
      31.0000000000000000   1.0000000000000000E+30
      32.0000000000000000   1.0000000000000000E+30
      33.0000000000000000   1.0000000000000000E+30
      34.0000000000000000   1.0000000000000000E+30
      35.0000000000000000   1.0000000000000000E+30
      36.0000000000000000   1.0000000000000000E+30
      37.0000000000000000   1.0000000000000000E+30
      38.0000000000000000   1.0000000000000000E+30
      39.0000000000000000   1.0000000000000000E+30
      40.0000000000000000   1.0000000000000000E+30
      41.0000000000000000   1.0000000000000000E+30
      42.0000000000000000   1.0000000000000000E+30
      43.0000000000000000   1.0000000000000000E+30
      44.0000000000000000   1.0000000000000000E+30
      45.0000000000000000   1.0000000000000000E+30
      46.0000000000000000   1.0000000000000000E+30
      47.0000000000000000   1.0000000000000000E+30
      48.0000000000000000   1.0000000000000000E+30
      49.0000000000000000   1.0000000000000000E+30
      50.0000000000000000   1.0000000000000000E+30
      51.0000000000000000   1.0000000000000000E+30
      52.0000000000000000   1.0000000000000000E+30
      53.0000000000000000   1.0000000000000000E+30
      54.0000000000000000   1.0000000000000000E+30
      55.0000000000000000   1.0000000000000000E+30
      56.0000000000000000   1.0000000000000000E+30
      57.0000000000000000   1.0000000000000000E+30
      58.0000000000000000   1.0000000000000000E+30
      59.0000000000000000   1.0000000000000000E+30
      60.0000000000000000   1.0000000000000000E+30
      60.9990000000000023   1.0000000000000000E+30
      61.0000000000000000   1.0000000000000000E+30
      61.0009999999999977   1.0000000000000000E+30
      62.0000000000000000   1.0000000000000000E+30
      63.0000000000000000   1.0000000000000000E+30
      64.0000000000000000   1.0000000000000000E+30
      65.0000000000000000   1.0000000000000000E+30
      66.0000000000000000   1.0000000000000000E+30
      67.0000000000000000   1.0000000000000000E+30
      68.0000000000000000   1.0000000000000000E+30
      69.0000000000000000   1.0000000000000000E+30
      70.0000000000000000   1.0000000000000000E+30
      71.0000000000000000   1.0000000000000000E+30
      72.0000000000000000   1.0000000000000000E+30
      73.0000000000000000   1.0000000000000000E+30
      74.0000000000000000   1.0000000000000000E+30
      75.0000000000000000   1.0000000000000000E+30
      75.9989999999999952   1.0000000000000000E+30
      76.0000000000000000   1.0000000000000000E+30
      76.0010000000000048   1.0000000000000000E+30
      77.0000000000000000   1.0000000000000000E+30
      78.0000000000000000   1.0000000000000000E+30
      79.0000000000000000   1.0000000000000000E+30
      80.0000000000000000   1.0000000000000000E+30
      81.0000000000000000   1.0000000000000000E+30
      82.0000000000000000   1.0000000000000000E+30
      83.0000000000000000   1.0000000000000000E+30
      84.0000000000000000   1.0000000000000000E+30
      85.0000000000000000   1.0000000000000000E+30
      86.0000000000000000   1.0000000000000000E+30
      86.9989999999999952   1.0000000000000000E+30
      87.0000000000000000   1.0000000000000000E+30
      87.0010000000000048   1.0000000000000000E+30
      88.0000000000000000   1.0000000000000000E+30
      89.0000000000000000   1.0000000000000000E+30
      90.0000000000000000   1.0000000000000000E+30
      90.9989999999999952   1.0000000000000000E+30
      91.0000000000000000   1.0000000000000000E+30
      91.0010000000000048   1.0000000000000000E+30
      92.0000000000000000   1.0000000000000000E+30
      93.0000000000000000   1.0000000000000000E+30
      94.0000000000000000   1.0000000000000000E+30
      95.0000000000000000   1.0000000000000000E+30
      96.0000000000000000   1.0000000000000000E+30
      97.0000000000000000   1.0000000000000000E+30
      98.0000000000000000   1.0000000000000000E+30
      99.0000000000000000   1.0000000000000000E+30
     100.0000000000000000   1.0000000000000000E+30
     110.0000000000000000   1.0000000000000000E+30
     113.9989999999999952   1.0000000000000000E+30
     114.0010000000000048   1.0000000000000000E+30
     120.0000000000000000   1.0000000000000000E+30
     130.0000000000000000   1.0000000000000000E+30
     140.0000000000000000   1.0000000000000000E+30
     150.0000000000000000   1.0000000000000000E+30
     160.0000000000000000   1.0000000000000000E+30
     170.0000000000000000   1.0000000000000000E+30
     180.0000000000000000   1.0000000000000000E+30
     190.0000000000000000   1.0000000000000000E+30
     200.0000000000000000   1.0000000000000000E+30
     210.0000000000000000   1.0000000000000000E+30
     220.0000000000000000   1.0000000000000000E+30
     230.0000000000000000   1.0000000000000000E+30
     240.0000000000000000   1.0000000000000000E+30
     250.0000000000000000   1.0000000000000000E+30
     260.0000000000000000   1.0000000000000000E+30
     270.0000000000000000   1.0000000000000000E+30
     280.0000000000000000   1.0000000000000000E+30
     290.0000000000000000   1.0000000000000000E+30
     300.0000000000000000   1.0000000000000000E+30
     310.0000000000000000   1.0000000000000000E+30
     320.0000000000000000   1.0000000000000000E+30
     330.0000000000000000   1.0000000000000000E+30
     338.9990000000000236   1.0000000000000000E+30
     339.0009999999999764   1.0000000000000000E+30
     340.0000000000000000   1.0000000000000000E+30
     350.0000000000000000   1.0000000000000000E+30
     356.9990000000000236   1.0000000000000000E+30
     357.0009999999999764   1.0000000000000000E+30
     360.0000000000000000   1.0000000000000000E+30
     370.0000000000000000   1.0000000000000000E+30
     380.0000000000000000   1.0000000000000000E+30
     390.0000000000000000   1.0000000000000000E+30
     400.0000000000000000   1.0000000000000000E+30
     410.0000000000000000   1.0000000000000000E+30
     420.0000000000000000   1.0000000000000000E+30
     430.0000000000000000   1.0000000000000000E+30
     440.0000000000000000   1.0000000000000000E+30
     450.0000000000000000   1.0000000000000000E+30
     460.0000000000000000   1.0000000000000000E+30
     470.0000000000000000   1.0000000000000000E+30
     480.0000000000000000   1.0000000000000000E+30
     490.0000000000000000   1.0000000000000000E+30
     500.0000000000000000   1.0000000000000000E+30
     510.0000000000000000   1.0000000000000000E+30
     520.0000000000000000   1.0000000000000000E+30
     530.0000000000000000   1.0000000000000000E+30
     540.0000000000000000   1.0000000000000000E+30
     547.9990000000000236   1.0000000000000000E+30
     548.0009999999999764   1.0000000000000000E+30
     550.0000000000000000   1.0000000000000000E+30
     560.0000000000000000   1.0000000000000000E+30
     570.0000000000000000   1.0000000000000000E+30
     580.0000000000000000   1.0000000000000000E+30
     590.0000000000000000   1.0000000000000000E+30
     600.0000000000000000   1.0000000000000000E+30
     610.0000000000000000   1.0000000000000000E+30
     620.0000000000000000   1.0000000000000000E+30
     630.0000000000000000   1.0000000000000000E+30
     640.0000000000000000   1.0000000000000000E+30
     644.9990000000000236   1.0000000000000000E+30
     645.0009999999999764   1.0000000000000000E+30
     650.0000000000000000   1.0000000000000000E+30
     660.0000000000000000   1.0000000000000000E+30
     670.0000000000000000   1.0000000000000000E+30
     680.0000000000000000   1.0000000000000000E+30
     690.0000000000000000   1.0000000000000000E+30
     700.0000000000000000   1.0000000000000000E+30
     710.0000000000000000   1.0000000000000000E+30
     720.0000000000000000   1.0000000000000000E+30
     730.0000000000000000   1.0000000000000000E+30
     740.0000000000000000   1.0000000000000000E+30
     750.0000000000000000   1.0000000000000000E+30
     760.0000000000000000   1.0000000000000000E+30
     763.9990000000000236   1.0000000000000000E+30
     764.0009999999999764   1.0000000000000000E+30
     770.0000000000000000   1.0000000000000000E+30
     780.0000000000000000   1.0000000000000000E+30
     790.0000000000000000   1.0000000000000000E+30
     800.0000000000000000   1.0000000000000000E+30
     810.0000000000000000   1.0000000000000000E+30
     820.0000000000000000   1.0000000000000000E+30
     830.0000000000000000   1.0000000000000000E+30
     840.0000000000000000   1.0000000000000000E+30
     850.0000000000000000   1.0000000000000000E+30
     860.0000000000000000   1.0000000000000000E+30
     870.0000000000000000   1.0000000000000000E+30
     880.0000000000000000   1.0000000000000000E+30
     890.0000000000000000   1.0000000000000000E+30
     900.0000000000000000   1.0000000000000000E+30
     910.0000000000000000   1.0000000000000000E+30
     920.0000000000000000   1.0000000000000000E+30
     930.0000000000000000   1.0000000000000000E+30
     940.0000000000000000   1.0000000000000000E+30
     950.0000000000000000   1.0000000000000000E+30
     960.0000000000000000   1.0000000000000000E+30
     970.0000000000000000   1.0000000000000000E+30
     980.0000000000000000   1.0000000000000000E+30
     990.0000000000000000   1.0000000000000000E+30
    1000.0000000000000000   1.0000000000000000E+30
    1100.0000000000000000   1.0000000000000000E+30
    1200.0000000000000000   1.0000000000000000E+30
    1300.0000000000000000   1.0000000000000000E+30
    1400.0000000000000000   1.0000000000000000E+30
    1500.0000000000000000   1.0000000000000000E+30
    1600.0000000000000000   1.0000000000000000E+30
    1700.0000000000000000   1.0000000000000000E+30
    1800.0000000000000000   1.0000000000000000E+30
    1900.0000000000000000   1.0000000000000000E+30
    2000.0000000000000000   1.0000000000000000E+30
    2100.0000000000000000   1.0000000000000000E+30
    2200.0000000000000000   1.0000000000000000E+30
    2209.9989999999997963   1.0000000000000000E+30
    2210.0010000000002037   1.0000000000000000E+30
    2294.9989999999997963   1.0000000000000000E+30
    2295.0010000000002037   1.0000000000000000E+30
    2300.0000000000000000   1.0000000000000000E+30
    2400.0000000000000000   1.0000000000000000E+30
    2500.0000000000000000   1.0000000000000000E+30
    2600.0000000000000000   1.0000000000000000E+30
    2700.0000000000000000   1.0000000000000000E+30
    2747.9989999999997963   1.0000000000000000E+30
    2748.0010000000002037   1.5802318580467705E+04
    2800.0000000000000000   1.6247555440240758E+04
    2900.0000000000000000   1.7178356609880135E+04
    3000.0000000000000000   1.8069707539325067E+04
    3100.0000000000000000   1.9066088380744579E+04
    3152.9989999999997963   1.9636312259063547E+04
    3153.0010000000002037   1.9636334420940435E+04
    3200.0000000000000000   2.0043947870893728E+04
    3300.0000000000000000   2.1165030955166127E+04
    3400.0000000000000000   2.2148836446815556E+04
    3429.9989999999997963   2.2465188874495652E+04
    3430.0010000000002037   2.2465212304029039E+04
    3500.0000000000000000   2.3316301480117760E+04
    3600.0000000000000000   2.4435625636491859E+04
    3700.0000000000000000   2.5623654798055493E+04
    3800.0000000000000000   2.6843367569414178E+04
    3900.0000000000000000   2.8103076450033765E+04
    4000.0000000000000000   2.9365319538218700E+04
    4100.0000000000000000   3.0780969625568421E+04
    4200.0000000000000000   3.2060140197188881E+04
    4300.0000000000000000   3.3508650064240326E+04
    4400.0000000000000000   3.4898798996184523E+04
    4500.0000000000000000   3.6528867978179427E+04
    4600.0000000000000000   3.7912920421577983E+04
    4700.0000000000000000   3.9504187891115158E+04
    4800.0000000000000000   4.1309263373932212E+04
    4900.0000000000000000   4.2848418073335408E+04
    5000.0000000000000000   4.4604754763851342E+04
    5100.0000000000000000   4.6389465892390566E+04
    5200.0000000000000000   4.8385995137100515E+04
    5300.0000000000000000   5.0124550417759841E+04
    5400.0000000000000000   5.1950296430363967E+04
    5500.0000000000000000   5.3868456144831180E+04
    5600.0000000000000000   5.5969493030437850E+04
    5700.0000000000000000   5.7880472240458330E+04
    5800.0000000000000000   6.0132917857201704E+04
    5900.0000000000000000   6.2034643881182950E+04
    6000.0000000000000000   6.4275634186135569E+04
    6100.0000000000000000   6.6743705714413605E+04
    6200.0000000000000000   6.8874219641530130E+04
    6300.0000000000000000   7.1495745481625752E+04
    6400.0000000000000000   7.3603886412795109E+04
    6500.0000000000000000   7.6074844720526875E+04
    6600.0000000000000000   7.8578757837125333E+04
    6700.0000000000000000   8.1362403438676061E+04
    6800.0000000000000000   8.3792018001079094E+04
    6900.0000000000000000   8.6723954523819644E+04
    7000.0000000000000000   8.9230111708323107E+04
    7100.0000000000000000   9.1924632118441310E+04
    7200.0000000000000000   9.4959979610960247E+04
    7300.0000000000000000   9.7624901540537292E+04
    7400.0000000000000000   1.0082190237966187E+05
    7500.0000000000000000   1.0347146093727932E+05
    7600.0000000000000000   1.0652345156483915E+05
    7700.0000000000000000   1.0988644081540174E+05
    7800.0000000000000000   1.1297177980652708E+05
    7900.0000000000000000   1.1651530988674643E+05
    8000.0000000000000000   1.1955411054034470E+05
    8100.0000000000000000   1.2325429416732615E+05
    8200.0000000000000000   1.2628662395231705E+05
    8300.0000000000000000   1.2978009953272832E+05
    8400.0000000000000000   1.3360501277941471E+05
    8500.0000000000000000   1.3766223025709091E+05
    8600.0000000000000000   1.4088317086377853E+05
    8700.0000000000000000   1.4505362670173286E+05
    8800.0000000000000000   1.4843756138231966E+05
    8900.0000000000000000   1.5218189078498556E+05
    9000.0000000000000000   1.5635312864613134E+05
    9100.0000000000000000   1.6005681702637183E+05
    9200.0000000000000000   1.6435815867694732E+05
    9300.0000000000000000   1.6889707194354894E+05
    9400.0000000000000000   1.7250444842345480E+05
    9500.0000000000000000   1.7709867869259548E+05
    9600.0000000000000000   1.8194431655322047E+05
    9700.0000000000000000   1.8592070383528323E+05
    9800.0000000000000000   1.9094209864702384E+05
    9900.0000000000000000   1.9495576156461239E+05
   10000.0000000000000000   1.9997986083206604E+05
   11000.0000000000000000   2.5085237476649042E+05
   11922.9989999999997963   3.0490932451594586E+05
   11923.0010000000002037   3.0490946119048039E+05
   12000.0000000000000000   3.0934242834778904E+05
   13000.0000000000000000   3.7771796888803510E+05
   13737.9989999999997963   4.3373996190087491E+05
   13738.0010000000002037   4.3374013623301766E+05
   14000.0000000000000000   4.5459249455442710E+05
   14355.9989999999997963   4.8473581873918098E+05
   14356.0010000000002037   4.8473600455945928E+05
   15000.0000000000000000   5.4244339079370757E+05
   16000.0000000000000000   6.3942335631371650E+05
   17000.0000000000000000   7.4768622370161512E+05
   18000.0000000000000000   8.7460065831999644E+05
   19000.0000000000000000   1.0069333240876122E+06
   20000.0000000000000000   1.1527441536130572E+06
   21000.0000000000000000   1.3187493607370183E+06
   22000.0000000000000000   1.4917887236154866E+06
   23000.0000000000000000   1.6865503767785328E+06
   24000.0000000000000000   1.8987272060715740E+06
   25000.0000000000000000   2.1273020936398562E+06
   26000.0000000000000000   2.3691351236073649E+06
   27000.0000000000000000   2.6379567694312776E+06
   28000.0000000000000000   2.9226366468770583E+06
   29000.0000000000000000   3.2261730274541997E+06
   30000.0000000000000000   3.5453349620479862E+06
   31000.0000000000000000   3.8957594282918936E+06
   32000.0000000000000000   4.2849457364340751E+06
   33000.0000000000000000   4.6676010359801017E+06
   34000.0000000000000000   5.0822925252223359E+06
   35000.0000000000000000   5.5328008305854714E+06
   36000.0000000000000000   6.0037703720748844E+06
   37000.0000000000000000   6.5225675932204397E+06
   38000.0000000000000000   7.0647075608767308E+06
   39000.0000000000000000   7.6010607915485865E+06
   40000.0000000000000000   8.2001546702825669E+06
   41000.0000000000000000   8.8263968366407305E+06
   42000.0000000000000000   9.4605702408014853E+06
   43000.0000000000000000   1.0169243165714899E+07
   44000.0000000000000000   1.0894887056920694E+07
   45000.0000000000000000   1.1613795121665454E+07
   46000.0000000000000000   1.2404041566315096E+07
   47000.0000000000000000   1.3226179256527353E+07
   48000.0000000000000000   1.4101894400187707E+07
   49000.0000000000000000   1.5017731829542439E+07
   50000.0000000000000000   1.5981097685963273E+07
   80728.9989999999961583   6.9817706200223088E+07
   80729.0010000000038417   6.9817711937162414E+07
