       0.0010000000000000   1.0000000000000000E+30   0.0000000000000000E+00
       0.1000000000000000   1.4549483927532810E+02   2.0126747243908287E-04
       0.2000000000000000   1.2555235476763113E+02   4.0454637974941143E-04
       0.3000000000000000   1.1751649978464262E+02   6.1807550654503654E-04
       0.4000000000000000   1.1318503299278488E+02   8.3352962012793604E-04
       0.5000000000000000   1.1000459780505069E+02   1.0578671813502667E-03
       0.6000000000000000   1.0739908745962812E+02   1.2914956029120767E-03
       0.7000000000000000   1.0513873165690465E+02   1.5348477226624620E-03
       0.7999999999999999   1.0309969987010513E+02   1.7882430660801181E-03
       0.8999999999999999   1.0122630937400845E+02   2.0513602144638880E-03
       0.9999999999999999   9.9462261807030089E+01   2.3251356849116607E-03
       2.0000000000000000   8.5140287498350773E+01   5.6584152185486774E-03
       3.0000000000000000   7.4246942781671891E+01   1.0120194241037011E-02
       4.0000000000000000   6.5721089141195549E+01   1.5696821280335789E-02
       5.0000000000000000   5.8983249716092729E+01   2.2324255833804794E-02
       6.0000000000000000   5.3581567541153170E+01   2.9929954825396836E-02
       7.0000000000000000   4.9178809925029995E+01   3.8447239737170576E-02
       8.0000000000000000   4.5526992860343562E+01   4.7824648941041860E-02
       9.0000000000000000   4.2447454127003297E+01   5.8024953175514767E-02
      10.0000000000000000   3.9810461152242830E+01   6.9024211860379311E-02
      11.0000000000000000   3.7521529441128862E+01   8.0808633709575764E-02
      12.0000000000000000   3.5510519274184240E+01   9.3372588930342379E-02
      13.0000000000000000   3.3724734576024538E+01   1.0671799526468627E-01
      14.0000000000000000   3.2123490117505128E+01   1.2085429475500513E-01
      15.0000000000000000   3.0675274137389469E+01   1.3579717134512756E-01
      16.0000000000000000   2.9355383991345416E+01   1.5156745318486917E-01
      17.0000000000000000   2.8143968183124414E+01   1.6819247678241048E-01
      18.0000000000000000   2.7025097619131490E+01   1.8570480470596365E-01
      19.0000000000000000   2.5985751621313714E+01   2.0414273893238230E-01
      19.9989999999999988   2.5016134458848356E+01   2.2353085617642782E-01
      20.0000000000000000   2.5015195166171772E+01   2.2355076505558244E-01
      20.0010000000000012   2.5014255933250343E+01   2.2357067495483057E-01
      20.9989999999999988   2.4105384340985882E+01   2.4395865273041970E-01
      21.0000000000000000   2.4104500982904153E+01   2.4397960961404966E-01
      21.0010000000000012   2.4103617677137770E+01   2.4400056757479022E-01
      22.0000000000000000   2.3246225698122874E+01   2.6548612881759781E-01
      23.0000000000000000   2.2434077393882131E+01   2.8813414999971465E-01
      24.0000000000000000   2.1662695625395184E+01   3.1199532117174678E-01
      25.0000000000000000   2.0927511772950140E+01   3.3714913219531839E-01
      26.0000000000000000   2.0224601032569048E+01   3.6368379843210286E-01
      27.0000000000000000   1.9550577852425210E+01   3.9169699577202105E-01
      28.0000000000000000   1.8902514136918107E+01   4.2129662689529207E-01
      29.0000000000000000   1.8277864557429069E+01   4.5260180595846250E-01
      30.0000000000000000   1.7674420324448874E+01   4.8574368747751412E-01
      31.0000000000000000   1.7090259120303742E+01   5.2086651424509900E-01
      32.0000000000000000   1.6523718695094033E+01   5.5812837552219374E-01
      33.0000000000000000   1.5973361328956445E+01   5.9770227092446393E-01
      34.0000000000000000   1.5437959222370061E+01   6.3977663942631058E-01
      35.0000000000000000   1.4916477422229326E+01   6.8455576707018695E-01
      36.0000000000000000   1.4408064045079410E+01   7.3225967482343202E-01
      37.0000000000000000   1.3912044130105109E+01   7.8312328863804614E-01
      38.0000000000000000   1.3427917328450850E+01   8.3739457601570977E-01
      39.0000000000000000   1.2955358200662088E+01   8.9533126234838845E-01
      40.0000000000000000   1.2494219380045822E+01   9.5719563630059856E-01
      41.0000000000000000   1.2044534103467067E+01   1.0232470005542869E+00
      42.0000000000000000   1.1606518988358269E+01   1.0937311942083199E+00
      43.0000000000000000   1.1180572875287362E+01   1.1688669071034592E+00
      44.0000000000000000   1.0767269636643363E+01   1.2488286844503032E+00
      45.0000000000000000   1.0367340616761060E+01   1.3337272542283434E+00
      46.0000000000000000   9.9816455094168681E+00   1.4235882785482870E+00
      47.0000000000000000   9.6111280520776887E+00   1.5183318326410520E+00
      48.0000000000000000   9.2567576398015614E+00   1.6177555197614157E+00
      49.0000000000000000   8.9194600597058784E+00   1.7215245585911008E+00
      50.0000000000000000   8.6000441631765820E+00   1.8291717591718633E+00
      51.0000000000000000   8.2991335850229611E+00   1.9401089953573296E+00
      52.0000000000000000   8.0171132125403997E+00   2.0536497657911870E+00
      53.0000000000000000   7.7540976560782955E+00   2.1690403232060849E+00
      54.0000000000000000   7.5099250783946410E+00   2.2854952846717032E+00
      55.0000000000000000   7.2841748027848459E+00   2.4022331375302577E+00
      56.0000000000000000   7.0762034264638025E+00   2.5185076375807558E+00
      57.0000000000000000   6.8851921343689781E+00   2.6336322840075295E+00
      58.0000000000000000   6.7101971445586974E+00   2.7469972606377815E+00
      59.0000000000000000   6.5501985947062042E+00   2.8580783788241333E+00
      60.0000000000000000   6.4041432544330421E+00   2.9664394706846773E+00
      61.0000000000000000   6.2709784873731715E+00   3.0717302096556751E+00
      62.0000000000000000   6.1496786334409270E+00   3.1736800504778424E+00
      63.0000000000000000   6.0392632391556331E+00   3.2720903712788512E+00
      64.0000000000000000   5.9388087984519276E+00   3.3668256321528198E+00
      65.0000000000000000   5.8474552821552725E+00   3.4578043879387912E+00
      66.0000000000000000   5.7644087243976756E+00   3.5449906793320323E+00
      67.0000000000000000   5.6889409883193842E+00   3.6283861137350391E+00
      68.0000000000000000   5.6203876178249788E+00   3.7080227914962443E+00
      69.0000000000000000   5.5581444748948865E+00   3.7839571263171936E+00
      70.0000000000000000   5.5016636873036866E+00   3.8562645398626310E+00
      71.0000000000000000   5.4504492739017119E+00   3.9250349713334614E+00
      72.0000000000000000   5.4040527122680420E+00   3.9903691210871437E+00
      73.0000000000000000   5.3620686123447481E+00   4.0523753411683101E+00
      74.0000000000000000   5.3241306045537353E+00   4.1111670855171205E+00
      75.0000000000000000   5.2899074885301181E+00   4.1668608500621138E+00
      76.0000000000000000   5.2590997539471651E+00   4.2195744569660434E+00
      77.0000000000000000   5.2314362721827932E+00   4.2694257974166616E+00
      78.0000000000000000   5.2066714331053809E+00   4.3165317354071266E+00
      79.0000000000000000   5.1845825000338701E+00   4.3610073049991849E+00
      80.0000000000000000   5.1649672489753380E+00   4.4029650869713306E+00
      81.0000000000000000   5.1476418558463166E+00   4.4425147422276661E+00
      81.9989999999999952   5.1324532042059472E+00   4.4797265400894730E+00
      82.0000000000000000   5.1324390096639565E+00   4.4797626728596587E+00
      82.0010000000000048   5.1324248170909197E+00   4.4797988034313345E+00
      83.0000000000000000   5.1192062294494143E+00   4.5148117865890702E+00
      84.0000000000000000   5.1078043630549663E+00   4.5477613445871397E+00
      85.0000000000000000   5.0981062508508499E+00   4.5787068759519025E+00
      86.0000000000000000   5.0899955341193550E+00   4.6077401452628344E+00
      87.0000000000000000   5.0833655911315461E+00   4.6349491637814655E+00
      88.0000000000000000   5.0781185988029565E+00   4.6604182240808312E+00
      89.0000000000000000   5.0741646746035247E+00   4.6842279782581908E+00
      89.9989999999999952   5.0714232952056646E+00   4.7064340546060990E+00
      90.0000000000000000   5.0714211303826113E+00   4.7064555166171571E+00
      90.0010000000000048   5.0714189666932539E+00   4.7064769771199213E+00
      91.0000000000000000   5.0698117958410585E+00   4.7271744696836233E+00
      92.0000000000000000   5.0692664147545816E+00   4.7464551183826087E+00
      93.0000000000000000   5.0697201042174198E+00   4.7643645110009700E+00
      94.0000000000000000   5.0711128696972105E+00   4.7809665843436946E+00
      95.0000000000000000   5.0733891696211622E+00   4.7963222870163609E+00
      96.0000000000000000   5.0764975239752754E+00   4.8104897031978346E+00
      97.0000000000000000   5.0803901620280705E+00   4.8235241756193901E+00
      98.0000000000000000   5.0850227046923369E+00   4.8354784267691677E+00
      99.0000000000000000   5.0903538788470994E+00   4.8464026774756777E+00
     100.0000000000000000   5.0963452574054484E+00   4.8563447625144889E+00
     110.0000000000000000   5.1857422476755533E+00   4.9107763562520796E+00
     120.0000000000000000   5.3132262005965458E+00   4.9056898016062238E+00
     125.9989999999999952   5.4017857239335214E+00   4.8837401868502459E+00
     126.0010000000000048   5.4018164346839441E+00   4.8837310485790351E+00
     130.0000000000000000   5.4645968949681505E+00   4.8633899441681647E+00
     140.0000000000000000   5.6316186416310687E+00   4.7979435821472345E+00
     150.0000000000000000   5.8076791107472205E+00   4.7229362656139271E+00
     160.0000000000000000   5.9884692038967371E+00   4.6483538032462226E+00
     170.0000000000000000   6.1796099135793732E+00   4.5574918814861052E+00
     180.0000000000000000   6.3717723394568289E+00   4.4703809656855746E+00
     190.0000000000000000   6.5712529516502087E+00   4.3724340073738004E+00
     200.0000000000000000   6.7704340075436997E+00   4.2800401039293305E+00
     210.0000000000000000   6.9692416986193271E+00   4.1927792693376045E+00
     220.0000000000000000   7.1676281430620765E+00   4.1102582054848673E+00
     230.0000000000000000   7.3709827191083681E+00   4.0206088500431347E+00
     240.0000000000000000   7.5681783036831778E+00   3.9471156107377250E+00
     250.0000000000000000   7.7698771532265347E+00   3.8669347681500486E+00
     260.0000000000000000   7.9706903035644228E+00   3.7911586221397959E+00
     270.0000000000000000   8.1753319683141736E+00   3.7099460204226427E+00
     280.0000000000000000   8.3743023974374680E+00   3.6423284577458102E+00
     290.0000000000000000   8.5724875506129514E+00   3.5780973820597644E+00
     300.0000000000000000   8.7741787801608737E+00   3.5086428781650825E+00
     310.0000000000000000   8.9748988849861320E+00   3.4427215324546245E+00
     320.0000000000000000   9.1746860527352858E+00   3.3800588761408292E+00
     330.0000000000000000   9.3695936863113864E+00   3.3278868035886879E+00
     340.0000000000000000   9.5677117250634485E+00   3.2707719974440868E+00
     350.0000000000000000   9.7688045620886310E+00   3.2092793871300098E+00
     360.0000000000000000   9.9652058383838220E+00   3.1574191443697588E+00
     370.0000000000000000   1.0160838500500414E+01   3.1078037290820908E+00
     380.0000000000000000   1.0355730462365607E+01   3.0602836999708214E+00
     390.0000000000000000   1.0553423682887065E+01   3.0085564413519723E+00
     400.0000000000000000   1.0746831560665719E+01   2.9650106528660816E+00
     410.0000000000000000   1.0942973233212429E+01   2.9173508179729244E+00
     420.0000000000000000   1.1134997469103318E+01   2.8772866846589813E+00
     430.0000000000000000   1.1329685349817682E+01   2.8332092082018034E+00
     440.0000000000000000   1.1523661967069485E+01   2.7908337594053529E+00
     446.9990000000000236   1.1657076784349758E+01   2.7653086917689689E+00
     447.0009999999999764   1.1657116705255920E+01   2.7652984692546481E+00
     450.0000000000000000   1.1713739165148146E+01   2.7553090466664991E+00
     454.9990000000000236   1.1810128189646340E+01   2.7354353997636847E+00
     455.0009999999999764   1.1810167988517327E+01   2.7354254503550255E+00
     460.0000000000000000   1.1906392042435737E+01   2.7159194227359809E+00
     470.0000000000000000   1.2098394316674657E+01   2.6779589794341714E+00
     480.0000000000000000   1.2289764008561544E+01   2.6413490511051019E+00
     490.0000000000000000   1.2480518679808052E+01   2.6060162655963182E+00
     500.0000000000000000   1.2670675409673317E+01   2.5718921494814531E+00
     510.0000000000000000   1.2860250525777845E+01   2.5389131439254777E+00
     520.0000000000000000   1.3049259556235445E+01   2.5070203044958927E+00
     530.0000000000000000   1.3237717327108475E+01   2.4761588156640131E+00
     537.9990000000000236   1.3386933190364656E+01   2.4539001227615720E+00
     538.0009999999999764   1.3386971886356301E+01   2.4538924789367531E+00
     540.0000000000000000   1.3425638050574621E+01   2.4462775606651315E+00
     550.0000000000000000   1.3613035404961046E+01   2.4173287424502856E+00
     560.0000000000000000   1.3799922583019796E+01   2.3892675786201885E+00
     570.0000000000000000   1.3989083684251259E+01   2.3580146930461146E+00
     580.0000000000000000   1.4174951791837291E+01   2.3316843220100547E+00
     590.0000000000000000   1.4360345569700005E+01   2.3061221090543444E+00
     600.0000000000000000   1.4545276428590990E+01   2.2812933532211028E+00
     610.0000000000000000   1.4732418700795209E+01   2.2534147840628100E+00
     620.0000000000000000   1.4916422653914395E+01   2.2300224771470760E+00
     630.0000000000000000   1.5099993230848124E+01   2.2072725323130151E+00
     640.0000000000000000   1.5285730500366135E+01   2.1815765297138348E+00
     650.0000000000000000   1.5468435095091902E+01   2.1600836801452186E+00
     660.0000000000000000   1.5653277652220462E+01   2.1357196353841128E+00
     668.9990000000000236   1.5816459214130386E+01   2.1180706883963425E+00
     669.0009999999999764   1.5816496568876797E+01   2.1180653047890576E+00
     670.0000000000000000   1.5835152664262980E+01   2.1153805763314955E+00
     680.0000000000000000   1.6019138039401358E+01   2.0922398997868532E+00
     690.0000000000000000   1.6200215837940199E+01   2.0729645810873092E+00
     700.0000000000000000   1.6383378163744130E+01   2.0509514234464308E+00
     706.9990000000000236   1.6510595670074149E+01   2.0368297307513283E+00
     707.0009999999999764   1.6510632700646227E+01   2.0368248179901003E+00
     710.0000000000000000   1.6563690378072653E+01   2.0326574431827695E+00
     720.0000000000000000   1.6746060029408859E+01   2.0116878537577252E+00
     730.0000000000000000   1.6928050285824089E+01   1.9912214379539848E+00
     740.0000000000000000   1.7107242998954540E+01   1.9742980228413891E+00
     750.0000000000000000   1.7288480340414502E+01   1.9547662711533749E+00
     760.0000000000000000   1.7469355297593065E+01   1.9356880819482147E+00
     770.0000000000000000   1.7647492240688923E+01   1.9199848642441497E+00
     780.0000000000000000   1.7827653811707965E+01   1.9017437328957452E+00
     790.0000000000000000   1.8007467536217593E+01   1.8839145962624899E+00
     800.0000000000000000   1.8184608165965088E+01   1.8693007797770282E+00
     810.0000000000000000   1.8363743747624163E+01   1.8522254837444954E+00
     820.0000000000000000   1.8542549336028813E+01   1.8355207229189026E+00
     829.9990000000000236   1.8721004865645899E+01   1.8191845430318727E+00
     830.0000000000000000   1.8721022923326586E+01   1.8191826593508527E+00
     830.0009999999999764   1.8721040981002162E+01   1.8191807756762581E+00
     840.0000000000000000   1.8899166395626214E+01   1.8032029637129476E+00
     850.0000000000000000   1.9074746404210156E+01   1.7901804036179518E+00
     860.0000000000000000   1.9252278295049926E+01   1.7748216955106602E+00
     870.0000000000000000   1.9429499717808831E+01   1.7597835426114368E+00
     880.0000000000000000   1.9606412585916718E+01   1.7450589052768626E+00
     890.0000000000000000   1.9783022000175695E+01   1.7306373429193045E+00
     900.0000000000000000   1.9959335969066046E+01   1.7165054375207622E+00
     910.0000000000000000   2.0133201542002713E+01   1.7050755498866259E+00
     920.0000000000000000   2.0308959077896848E+01   1.6914547417692267E+00
     930.0000000000000000   2.0484433204911891E+01   1.6780996037544633E+00
     940.0000000000000000   2.0659627232913870E+01   1.6650030060876129E+00
     950.0000000000000000   2.0834545088689026E+01   1.6521573468970814E+00
     960.0000000000000000   2.1009190964621652E+01   1.6395549262403200E+00
     970.0000000000000000   2.1183569157770243E+01   1.6271881217388735E+00
     980.0000000000000000   2.1357683964440660E+01   1.6150495091527668E+00
     990.0000000000000000   2.1531539490631722E+01   1.6031320589807199E+00
    1000.0000000000000000   2.1705139528199279E+01   1.5914292502887508E+00
    1100.0000000000000000   2.3427803110271057E+01   1.4849953496431456E+00
    1200.0000000000000000   2.5131955402533379E+01   1.3910898636812905E+00
    1300.0000000000000000   2.6815915355030921E+01   1.3104362310511903E+00
    1400.0000000000000000   2.8481667294140546E+01   1.2403806511292179E+00
    1500.0000000000000000   3.0132683745629652E+01   1.1774404250951007E+00
    1600.0000000000000000   3.1770156175561890E+01   1.1204465925633849E+00
    1700.0000000000000000   3.3393598416831594E+01   1.0696403436124791E+00
    1800.0000000000000000   3.5004047567246950E+01   1.0240549175381932E+00
    1900.0000000000000000   3.6604075047269625E+01   9.8174561522362735E-01
    2000.0000000000000000   3.8191335487346187E+01   9.4435848389569477E-01
    2100.0000000000000000   3.9769466933835048E+01   9.0932509904328551E-01
    2200.0000000000000000   4.1338887519746521E+01   8.7643725515784732E-01
    2300.0000000000000000   4.2897548940596970E+01   8.4705615947324697E-01
    2400.0000000000000000   4.4448964142382742E+01   8.1896602628741655E-01
    2500.0000000000000000   4.5991792722332640E+01   7.9305448092602648E-01
    2600.0000000000000000   4.7526632631162869E+01   7.6898889130839854E-01
    2700.0000000000000000   4.9053910351843435E+01   7.4655335541809154E-01
    2800.0000000000000000   5.0575380424509568E+01   7.2481445151807034E-01
    2900.0000000000000000   5.2088450214638939E+01   7.0524228783268750E-01
    3000.0000000000000000   5.3596137009267089E+01   6.8621776875174267E-01
    3100.0000000000000000   5.5095745528732039E+01   6.6919458967638357E-01
    3200.0000000000000000   5.6591383083042956E+01   6.5214026825486027E-01
    3300.0000000000000000   5.8080774696527698E+01   6.3619728856774282E-01
    3400.0000000000000000   5.9564304147562709E+01   6.2122314646206889E-01
    3500.0000000000000000   6.1042674246014329E+01   6.0692540255484317E-01
    3600.0000000000000000   6.2515235918511436E+01   5.9359741291724355E-01
    3700.0000000000000000   6.3983927856882040E+01   5.8038239096668742E-01
    3734.9989999999997963   6.4496927392435879E+01   5.7587303028300274E-01
    3735.0010000000002037   6.4496956239795693E+01   5.7587295835249674E-01
    3800.0000000000000000   6.5447213124850435E+01   5.6807788844139750E-01
    3900.0000000000000000   6.6905766606265402E+01   5.5636251999118835E-01
    3942.9990000000002510   6.7531157671340921E+01   5.5160501779228999E-01
    3943.0010000000006585   6.7531186320765755E+01   5.5160495840312307E-01
    4000.0000000000000000   6.8360609025411435E+01   5.4478917550790606E-01
    4100.0000000000000000   6.9809449959962237E+01   5.3437707870252182E-01
    4200.0000000000000000   7.1255941490400716E+01   5.2365374296900224E-01
    4241.9989999999997963   7.1861771589001648E+01   5.1945047873901096E-01
    4242.0010000000002037   7.1861800391119260E+01   5.1945028523443992E-01
    4300.0000000000000000   7.2695738562826051E+01   5.1435643001887266E-01
    4400.0000000000000000   7.4132270028924609E+01   5.0512733121833353E-01
    4500.0000000000000000   7.5567880882304962E+01   4.9517021465224176E-01
    4600.0000000000000000   7.6995705277875302E+01   4.8702736490791754E-01
    4700.0000000000000000   7.8421963505708462E+01   4.7851489097011191E-01
    4800.0000000000000000   7.9844842777544343E+01   4.7015881945230964E-01
    4900.0000000000000000   8.1262608105089996E+01   4.6263093971932523E-01
    5000.0000000000000000   8.2677174777928187E+01   4.5532050869990176E-01
    5100.0000000000000000   8.4089066004375510E+01   4.4805821501896365E-01
    5200.0000000000000000   8.5498323002464204E+01   4.4084218544371279E-01
    5300.0000000000000000   8.6905076971215024E+01   4.3365770714817425E-01
    5400.0000000000000000   8.8308064897995976E+01   4.2688438690728420E-01
    5500.0000000000000000   8.9706273558476823E+01   4.2085876221482266E-01
    5600.0000000000000000   9.1102717632482324E+01   4.1466613307815769E-01
    5700.0000000000000000   9.2496894192302094E+01   4.0851314771931024E-01
    5800.0000000000000000   9.3885210895332207E+01   4.0344398173316770E-01
    5900.0000000000000000   9.5275584223948627E+01   3.9710301126268915E-01
    6000.0000000000000000   9.6660527609956546E+01   3.9165110902428546E-01
    6100.0000000000000000   9.8040981582692169E+01   3.8692106888325145E-01
    6200.0000000000000000   9.9422901934487697E+01   3.8123599617190568E-01
    6300.0000000000000000   1.0080144181603242E+02   3.7587604513149547E-01
    6400.0000000000000000   1.0217298919504464E+02   3.7184715557850212E-01
    6500.0000000000000000   1.0354451296370188E+02   3.6736006427450874E-01
    6600.0000000000000000   1.0491394759714974E+02   3.6286530470047235E-01
    6700.0000000000000000   1.0628236463592182E+02   3.5809609046184349E-01
    6800.0000000000000000   1.0764684072369658E+02   3.5397026571870671E-01
    6900.0000000000000000   1.0900934943338036E+02   3.4969924763263610E-01
    7000.0000000000000000   1.1036957251344987E+02   3.4574859984514722E-01
    7100.0000000000000000   1.1173028624648445E+02   3.4099384857246434E-01
    7200.0000000000000000   1.1308853576750820E+02   3.3662008821687622E-01
    7300.0000000000000000   1.1444076849303269E+02   3.3321046488033335E-01
    7400.0000000000000000   1.1579195643307025E+02   3.2962114269361753E-01
    7500.0000000000000000   1.1714126863568698E+02   3.2614724868037059E-01
    7600.0000000000000000   1.1849120673201891E+02   3.2195771103103116E-01
    7700.0000000000000000   1.1983586266689252E+02   3.1885357808863762E-01
    7800.0000000000000000   1.2118004678280367E+02   3.1532092460333083E-01
    7900.0000000000000000   1.2252090574384748E+02   3.1215367280737671E-01
    8000.0000000000000000   1.2385859800822087E+02   3.0950215383059360E-01
    8100.0000000000000000   1.2519958714105621E+02   3.0568433217543556E-01
    8200.0000000000000000   1.2653312559426557E+02   3.0302853948794628E-01
    8300.0000000000000000   1.2786951543285903E+02   2.9958491759182510E-01
    8400.0000000000000000   1.2920390097714608E+02   2.9627536560885342E-01
    8500.0000000000000000   1.3053271159768897E+02   2.9380044890927093E-01
    8600.0000000000000000   1.3186204423872263E+02   2.9075472481406778E-01
    8700.0000000000000000   1.3318798898571939E+02   2.8821723666572918E-01
    8800.0000000000000000   1.3451289307382945E+02   2.8572708438666533E-01
    8900.0000000000000000   1.3583920942387050E+02   2.8265031899064258E-01
    9000.0000000000000000   1.3716392502477640E+02   2.7943376969380895E-01
    9100.0000000000000000   1.3847785425793947E+02   2.7817689927439077E-01
    9200.0000000000000000   1.3979870162117439E+02   2.7517687515842887E-01
    9300.0000000000000000   1.4111734459022793E+02   2.7241123990291877E-01
    9400.0000000000000000   1.4243292615212937E+02   2.7007217810356454E-01
    9500.0000000000000000   1.4374930211921458E+02   2.6733949126436929E-01
    9600.0000000000000000   1.4506333512618582E+02   2.6480143502807296E-01
    9700.0000000000000000   1.4637328986774946E+02   2.6283594061917753E-01
    9800.0000000000000000   1.4768054594179242E+02   2.6110297712891012E-01
    9900.0000000000000000   1.4898709046759268E+02   2.5921289036606149E-01
   10000.0000000000000000   1.5029311820553124E+02   2.5716227872885150E-01
   11000.0000000000000000   1.6328887171988907E+02   2.3667821161249980E-01
   12000.0000000000000000   1.7615530206258049E+02   2.1935203352209900E-01
   13000.0000000000000000   1.8889444014854047E+02   2.0596176019558821E-01
   14000.0000000000000000   2.0154391358981576E+02   1.9268090834969701E-01
   15000.0000000000000000   2.1409194135040642E+02   1.8152443756943756E-01
   16000.0000000000000000   2.2654621522426703E+02   1.7182675721272686E-01
   17000.0000000000000000   2.3891537770767357E+02   1.6460491911353811E-01
   18000.0000000000000000   2.5121909096030780E+02   1.5622679366954842E-01
   19000.0000000000000000   2.6344212664269219E+02   1.4888619997096122E-01
   20000.0000000000000000   2.7560869973304642E+02   1.4247745966286746E-01
   21000.0000000000000000   2.8770624822436849E+02   1.3698712494806559E-01
   22000.0000000000000000   2.9974129136607041E+02   1.3139611752549696E-01
   23000.0000000000000000   3.1174474332907920E+02   1.2604151436429026E-01
   24000.0000000000000000   3.2365913208261924E+02   1.2182124420113974E-01
   25000.0000000000000000   3.3554173139460693E+02   1.1772795297304006E-01
   26000.0000000000000000   3.4736766791197959E+02   1.1467653198857168E-01
   27000.0000000000000000   3.5914734240523717E+02   1.1110333433013909E-01
   27943.9989999999997963   3.7026181962095893E+02   1.0776513113722050E-01
   27944.0010000000002037   3.7026184259910411E+02   1.0776511238069783E-01
   28000.0000000000000000   3.7091444257783496E+02   1.0686164626489691E-01
   29000.0000000000000000   3.8261705698976522E+02   1.0430396800950077E-01
   30000.0000000000000000   3.9427944157296236E+02   1.0017505840876569E-01
   31000.0000000000000000   4.0590474154073132E+02   9.7753843706208321E-02
   32000.0000000000000000   4.1751530642257114E+02   9.4700837418603134E-02
   33000.0000000000000000   4.2904839142015720E+02   9.3385348966988288E-02
   34000.0000000000000000   4.4056246912324366E+02   9.1064604384946721E-02
   35000.0000000000000000   4.5207225834107686E+02   8.7500262809815474E-02
   36000.0000000000000000   4.6349650243652223E+02   8.7348883240095571E-02
   37000.0000000000000000   4.7491977702430768E+02   8.4418117021979433E-02
   38000.0000000000000000   4.8629600500435248E+02   8.1527604432945225E-02
   39000.0000000000000000   4.9767930154823034E+02   8.0774940679602891E-02
   40000.0000000000000000   5.0900816056103554E+02   7.8807012123928974E-02
   41000.0000000000000000   5.2030798006566249E+02   7.6852513841900713E-02
   42000.0000000000000000   5.3158674685893095E+02   7.6058706596573017E-02
   43000.0000000000000000   5.4287273683404317E+02   7.3611064942176882E-02
   44000.0000000000000000   5.5404424519984468E+02   7.2223432094434117E-02
   45000.0000000000000000   5.6530392880268073E+02   7.0342812021633241E-02
   46000.0000000000000000   5.7650991800675126E+02   6.8848619579631704E-02
   47000.0000000000000000   5.8764073767764069E+02   6.7839351226566036E-02
   48000.0000000000000000   5.9873015788990881E+02   6.6650930134122460E-02
   49000.0000000000000000   6.0981067286304187E+02   6.6835050185432926E-02
   50000.0000000000000000   6.2091371393429813E+02   6.5311215428664665E-02
