       0.1000000000000000   1.0000000000000000E+30
       0.2000000000000000   1.0000000000000000E+30
       0.3000000000000000   1.0000000000000000E+30
       0.4000000000000000   1.0000000000000000E+30
       0.5000000000000000   1.0000000000000000E+30
       0.6000000000000000   1.0000000000000000E+30
       0.7000000000000000   1.0000000000000000E+30
       0.7999999999999999   1.0000000000000000E+30
       0.8999999999999999   1.0000000000000000E+30
       0.9999999999999999   1.0000000000000000E+30
       2.0000000000000000   1.0000000000000000E+30
       3.0000000000000000   1.0000000000000000E+30
       4.0000000000000000   1.0000000000000000E+30
       5.0000000000000000   1.0000000000000000E+30
       6.0000000000000000   1.0000000000000000E+30
       7.0000000000000000   1.0000000000000000E+30
       8.0000000000000000   1.0000000000000000E+30
       9.0000000000000000   1.0000000000000000E+30
      10.0000000000000000   1.0000000000000000E+30
      11.0000000000000000   1.0000000000000000E+30
      12.0000000000000000   3.5164944279703764E+02
      13.0000000000000000   3.7651681382351325E+02
      14.0000000000000000   4.0384734861694653E+02
      15.0000000000000000   4.3258090513722078E+02
      16.0000000000000000   4.6338544378189357E+02
      17.0000000000000000   4.5125967799846859E+02
      18.0000000000000000   4.7380014041473180E+02
      19.0000000000000000   4.9511417273439469E+02
      20.0000000000000000   5.1983840467573782E+02
      21.0000000000000000   5.4339713458439678E+02
      22.0000000000000000   5.6769045224611693E+02
      23.0000000000000000   5.9605739196623927E+02
      24.0000000000000000   6.2388736991423900E+02
      25.0000000000000000   6.5361007764960470E+02
      26.0000000000000000   6.8426607078448592E+02
      27.0000000000000000   7.1820982837786107E+02
      28.0000000000000000   7.5178614526863305E+02
      29.0000000000000000   7.8723987825282427E+02
      30.0000000000000000   8.2364491914394932E+02
      31.0000000000000000   8.6347942379932044E+02
      32.0000000000000000   9.0144229787269069E+02
      33.0000000000000000   9.4403019030802795E+02
      34.0000000000000000   9.8503498101015794E+02
      35.0000000000000000   1.0308102387613742E+03
      36.0000000000000000   1.0787474039457327E+03
      37.0000000000000000   1.1228750646487499E+03
      38.0000000000000000   1.1736143777435145E+03
      39.0000000000000000   1.2225814326289292E+03
      40.0000000000000000   1.2740352268445843E+03
      41.0000000000000000   1.3289519820361475E+03
      42.0000000000000000   1.3860565529707574E+03
      43.0000000000000000   1.4388857879474654E+03
      44.0000000000000000   1.5006404830791985E+03
      45.0000000000000000   1.5597245372588309E+03
      46.0000000000000000   1.6189075431532312E+03
      47.0000000000000000   1.6814887760715571E+03
      48.0000000000000000   1.7457569963816129E+03
      49.0000000000000000   1.8101195958531202E+03
      50.0000000000000000   1.8770747190253276E+03
      51.0000000000000000   1.9437451470334715E+03
      52.0000000000000000   2.0135331381658268E+03
      53.0000000000000000   2.0889031297620913E+03
      54.0000000000000000   2.1612279393646700E+03
      55.0000000000000000   2.2328905450881280E+03
      56.0000000000000000   2.3090334024800327E+03
      57.0000000000000000   2.3880202887606565E+03
      58.0000000000000000   2.4712604005719886E+03
      59.0000000000000000   2.5446091961862344E+03
      60.0000000000000000   2.6267649958162647E+03
      61.0000000000000000   2.7125674343502765E+03
      62.0000000000000000   2.7984730130890175E+03
      63.0000000000000000   2.8896576014692046E+03
      64.0000000000000000   2.9736687007289597E+03
      65.0000000000000000   3.0609694072895595E+03
      66.0000000000000000   3.1569840638385876E+03
      67.0000000000000000   3.2519254434689824E+03
      68.0000000000000000   3.3474889009936505E+03
      69.0000000000000000   3.4461272151780281E+03
      70.0000000000000000   3.5366597263834315E+03
      71.0000000000000000   3.6395475916329101E+03
      72.0000000000000000   3.7419142345287851E+03
      73.0000000000000000   3.8475059962877222E+03
      74.0000000000000000   3.9550300360437432E+03
      75.0000000000000000   4.0509313183621816E+03
      76.0000000000000000   4.1606313562834321E+03
      77.0000000000000000   4.2736411288584159E+03
      78.0000000000000000   4.3941291016139612E+03
      79.0000000000000000   4.5017655412297281E+03
      80.0000000000000000   4.6249006538360982E+03
      81.0000000000000000   4.7486038945964310E+03
      82.0000000000000000   4.8487322059681328E+03
      83.0000000000000000   4.9774318051717892E+03
      84.0000000000000000   5.1057365260741890E+03
      85.0000000000000000   5.2255725048445411E+03
      86.0000000000000000   5.3530598813795586E+03
      87.0000000000000000   5.4880542719944888E+03
      88.0000000000000000   5.6331445628605716E+03
      89.0000000000000000   5.7388654385533073E+03
      90.0000000000000000   5.8788693346716109E+03
      91.0000000000000000   6.0164999107917574E+03
      92.0000000000000000   6.1567829682219044E+03
      93.0000000000000000   6.3105971554167436E+03
      94.0000000000000000   6.4334824009107169E+03
      95.0000000000000000   6.5840655664844962E+03
      96.0000000000000000   6.7389848173180808E+03
      97.0000000000000000   6.8660753324014713E+03
      98.0000000000000000   7.0222977224967235E+03
      99.0000000000000000   7.1691976345408775E+03
     100.0000000000000000   7.3331184004076740E+03
     110.0000000000000000   8.9983021497200571E+03
     120.0000000000000000   1.0864014729755332E+04
     130.0000000000000000   1.2961494932246947E+04
     140.0000000000000000   1.5267690125211477E+04
     150.0000000000000000   1.7814228785953164E+04
     160.0000000000000000   2.0667170192356949E+04
     170.0000000000000000   2.3699330430034694E+04
     180.0000000000000000   2.7081010711273957E+04
     190.0000000000000000   3.0594058517695928E+04
     200.0000000000000000   3.4524144332087606E+04
     210.0000000000000000   3.8563714528280645E+04
     220.0000000000000000   4.3052816325543921E+04
     230.0000000000000000   4.7835886956274626E+04
     240.0000000000000000   5.2862926369657449E+04
     250.0000000000000000   5.8427809872598977E+04
     260.0000000000000000   6.4170790435401352E+04
     270.0000000000000000   7.0352693080436176E+04
     280.0000000000000000   7.6568548263180041E+04
     287.9990000000000236   8.1914379280373454E+04
     288.0009999999999764   3.8165506637466233E+03
     290.0000000000000000   3.9323354932100874E+03
     300.0000000000000000   4.4655973628948950E+03
     310.0000000000000000   4.7922465913957367E+03
     320.0000000000000000   5.0537982111284527E+03
     330.0000000000000000   5.3214838118898979E+03
     340.0000000000000000   5.6368069702060066E+03
     350.0000000000000000   6.0138724703149628E+03
     360.0000000000000000   6.4132779906947644E+03
     370.0000000000000000   6.8857954548432972E+03
     380.0000000000000000   7.3451578117143745E+03
     390.0000000000000000   7.8154506720731642E+03
     400.0000000000000000   8.2728805982874055E+03
     410.0000000000000000   8.7885243275530120E+03
     420.0000000000000000   9.3073996902987310E+03
     430.0000000000000000   9.8483587408375206E+03
     440.0000000000000000   1.0417154168089612E+04
     450.0000000000000000   1.0993269152603787E+04
     460.0000000000000000   1.1583392478396239E+04
     470.0000000000000000   1.2228359719233946E+04
     480.0000000000000000   1.2943879526803514E+04
     490.0000000000000000   1.3611241978029646E+04
     500.0000000000000000   1.4290027354249987E+04
     510.0000000000000000   1.5047034656034743E+04
     520.0000000000000000   1.5824699580025879E+04
     530.0000000000000000   1.6634485353862870E+04
     540.0000000000000000   1.7441190888443547E+04
     550.0000000000000000   1.8279904352767360E+04
     560.0000000000000000   1.9160043384017790E+04
     570.0000000000000000   2.0046607965536215E+04
     580.0000000000000000   2.0954610061872983E+04
     590.0000000000000000   2.1915793846462006E+04
     600.0000000000000000   2.2965640878819097E+04
     610.0000000000000000   2.3934340913502208E+04
     620.0000000000000000   2.4957690787043543E+04
     630.0000000000000000   2.6025489289615231E+04
     640.0000000000000000   2.7188431286458286E+04
     650.0000000000000000   2.8277948182669064E+04
     660.0000000000000000   2.9554271986695556E+04
     670.0000000000000000   3.0661816649389795E+04
     680.0000000000000000   3.1905828462063910E+04
     690.0000000000000000   3.3174207375801343E+04
     700.0000000000000000   3.4618413378124256E+04
     710.0000000000000000   3.5868078139832724E+04
     720.0000000000000000   3.7179496377061922E+04
     730.0000000000000000   3.8575929930008177E+04
     740.0000000000000000   4.0122178469160826E+04
     750.0000000000000000   4.1533812334346985E+04
     760.0000000000000000   4.2966865395998240E+04
     770.0000000000000000   4.4615693839194268E+04
     780.0000000000000000   4.6155191334558236E+04
     790.0000000000000000   4.7742164139406530E+04
     800.0000000000000000   4.9506970857565750E+04
     810.0000000000000000   5.1167890482124916E+04
     820.0000000000000000   5.2885081056268864E+04
     830.0000000000000000   5.4804705764497870E+04
     840.0000000000000000   5.6484301106391256E+04
     850.0000000000000000   5.8504252514238331E+04
     860.0000000000000000   6.0264773456516908E+04
     870.0000000000000000   6.2150918539334700E+04
     880.0000000000000000   6.4276924625294698E+04
     890.0000000000000000   6.6159800359357134E+04
     900.0000000000000000   6.8413347329506287E+04
     910.0000000000000000   7.0304571685949559E+04
     920.0000000000000000   7.2403555919440420E+04
     930.0000000000000000   7.4751937082408156E+04
     940.0000000000000000   7.6916322540412162E+04
     950.0000000000000000   7.9361466769688777E+04
     960.0000000000000000   8.1617304556443531E+04
     970.0000000000000000   8.4203203560228721E+04
     980.0000000000000000   8.6353054740110456E+04
     990.0000000000000000   8.9043306143810740E+04
    1000.0000000000000000   9.1330663991743160E+04
    1100.0000000000000000   1.1963668427151437E+05
    1200.0000000000000000   1.5253169519115219E+05
    1300.0000000000000000   1.9220826944326385E+05
    1400.0000000000000000   2.3768533356835521E+05
    1500.0000000000000000   2.8906585789601976E+05
    1600.0000000000000000   3.4872826581261132E+05
    1700.0000000000000000   4.1529471414197452E+05
    1800.0000000000000000   4.9102979290812864E+05
    1900.0000000000000000   5.7495957897574606E+05
    2000.0000000000000000   6.6934330809802562E+05
    2100.0000000000000000   7.7435967554067203E+05
    2200.0000000000000000   8.8733558320419351E+05
    2300.0000000000000000   1.0133066664809339E+06
    2400.0000000000000000   1.1521949032766600E+06
    2500.0000000000000000   1.3032000151034894E+06
    2600.0000000000000000   1.4667672742892683E+06
    2700.0000000000000000   1.6366617091525255E+06
    2800.0000000000000000   1.8331377392122287E+06
    2900.0000000000000000   2.0349251982270156E+06
    3000.0000000000000000   2.2561061365985540E+06
    3100.0000000000000000   2.4867614863407589E+06
    3200.0000000000000000   2.7480255980869480E+06
    3300.0000000000000000   3.0090438499107528E+06
    3400.0000000000000000   3.2930334468774227E+06
    3500.0000000000000000   3.6043173554715780E+06
    3600.0000000000000000   3.9234869690080634E+06
    3700.0000000000000000   4.2779692346333424E+06
    3800.0000000000000000   4.6493016710060742E+06
    3900.0000000000000000   5.0198123503678152E+06
    4000.0000000000000000   5.4331815316346604E+06
    4100.0000000000000000   5.8480329159485782E+06
    4200.0000000000000000   6.3161164639588054E+06
    4300.0000000000000000   6.8006986584976828E+06
    4400.0000000000000000   7.3047743445640849E+06
    4500.0000000000000000   7.8036903676141603E+06
    4600.0000000000000000   8.3665450221238257E+06
    4700.0000000000000000   8.9427971377410442E+06
    4800.0000000000000000   9.5483054056674782E+06
    4900.0000000000000000   1.0194512533866189E+07
    5000.0000000000000000   1.0859613697850617E+07
    5100.0000000000000000   1.1504177436287116E+07
    5200.0000000000000000   1.2239318537244851E+07
    5300.0000000000000000   1.2985126430262422E+07
    5400.0000000000000000   1.3760851980425669E+07
    5500.0000000000000000   1.4574635593739711E+07
    5600.0000000000000000   1.5424149943461407E+07
    5700.0000000000000000   1.6312715406777631E+07
    5800.0000000000000000   1.7208842294548497E+07
    5900.0000000000000000   1.8246990464341078E+07
    6000.0000000000000000   1.9137721307503767E+07
    6100.0000000000000000   2.0234987698249206E+07
    6200.0000000000000000   2.1277172470202699E+07
    6300.0000000000000000   2.2343899100277100E+07
    6400.0000000000000000   2.3490145147149347E+07
    6500.0000000000000000   2.4623816385364495E+07
    6600.0000000000000000   2.5919343965587519E+07
    6700.0000000000000000   2.7140932212881915E+07
    6800.0000000000000000   2.8407647252026271E+07
    6900.0000000000000000   2.9869203991911825E+07
    7000.0000000000000000   3.1211434397558309E+07
    7100.0000000000000000   3.2622072310497161E+07
    7200.0000000000000000   3.4094694369259782E+07
    7300.0000000000000000   3.5554799129033625E+07
    7400.0000000000000000   3.7254897420958400E+07
    7500.0000000000000000   3.8794388565764681E+07
    7600.0000000000000000   4.0441856993740648E+07
    7700.0000000000000000   4.2106240581304677E+07
    7800.0000000000000000   4.3996836653134435E+07
    7900.0000000000000000   4.5719634505909018E+07
    8000.0000000000000000   4.7571388061740875E+07
    8100.0000000000000000   4.9483780153880253E+07
    8200.0000000000000000   5.1466870601004399E+07
    8300.0000000000000000   5.3495830731815539E+07
    8400.0000000000000000   5.5696511383482397E+07
    8500.0000000000000000   5.7734147398646161E+07
    8600.0000000000000000   6.0119018831550963E+07
    8700.0000000000000000   6.2222721197260253E+07
    8800.0000000000000000   6.4749373413879879E+07
    8900.0000000000000000   6.6980859070773862E+07
    9000.0000000000000000   6.9348949420760378E+07
    9100.0000000000000000   7.1825773132532775E+07
    9200.0000000000000000   7.4525763322745815E+07
    9300.0000000000000000   7.7451054544524327E+07
    9400.0000000000000000   7.9845093034961015E+07
    9500.0000000000000000   8.2433632000091910E+07
    9600.0000000000000000   8.5457545934313789E+07
    9700.0000000000000000   8.8230928599948242E+07
    9800.0000000000000000   9.1031564345555604E+07
    9900.0000000000000000   9.4232286236496598E+07
   10000.0000000000000000   9.7122464692984268E+07
   11000.0000000000000000   1.3220741179909509E+08
   12000.0000000000000000   1.7606310195166200E+08
   13000.0000000000000000   2.2713256329732829E+08
   14000.0000000000000000   2.8895299550130987E+08
   15000.0000000000000000   3.6159898611117035E+08
   16000.0000000000000000   4.4638893299985117E+08
   17000.0000000000000000   5.4374706617897081E+08
   18000.0000000000000000   6.5627269786700678E+08
   19000.0000000000000000   7.8521061212745953E+08
   20000.0000000000000000   9.3117364937363982E+08
   21000.0000000000000000   1.0904439952159071E+09
   22000.0000000000000000   1.2684973537695727E+09
   23000.0000000000000000   1.4720632278508482E+09
   24000.0000000000000000   1.6955923904655876E+09
   25000.0000000000000000   1.9425803205339286E+09
   26000.0000000000000000   2.2050944834667358E+09
   27000.0000000000000000   2.4965828095626836E+09
   28000.0000000000000000   2.8308281759009223E+09
   29000.0000000000000000   3.1726927783289390E+09
   30000.0000000000000000   3.5401186529847369E+09
   31000.0000000000000000   3.9438150346689668E+09
   32000.0000000000000000   4.3925362560802975E+09
   33000.0000000000000000   4.8523749433739128E+09
   34000.0000000000000000   5.3596195576612730E+09
   35000.0000000000000000   5.9015787181344776E+09
   36000.0000000000000000   6.4826583410038929E+09
   37000.0000000000000000   7.1035909160075722E+09
   38000.0000000000000000   7.7678410055660591E+09
   39000.0000000000000000   8.4842242421911211E+09
   40000.0000000000000000   9.2427025652193756E+09
   41000.0000000000000000   9.9968313276631050E+09
   42000.0000000000000000   1.0842070241902428E+10
   43000.0000000000000000   1.1748924817973104E+10
   44000.0000000000000000   1.2658366042207384E+10
   45000.0000000000000000   1.3633076385366341E+10
   46000.0000000000000000   1.4696343294121714E+10
   47000.0000000000000000   1.5799732356053745E+10
   48000.0000000000000000   1.6952255939623077E+10
   49000.0000000000000000   1.8102908520573357E+10
   50000.0000000000000000   1.9383856615093948E+10
