       0.1000000000000000   2.3745289662967171E+01   1.2263775332744084E-03
       0.2000000000000000   2.0863371590262865E+01   2.4000609160920051E-03
       0.3000000000000000   1.9887990301494760E+01   3.5675425184730231E-03
       0.4000000000000000   1.9500061642423127E+01   4.6837445799780110E-03
       0.5000000000000000   1.9293382792992091E+01   5.7878083261406121E-03
       0.6000000000000000   1.9174669775851658E+01   6.8814850294151584E-03
       0.7000000000000000   1.9107776581301653E+01   7.9664013827187973E-03
       0.7999999999999999   1.9072613939618929E+01   9.0436647931699792E-03
       0.8999999999999999   1.9059925260283357E+01   1.0110956122716227E-02
       0.9999999999999999   1.9060795651298967E+01   1.1172754230047264E-02
       2.0000000000000000   1.9345772826845177E+01   2.1466377308361033E-02
       3.0000000000000000   1.9700633643587008E+01   3.1380453977506780E-02
       4.0000000000000000   2.0004151356381481E+01   4.1106131723455161E-02
       5.0000000000000000   2.0242970511437456E+01   5.0775043960378824E-02
       6.0000000000000000   2.0421092010350698E+01   6.0485013962730372E-02
       7.0000000000000000   2.0547020063982629E+01   7.0301363510625145E-02
       8.0000000000000000   2.0627740765456466E+01   8.0276169471772657E-02
       9.0000000000000000   2.0669687564825889E+01   9.0450564823623916E-02
      10.0000000000000000   2.0677928126314981E+01   1.0086093590928064E-01
      11.0000000000000000   2.0657084427387900E+01   1.1153692948049711E-01
      12.0000000000000000   2.0610949137172181E+01   1.2250417896895156E-01
      13.0000000000000000   2.0543010291556250E+01   1.3378422040243651E-01
      14.0000000000000000   2.0455844867611734E+01   1.4539964327689528E-01
      15.0000000000000000   2.0351776950083991E+01   1.5737117301784523E-01
      16.0000000000000000   2.0232942244118274E+01   1.6971690329606939E-01
      17.0000000000000000   2.0100997369132454E+01   1.8245647444078125E-01
      18.0000000000000000   1.9957554207577800E+01   1.9560793096473836E-01
      19.0000000000000000   1.9803893635145986E+01   2.0918941496760260E-01
      20.0000000000000000   1.9641184064229499E+01   2.2321971754181469E-01
      21.0000000000000000   1.9470410651928102E+01   2.3771814782085973E-01
      22.0000000000000000   1.9292500396997500E+01   2.5270346102686170E-01
      23.0000000000000000   1.9108254927697288E+01   2.6819515327710530E-01
      24.0000000000000000   1.8918345540970289E+01   2.8421421433305250E-01
      25.0000000000000000   1.8723389099432673E+01   3.0078202776387009E-01
      26.0000000000000000   1.8523931149472688E+01   3.1792099142307223E-01
      27.0000000000000000   1.8320453166805400E+01   3.3565460073524828E-01
      28.0000000000000000   1.8113390230406441E+01   3.5400743725514672E-01
      29.0000000000000000   1.7903114356902897E+01   3.7300560027298862E-01
      30.0000000000000000   1.7689970843111109E+01   3.9267652129890357E-01
      31.0000000000000000   1.7474251293927427E+01   4.1304940453948352E-01
      32.0000000000000000   1.7256233796131482E+01   4.3415489131591384E-01
      33.0000000000000000   1.7036148631818914E+01   4.5602579204483074E-01
      34.0000000000000000   1.6814209911191782E+01   4.7869684995733963E-01
      35.0000000000000000   1.6590605208197431E+01   5.0220501646511151E-01
      36.0000000000000000   1.6365502448754764E+01   5.2658960204157323E-01
      37.0000000000000000   1.6139051373584959E+01   5.5189245862082492E-01
      38.0000000000000000   1.5911387409122328E+01   5.7815816239166340E-01
      39.0000000000000000   1.5682630263535074E+01   6.0543422272514347E-01
      40.0000000000000000   1.5452890118050847E+01   6.3377122670255004E-01
      41.0000000000000000   1.5222265481365577E+01   6.6322313097126506E-01
      42.0000000000000000   1.4990846638990558E+01   6.9384742587743164E-01
      43.0000000000000000   1.4758717856264512E+01   7.2570537643417221E-01
      44.0000000000000000   1.4525958408835033E+01   7.5886216808163898E-01
      45.0000000000000000   1.4292642508709829E+01   7.9338726215089705E-01
      46.0000000000000000   1.4058842844787186E+01   8.2935450780958309E-01
      47.0000000000000000   1.3824631310268266E+01   8.6684236846620288E-01
      48.0000000000000000   1.3590080487814879E+01   9.0593409300130212E-01
      49.0000000000000000   1.3355265413510576E+01   9.4671785991437873E-01
      50.0000000000000000   1.3120265004458146E+01   9.8928686649298769E-01
      51.0000000000000000   1.2885163536146356E+01   1.0337393648048905E+00
      52.0000000000000000   1.2650053046077666E+01   1.0801785922707416E+00
      53.0000000000000000   1.2415034689969191E+01   1.1287125984717445E+00
      54.0000000000000000   1.2180221004987867E+01   1.1794539223855947E+00
      55.0000000000000000   1.1945737677442363E+01   1.2325191040174810E+00
      56.0000000000000000   1.1711726141480669E+01   1.2880279804977892E+00
      57.0000000000000000   1.1478346742872001E+01   1.3461023551602544E+00
      58.0000000000000000   1.1245778170147439E+01   1.4068652354610653E+00
      59.0000000000000000   1.1014221382971957E+01   1.4704388081898210E+00
      60.0000000000000000   1.0783903399419621E+01   1.5369419173049175E+00
      61.0000000000000000   1.0555075207327826E+01   1.6064881535570859E+00
      62.0000000000000000   1.0328015542704160E+01   1.6791822407469790E+00
      63.0000000000000000   1.0103030968546735E+01   1.7551165265409674E+00
      64.0000000000000000   9.8804553583346646E+00   1.8343668945898248E+00
      65.0000000000000000   9.6606486793817883E+00   1.9169883047078649E+00
      66.0000000000000000   9.4439942674329096E+00   2.0030101143485441E+00
      67.0000000000000000   9.2308946590688894E+00   2.0924313957217127E+00
      68.0000000000000000   9.0217658820350000E+00   2.1852165275763418E+00
      69.0000000000000000   8.8170301777081583E+00   2.2812913914207473E+00
      70.0000000000000000   8.6171073515463892E+00   2.3805405228803331E+00
      71.0000000000000000   8.4224050974812208E+00   2.4828055600015650E+00
      72.0000000000000000   8.2333088089004960E+00   2.5878852618217176E+00
      73.0000000000000000   8.0501714432702531E+00   2.6955372714824497E+00
      74.0000000000000000   7.8733041450974577E+00   2.8054816509803957E+00
      75.0000000000000000   7.7029681893713464E+00   2.9174060884847153E+00
      76.0000000000000000   7.5393692878548650E+00   3.0309722981881300E+00
      77.0000000000000000   7.3826533476679543E+00   3.1458236982702039E+00
      78.0000000000000000   7.2329055511428439E+00   3.2615932355821382E+00
      79.0000000000000000   7.0901513675940908E+00   3.3779113651199135E+00
      80.0000000000000000   6.9543597584155350E+00   3.4944135440723678E+00
      81.0000000000000000   6.8254480708552139E+00   3.6107469179786551E+00
      82.0000000000000000   6.7032881539515241E+00   3.7265759533840717E+00
      83.0000000000000000   6.5877131703254985E+00   3.8415868858810343E+00
      84.0000000000000000   6.4785246663447484E+00   3.9554909583041247E+00
      85.0000000000000000   6.3754995392414076E+00   4.0680265057310026E+00
      86.0000000000000000   6.2783965759757629E+00   4.1789600057439005E+00
      87.0000000000000000   6.1869623843646835E+00   4.2880862512649029E+00
      88.0000000000000000   6.1009366293831908E+00   4.3952277821720145E+00
      89.0000000000000000   6.0200564316775402E+00   4.5002338177794980E+00
      90.0000000000000000   5.9440600701458228E+00   4.6029787395795694E+00
      91.0000000000000000   5.8726899416260059E+00   4.7033603346879156E+00
      92.0000000000000000   5.8056948679431555E+00   4.8012978805497992E+00
      93.0000000000000000   5.7428318325543852E+00   4.8967301653496280E+00
      94.0000000000000000   5.6838672266619925E+00   4.9896135130647359E+00
      95.0000000000000000   5.6285776843876114E+00   5.0799198640523411E+00
      96.0000000000000000   5.5767505814384766E+00   5.1676349468513108E+00
      97.0000000000000000   5.5281842633266516E+00   5.2527565645051135E+00
      98.0000000000000000   5.4826880595978285E+00   5.3352930090526653E+00
      99.0000000000000000   5.4400821419340977E+00   5.4152616097245838E+00
     100.0000000000000000   5.4001972444368427E+00   5.4926874168551079E+00
     110.0000000000000000   5.1204840680001666E+00   6.1360987854512059E+00
     120.0000000000000000   4.9883477397431424E+00   6.5777792514572964E+00
     130.0000000000000000   4.9429279526407974E+00   6.8687742233097575E+00
     140.0000000000000000   4.9514551283093695E+00   7.0503047642353502E+00
     150.0000000000000000   4.9952622853992006E+00   7.1528227533203221E+00
     160.0000000000000000   5.0631108360397867E+00   7.1982645563971639E+00
     170.0000000000000000   5.1478983136290912E+00   7.2023770938970237E+00
     180.0000000000000000   5.2449473169797285E+00   7.1765170617912801E+00
     190.0000000000000000   5.3510683551404687E+00   7.1289374753728625E+00
     200.0000000000000000   5.4640214142342698E+00   7.0656859644779981E+00
     210.0000000000000000   5.5821932749378353E+00   6.9912296520045443E+00
     220.0000000000000000   5.6968668826494149E+00   6.9361148475614165E+00
     230.0000000000000000   5.8262280137503648E+00   6.8384100571344089E+00
     240.0000000000000000   5.9561594675121290E+00   6.7434126509173380E+00
     250.0000000000000000   6.0865285407941885E+00   6.6511961157946882E+00
     260.0000000000000000   6.2172304429860112E+00   6.5617778675174394E+00
     270.0000000000000000   6.3481816981744013E+00   6.4751365490681740E+00
     280.0000000000000000   6.4793151790354324E+00   6.3912244857043570E+00
     287.9990000000000236   6.5855240150627674E+00   6.3219535028814651E+00
     288.0009999999999764   6.5855551633301550E+00   6.3219211255077363E+00
     290.0000000000000000   6.6166750787370781E+00   6.2897367840573253E+00
     300.0000000000000000   6.7477502664520150E+00   6.2119607082064254E+00
     310.0000000000000000   6.8845469469132512E+00   6.1180266779840773E+00
     320.0000000000000000   7.0209666566400468E+00   6.0279242548613601E+00
     330.0000000000000000   7.1570118259022593E+00   5.9414216059609792E+00
     340.0000000000000000   7.2926866209446892E+00   5.8583038404802981E+00
     350.0000000000000000   7.4279964350262819E+00   5.7783719221770475E+00
     360.0000000000000000   7.5629475409612485E+00   5.7014414683089409E+00
     370.0000000000000000   7.6975468124040036E+00   5.6273416071602789E+00
     380.0000000000000000   7.8318015001289059E+00   5.5559139432678446E+00
     390.0000000000000000   7.9702781271821799E+00   5.4729617568835556E+00
     400.0000000000000000   8.1037397309225323E+00   5.4068839602047198E+00
     402.9990000000000236   8.1477087971035012E+00   5.3753438059663141E+00
     403.0009999999999764   8.1477381040816521E+00   5.3753229042789270E+00
     410.0000000000000000   8.2412526251677853E+00   5.3298091099457077E+00
     420.0000000000000000   8.3739653729539310E+00   5.2684842504141960E+00
     430.0000000000000000   8.5105663116398969E+00   5.1966511834300837E+00
     440.0000000000000000   8.6466994588378139E+00   5.1273922159188254E+00
     450.0000000000000000   8.7783101722958019E+00   5.0724310604167133E+00
     460.0000000000000000   8.9136047546423409E+00   5.0076085321385637E+00
     470.0000000000000000   9.0484679696873940E+00   4.9449778601707957E+00
     480.0000000000000000   9.1829113831368954E+00   4.8844247301765389E+00
     490.0000000000000000   9.3169461370832121E+00   4.8258428153739699E+00
     500.0000000000000000   9.4505829753699437E+00   4.7691330531643752E+00
     510.0000000000000000   9.5838322608200261E+00   4.7142030112533320E+00
     520.0000000000000000   9.7167039958874817E+00   4.6609663162230799E+00
     530.0000000000000000   9.8492078220160373E+00   4.6093421931418650E+00
     540.0000000000000000   9.9813530147166105E+00   4.5592550493995558E+00
     550.0000000000000000   1.0113148525246558E+01   4.5106340076227021E+00
     560.0000000000000000   1.0244602964460361E+01   4.4634125971733525E+00
     570.0000000000000000   1.0379126615552456E+01   4.4085073028793600E+00
     580.0000000000000000   1.0509872418229627E+01   4.3640826546790121E+00
     590.0000000000000000   1.0640301798513498E+01   4.3208747422366489E+00
     600.0000000000000000   1.0773713121259087E+01   4.2703198070573096E+00
     610.0000000000000000   1.0903481867468500E+01   4.2295559004265613E+00
     620.0000000000000000   1.1032956381012706E+01   4.1898564946268833E+00
     630.0000000000000000   1.1165325063522642E+01   4.1431252309483151E+00
     640.0000000000000000   1.1294182001351389E+01   4.1055753753466453E+00
     650.0000000000000000   1.1422764741313413E+01   4.0689621505288036E+00
     660.0000000000000000   1.1554153986608933E+01   4.0256112960731452E+00
     670.0000000000000000   1.1682158087423543E+01   3.9908992824389786E+00
     680.0000000000000000   1.1812923408992861E+01   3.9496280325265429E+00
     690.0000000000000000   1.1940372928629925E+01   3.9166703478649261E+00
     700.0000000000000000   1.2070538001457711E+01   3.8773244106129381E+00
     710.0000000000000000   1.2200405269450265E+01   3.8389434475607418E+00
     720.0000000000000000   1.2327042708364388E+01   3.8084291558779828E+00
     730.0000000000000000   1.2456342424250680E+01   3.7717673287233016E+00
     740.0000000000000000   1.2582479785465695E+01   3.7426974685219849E+00
     750.0000000000000000   1.2711232692669642E+01   3.7076346025045730E+00
     760.0000000000000000   1.2839712806959646E+01   3.6733788561184091E+00
     770.0000000000000000   1.2965114582579226E+01   3.6463350748026313E+00
     780.0000000000000000   1.3093076309512194E+01   3.6135170652533808E+00
     790.0000000000000000   1.3220779656727967E+01   3.5814253441575281E+00
     800.0000000000000000   1.3348230092901591E+01   3.5500325131311876E+00
     810.0000000000000000   1.3472696644392721E+01   3.5254094913080687E+00
     820.0000000000000000   1.3599661687955479E+01   3.4952736399285569E+00
     830.0000000000000000   1.3726385947786907E+01   3.4657712622470349E+00
     840.0000000000000000   1.3852872607642894E+01   3.4368831974934735E+00
     850.0000000000000000   1.3979124162853481E+01   3.4085924025825580E+00
     860.0000000000000000   1.4102500593137728E+01   3.3865870021918019E+00
     870.0000000000000000   1.4228306448686071E+01   3.3593610101120412E+00
     880.0000000000000000   1.4353888992643521E+01   3.3326772588957079E+00
     890.0000000000000000   1.4479250768029837E+01   3.3065208502832664E+00
     900.0000000000000000   1.4604394578577178E+01   3.2808767964333487E+00
     910.0000000000000000   1.4729323671470850E+01   3.2557296383159611E+00
     920.0000000000000000   1.4854041601280091E+01   3.2310637443553558E+00
     930.0000000000000000   1.4976027577479263E+01   3.2120967559425528E+00
     940.0000000000000000   1.5100347492560823E+01   3.1882858838153165E+00
     950.0000000000000000   1.5224465377081826E+01   3.1649166067689416E+00
     960.0000000000000000   1.5348383906311629E+01   3.1419766783513410E+00
     970.0000000000000000   1.5472105813237112E+01   3.1194540769601642E+00
     980.0000000000000000   1.5595633854335627E+01   3.0973370624672021E+00
     990.0000000000000000   1.5718970773520970E+01   3.0756142379394618E+00
    1000.0000000000000000   1.5842119261771689E+01   3.0542746143494863E+00
    1100.0000000000000000   1.7066090457817683E+01   2.8554577862789334E+00
    1200.0000000000000000   1.8273466071545048E+01   2.6863252856170585E+00
    1300.0000000000000000   1.9468199914652875E+01   2.5368859108029755E+00
    1400.0000000000000000   2.0649506772479153E+01   2.4066945237339987E+00
    1500.0000000000000000   2.1820623472635166E+01   2.2890418956343010E+00
    1600.0000000000000000   2.2982402426185519E+01   2.1818537617419582E+00
    1700.0000000000000000   2.4133792433786841E+01   2.0861177979873493E+00
    1800.0000000000000000   2.5275538111597584E+01   2.0001156472142547E+00
    1900.0000000000000000   2.6410189294964724E+01   1.9198786664689680E+00
    2000.0000000000000000   2.7536391436349536E+01   1.8470676197599414E+00
    2100.0000000000000000   2.8654744796188741E+01   1.7806104281446660E+00
    2200.0000000000000000   2.9765749276592775E+01   1.7196703100860617E+00
    2300.0000000000000000   3.0869757630355775E+01   1.6636678344087281E+00
    2400.0000000000000000   3.1968889823441295E+01   1.6099775747613285E+00
    2500.0000000000000000   3.3061781823340255E+01   1.5602396787137978E+00
    2600.0000000000000000   3.4148706713321531E+01   1.5140683036747931E+00
    2700.0000000000000000   3.5229953823052000E+01   1.4710918960704442E+00
    2800.0000000000000000   3.6307324730439696E+01   1.4293621326437254E+00
    2900.0000000000000000   3.7378039436009665E+01   1.3918414578275291E+00
    3000.0000000000000000   3.8445371236487759E+01   1.3550932081061871E+00
    3100.0000000000000000   3.9508068958507089E+01   1.3204565129433228E+00
    3200.0000000000000000   4.0564476659550465E+01   1.2895104570417708E+00
    3300.0000000000000000   4.1618192779009000E+01   1.2587644648143277E+00
    3400.0000000000000000   4.2667754957245769E+01   1.2296626831007760E+00
    3500.0000000000000000   4.3713179012860415E+01   1.2021925294373190E+00
    3600.0000000000000000   4.4754712041114878E+01   1.1761357241172836E+00
    3700.0000000000000000   4.5794225089268835E+01   1.1498910073509065E+00
    3800.0000000000000000   4.6828127634059186E+01   1.1265916738145505E+00
    3900.0000000000000000   4.7858896130809242E+01   1.1041334269554450E+00
    4000.0000000000000000   4.8887804746830803E+01   1.0814248270038131E+00
    4100.0000000000000000   4.9911691988527743E+01   1.0611615824649541E+00
    4200.0000000000000000   5.0933931301989929E+01   1.0405430040989390E+00
    4300.0000000000000000   5.1952790487127885E+01   1.0210257166206587E+00
    4400.0000000000000000   5.2967325249018849E+01   1.0033675641546882E+00
    4500.0000000000000000   5.3980839370489427E+01   9.8503262457008045E-01
    4600.0000000000000000   5.4990559544150415E+01   9.6807508670241182E-01
    4700.0000000000000000   5.5998456311236843E+01   9.5115920490478612E-01
    4800.0000000000000000   5.7003608994124924E+01   9.3493272250072412E-01
    4900.0000000000000000   5.8003954379063515E+01   9.2086085977227705E-01
    5000.0000000000000000   5.9003307878407789E+01   9.0620080680288173E-01
    5100.0000000000000000   6.0000333007362784E+01   8.9197863918393072E-01
    5200.0000000000000000   6.0996437603175451E+01   8.7722758155548308E-01
    5300.0000000000000000   6.1989221873532124E+01   8.6366113226767360E-01
    5400.0000000000000000   6.2979376059944293E+01   8.5075924478648990E-01
    5500.0000000000000000   6.3966270400137631E+01   8.3890646847132366E-01
    5600.0000000000000000   6.4951526899881884E+01   8.2709846019930033E-01
    5700.0000000000000000   6.5935581768102196E+01   8.1512518160259928E-01
    5800.0000000000000000   6.6916912646971113E+01   8.0379849091338418E-01
    5900.0000000000000000   6.7897337975723190E+01   7.9222561963160953E-01
    6000.0000000000000000   6.8873324951293569E+01   7.8237814533136951E-01
    6100.0000000000000000   6.9848605209925992E+01   7.7212657340324808E-01
    6200.0000000000000000   7.0823966005236770E+01   7.6099223906002300E-01
    6300.0000000000000000   7.1794572086659983E+01   7.5181640740418287E-01
    6400.0000000000000000   7.2764069604884199E+01   7.4239763018768801E-01
    6500.0000000000000000   7.3731569281235963E+01   7.3346274785315779E-01
    6600.0000000000000000   7.4698642131455856E+01   7.2395124782055509E-01
    6700.0000000000000000   7.5662942235132235E+01   7.1528810919911290E-01
    6800.0000000000000000   7.6626121947458003E+01   7.0652191281768262E-01
    6900.0000000000000000   7.7586534620134515E+01   6.9853414273006587E-01
    7000.0000000000000000   7.8546080914703211E+01   6.9035791573409744E-01
    7100.0000000000000000   7.9502913769463632E+01   6.8292307997673563E-01
    7200.0000000000000000   8.0461019544316940E+01   6.7426011239537254E-01
    7300.0000000000000000   8.1415630602336307E+01   6.6676630151722416E-01
    7400.0000000000000000   8.2368691510093143E+01   6.5943769136355501E-01
    7500.0000000000000000   8.3319179995769204E+01   6.5275374259233254E-01
    7600.0000000000000000   8.4270100718244777E+01   6.4536096343172000E-01
    7700.0000000000000000   8.5219271696410217E+01   6.3829140527576145E-01
    7800.0000000000000000   8.6164791492789405E+01   6.3230285458219770E-01
    7900.0000000000000000   8.7112149579728509E+01   6.2508841004483062E-01
    8000.0000000000000000   8.8055057129297410E+01   6.1938880284775333E-01
    8100.0000000000000000   8.9000556415190715E+01   6.1188365354208973E-01
    8200.0000000000000000   8.9939944909217218E+01   6.0677174988269589E-01
    8300.0000000000000000   9.0882485007858492E+01   5.9983518316323237E-01
    8400.0000000000000000   9.1818109019772493E+01   5.9548374764912249E-01
    8500.0000000000000000   9.2757943849094758E+01   5.8870826531106513E-01
    8600.0000000000000000   9.3695008502464589E+01   5.8277270288590699E-01
    8700.0000000000000000   9.4628235783445717E+01   5.7814363022250848E-01
    8800.0000000000000000   9.5563800934975333E+01   5.7207439368755220E-01
    8900.0000000000000000   9.6497367425076888E+01   5.6631564851138894E-01
    9000.0000000000000000   9.7425000517055963E+01   5.6274385165321328E-01
    9100.0000000000000000   9.8356472937480760E+01   5.5713414331194111E-01
    9200.0000000000000000   9.9286802147994337E+01   5.5165104845070734E-01
    9300.0000000000000000   1.0021613801336616E+02   5.4620416793544224E-01
    9400.0000000000000000   1.0114280225050163E+02   5.4147244806796069E-01
    9500.0000000000000000   1.0206604687408600E+02   5.3771922766822489E-01
    9600.0000000000000000   1.0298941541627140E+02   5.3352744892723258E-01
    9700.0000000000000000   1.0391343544503830E+02   5.2872211373245825E-01
    9800.0000000000000000   1.0483652809438573E+02   5.2394036770480767E-01
    9900.0000000000000000   1.0575818689129942E+02   5.1938493184617207E-01
   10000.0000000000000000   1.0667852096923686E+02   5.1501604752528307E-01
   11000.0000000000000000   1.1582496409468423E+02   4.7573156397123378E-01
   12000.0000000000000000   1.2487292782006027E+02   4.4389843318114119E-01
   13000.0000000000000000   1.3384390183339903E+02   4.1440663452387400E-01
   14000.0000000000000000   1.4273429870996193E+02   3.8945997598797577E-01
   15000.0000000000000000   1.5155403803330694E+02   3.6811343846333372E-01
   16000.0000000000000000   1.6031019664547227E+02   3.4858066562018086E-01
   17000.0000000000000000   1.6901008342555477E+02   3.3076784664874748E-01
   18000.0000000000000000   1.7764878320070434E+02   3.1576453248817260E-01
   19000.0000000000000000   1.8624544487990897E+02   3.0045033684295763E-01
   20000.0000000000000000   1.9477993854564727E+02   2.8895744314970523E-01
   21000.0000000000000000   2.0327098760630341E+02   2.7829840501853320E-01
   22000.0000000000000000   2.1173315945492692E+02   2.6567866239380833E-01
   23000.0000000000000000   2.2014908570605172E+02   2.5610650319767986E-01
   24000.0000000000000000   2.2851794759137729E+02   2.4718031233458376E-01
   25000.0000000000000000   2.3685086062902189E+02   2.3961137985859793E-01
   26000.0000000000000000   2.4514921181117737E+02   2.3268219464759898E-01
   27000.0000000000000000   2.5342693056383337E+02   2.2361211884945345E-01
   28000.0000000000000000   2.6166715002107287E+02   2.1741537127783711E-01
   29000.0000000000000000   2.6987223086185395E+02   2.1202035889756340E-01
   30000.0000000000000000   2.7805663625194217E+02   2.0383371615717544E-01
   31000.0000000000000000   2.8620847164605783E+02   1.9861423660512986E-01
   32000.0000000000000000   2.9434399252050088E+02   1.9250113914905284E-01
   33000.0000000000000000   3.0242691291055672E+02   1.8985467289845132E-01
   34000.0000000000000000   3.1049789504795172E+02   1.8504608516017504E-01
   35000.0000000000000000   3.1856101679112231E+02   1.7849877814956561E-01
   36000.0000000000000000   3.2658567911813498E+02   1.7509387765198639E-01
   37000.0000000000000000   3.3458444175768886E+02   1.7168267220548949E-01
   38000.0000000000000000   3.4256051152413914E+02   1.6669919561653609E-01
   39000.0000000000000000   3.5052604736144724E+02   1.6294136629303954E-01
   40000.0000000000000000   3.5848341161652991E+02   1.5864447754408761E-01
   41000.0000000000000000   3.6637867565889547E+02   1.5608077248756225E-01
   42000.0000000000000000   3.7429084259383865E+02   1.5384679699473855E-01
   43000.0000000000000000   3.8217552008294939E+02   1.4931997214922813E-01
   44000.0000000000000000   3.9003028731619878E+02   1.4719872958369246E-01
   45000.0000000000000000   3.9789470436482236E+02   1.4442876388569664E-01
   46000.0000000000000000   4.0572861399928212E+02   1.4067880178906259E-01
   47000.0000000000000000   4.1350392295094900E+02   1.3980336969399151E-01
   48000.0000000000000000   4.2130603997309646E+02   1.3671591981036360E-01
   49000.0000000000000000   4.2909518906631962E+02   1.3429119141954207E-01
   50000.0000000000000000   4.3687451979344070E+02   1.3131232049925884E-01
