       0.1000000000000000   5.0348022968071473E+02   5.8727024341305686E-05
       0.2000000000000000   4.1788265174496155E+02   1.2452197948512563E-04
       0.3000000000000000   3.7636140142216749E+02   2.0060054513469696E-04
       0.4000000000000000   3.4935128130879787E+02   2.8442555280684619E-04
       0.5000000000000000   3.2755206564178303E+02   3.7870101897025772E-04
       0.6000000000000000   3.0883922578725804E+02   4.8392673162766836E-04
       0.7000000000000000   2.9230850362919767E+02   6.0058214503355754E-04
       0.7999999999999999   2.7745353925267102E+02   7.2903848499101317E-04
       0.8999999999999999   2.6401792874140614E+02   8.6929229920529566E-04
       0.9999999999999999   2.5172950301099837E+02   1.0218958628724810E-03
       2.0000000000000000   1.7057539935676280E+02   3.2205306443210111E-03
       3.0000000000000000   1.2945674048997489E+02   6.5618207458240929E-03
       4.0000000000000000   1.0540101947017993E+02   1.0894318868048135E-02
       5.0000000000000000   8.9721183660442918E+01   1.6096852396476274E-02
       6.0000000000000000   7.8675789613232695E+01   2.2084449722120880E-02
       7.0000000000000000   7.0452240685964682E+01   2.8791645429914227E-02
       8.0000000000000000   6.4069137215904036E+01   3.6169196473500045E-02
       9.0000000000000000   5.8953179453102351E+01   4.4178808409855490E-02
      10.0000000000000000   5.4746096079762701E+01   5.2791834857677696E-02
      11.0000000000000000   5.1214440946183814E+01   6.1985811762404190E-02
      12.0000000000000000   4.8198800524837850E+01   7.1742549655141111E-02
      13.0000000000000000   4.5587330051515799E+01   8.2047897396554381E-02
      14.0000000000000000   4.3297657312089655E+01   9.2892664370451031E-02
      15.0000000000000000   4.1268773090867818E+01   1.0427087937647800E-01
      16.0000000000000000   3.9454671062234134E+01   1.1617799281700787E-01
      17.0000000000000000   3.7819246382499948E+01   1.2861342579757612E-01
      18.0000000000000000   3.6334388476729067E+01   1.4157803426503029E-01
      19.0000000000000000   3.4977579833326431E+01   1.5507476791683961E-01
      20.0000000000000000   3.3730571174826153E+01   1.6910909396476725E-01
      21.0000000000000000   3.2578413199122650E+01   1.8368853252766104E-01
      22.0000000000000000   3.1508887810819868E+01   1.9882165173125615E-01
      23.0000000000000000   3.0511768470932342E+01   2.1451886669631554E-01
      24.0000000000000000   2.9578400774718858E+01   2.3079311593862994E-01
      25.0000000000000000   2.8701495002236364E+01   2.4765871153734201E-01
      26.0000000000000000   2.7874828615623152E+01   2.6513179182791119E-01
      27.0000000000000000   2.7093060694910104E+01   2.8323032649890700E-01
      28.0000000000000000   2.6351591140337870E+01   3.0197403965779474E-01
      29.0000000000000000   2.5646408906807974E+01   3.2138469720975016E-01
      30.0000000000000000   2.4974027925288688E+01   3.4148594529403486E-01
      31.0000000000000000   2.4331378452558425E+01   3.6230361519961768E-01
      32.0000000000000000   2.3715777177504272E+01   3.8386542026569481E-01
      33.0000000000000000   2.3124834902967308E+01   4.0620155895077542E-01
      34.0000000000000000   2.2556438696512654E+01   4.2934449984438822E-01
      35.0000000000000000   2.2008706009871901E+01   4.5332919274258804E-01
      36.0000000000000000   2.1479956041303549E+01   4.7819320138804666E-01
      37.0000000000000000   2.0968683162474186E+01   5.0397685306928774E-01
      38.0000000000000000   2.0473535434481747E+01   5.3072339854166706E-01
      39.0000000000000000   1.9993294964155378E+01   5.5847919381299194E-01
      40.0000000000000000   1.9526865501753743E+01   5.8729383858695616E-01
      41.0000000000000000   1.9073254506932237E+01   6.1722043234322321E-01
      42.0000000000000000   1.8631564481667809E+01   6.4831573245904972E-01
      43.0000000000000000   1.8200982794334880E+01   6.8064038468518995E-01
      44.0000000000000000   1.7780774874437164E+01   7.1425905263003886E-01
      45.0000000000000000   1.7370273253824330E+01   7.4924075650415134E-01
      46.0000000000000000   1.6968874724586783E+01   7.8565898315890137E-01
      47.0000000000000000   1.6576034206453016E+01   8.2359189948020195E-01
      48.0000000000000000   1.6191260669427905E+01   8.6312251847689103E-01
      49.0000000000000000   1.5814113430299622E+01   9.0433883433678874E-01
      50.0000000000000000   1.5444199381906774E+01   9.4733390685561392E-01
      51.0000000000000000   1.5081170335351640E+01   9.9220588866637038E-01
      52.0000000000000000   1.4724721621524099E+01   1.0390579541563176E+00
      53.0000000000000000   1.4374590644867977E+01   1.0879981207700233E+00
      54.0000000000000000   1.4030556046754695E+01   1.1391389223597093E+00
      55.0000000000000000   1.3692436946358528E+01   1.1925969165213059E+00
      56.0000000000000000   1.3360093123486413E+01   1.2484919806342836E+00
      57.0000000000000000   1.3033426610159969E+01   1.3069459744895280E+00
      58.0000000000000000   1.2712378193390313E+01   1.3680819770570392E+00
      59.0000000000000000   1.2396930095295364E+01   1.4320222593612233E+00
      60.0000000000000000   1.2087108290171896E+01   1.4988857631266137E+00
      61.0000000000000000   1.1782978035679328E+01   1.5687861837848043E+00
      62.0000000000000000   1.1484646526264525E+01   1.6418283582126263E+00
      63.0000000000000000   1.1192261100465105E+01   1.7181047538685199E+00
      64.0000000000000000   1.0906007271755097E+01   1.7976913784672517E+00
      65.0000000000000000   1.0626105737487913E+01   1.8806433194918382E+00
      66.0000000000000000   1.0352808020759857E+01   1.9669900641961633E+00
      67.0000000000000000   1.0086390642525918E+01   2.0567308154386317E+00
      68.0000000000000000   9.8271477602933661E+00   2.1498300823956842E+00
      69.0000000000000000   9.5753823251175874E+00   2.2462138753411827E+00
      70.0000000000000000   9.3313960240439684E+00   2.3457668565229799E+00
      71.0000000000000000   9.0954783506606454E+00   2.4483307868287381E+00
      72.0000000000000000   8.8678954361569389E+00   2.5537045440175512E+00
      73.0000000000000000   8.6488792559243297E+00   2.6616458851066369E+00
      74.0000000000000000   8.4386179441643741E+00   2.7718749807111824E+00
      75.0000000000000000   8.2372477814174818E+00   2.8840796219353266E+00
      76.0000000000000000   8.0448479233076196E+00   2.9979216211694233E+00
      77.0000000000000000   7.8614367970600290E+00   3.1130444888432267E+00
      78.0000000000000000   7.6869721141998424E+00   3.2290812594356471E+00
      79.0000000000000000   7.5213529095381961E+00   3.3456624711901872E+00
      80.0000000000000000   7.3644238261451767E+00   3.4624236607204129E+00
      81.0000000000000000   7.2159810574402554E+00   3.5790120497508147E+00
      82.0000000000000000   7.0757793979737666E+00   3.6950921782967279E+00
      83.0000000000000000   6.9435398631955918E+00   3.8103503534299636E+00
      84.0000000000000000   6.8189573894221684E+00   3.9244978876322096E+00
      85.0000000000000000   6.7017082394638905E+00   4.0372731843842464E+00
      86.0000000000000000   6.5914568173189618E+00   4.1484427886733188E+00
      87.0000000000000000   6.4878617064807385E+00   4.2578015600447401E+00
      88.0000000000000000   6.3905808975901186E+00   4.3651721044189031E+00
      89.0000000000000000   6.2992760353359714E+00   4.4704037066191447E+00
      90.0000000000000000   6.2136159182397401E+00   4.5733708131166662E+00
      91.0000000000000000   6.1332791686648012E+00   4.6739712755398273E+00
      92.0000000000000000   6.0579562186221949E+00   4.7721244353290446E+00
      93.0000000000000000   5.9873506987378251E+00   4.8677691440974575E+00
      94.0000000000000000   5.9211803259866134E+00   4.9608617886233857E+00
      95.0000000000000000   5.8591773808490917E+00   5.0513743713695352E+00
      96.0000000000000000   5.8010888560594029E+00   5.1392926822155243E+00
      97.0000000000000000   5.7466763489782737E+00   5.2246145847134766E+00
      98.0000000000000000   5.6957157585352647E+00   5.3073484304624374E+00
      99.0000000000000000   5.6479968422539946E+00   5.3875116074640426E+00
     100.0000000000000000   5.6033226654864761E+00   5.4651292236578852E+00
     110.0000000000000000   5.2889436677303046E+00   6.1103183905136058E+00
     120.0000000000000000   5.1369655815172193E+00   6.5535551423933098E+00
     130.0000000000000000   5.0794080870114167E+00   6.8459247095665345E+00
     140.0000000000000000   5.0801905314831002E+00   7.0286791811759768E+00
     150.0000000000000000   5.1189500726808426E+00   7.1322947601009012E+00
     160.0000000000000000   5.1835062595274213E+00   7.1787271074397738E+00
     170.0000000000000000   5.2661977604337329E+00   7.1837386415330480E+00
     180.0000000000000000   5.3619971554306591E+00   7.1586986530407000E+00
     190.0000000000000000   5.4674857510941655E+00   7.1118705029171663E+00
     200.0000000000000000   5.5802677676923187E+00   7.0493104023430524E+00
     210.0000000000000000   5.6986207629062466E+00   6.9754926554281056E+00
     220.0000000000000000   5.8135134320443145E+00   6.9209310412804772E+00
     230.0000000000000000   5.9438780169185153E+00   6.8236973143772790E+00
     240.0000000000000000   6.0749046156649031E+00   6.7291393974215392E+00
     250.0000000000000000   6.2064469501021202E+00   6.6373339669033156E+00
     260.0000000000000000   6.3383892181172943E+00   6.5483012049559655E+00
     270.0000000000000000   6.4706389150257673E+00   6.4620221663030035E+00
     280.0000000000000000   6.6031214333379289E+00   6.3784512889507274E+00
     287.9990000000000236   6.7104883200298291E+00   6.3094392926536980E+00
     288.0009999999999764   6.7105199367139683E+00   6.3094069785688731E+00
     290.0000000000000000   6.7421080169215344E+00   6.2772855386880924E+00
     300.0000000000000000   6.8746034766161364E+00   6.1998138224950265E+00
     310.0000000000000000   7.0130690716745825E+00   6.1061680177235598E+00
     320.0000000000000000   7.1511709886642905E+00   6.0163389836912087E+00
     330.0000000000000000   7.2889099291406696E+00   5.9300960472110562E+00
     340.0000000000000000   7.4262885916110859E+00   5.8472253571183677E+00
     350.0000000000000000   7.5633111150794168E+00   5.7675288120668418E+00
     360.0000000000000000   7.6999826952708608E+00   5.6908228724811067E+00
     370.0000000000000000   7.8363092762210478E+00   5.6169374291870016E+00
     380.0000000000000000   7.9722973021138515E+00   5.5457147781536928E+00
     390.0000000000000000   8.1126769061636104E+00   5.4629588281526837E+00
     400.0000000000000000   8.2478766103498025E+00   5.3970690640601928E+00
     402.9990000000000236   8.2925114400493047E+00   5.3655837810639602E+00
     403.0009999999999764   8.2925411908295885E+00   5.3655629157421840E+00
     410.0000000000000000   8.3872881685965943E+00   5.3201745655672070E+00
     420.0000000000000000   8.5217423739807554E+00   5.2590228555924812E+00
     430.0000000000000000   8.6602369853529488E+00   5.1873561748622734E+00
     440.0000000000000000   8.7982598147352569E+00   5.1182572335831580E+00
     450.0000000000000000   8.9316128663925749E+00   5.0634501155303271E+00
     460.0000000000000000   9.0687916459356099E+00   4.9987759782722252E+00
     470.0000000000000000   9.2055350174555883E+00   4.9362883671514313E+00
     480.0000000000000000   9.3418545737944694E+00   4.8758732604575128E+00
     490.0000000000000000   9.4777614916847472E+00   4.8174246025970344E+00
     500.0000000000000000   9.6132665561079325E+00   4.7608435826721358E+00
     510.0000000000000000   9.7483801764494249E+00   4.7060380023410335E+00
     520.0000000000000000   9.8831124063808247E+00   4.6529217059451877E+00
     530.0000000000000000   1.0017472941851166E+01   4.6014141215120778E+00
     540.0000000000000000   1.0151471114792127E+01   4.5514398458411804E+00
     550.0000000000000000   1.0285115935153227E+01   4.5029281785444004E+00
     560.0000000000000000   1.0418416073235321E+01   4.4558128145582314E+00
     570.0000000000000000   1.0554898054482612E+01   4.4010103937900240E+00
     580.0000000000000000   1.0687480526352269E+01   4.3566855915903506E+00
     590.0000000000000000   1.0819743183118465E+01   4.3135746341188828E+00
     600.0000000000000000   1.0955096175141609E+01   4.2631138911403044E+00
     610.0000000000000000   1.1086689683240744E+01   4.2224415345823720E+00
     620.0000000000000000   1.1217985780164863E+01   4.1828311503168525E+00
     630.0000000000000000   1.1352280353313908E+01   4.1361864866833802E+00
     640.0000000000000000   1.1482950845963314E+01   4.0987209106168967E+00
     650.0000000000000000   1.1613344168685011E+01   4.0621897401626672E+00
     660.0000000000000000   1.1746644366934012E+01   4.0189188049889424E+00
     670.0000000000000000   1.1876451482988209E+01   3.9842846607572246E+00
     680.0000000000000000   1.2009118088173949E+01   3.9430893110127032E+00
     690.0000000000000000   1.2138363358219687E+01   3.9102056336764934E+00
     700.0000000000000000   1.2270420381039170E+01   3.8709318833262474E+00
     710.0000000000000000   1.2402174784521096E+01   3.8326213554558213E+00
     720.0000000000000000   1.2530596804103165E+01   3.8021758124609804E+00
     730.0000000000000000   1.2661774795951692E+01   3.7655811094691973E+00
     740.0000000000000000   1.2789690199409138E+01   3.7365768078198585E+00
     750.0000000000000000   1.2920312835608218E+01   3.7015779907912547E+00
     760.0000000000000000   1.3050658237183699E+01   3.6673848371862108E+00
     770.0000000000000000   1.3177827953234180E+01   3.6404022432685141E+00
     780.0000000000000000   1.3307646849563950E+01   3.6076440641783245E+00
     790.0000000000000000   1.3437203163498008E+01   3.5756108628050183E+00
     800.0000000000000000   1.3566502471059293E+01   3.5442752848553973E+00
     810.0000000000000000   1.3692723789244619E+01   3.5197082915626683E+00
     820.0000000000000000   1.3821530071063513E+01   3.4896272843879550E+00
     830.0000000000000000   1.3950091664948010E+01   3.4601786050323633E+00
     840.0000000000000000   1.4078411794977216E+01   3.4313431294964230E+00
     850.0000000000000000   1.4206492976145778E+01   3.4031038498806079E+00
     860.0000000000000000   1.4331608643826890E+01   3.3811489245488628E+00
     870.0000000000000000   1.4459237144220351E+01   3.3539723995589674E+00
     880.0000000000000000   1.4586638697227857E+01   3.3273371383856447E+00
     890.0000000000000000   1.4713815873882551E+01   3.3012282724170938E+00
     900.0000000000000000   1.4840771516011566E+01   3.2756308422508309E+00
     910.0000000000000000   1.4967508924822392E+01   3.2505294161485989E+00
     920.0000000000000000   1.5094031720270710E+01   3.2259083887370696E+00
     930.0000000000000000   1.5217737029172385E+01   3.2069854265748869E+00
     940.0000000000000000   1.5343855624907258E+01   3.1832177645836692E+00
     950.0000000000000000   1.5469768891613672E+01   3.1598909048069750E+00
     960.0000000000000000   1.5595479546258746E+01   3.1369926231507113E+00
     970.0000000000000000   1.5720990366529952E+01   3.1145109195228957E+00
     980.0000000000000000   1.5846304155442285E+01   3.0924340744983061E+00
     990.0000000000000000   1.5971423704067540E+01   3.0707507110775119E+00
    1000.0000000000000000   1.6096351749814488E+01   3.0494498594329724E+00
    1100.0000000000000000   1.7338032938942675E+01   2.8509866088351083E+00
    1200.0000000000000000   1.8562844760609330E+01   2.6821555389057852E+00
    1300.0000000000000000   1.9774839519590639E+01   2.5329764790414218E+00
    1400.0000000000000000   2.0973184212260058E+01   2.4030123776507084E+00
    1500.0000000000000000   2.2161199462627668E+01   2.2855600760487391E+00
    1600.0000000000000000   2.3339748521169778E+01   2.1785499593582291E+00
    1700.0000000000000000   2.4507733964287162E+01   2.0829733286633023E+00
    1800.0000000000000000   2.5665912681305887E+01   1.9971146968887836E+00
    1900.0000000000000000   2.6816904189559139E+01   1.9170077244351102E+00
    2000.0000000000000000   2.7959303265144715E+01   1.8443150463058224E+00
    2100.0000000000000000   2.9093721459592015E+01   1.7779661198720491E+00
    2200.0000000000000000   3.0220667629538781E+01   1.7171254374369689E+00
    2300.0000000000000000   3.1340499610866196E+01   1.6612146333834521E+00
    2400.0000000000000000   3.2455397228518329E+01   1.6076091798652115E+00
    2500.0000000000000000   3.3563949737136824E+01   1.5579499876619529E+00
    2600.0000000000000000   3.4666434362152359E+01   1.5118518668377798E+00
    2700.0000000000000000   3.5763145441226065E+01   1.4689438253951197E+00
    2800.0000000000000000   3.6855935920764146E+01   1.4272780260510387E+00
    2900.0000000000000000   3.7941937871567859E+01   1.3898173360185315E+00
    3000.0000000000000000   3.9024521226096724E+01   1.3531254613973249E+00
    3100.0000000000000000   4.0102393971926226E+01   1.3185418562696900E+00
    3200.0000000000000000   4.1173847528281506E+01   1.2876458916594420E+00
    3300.0000000000000000   4.2242587009975558E+01   1.2569472455332362E+00
    3400.0000000000000000   4.3307103551219598E+01   1.2278902901116040E+00
    3500.0000000000000000   4.4367411435457512E+01   1.2004626439764838E+00
    3600.0000000000000000   4.5423763336602867E+01   1.1744462073559079E+00
    3700.0000000000000000   4.6478084845052202E+01   1.1482398820057362E+00
    3800.0000000000000000   4.7526675704514233E+01   1.1249771080680437E+00
    3900.0000000000000000   4.8572085374064152E+01   1.1025537203437459E+00
    4000.0000000000000000   4.9615624753242308E+01   1.0798783979889932E+00
    4100.0000000000000000   5.0654036104072070E+01   1.0596469574546448E+00
    4200.0000000000000000   5.1690792730068019E+01   1.0390588077146019E+00
    4300.0000000000000000   5.2724109269756660E+01   1.0195706630470038E+00
    4400.0000000000000000   5.3753012075715695E+01   1.0019404494284716E+00
    4500.0000000000000000   5.4780902595392483E+01   9.8363231968782538E-01
    4600.0000000000000000   5.5804923593821357E+01   9.6670053144431034E-01
    4700.0000000000000000   5.6827103446224037E+01   9.4980940228683197E-01
    4800.0000000000000000   5.7846493044991114E+01   9.3360673377950054E-01
    4900.0000000000000000   5.8860966869485388E+01   9.1955779993729847E-01
    5000.0000000000000000   5.9874453123487662E+01   9.0491984050015628E-01
    5100.0000000000000000   6.0885574680893647E+01   8.9071897702192371E-01
    5200.0000000000000000   6.1895780414891533E+01   8.7598847675099434E-01
    5300.0000000000000000   6.2902598464025239E+01   8.6244187759457713E-01
    5400.0000000000000000   6.3906738895876302E+01   8.4955916979493074E-01
    5500.0000000000000000   6.4907552618126218E+01   8.3772493694894590E-01
    5600.0000000000000000   6.5906709100817224E+01   8.2593486784954506E-01
    5700.0000000000000000   6.6904656813706140E+01   8.1397895391803732E-01
    5800.0000000000000000   6.7899827698923502E+01   8.0266908122465885E-01
    5900.0000000000000000   6.8894093435494469E+01   7.9111250731477378E-01
    6000.0000000000000000   6.9883816183170680E+01   7.8128083415835570E-01
    6100.0000000000000000   7.0872837409929048E+01   7.7104459002189596E-01
    6200.0000000000000000   7.1861967040149921E+01   7.5992513159158381E-01
    6300.0000000000000000   7.2846226543261437E+01   7.5076374414751212E-01
    6400.0000000000000000   7.3829369274442598E+01   7.4135899842047892E-01
    6500.0000000000000000   7.4810479246149740E+01   7.3243775272158684E-01
    6600.0000000000000000   7.5791173330705149E+01   7.2293951130957779E-01
    6700.0000000000000000   7.6769036032432197E+01   7.1428926917645164E-01
    6800.0000000000000000   7.7745767979151324E+01   7.0553562214523136E-01
    6900.0000000000000000   7.8719673650032675E+01   6.9756006843705609E-01
    7000.0000000000000000   7.9692709263799458E+01   6.8939573824691902E-01
    7100.0000000000000000   8.0662973058124095E+01   6.8197249240079127E-01
    7200.0000000000000000   8.1634568206234036E+01   6.7332081984478753E-01
    7300.0000000000000000   8.2602586584970766E+01   6.6583802048860463E-01
    7400.0000000000000000   8.3569029584775976E+01   6.5852014915035928E-01
    7500.0000000000000000   8.4532844607652393E+01   6.5184667673671126E-01
    7600.0000000000000000   8.5497124169288767E+01   6.4446412121097418E-01
    7700.0000000000000000   8.6459621932753635E+01   6.3740454322081064E-01
    7800.0000000000000000   8.7418380441741334E+01   6.3142573802568747E-01
    7900.0000000000000000   8.8379049785133660E+01   6.2422081269669549E-01
    8000.0000000000000000   8.9335156563177108E+01   6.1853050639625684E-01
    8100.0000000000000000   9.0293949044593930E+01   6.1103444727851419E-01
    8200.0000000000000000   9.1246469627589718E+01   6.0593143034800934E-01
    8300.0000000000000000   9.2202251566013459E+01   5.9900355381520132E-01
    8400.0000000000000000   9.3150932361257532E+01   5.9466061854846042E-01
    8500.0000000000000000   9.4103964117913407E+01   5.8789345282531402E-01
    8600.0000000000000000   9.5054161432766222E+01   5.8196602940985998E-01
    8700.0000000000000000   9.6000425747691068E+01   5.7734492391407355E-01
    8800.0000000000000000   9.6949112488519489E+01   5.7128348821803432E-01
    8900.0000000000000000   9.7895758203146755E+01   5.6553238282925522E-01
    9000.0000000000000000   9.8836313136558232E+01   5.6196806976047209E-01
    9100.0000000000000000   9.9780835043322980E+01   5.5636569405232894E-01
    9200.0000000000000000   1.0072419572909870E+02   5.5088978530894372E-01
    9300.0000000000000000   1.0166654922880785E+02   5.4544994884685682E-01
    9400.0000000000000000   1.0260616814595127E+02   5.4072513523785770E-01
    9500.0000000000000000   1.0354228255431259E+02   5.3697868740038623E-01
    9600.0000000000000000   1.0447853907785431E+02   5.3279355146101182E-01
    9700.0000000000000000   1.0541548043148924E+02   5.2799473308794687E-01
    9800.0000000000000000   1.0635148156695413E+02   5.2321938153559944E-01
    9900.0000000000000000   1.0728602109617029E+02   5.1867022129927853E-01
   10000.0000000000000000   1.0821921116875917E+02   5.1430749710778667E-01
   11000.0000000000000000   1.1749328393281638E+02   4.7507891831290355E-01
   12000.0000000000000000   1.2666723327411768E+02   4.4329305392500917E-01
   13000.0000000000000000   1.3576305224979674E+02   4.1384177631166835E-01
   14000.0000000000000000   1.4477695087748793E+02   3.8893026637692507E-01
   15000.0000000000000000   1.5371905267291410E+02   3.6761452584322685E-01
   16000.0000000000000000   1.6259656795122794E+02   3.4810897375582395E-01
   17000.0000000000000000   1.7141695498067318E+02   3.3032039918725958E-01
   18000.0000000000000000   1.8017510515997552E+02   3.1533882471200109E-01
   19000.0000000000000000   1.8889067011452508E+02   3.0004424013420083E-01
   20000.0000000000000000   1.9754290336346889E+02   2.8856913260554690E-01
   21000.0000000000000000   2.0615102819596564E+02   2.7792630377363653E-01
   22000.0000000000000000   2.1472999498015170E+02   2.6532139821045519E-01
   23000.0000000000000000   2.2326191064608346E+02   2.5576287420556648E-01
   24000.0000000000000000   2.3174590761523137E+02   2.4684925969149041E-01
   25000.0000000000000000   2.4019339445069997E+02   2.3929196571341277E-01
   26000.0000000000000000   2.4860577596394634E+02   2.3237358421330367E-01
   27000.0000000000000000   2.5699735713215927E+02   2.2331356569600846E-01
   28000.0000000000000000   2.6535077396310788E+02   2.1712620517251618E-01
   29000.0000000000000000   2.7366843780387336E+02   2.1173997567903927E-01
   30000.0000000000000000   2.8196520625009572E+02   2.0356156924689439E-01
   31000.0000000000000000   2.9022883353997173E+02   1.9834982984707281E-01
   32000.0000000000000000   2.9847602182778377E+02   1.9224402073508082E-01
   33000.0000000000000000   3.0666944706844981E+02   1.8960443018681150E-01
   34000.0000000000000000   3.1485090965527058E+02   1.8480234023349920E-01
   35000.0000000000000000   3.2302459112371486E+02   1.7826118398875856E-01
   36000.0000000000000000   3.3115901866071835E+02   1.7486211482591563E-01
   37000.0000000000000000   3.3926709736379473E+02   1.7145644599491253E-01
   38000.0000000000000000   3.4735211571145010E+02   1.6647823350540403E-01
   39000.0000000000000000   3.5542656671143629E+02   1.6272541577205549E-01
   40000.0000000000000000   3.6349287089666041E+02   1.5843330418084001E-01
   41000.0000000000000000   3.7149557478079919E+02   1.5587415822518358E-01
   42000.0000000000000000   3.7951589735539898E+02   1.5364453864724439E-01
   43000.0000000000000000   3.8750819069909585E+02   1.4912188006676858E-01
   44000.0000000000000000   3.9546996005332727E+02   1.4700462646511134E-01
   45000.0000000000000000   4.0344187064333255E+02   1.4423848371923861E-01
   46000.0000000000000000   4.1138263157571481E+02   1.4049218890491996E-01
   47000.0000000000000000   4.1926335657943514E+02   1.3962027791476228E-01
   48000.0000000000000000   4.2717184560126185E+02   1.3653621168747657E-01
   49000.0000000000000000   4.3506720135205256E+02   1.3411473754537970E-01
   50000.0000000000000000   4.4295265685689856E+02   1.3113899888611275E-01
