       0.1000000000000000   1.0000000000000000E+30
       0.2000000000000000   1.0000000000000000E+30
       0.3000000000000000   1.0000000000000000E+30
       0.4000000000000000   1.0000000000000000E+30
       0.5000000000000000   1.0000000000000000E+30
       0.6000000000000000   1.0000000000000000E+30
       0.7000000000000000   1.0000000000000000E+30
       0.7999999999999999   1.0000000000000000E+30
       0.8999999999999999   1.0000000000000000E+30
       0.9999999999999999   1.0000000000000000E+30
       2.0000000000000000   1.0000000000000000E+30
       3.0000000000000000   1.0000000000000000E+30
       4.0000000000000000   1.0000000000000000E+30
       5.0000000000000000   1.0000000000000000E+30
       6.0000000000000000   1.0000000000000000E+30
       7.0000000000000000   1.0000000000000000E+30
       7.9989999999999997   1.0000000000000000E+30
       8.0000000000000000   1.0471587680632633E+03
       8.0009999999999994   1.0468846424948363E+03
       9.0000000000000000   8.1713911496276535E+02
      10.0000000000000000   6.5290216084607471E+02
      11.0000000000000000   5.3168454129666395E+02
      12.0000000000000000   4.3979144294981012E+02
      13.0000000000000000   3.6858298459824493E+02
      14.0000000000000000   3.1238993365153323E+02
      15.0000000000000000   2.6736727757920391E+02
      16.0000000000000000   2.3083262446744700E+02
      17.0000000000000000   2.0086851391482327E+02
      18.0000000000000000   1.7607483932736153E+02
      19.0000000000000000   1.5540995249929870E+02
      20.0000000000000000   1.3808592047852665E+02
      21.0000000000000000   1.2349782565075569E+02
      22.0000000000000000   1.1117502681681043E+02
      23.0000000000000000   1.0074691752700595E+02
      24.0000000000000000   9.1918455001032100E+01
      25.0000000000000000   8.4452398575948365E+01
      26.0000000000000000   7.8156234729374688E+01
      27.0000000000000000   7.2872426902550771E+01
      28.0000000000000000   6.8471057854229358E+01
      29.0000000000000000   6.4844216373736472E+01
      30.0000000000000000   6.1901671242978331E+01
      31.0000000000000000   5.9567505811338577E+01
      32.0000000000000000   5.7777476917169103E+01
      33.0000000000000000   5.6476925309367260E+01
      34.0000000000000000   5.5619109776441881E+01
      35.0000000000000000   5.5163869563946754E+01
      36.0000000000000000   5.5076543172303886E+01
      37.0000000000000000   5.5327088873284083E+01
      38.0000000000000000   5.5889365053314307E+01
      39.0000000000000000   5.6740538030980630E+01
      40.0000000000000000   5.7860592181446144E+01
      41.0000000000000000   5.9231922655495758E+01
      42.0000000000000000   6.0838995153126959E+01
      43.0000000000000000   6.2668060425209426E+01
      44.0000000000000000   6.4706913668562919E+01
      45.0000000000000000   6.6944690924246061E+01
      46.0000000000000000   6.9371696115332767E+01
      47.0000000000000000   7.1979253565717954E+01
      48.0000000000000000   7.4759581798358994E+01
      49.0000000000000000   7.7705685174999601E+01
      50.0000000000000000   8.0811260551906457E+01
      51.0000000000000000   8.4070616619750368E+01
      52.0000000000000000   8.7478603995380155E+01
      53.0000000000000000   9.1030554458185492E+01
      54.0000000000000000   9.4722227989089987E+01
      55.0000000000000000   9.8549766487766277E+01
      56.0000000000000000   1.0250965322272417E+02
      57.0000000000000000   1.0659867721684867E+02
      58.0000000000000000   1.1081390189361424E+02
      59.0000000000000000   1.1515263741124056E+02
      60.0000000000000000   1.1961241619723661E+02
      61.0000000000000000   1.2419097126710922E+02
      62.0000000000000000   1.2888621697093734E+02
      63.0000000000000000   1.3369623186199939E+02
      64.0000000000000000   1.3861924342430439E+02
      65.0000000000000000   1.4365361443202673E+02
      66.0000000000000000   1.4879783074456199E+02
      67.0000000000000000   1.5405049036708456E+02
      68.0000000000000000   1.5941029362883745E+02
      69.0000000000000000   1.6487603435051491E+02
      70.0000000000000000   1.7044659188851909E+02
      71.0000000000000000   1.7612092395799354E+02
      72.0000000000000000   1.8189806014871263E+02
      73.0000000000000000   1.8777709605842563E+02
      74.0000000000000000   1.9375718797736064E+02
      75.0000000000000000   1.9983754806549510E+02
      76.0000000000000000   2.0601743997106979E+02
      77.0000000000000000   2.1229617484480323E+02
      78.0000000000000000   2.1867310770948666E+02
      79.0000000000000000   2.2514763414920191E+02
      79.9989999999999952   2.3171256744829751E+02
      80.0000000000000000   2.3171918728640210E+02
      80.0010000000000048   2.3172580722099872E+02
      81.0000000000000000   2.3838723501860304E+02
      81.9989999999999952   2.4514446565646051E+02
      82.0000000000000000   2.4515127748951230E+02
      82.0010000000000048   2.4515808941808663E+02
      83.0000000000000000   2.5201084477213908E+02
      84.0000000000000000   2.5896549474381663E+02
      85.0000000000000000   2.6601481113518275E+02
      86.0000000000000000   2.7315840173703231E+02
      87.0000000000000000   2.8039589675060796E+02
      88.0000000000000000   2.8772694726836471E+02
      89.0000000000000000   2.9515122387354705E+02
      90.0000000000000000   3.0266841534807804E+02
      91.0000000000000000   3.1027822747928832E+02
      92.0000000000000000   3.1798038195694102E+02
      93.0000000000000000   3.2577461535282481E+02
      94.0000000000000000   3.3366067817592727E+02
      95.0000000000000000   3.4163833399685745E+02
      96.0000000000000000   3.4970735863577625E+02
      97.0000000000000000   3.5786753940862633E+02
      98.0000000000000000   3.6611867442692392E+02
      99.0000000000000000   3.7446057194681009E+02
     100.0000000000000000   3.8289304976343686E+02
     110.0000000000000000   4.7216545688831309E+02
     120.0000000000000000   5.7034868858905975E+02
     126.9989999999999952   6.4432041019659164E+02
     127.0010000000000048   6.4434216362964889E+02
     130.0000000000000000   6.7735634605360428E+02
     140.0000000000000000   7.9313173695604223E+02
     150.0000000000000000   9.1763641117106863E+02
     160.0000000000000000   1.0508435447795455E+03
     170.0000000000000000   1.1927339631774587E+03
     180.0000000000000000   1.3432936652988683E+03
     190.0000000000000000   1.5025122346617163E+03
     200.0000000000000000   1.6703817919364822E+03
     210.0000000000000000   1.8468962879470223E+03
     220.0000000000000000   2.0320510162813473E+03
     230.0000000000000000   2.2258422708749576E+03
     240.0000000000000000   2.4282671013000499E+03
     250.0000000000000000   2.6393231351499971E+03
     260.0000000000000000   2.8590084472895746E+03
     270.0000000000000000   3.0873214623531940E+03
     280.0000000000000000   3.3242608811684422E+03
     290.0000000000000000   3.5698256246232140E+03
     300.0000000000000000   3.8240147904053297E+03
     310.0000000000000000   4.0868276193482784E+03
     320.0000000000000000   4.3582634690204486E+03
     330.0000000000000000   4.6383217928293270E+03
     340.0000000000000000   4.9270021233628004E+03
     350.0000000000000000   5.2243040590133205E+03
     360.0000000000000000   5.5302272531658946E+03
     370.0000000000000000   5.8447714054032394E+03
     380.0000000000000000   6.1679362543092211E+03
     390.0000000000000000   6.4997215715470220E+03
     400.0000000000000000   6.8401271569603987E+03
     410.0000000000000000   7.1891528345008519E+03
     420.0000000000000000   7.5467984488253878E+03
     430.0000000000000000   7.9130638624415142E+03
     440.0000000000000000   8.2879489533011965E+03
     450.0000000000000000   8.6714536127648444E+03
     460.0000000000000000   9.0635777438716977E+03
     470.0000000000000000   9.4643212598649825E+03
     480.0000000000000000   9.8736840829299381E+03
     490.0000000000000000   1.0291666143110180E+04
     500.0000000000000000   1.0718267377374264E+04
     510.0000000000000000   1.1153487728809107E+04
     520.0000000000000000   1.1597327145920872E+04
     530.0000000000000000   1.2049785582027351E+04
     540.0000000000000000   1.2510862994728359E+04
     550.0000000000000000   1.2980559345442887E+04
     560.0000000000000000   1.3458874599003622E+04
     570.0000000000000000   1.3945808723300799E+04
     580.0000000000000000   1.4441361688968638E+04
     590.0000000000000000   1.4945533469108736E+04
     600.0000000000000000   1.5458324039045367E+04
     610.0000000000000000   1.5979733376108676E+04
     620.0000000000000000   1.6509761459442168E+04
     630.0000000000000000   1.7048408269831380E+04
     640.0000000000000000   1.7595673789551147E+04
     650.0000000000000000   1.8151558002229216E+04
     660.0000000000000000   1.8716060892724177E+04
     670.0000000000000000   1.9289182447016075E+04
     680.0000000000000000   1.9870922652108220E+04
     690.0000000000000000   2.0461281495938809E+04
     700.0000000000000000   2.1060258967301401E+04
     710.0000000000000000   2.1667855055773151E+04
     720.0000000000000000   2.2284069751649971E+04
     730.0000000000000000   2.2908903045887815E+04
     740.0000000000000000   2.3542354930049591E+04
     750.0000000000000000   2.4184425396256916E+04
     760.0000000000000000   2.4835114437146251E+04
     770.0000000000000000   2.5494422045829120E+04
     780.0000000000000000   2.6162348215855738E+04
     790.0000000000000000   2.6838892941181952E+04
     800.0000000000000000   2.7524056216138990E+04
     810.0000000000000000   2.8217838035405817E+04
     820.0000000000000000   2.8920238393983887E+04
     830.0000000000000000   2.9631257287173896E+04
     840.0000000000000000   3.0350894710554654E+04
     850.0000000000000000   3.1079150659963459E+04
     860.0000000000000000   3.1816025131478207E+04
     870.0000000000000000   3.2561518121400917E+04
     880.0000000000000000   3.3315629626242509E+04
     890.0000000000000000   3.4078359642708827E+04
     900.0000000000000000   3.4849708167687684E+04
     910.0000000000000000   3.5629675198236953E+04
     920.0000000000000000   3.6418260731573537E+04
     930.0000000000000000   3.7215464765063138E+04
     937.9990000000000236   3.7859352469519057E+04
     938.0009999999999764   3.7859514151135059E+04
     940.0000000000000000   3.8021287296210852E+04
     950.0000000000000000   3.8835728322652401E+04
     957.9990000000000236   3.9493403894443160E+04
     958.0009999999999764   3.9493569023456577E+04
     960.0000000000000000   3.9658787842145961E+04
     970.0000000000000000   4.0490465852564725E+04
     980.0000000000000000   4.1330762351889789E+04
     990.0000000000000000   4.2179677338203684E+04
    1000.0000000000000000   4.3037210809684409E+04
    1100.0000000000000000   5.2086561865792704E+04
    1102.9990000000000236   5.2371262878342866E+04
    1103.0009999999999764   5.2371453000946167E+04
    1200.0000000000000000   6.1997759966531237E+04
    1300.0000000000000000   7.2770804247911889E+04
    1400.0000000000000000   8.4405694143011424E+04
    1500.0000000000000000   9.6902429267328524E+04
    1600.0000000000000000   1.1026100935262407E+05
    1700.0000000000000000   1.2448143420715198E+05
    1800.0000000000000000   1.3956370369090163E+05
    1900.0000000000000000   1.5550781769970810E+05
    2000.0000000000000000   1.7231377615477829E+05
    2100.0000000000000000   1.8998157899562028E+05
    2200.0000000000000000   2.0851122617516996E+05
    2300.0000000000000000   2.2790271765636673E+05
    2400.0000000000000000   2.4815605340970628E+05
    2500.0000000000000000   2.6927123341146455E+05
    2600.0000000000000000   2.9124825764239021E+05
    2700.0000000000000000   3.1408712608672952E+05
    2800.0000000000000000   3.3778783873149089E+05
    2900.0000000000000000   3.6235039556588314E+05
    3000.0000000000000000   3.8777479658088321E+05
    3100.0000000000000000   4.1406104176889907E+05
    3200.0000000000000000   4.4120913112350710E+05
    3300.0000000000000000   4.6921906463924079E+05
    3400.0000000000000000   4.9809084231142636E+05
    3500.0000000000000000   5.2782446413604717E+05
    3600.0000000000000000   5.5841993010963791E+05
    3700.0000000000000000   5.8987724022919394E+05
    3800.0000000000000000   6.2219639449210081E+05
    3900.0000000000000000   6.5537739289607597E+05
    4000.0000000000000000   6.8942023543911683E+05
    4100.0000000000000000   7.2432492211946368E+05
    4200.0000000000000000   7.6009145293556305E+05
    4300.0000000000000000   7.9671982788603951E+05
    4400.0000000000000000   8.3421004696967313E+05
    4500.0000000000000000   8.7256211018537695E+05
    4600.0000000000000000   9.1177601753218216E+05
    4700.0000000000000000   9.5185176900922018E+05
    4800.0000000000000000   9.9278936461571394E+05
    4900.0000000000000000   1.0345888043509629E+06
    5000.0000000000000000   1.0772500882143374E+06
    5100.0000000000000000   1.1207732162052682E+06
    5200.0000000000000000   1.1651581883232400E+06
    5300.0000000000000000   1.2104050045677861E+06
    5400.0000000000000000   1.2565136649384829E+06
    5500.0000000000000000   1.3034841694349442E+06
    5600.0000000000000000   1.3513165180568190E+06
    5700.0000000000000000   1.4000107108037842E+06
    5800.0000000000000000   1.4495667476755492E+06
    5900.0000000000000000   1.4999846286718426E+06
    6000.0000000000000000   1.5512643537924185E+06
    6100.0000000000000000   1.6034059230370501E+06
    6200.0000000000000000   1.6564093364055292E+06
    6300.0000000000000000   1.7102745938976633E+06
    6400.0000000000000000   1.7650016955132752E+06
    6500.0000000000000000   1.8205906412522004E+06
    6600.0000000000000000   1.8770414311142890E+06
    6700.0000000000000000   1.9343540650993998E+06
    6800.0000000000000000   1.9925285432074037E+06
    6900.0000000000000000   2.0515648654381782E+06
    7000.0000000000000000   2.1114630317916139E+06
    7100.0000000000000000   2.1722230422676038E+06
    7200.0000000000000000   2.2338448968660533E+06
    7300.0000000000000000   2.2963285955868708E+06
    7400.0000000000000000   2.3596741384299719E+06
    7500.0000000000000000   2.4238815253952779E+06
    7600.0000000000000000   2.4889507564827143E+06
    7700.0000000000000000   2.5548818316922146E+06
    7800.0000000000000000   2.6216747510237126E+06
    7900.0000000000000000   2.6893295144771477E+06
    8000.0000000000000000   2.7578461220524623E+06
    8100.0000000000000000   2.8272245737496065E+06
    8200.0000000000000000   2.8974648695685272E+06
    8300.0000000000000000   2.9685670095091788E+06
    8400.0000000000000000   3.0405309935715171E+06
    8500.0000000000000000   3.1133568217555005E+06
    8600.0000000000000000   3.1870444940610873E+06
    8700.0000000000000000   3.2615940104882447E+06
    8800.0000000000000000   3.3370053710369361E+06
    8900.0000000000000000   3.4132785757071264E+06
    8985.9989999999997963   3.4795620601987597E+06
    8986.0010000000002037   3.4795636091050133E+06
    9000.0000000000000000   3.4904136244987873E+06
    9100.0000000000000000   3.5684105174118890E+06
    9200.0000000000000000   3.6472692544464017E+06
    9300.0000000000000000   3.7269898356023007E+06
    9400.0000000000000000   3.8075722608795608E+06
    9500.0000000000000000   3.8890165302781598E+06
    9600.0000000000000000   3.9713226437980724E+06
    9700.0000000000000000   4.0544906014392800E+06
    9800.0000000000000000   4.1385204032017584E+06
    9900.0000000000000000   4.2234120490854941E+06
   10000.0000000000000000   4.3091655390904639E+06
   11000.0000000000000000   5.2141018658047309E+06
   12000.0000000000000000   6.2052226046278905E+06
   13000.0000000000000000   7.2825277555513047E+06
   14000.0000000000000000   8.4460173185693063E+06
   15000.0000000000000000   9.6956912936780471E+06
   16000.0000000000000000   1.1031549680874841E+07
   17000.0000000000000000   1.2453592480157781E+07
   18000.0000000000000000   1.3961819691525463E+07
   19000.0000000000000000   1.5556231314976839E+07
   20000.0000000000000000   1.7236827350511126E+07
   21000.0000000000000000   1.9003607798127722E+07
   22000.0000000000000000   2.0856572657826155E+07
   23000.0000000000000000   2.2795721929606047E+07
   24000.0000000000000000   2.4821055613467105E+07
   25000.0000000000000000   2.6932573709409095E+07
   26000.0000000000000000   2.9130276217431832E+07
   27000.0000000000000000   3.1414163137535155E+07
   28000.0000000000000000   3.3784234469718926E+07
   29000.0000000000000000   3.6240490213983037E+07
   30000.0000000000000000   3.8782930370327398E+07
   31000.0000000000000000   4.1411554938751936E+07
   32000.0000000000000000   4.4126363919256605E+07
   33000.0000000000000000   4.6927357311841331E+07
   34000.0000000000000000   4.9814535116506070E+07
   35000.0000000000000000   5.2787897333250768E+07
   36000.0000000000000000   5.5847443962075412E+07
   37000.0000000000000000   5.8993175002979979E+07
   38000.0000000000000000   6.2225090455964394E+07
   39000.0000000000000000   6.5543190321028702E+07
   40000.0000000000000000   6.8947474598172829E+07
   41000.0000000000000000   7.2437943287396774E+07
   42000.0000000000000000   7.6014596388700545E+07
   43000.0000000000000000   7.9677433902084082E+07
   44000.0000000000000000   8.3426455827547416E+07
   45000.0000000000000000   8.7261662165090486E+07
   46000.0000000000000000   9.1183052914713353E+07
   47000.0000000000000000   9.5190628076415941E+07
   48000.0000000000000000   9.9284387650198311E+07
   49000.0000000000000000   1.0346433163606036E+08
   50000.0000000000000000   1.0773046003400221E+08
