       0.0010000000000000   1.0000000000000000E+30
       0.1000000000000000   1.0000000000000000E+30
       0.2000000000000000   1.0000000000000000E+30
       0.3000000000000000   1.0000000000000000E+30
       0.4000000000000000   1.0000000000000000E+30
       0.5000000000000000   1.0000000000000000E+30
       0.6000000000000000   1.0000000000000000E+30
       0.7000000000000000   1.0000000000000000E+30
       0.7999999999999999   1.0000000000000000E+30
       0.8999999999999999   1.0000000000000000E+30
       0.9999999999999999   1.0000000000000000E+30
       2.0000000000000000   1.0000000000000000E+30
       3.0000000000000000   1.0000000000000000E+30
       4.0000000000000000   1.0000000000000000E+30
       5.0000000000000000   1.0000000000000000E+30
       6.0000000000000000   1.0000000000000000E+30
       7.0000000000000000   1.0000000000000000E+30
       8.0000000000000000   1.0000000000000000E+30
       9.0000000000000000   1.0000000000000000E+30
      10.0000000000000000   1.0000000000000000E+30
      11.0000000000000000   1.0000000000000000E+30
      12.0000000000000000   1.0000000000000000E+30
      13.0000000000000000   1.0000000000000000E+30
      14.0000000000000000   1.0000000000000000E+30
      15.0000000000000000   1.0000000000000000E+30
      16.0000000000000000   1.0000000000000000E+30
      17.0000000000000000   1.0000000000000000E+30
      18.0000000000000000   1.0000000000000000E+30
      19.0000000000000000   1.0000000000000000E+30
      20.0000000000000000   1.0000000000000000E+30
      21.0000000000000000   1.0000000000000000E+30
      22.0000000000000000   1.0000000000000000E+30
      23.0000000000000000   1.0000000000000000E+30
      24.0000000000000000   1.0000000000000000E+30
      25.0000000000000000   1.0000000000000000E+30
      26.0000000000000000   1.0000000000000000E+30
      27.0000000000000000   1.0000000000000000E+30
      28.0000000000000000   1.0000000000000000E+30
      29.0000000000000000   1.0000000000000000E+30
      30.0000000000000000   1.0000000000000000E+30
      31.0000000000000000   1.0000000000000000E+30
      32.0000000000000000   1.0000000000000000E+30
      33.0000000000000000   1.0000000000000000E+30
      34.0000000000000000   1.0000000000000000E+30
      35.0000000000000000   1.0000000000000000E+30
      36.0000000000000000   1.0000000000000000E+30
      37.0000000000000000   1.0000000000000000E+30
      38.0000000000000000   1.0000000000000000E+30
      39.0000000000000000   1.0000000000000000E+30
      40.0000000000000000   1.0000000000000000E+30
      41.0000000000000000   1.0000000000000000E+30
      42.0000000000000000   1.0000000000000000E+30
      43.0000000000000000   1.0000000000000000E+30
      44.0000000000000000   1.0000000000000000E+30
      45.0000000000000000   1.0000000000000000E+30
      46.0000000000000000   1.0000000000000000E+30
      47.0000000000000000   1.0000000000000000E+30
      48.0000000000000000   1.0000000000000000E+30
      49.0000000000000000   1.0000000000000000E+30
      50.0000000000000000   1.0000000000000000E+30
      51.0000000000000000   1.0000000000000000E+30
      52.0000000000000000   1.0000000000000000E+30
      53.0000000000000000   1.0000000000000000E+30
      54.0000000000000000   1.0000000000000000E+30
      55.0000000000000000   1.0000000000000000E+30
      56.0000000000000000   1.0000000000000000E+30
      57.0000000000000000   1.0000000000000000E+30
      58.0000000000000000   1.0000000000000000E+30
      59.0000000000000000   1.0000000000000000E+30
      60.0000000000000000   1.0000000000000000E+30
      61.0000000000000000   1.0000000000000000E+30
      62.0000000000000000   1.0000000000000000E+30
      63.0000000000000000   1.0000000000000000E+30
      64.0000000000000000   1.0000000000000000E+30
      65.0000000000000000   1.0000000000000000E+30
      66.0000000000000000   1.0000000000000000E+30
      67.0000000000000000   1.0000000000000000E+30
      68.0000000000000000   1.0000000000000000E+30
      69.0000000000000000   1.0000000000000000E+30
      70.0000000000000000   1.0000000000000000E+30
      71.0000000000000000   1.0000000000000000E+30
      72.0000000000000000   1.0000000000000000E+30
      73.0000000000000000   1.0000000000000000E+30
      74.0000000000000000   1.0000000000000000E+30
      75.0000000000000000   1.0000000000000000E+30
      76.0000000000000000   1.0000000000000000E+30
      77.0000000000000000   1.0000000000000000E+30
      78.0000000000000000   1.0000000000000000E+30
      79.0000000000000000   1.0000000000000000E+30
      79.9989999999999952   1.0000000000000000E+30
      80.0000000000000000   3.0248316924004547E+02
      80.0010000000000048   3.0247976353906739E+02
      81.0000000000000000   2.9927982107831457E+02
      81.9989999999999952   2.9647338800218972E+02
      82.0000000000000000   2.9647077066641373E+02
      82.0010000000000048   2.9646815370936054E+02
      83.0000000000000000   2.9404051934232297E+02
      84.0000000000000000   2.9197448545842946E+02
      85.0000000000000000   2.9025894003496200E+02
      86.0000000000000000   2.8888094762017852E+02
      87.0000000000000000   2.8782831188130996E+02
      88.0000000000000000   2.8708952549866279E+02
      89.0000000000000000   2.8665372397827952E+02
      90.0000000000000000   2.8651064303679806E+02
      91.0000000000000000   2.8665057924621578E+02
      92.0000000000000000   2.8706435365664623E+02
      93.0000000000000000   2.8774327814228985E+02
      94.0000000000000000   2.8867912424010302E+02
      95.0000000000000000   2.8986409427236953E+02
      96.0000000000000000   2.9129079456385290E+02
      97.0000000000000000   2.9295221058167999E+02
      98.0000000000000000   2.9484168384180629E+02
      99.0000000000000000   2.9695289044004011E+02
     100.0000000000000000   2.9927982107831457E+02
     110.0000000000000000   3.3328311817799562E+02
     120.0000000000000000   3.8400384795904182E+02
     126.9989999999999952   4.2787846772914691E+02
     127.0010000000000048   4.2789190470438371E+02
     130.0000000000000000   4.4859249121248394E+02
     140.0000000000000000   5.2517927834554416E+02
     150.0000000000000000   6.1249608578088828E+02
     160.0000000000000000   7.0965823384514783E+02
     170.0000000000000000   8.1603332492598736E+02
     180.0000000000000000   9.3115958986959367E+02
     190.0000000000000000   1.0546934826826707E+03
     200.0000000000000000   1.1863751351993785E+03
     210.0000000000000000   1.3260050395421879E+03
     220.0000000000000000   1.4734279735378525E+03
     230.0000000000000000   1.6285217074737166E+03
     240.0000000000000000   1.7911889332908152E+03
     250.0000000000000000   1.9613514066464350E+03
     260.0000000000000000   2.1389456346560255E+03
     270.0000000000000000   2.3239196601873618E+03
     280.0000000000000000   2.5162306352352880E+03
     290.0000000000000000   2.7158429696035623E+03
     300.0000000000000000   2.9227269041342702E+03
     310.0000000000000000   3.1368574007569759E+03
     320.0000000000000000   3.3582132714346280E+03
     330.0000000000000000   3.5867764889996952E+03
     340.0000000000000000   3.8225316377332797E+03
     350.0000000000000000   4.0654654722170139E+03
     360.0000000000000000   4.3155665607417714E+03
     370.0000000000000000   4.5728249952452043E+03
     380.0000000000000000   4.8372321539617769E+03
     390.0000000000000000   5.1087805061150539E+03
     400.0000000000000000   5.3874634503518391E+03
     410.0000000000000000   5.6732751804168329E+03
     420.0000000000000000   5.9662105729425766E+03
     430.0000000000000000   6.2662650932892275E+03
     440.0000000000000000   6.5734347161906735E+03
     450.0000000000000000   6.8877158586046262E+03
     460.0000000000000000   7.2091053226679678E+03
     470.0000000000000000   7.5376002470559752E+03
     480.0000000000000000   7.8731980653597175E+03
     490.0000000000000000   8.2158964703477523E+03
     500.0000000000000000   8.5656933831802507E+03
     510.0000000000000000   8.9225869268064889E+03
     520.0000000000000000   9.2865754029084201E+03
     530.0000000000000000   9.6576572718602092E+03
     540.0000000000000000   1.0035831135261174E+04
     550.0000000000000000   1.0421095720671252E+04
     560.0000000000000000   1.0813449868237225E+04
     570.0000000000000000   1.1212892518946748E+04
     580.0000000000000000   1.1619422704287512E+04
     590.0000000000000000   1.2033039537122808E+04
     600.0000000000000000   1.2453742203622554E+04
     610.0000000000000000   1.2881529956112598E+04
     620.0000000000000000   1.3316402106724741E+04
     630.0000000000000000   1.3758358021746648E+04
     640.0000000000000000   1.4207397116584816E+04
     650.0000000000000000   1.4663518851265802E+04
     660.0000000000000000   1.5126722726410895E+04
     670.0000000000000000   1.5597008279628179E+04
     680.0000000000000000   1.6074375082273247E+04
     690.0000000000000000   1.6558822736536102E+04
     700.0000000000000000   1.7050350872817286E+04
     710.0000000000000000   1.7548959147360823E+04
     720.0000000000000000   1.8054647240115726E+04
     730.0000000000000000   1.8567414852801085E+04
     740.0000000000000000   1.9087261707152986E+04
     750.0000000000000000   1.9614187543333908E+04
     760.0000000000000000   2.0148192118487677E+04
     770.0000000000000000   2.0689275205424918E+04
     780.0000000000000000   2.1237436591425689E+04
     790.0000000000000000   2.1792676077147593E+04
     800.0000000000000000   2.2354993475628737E+04
     810.0000000000000000   2.2924388611376395E+04
     820.0000000000000000   2.3500861319532978E+04
     830.0000000000000000   2.4084411445111851E+04
     840.0000000000000000   2.4675038842296552E+04
     850.0000000000000000   2.5272743373797279E+04
     860.0000000000000000   2.5877524910259504E+04
     870.0000000000000000   2.6489383329719909E+04
     880.0000000000000000   2.7108318517105305E+04
     890.0000000000000000   2.7734330363770732E+04
     900.0000000000000000   2.8367418767073374E+04
     910.0000000000000000   2.9007583629978948E+04
     920.0000000000000000   2.9654824860697943E+04
     930.0000000000000000   3.0309142372349110E+04
     937.9990000000000236   3.0837624896878595E+04
     938.0009999999999764   3.0837757600190125E+04
     940.0000000000000000   3.0970536082647825E+04
     950.0000000000000000   3.1639005913617311E+04
     957.9990000000000236   3.2178808768628336E+04
     958.0009999999999764   3.2178944302364489E+04
     960.0000000000000000   3.2314551791320788E+04
     970.0000000000000000   3.2997173645612958E+04
     980.0000000000000000   3.3686871409908978E+04
     990.0000000000000000   3.4383645020969794E+04
    1000.0000000000000000   3.5087494418702430E+04
    1100.0000000000000000   4.2515145354664019E+04
    1102.9990000000000236   4.2748828370951698E+04
    1103.0009999999999764   4.2748984423905284E+04
    1200.0000000000000000   5.0650326408094377E+04
    1300.0000000000000000   5.9493009083801437E+04
    1400.0000000000000000   6.9043174684089245E+04
    1500.0000000000000000   7.9300810527722031E+04
    1600.0000000000000000   9.0265907767903089E+04
    1700.0000000000000000   1.0193846008065624E+05
    1800.0000000000000000   1.1431846284829000E+05
    1900.0000000000000000   1.2740591263534446E+05
    2000.0000000000000000   1.4120080684313786E+05
    2100.0000000000000000   1.5570314347659147E+05
    2200.0000000000000000   1.7091292098348361E+05
    2300.0000000000000000   1.8683013814151706E+05
    2400.0000000000000000   2.0345479397761135E+05
    2500.0000000000000000   2.2078688770932300E+05
    2600.0000000000000000   2.3882641870172310E+05
    2700.0000000000000000   2.5757338643524033E+05
    2800.0000000000000000   2.7702779048139480E+05
    2900.0000000000000000   2.9718963048428437E+05
    3000.0000000000000000   3.1805890614631760E+05
    3100.0000000000000000   3.3963561721711361E+05
    3200.0000000000000000   3.6191976348479209E+05
    3300.0000000000000000   3.8491134476908151E+05
    3400.0000000000000000   4.0861036091582454E+05
    3500.0000000000000000   4.3301681179256702E+05
    3600.0000000000000000   4.5813069728499197E+05
    3700.0000000000000000   4.8395201729401859E+05
    3800.0000000000000000   5.1048077173342940E+05
    3900.0000000000000000   5.3771696052791632E+05
    4000.0000000000000000   5.6566058361146634E+05
    4100.0000000000000000   5.9431164092601626E+05
    4200.0000000000000000   6.2367013242033287E+05
    4300.0000000000000000   6.5373605804906972E+05
    4400.0000000000000000   6.8450941777197411E+05
    4500.0000000000000000   7.1599021155321540E+05
    4600.0000000000000000   7.4817843936081522E+05
    4700.0000000000000000   7.8107410116616043E+05
    4800.0000000000000000   8.1467719694358669E+05
    4900.0000000000000000   8.4898772667002166E+05
    5000.0000000000000000   8.8400569032467704E+05
    5100.0000000000000000   9.1973108788878249E+05
    5200.0000000000000000   9.5616391934535443E+05
    5300.0000000000000000   9.9330418467899703E+05
    5400.0000000000000000   1.0311518838757257E+06
    5500.0000000000000000   1.0697070169228169E+06
    5600.0000000000000000   1.1089695838086715E+06
    5700.0000000000000000   1.1489395845226992E+06
    5800.0000000000000000   1.1896170190552152E+06
    5900.0000000000000000   1.2310018873973484E+06
    6000.0000000000000000   1.2730941895409606E+06
    6100.0000000000000000   1.3158939254785739E+06
    6200.0000000000000000   1.3594010952033109E+06
    6300.0000000000000000   1.4036156987088334E+06
    6400.0000000000000000   1.4485377359892963E+06
    6500.0000000000000000   1.4941672070392997E+06
    6600.0000000000000000   1.5405041118538496E+06
    6700.0000000000000000   1.5875484504283222E+06
    6800.0000000000000000   1.6353002227584310E+06
    6900.0000000000000000   1.6837594288401981E+06
    7000.0000000000000000   1.7329260686699268E+06
    7100.0000000000000000   1.7828001422441809E+06
    7200.0000000000000000   1.8333816495597586E+06
    7300.0000000000000000   1.8846705906136772E+06
    7400.0000000000000000   1.9366669654031554E+06
    7500.0000000000000000   1.9893707739255934E+06
    7600.0000000000000000   2.0427820161785630E+06
    7700.0000000000000000   2.0969006921597922E+06
    7800.0000000000000000   2.1517268018671544E+06
    7900.0000000000000000   2.2072603452986553E+06
    8000.0000000000000000   2.2635013224524269E+06
    8100.0000000000000000   2.3204497333267117E+06
    8200.0000000000000000   2.3781055779198632E+06
    8300.0000000000000000   2.4364688562303307E+06
    8400.0000000000000000   2.4955395682566557E+06
    8500.0000000000000000   2.5553177139974674E+06
    8600.0000000000000000   2.6158032934514689E+06
    8700.0000000000000000   2.6769963066174434E+06
    8800.0000000000000000   2.7388967534942394E+06
    8900.0000000000000000   2.8015046340807700E+06
    8985.9989999999997963   2.8559125811655778E+06
    8986.0010000000002037   2.8559138525653868E+06
    9000.0000000000000000   2.8648199483760074E+06
    9100.0000000000000000   2.9288426963789845E+06
    9200.0000000000000000   2.9935728780887807E+06
    9300.0000000000000000   3.0590104935045289E+06
    9400.0000000000000000   3.1251555426254058E+06
    9500.0000000000000000   3.1920080254506306E+06
    9600.0000000000000000   3.2595679419794646E+06
    9700.0000000000000000   3.3278352922112066E+06
    9800.0000000000000000   3.3968100761451907E+06
    9900.0000000000000000   3.4664922937807851E+06
   10000.0000000000000000   3.5368819451173870E+06
   11000.0000000000000000   4.2796873119258070E+06
   12000.0000000000000000   5.0932360483495966E+06
   13000.0000000000000000   5.9775281541038053E+06
   14000.0000000000000000   6.9325636290014554E+06
   15000.0000000000000000   7.9583424729157370E+06
   16000.0000000000000000   9.0548646857581791E+06
   17000.0000000000000000   1.0222130267465543E+07
   18000.0000000000000000   1.1460139217991650E+07
   19000.0000000000000000   1.2768891537302149E+07
   20000.0000000000000000   1.4148387225371052E+07
   21000.0000000000000000   1.5598626282178408E+07
   22000.0000000000000000   1.7119608707708694E+07
   23000.0000000000000000   1.8711334501949687E+07
   24000.0000000000000000   2.0373803664891660E+07
   25000.0000000000000000   2.2107016196526781E+07
   26000.0000000000000000   2.3910972096848700E+07
   27000.0000000000000000   2.5785671365852240E+07
   28000.0000000000000000   2.7731114003533091E+07
   29000.0000000000000000   2.9747300009887714E+07
   30000.0000000000000000   3.1834229384913120E+07
   31000.0000000000000000   3.3991902128606811E+07
   32000.0000000000000000   3.6220318240966670E+07
   33000.0000000000000000   3.8519477721990883E+07
   34000.0000000000000000   4.0889380571677923E+07
   35000.0000000000000000   4.3330026790026456E+07
   36000.0000000000000000   4.5841416377035342E+07
   37000.0000000000000000   4.8423549332703598E+07
   38000.0000000000000000   5.1076425657030344E+07
   39000.0000000000000000   5.3800045350014828E+07
   40000.0000000000000000   5.6594408411656417E+07
   41000.0000000000000000   5.9459514841954507E+07
   42000.0000000000000000   6.2395364640908591E+07
   43000.0000000000000000   6.5401957808518209E+07
   44000.0000000000000000   6.8479294344782978E+07
   45000.0000000000000000   7.1627374249702513E+07
   46000.0000000000000000   7.4846197523276523E+07
   47000.0000000000000000   7.8135764165504679E+07
   48000.0000000000000000   8.1496074176386788E+07
   49000.0000000000000000   8.4927127555922568E+07
   50000.0000000000000000   8.8428924304111809E+07
