       0.1000000000000000   1.0000000000000000E+30   0.0000000000000000E+00
       0.2000000000000000   1.0000000000000000E+30   0.0000000000000000E+00
       0.3000000000000000   1.0000000000000000E+30   0.0000000000000000E+00
       0.4000000000000000   1.0000000000000000E+30   0.0000000000000000E+00
       0.5000000000000000   1.0000000000000000E+30   0.0000000000000000E+00
       0.6000000000000000   1.0000000000000000E+30   0.0000000000000000E+00
       0.7000000000000000   1.0000000000000000E+30   0.0000000000000000E+00
       0.7999999999999999   1.0000000000000000E+30   0.0000000000000000E+00
       0.8999999999999999   1.0000000000000000E+30   0.0000000000000000E+00
       0.9999999999999999   1.0000000000000000E+30   0.0000000000000000E+00
       2.0000000000000000   1.0000000000000000E+30   0.0000000000000000E+00
       3.0000000000000000   1.0000000000000000E+30   0.0000000000000000E+00
       4.0000000000000000   1.0000000000000000E+30   0.0000000000000000E+00
       5.0000000000000000   1.0000000000000000E+30   0.0000000000000000E+00
       6.0000000000000000   1.0000000000000000E+30   0.0000000000000000E+00
       7.0000000000000000   1.0000000000000000E+30   0.0000000000000000E+00
       7.9989999999999997   1.0000000000000000E+30   0.0000000000000000E+00
       8.0000000000000000   1.0207531372027275E+04   7.8373503920087912E-04
       8.0009999999999994   9.8777610084476455E+03   8.0990013760793070E-04
       9.0000000000000000   3.7084778543514562E+02   2.2192598853911984E-02
      10.0000000000000000   1.6586423741010984E+02   5.0880703268714918E-02
      11.0000000000000000   9.9187850932577831E+01   8.7688905707966336E-02
      12.0000000000000000   7.2673035484154653E+01   1.2284006459273837E-01
      13.0000000000000000   5.7334073727759751E+01   1.5988643553749848E-01
      14.0000000000000000   4.8736445999661029E+01   1.9228351757207934E-01
      15.0000000000000000   4.1422439009750519E+01   2.3251399128349154E-01
      16.0000000000000000   3.6873202709490485E+01   2.6720597814859759E-01
      17.0000000000000000   3.3265580572376294E+01   3.0309227850443327E-01
      18.0000000000000000   3.0324901746863759E+01   3.4035039189955868E-01
      19.0000000000000000   2.7871940059590312E+01   3.7919162716352656E-01
      20.0000000000000000   2.6260605495147203E+01   4.1001846846699563E-01
      21.0000000000000000   2.4408561621609635E+01   4.5198014901895395E-01
      22.0000000000000000   2.3175855112170169E+01   4.8517780846104031E-01
      23.0000000000000000   2.2065134086864113E+01   5.1949991060869005E-01
      24.0000000000000000   2.0727215379085649E+01   5.6710911380705020E-01
      25.0000000000000000   1.9825483953085168E+01   6.0468834570864327E-01
      26.0000000000000000   1.8994601010359055E+01   6.4380311376692911E-01
      27.0000000000000000   1.8224778839588819E+01   6.8458805654844024E-01
      28.0000000000000000   1.7758017061578023E+01   7.1269946986071731E-01
      29.0000000000000000   1.7073318553519961E+01   7.5653040228893442E-01
      30.0000000000000000   1.6431653953837220E+01   8.0238571907076950E-01
      31.0000000000000000   1.6042315288618845E+01   8.3396313282692347E-01
      32.0000000000000000   1.5461343136967823E+01   8.8352350570692928E-01
      33.0000000000000000   1.5108400254523062E+01   9.1765918374258137E-01
      34.0000000000000000   1.4578149089322604E+01   9.7134739048058472E-01
      35.0000000000000000   1.4255050879462889E+01   1.0083870426284933E+00
      36.0000000000000000   1.3767933798488199E+01   1.0666552969326772E+00
      37.0000000000000000   1.3469958561900590E+01   1.1069490531165151E+00
      38.0000000000000000   1.3180837000207715E+01   1.1486345785065326E+00
      39.0000000000000000   1.2900022684368171E+01   1.1917764484173416E+00
      40.0000000000000000   1.2626932808311354E+01   1.2364529040857517E+00
      41.0000000000000000   1.2361200755973083E+01   1.2827258958679755E+00
      42.0000000000000000   1.2102412564362853E+01   1.3306683734637001E+00
      43.0000000000000000   1.1850228506888277E+01   1.3803535007001566E+00
      44.0000000000000000   1.1604357117163874E+01   1.4318518058092213E+00
      45.0000000000000000   1.1364537096424808E+01   1.4852364808906235E+00
      46.0000000000000000   1.1130556585167673E+01   1.5405767851003185E+00
      47.0000000000000000   1.0902188559569908E+01   1.5979497754404304E+00
      48.0000000000000000   1.0679256964449397E+01   1.6574280507898758E+00
      49.0000000000000000   1.0461601809362858E+01   1.7190850434150309E+00
      50.0000000000000000   1.0366636494398938E+01   1.7508317720125341E+00
      51.0000000000000000   1.0155843722377730E+01   1.8159971166938009E+00
      52.0000000000000000   9.9500280382486093E+00   1.8835292171272129E+00
      53.0000000000000000   9.8595598767514012E+00   1.9183836871311089E+00
      54.0000000000000000   9.6602609351326194E+00   1.9897202937395484E+00
      55.0000000000000000   9.4657402633060173E+00   2.0635997520982294E+00
      56.0000000000000000   9.3795323083045226E+00   2.1018424136771610E+00
      57.0000000000000000   9.1913411393113087E+00   2.1797924911318192E+00
      58.0000000000000000   9.1077192393510149E+00   2.2201407628303631E+00
      59.0000000000000000   8.9258147608611154E+00   2.3023013348123476E+00
      60.0000000000000000   8.8447743339006344E+00   2.3448297898928803E+00
      61.0000000000000000   8.6691466211267993E+00   2.4313166615025250E+00
      62.0000000000000000   8.5907241728743120E+00   2.4760781270812049E+00
      63.0000000000000000   8.4213941461837649E+00   2.5669753578357462E+00
      64.0000000000000000   8.3456325294303149E+00   2.6140074276799377E+00
      65.0000000000000000   8.2708307960337102E+00   2.6617310993881476E+00
      66.0000000000000000   8.1096089957990944E+00   2.7586731214131257E+00
      67.0000000000000000   8.0375633954395198E+00   2.8086694406910739E+00
      68.0000000000000000   7.9665044436903383E+00   2.8593475308089644E+00
      69.0000000000000000   7.8135649921833412E+00   2.9623018286734788E+00
      70.0000000000000000   7.7453734963843974E+00   3.0152003945917816E+00
      71.0000000000000000   7.6782066208699913E+00   3.0687478094731748E+00
      72.0000000000000000   7.5337304686439328E+00   3.1775447138930977E+00
      73.0000000000000000   7.4695447169029618E+00   3.2331984154884394E+00
      74.0000000000000000   7.4064209241195691E+00   3.2894456046040350E+00
      75.0000000000000000   7.3443633833379822E+00   3.3462692158314238E+00
      76.0000000000000000   7.2833801118358501E+00   3.4036487385036085E+00
      77.0000000000000000   7.1515764927192063E+00   3.5206313603052339E+00
      78.0000000000000000   7.0937300019461134E+00   3.5798112288239388E+00
      79.0000000000000000   7.0369891450571487E+00   3.6394552827999753E+00
      79.9989999999999952   6.9813455793213599E+00   3.6995372261647974E+00
      80.0000000000000000   6.9813587105135895E+00   3.6995360296696829E+00
      80.0010000000000048   6.9813717998909279E+00   3.6995348495919234E+00
      81.0000000000000000   6.9268421606999606E+00   3.7600256525017488E+00
      81.9989999999999952   6.8734295673698140E+00   3.8208961332878815E+00
      82.0000000000000000   6.8734429564586970E+00   3.8208943477729704E+00
      82.0010000000000048   6.8734563462530618E+00   3.8208925616529603E+00
      83.0000000000000000   6.8211648010558807E+00   3.8821104442182017E+00
      84.0000000000000000   6.7065671606137629E+00   4.0078584933565020E+00
      85.0000000000000000   6.6575249443728319E+00   4.0702534863655080E+00
      86.0000000000000000   6.6096074379730414E+00   4.1328711845348334E+00
      87.0000000000000000   6.5628129784472300E+00   4.1956770788866304E+00
      88.0000000000000000   6.5171369274882380E+00   4.2586378243393854E+00
      89.0000000000000000   6.4725764760816293E+00   4.3217173181381554E+00
      90.0000000000000000   6.4291256492849316E+00   4.3848817245490599E+00
      91.0000000000000000   6.3867788114231008E+00   4.4480957102741820E+00
      92.0000000000000000   6.3455288419506743E+00   4.5113246075889837E+00
      93.0000000000000000   6.3053677974186026E+00   4.5745341891372435E+00
      94.0000000000000000   6.2662870122676875E+00   4.6376899912549430E+00
      95.0000000000000000   6.2282763045606071E+00   4.7007590453123553E+00
      96.0000000000000000   6.1913262115649719E+00   4.7637071442223400E+00
      97.0000000000000000   6.1554245989677909E+00   4.8265029601303615E+00
      98.0000000000000000   6.1205601668043617E+00   4.8891139543231690E+00
      99.0000000000000000   6.0867193523554377E+00   4.9515103777979244E+00
     100.0000000000000000   6.0538897715546032E+00   5.0136611739915873E+00
     110.0000000000000000   5.8173196035783858E+00   5.5460572990647892E+00
     120.0000000000000000   5.6848924152464395E+00   5.9652424358145657E+00
     126.9989999999999952   5.6394850674290460E+00   6.1907083112047001E+00
     127.0010000000000048   5.6395190462358871E+00   6.1906754014927809E+00
     130.0000000000000000   5.6295305718117330E+00   6.2714940362183276E+00
     140.0000000000000000   5.6049251809306551E+00   6.5362013950017470E+00
     150.0000000000000000   5.6054250740071865E+00   6.7623236020164210E+00
     160.0000000000000000   5.6471872074004512E+00   6.8984868385278375E+00
     170.0000000000000000   5.7014988890836911E+00   7.0101281828235056E+00
     180.0000000000000000   5.7836036153413088E+00   7.0516015232992348E+00
     190.0000000000000000   5.8555708702067957E+00   7.1265212826843163E+00
     200.0000000000000000   5.9497728987883658E+00   7.1419382686396853E+00
     210.0000000000000000   6.0620105953665027E+00   7.1071503895161232E+00
     220.0000000000000000   6.1630299611261155E+00   7.1083358782520865E+00
     230.0000000000000000   6.2794880223232319E+00   7.0658482308353916E+00
     240.0000000000000000   6.3972996877738169E+00   7.0215526980778202E+00
     250.0000000000000000   6.5162780004569667E+00   6.9759154466431124E+00
     260.0000000000000000   6.6362692820052143E+00   6.9293113930327879E+00
     270.0000000000000000   6.7571453961694399E+00   6.8820446272675033E+00
     280.0000000000000000   6.8884826359545297E+00   6.8048622080210155E+00
     290.0000000000000000   7.0103601479998314E+00   6.7582407796288466E+00
     300.0000000000000000   7.1418061912547159E+00   6.6843458277155605E+00
     310.0000000000000000   7.2731192631698773E+00   6.6126069459567409E+00
     320.0000000000000000   7.4042867093346745E+00   6.5429496717731741E+00
     330.0000000000000000   7.5352996890070987E+00   6.4752975975228697E+00
     340.0000000000000000   7.6661521369764838E+00   6.4095743899793236E+00
     350.0000000000000000   7.7968401550660724E+00   6.3457047309578858E+00
     360.0000000000000000   7.9273614944815813E+00   6.2836150686547017E+00
     370.0000000000000000   8.0577150733553431E+00   6.2232343295360684E+00
     380.0000000000000000   8.1949703300530174E+00   6.1439953989800218E+00
     390.0000000000000000   8.3247744071611436E+00   6.0874831199732107E+00
     400.0000000000000000   8.4611682690292138E+00   6.0131576912808713E+00
     410.0000000000000000   8.5904517463740007E+00   5.9601365606435071E+00
     420.0000000000000000   8.7260283143232638E+00   5.8902539355143961E+00
     430.0000000000000000   8.8611615294729145E+00   5.8226746434436043E+00
     440.0000000000000000   8.9896227132157502E+00   5.7745391419269536E+00
     450.0000000000000000   9.1240047418499710E+00   5.7107800182961093E+00
     460.0000000000000000   9.2579780017907396E+00   5.6490108085984660E+00
     470.0000000000000000   9.3915538046263105E+00   5.5891339892026215E+00
     480.0000000000000000   9.5247430878281065E+00   5.5310584473241056E+00
     490.0000000000000000   9.6575565160102510E+00   5.4746987248252568E+00
     500.0000000000000000   9.7900043588558336E+00   5.4199748524594336E+00
     510.0000000000000000   9.9220965680682180E+00   5.3668117691746611E+00
     520.0000000000000000   1.0053842735195696E+01   5.3151390441081299E+00
     530.0000000000000000   1.0185252123452852E+01   5.2648904790110080E+00
     540.0000000000000000   1.0316333655482193E+01   5.2160038339892933E+00
     550.0000000000000000   1.0447095908914235E+01   5.1684205706132786E+00
     560.0000000000000000   1.0577547164730365E+01   5.1220854984400273E+00
     570.0000000000000000   1.0712740939916349E+01   5.0642050856728478E+00
     580.0000000000000000   1.0842510630305537E+01   5.0204757302091529E+00
     590.0000000000000000   1.0971993578702179E+01   4.9778378511021266E+00
     600.0000000000000000   1.1106061415163980E+01   4.9242357270984805E+00
     610.0000000000000000   1.1234911070438214E+01   4.8838900877969165E+00
     620.0000000000000000   1.1363495688654748E+01   4.8445046793399573E+00
     630.0000000000000000   1.1496509184977461E+01   4.7946898233234219E+00
     640.0000000000000000   1.1624504055852452E+01   4.7573323260716895E+00
     650.0000000000000000   1.1756845487810768E+01   4.7098672490084033E+00
     660.0000000000000000   1.1884277633825661E+01   4.6743798215728960E+00
     670.0000000000000000   1.2015973988113945E+01   4.6290906635004392E+00
     680.0000000000000000   1.2142868685815454E+01   4.5953316309797412E+00
     690.0000000000000000   1.2273945359241869E+01   4.5520616920392687E+00
     700.0000000000000000   1.2400326249080493E+01   4.5199035482485801E+00
     710.0000000000000000   1.2530807168369654E+01   4.4785111811317391E+00
     720.0000000000000000   1.2660989530629363E+01   4.4380824314328091E+00
     730.0000000000000000   1.2786604066128708E+01   4.4081957253791533E+00
     740.0000000000000000   1.2916223912217262E+01   4.3694524525473621E+00
     750.0000000000000000   1.3041377992934965E+01   4.3408946374516741E+00
     760.0000000000000000   1.3170455984104127E+01   4.3037259160942476E+00
     770.0000000000000000   1.3299260991550314E+01   4.2673701894352485E+00
     780.0000000000000000   1.3427797635435848E+01   4.2318000045202595E+00
     790.0000000000000000   1.3552015956549198E+01   4.2057791645048388E+00
     800.0000000000000000   1.3680048621622191E+01   4.1715835466529780E+00
     810.0000000000000000   1.3807826271997687E+01   4.1381011328234480E+00
     820.0000000000000000   1.3935353068123773E+01   4.1053089329134522E+00
     830.0000000000000000   1.4058706297558135E+01   4.0814992304316853E+00
     840.0000000000000000   1.4185763061899031E+01   4.0499146615782955E+00
     850.0000000000000000   1.4312580988825699E+01   4.0189595565595937E+00
     860.0000000000000000   1.4439163843510569E+01   3.9886144928443539E+00
     870.0000000000000000   1.4565515295444886E+01   3.9588608614942151E+00
     880.0000000000000000   1.4691638931116730E+01   3.9296808038849860E+00
     890.0000000000000000   1.4813777261016488E+01   3.9087469132028785E+00
     900.0000000000000000   1.4939475513165547E+01   3.8805697966931727E+00
     910.0000000000000000   1.5064956268812958E+01   3.8529189475812795E+00
     920.0000000000000000   1.5190222773940530E+01   3.8257791364336016E+00
     930.0000000000000000   1.5315278196005535E+01   3.7991357301616051E+00
     937.9990000000000236   1.5414432143378685E+01   3.7796224991153364E+00
     938.0009999999999764   1.5414457828076310E+01   3.7796158419935022E+00
     940.0000000000000000   1.5440125643615934E+01   3.7729746359191436E+00
     950.0000000000000000   1.5564768137048993E+01   3.7472823246367208E+00
     957.9990000000000236   1.5663604090122098E+01   3.7284774123838518E+00
     958.0009999999999764   1.5663629685810365E+01   3.7284709720134819E+00
     960.0000000000000000   1.5689208638745672E+01   3.7220457604854453E+00
     970.0000000000000000   1.5813450035740164E+01   3.6972524071678463E+00
     980.0000000000000000   1.5937495156889630E+01   3.6728901821602626E+00
     990.0000000000000000   1.6061346765911427E+01   3.6489474471015866E+00
    1000.0000000000000000   1.6185007559773144E+01   3.6254129966653821E+00
    1100.0000000000000000   1.7411674158715670E+01   3.4103240733786278E+00
    1102.9990000000000236   1.7449190987689907E+01   3.4025715812381541E+00
    1103.0009999999999764   1.7449216002313751E+01   3.4025664237406938E+00
    1200.0000000000000000   1.8628140392394350E+01   3.2151915268498228E+00
    1300.0000000000000000   1.9829358169152385E+01   3.0464568609618810E+00
    1400.0000000000000000   2.1016908617493687E+01   2.8989434036972304E+00
    1500.0000000000000000   2.2194930112561416E+01   2.7644222019374305E+00
    1600.0000000000000000   2.3364242751850735E+01   2.6407894754324901E+00
    1700.0000000000000000   2.4522889694338147E+01   2.5301807650054884E+00
    1800.0000000000000000   2.5671702211525947E+01   2.4305843836921177E+00
    1900.0000000000000000   2.6813943444535845E+01   2.3370155872952725E+00
    2000.0000000000000000   2.7947585687871957E+01   2.2518957283031833E+00
    2100.0000000000000000   2.9073189670180216E+01   2.1741031740546717E+00
    2200.0000000000000000   3.0191257176576620E+01   2.1027078983063374E+00
    2300.0000000000000000   3.1304589266658866E+01   2.0341621222423139E+00
    2400.0000000000000000   3.2408832755544431E+01   1.9734733982757526E+00
    2500.0000000000000000   3.3509021155618839E+01   1.9146447223943655E+00
    2600.0000000000000000   3.4603136517687958E+01   1.8599448851585181E+00
    2700.0000000000000000   3.5693680534603274E+01   1.8066063322263031E+00
    2800.0000000000000000   3.6776503379233723E+01   1.7590097726303247E+00
    2900.0000000000000000   3.7854077977808757E+01   1.7144220711794049E+00
    3000.0000000000000000   3.8928759509677548E+01   1.6704478574943511E+00
    3100.0000000000000000   3.9998576013754992E+01   1.6291023899940988E+00
    3200.0000000000000000   4.1061716415327687E+01   1.5920663151438879E+00
    3300.0000000000000000   4.2122469210887353E+01   1.5551931488801498E+00
    3400.0000000000000000   4.3178932715184025E+01   1.5203199662762106E+00
    3500.0000000000000000   4.4233236292835755E+01   1.4855204779070981E+00
    3600.0000000000000000   4.5281570249111205E+01   1.4542307282449809E+00
    3700.0000000000000000   4.6326075540153731E+01   1.4244959265267649E+00
    3800.0000000000000000   4.7366906780935963E+01   1.3961816005064915E+00
    3900.0000000000000000   4.8406027615067487E+01   1.3676481540914014E+00
    4000.0000000000000000   4.9439771283898004E+01   1.3419809123860218E+00
    4100.0000000000000000   5.0472060814872179E+01   1.3159403640747818E+00
    4200.0000000000000000   5.1499185500032219E+01   1.2925458522375814E+00
    4300.0000000000000000   5.2525016720338066E+01   1.2687063956165443E+00
    4400.0000000000000000   5.3547793494529252E+01   1.2458512506287776E+00
    4500.0000000000000000   5.4565693433447926E+01   1.2253604545202770E+00
    4600.0000000000000000   5.5582538725560212E+01   1.2043272312743785E+00
    4700.0000000000000000   5.6596565115511162E+01   1.1841157861951852E+00
    4800.0000000000000000   5.7607844454172572E+01   1.1646816371214994E+00
    4900.0000000000000000   5.8616433454047808E+01   1.1459893516944799E+00
    5000.0000000000000000   5.9622399539937980E+01   1.1279977541419739E+00
    5100.0000000000000000   6.0625814209783904E+01   1.1106642694587086E+00
    5200.0000000000000000   6.1626742833384604E+01   1.0939513784739880E+00
    5300.0000000000000000   6.2625243092729100E+01   1.0778272984650930E+00
    5400.0000000000000000   6.3621361046079166E+01   1.0622679168325682E+00
    5500.0000000000000000   6.4615154816512884E+01   1.0472422992612567E+00
    5600.0000000000000000   6.5606712616927382E+01   1.0327037123132834E+00
    5700.0000000000000000   6.6597830762199905E+01   1.0174993839655957E+00
    5800.0000000000000000   6.7584969653248777E+01   1.0039282394290387E+00
    5900.0000000000000000   6.8570023276883717E+01   9.9077028924849153E-01
    6000.0000000000000000   6.9552987450115907E+01   9.7803413864817090E-01
    6100.0000000000000000   7.0535645955565002E+01   9.6462684102319263E-01
    6200.0000000000000000   7.1514630221098642E+01   9.5264573681737874E-01
    6300.0000000000000000   7.2493375532018561E+01   9.3999486252436826E-01
    6400.0000000000000000   7.3468408020527008E+01   9.2877226427795945E-01
    6500.0000000000000000   7.4441595013878739E+01   9.1786124172306149E-01
    6600.0000000000000000   7.5414662519863057E+01   9.0626307699897635E-01
    6700.0000000000000000   7.6384237881952387E+01   8.9595664554677024E-01
    6800.0000000000000000   7.7353716350841523E+01   8.8498297977358797E-01
    6900.0000000000000000   7.8319772847093091E+01   8.7525201990430079E-01
    7000.0000000000000000   7.9285784799928209E+01   8.6485595856872510E-01
    7100.0000000000000000   8.0250131588108843E+01   8.5472788044752079E-01
    7200.0000000000000000   8.1211242018007013E+01   8.4572847429785614E-01
    7300.0000000000000000   8.2172383444818053E+01   8.3606971743366143E-01
    7400.0000000000000000   8.3130085236928181E+01   8.2763550676482278E-01
    7500.0000000000000000   8.4087906371158851E+01   8.1852040763716227E-01
    7600.0000000000000000   8.5044444009659429E+01   8.0950618567891297E-01
    7700.0000000000000000   8.5997553921713475E+01   8.0169507886556757E-01
    7800.0000000000000000   8.6950793266768301E+01   7.9323444792404263E-01
    7900.0000000000000000   8.7902885121205927E+01   7.8482601781469874E-01
    8000.0000000000000000   8.8852954496728273E+01   7.7688430975317002E-01
    8100.0000000000000000   8.9800634246843828E+01   7.6963488878311093E-01
    8200.0000000000000000   9.0747983370162459E+01   7.6199615439086110E-01
    8300.0000000000000000   9.1694494369908469E+01   7.5428840128622865E-01
    8400.0000000000000000   9.2639030485320902E+01   7.4702668595553900E-01
    8500.0000000000000000   9.3581102839140470E+01   7.4049230294502821E-01
    8600.0000000000000000   9.4523320879564480E+01   7.3339008475839862E-01
    8700.0000000000000000   9.5463939764477644E+01   7.2656890925123530E-01
    8800.0000000000000000   9.6403771324982131E+01   7.1968289006281172E-01
    8900.0000000000000000   9.7342236242559039E+01   7.1298092364749488E-01
    8985.9989999999997963   9.8147983865020535E+01   7.0747847875204417E-01
    8986.0010000000002037   9.8148002625956266E+01   7.0747833584702702E-01
    9000.0000000000000000   9.8278983092670146E+01   7.0662033107411759E-01
    9100.0000000000000000   9.9214635691579090E+01   7.0034046856074839E-01
    9200.0000000000000000   1.0014935783973638E+02   6.9407161837578857E-01
    9300.0000000000000000   1.0108157967550028E+02   6.8851695587695050E-01
    9400.0000000000000000   1.0201375653449136E+02   6.8255140244992640E-01
    9500.0000000000000000   1.0294464657005003E+02   6.7675274817048414E-01
    9600.0000000000000000   1.0387441262372469E+02   6.7105845854338098E-01
    9700.0000000000000000   1.0480314217407454E+02   6.6543583155277142E-01
    9800.0000000000000000   1.0573082270407211E+02   6.5989235357226839E-01
    9900.0000000000000000   1.0665741753896579E+02   6.5444516275541453E-01
   10000.0000000000000000   1.0758290659359993E+02   6.4910465372542392E-01
   11000.0000000000000000   1.1678157440657536E+02   6.0028089653946104E-01
   12000.0000000000000000   1.2588315284718675E+02   5.5938678236103667E-01
   13000.0000000000000000   1.3490019649765534E+02   5.2379128272328512E-01
   14000.0000000000000000   1.4383846144953620E+02   4.9309958245485069E-01
   15000.0000000000000000   1.5270611394938507E+02   4.6595440311491959E-01
   16000.0000000000000000   1.6150961686652889E+02   4.4152506600434849E-01
   17000.0000000000000000   1.7025287971540007E+02   4.1966442202260362E-01
   18000.0000000000000000   1.7893802204206966E+02   4.0046697291745270E-01
   19000.0000000000000000   1.8757312302985844E+02   3.8255528050967436E-01
   20000.0000000000000000   1.9615719442390952E+02   3.6668791757352054E-01
   21000.0000000000000000   2.0469453982839778E+02   3.5233704813788852E-01
   22000.0000000000000000   2.1319156698795598E+02   3.3852189540830907E-01
   23000.0000000000000000   2.2164531056485146E+02   3.2625192945053433E-01
   24000.0000000000000000   2.3005904654696917E+02   3.1503798641045677E-01
   25000.0000000000000000   2.3843706373574884E+02   3.0444587101201076E-01
   26000.0000000000000000   2.4677867434324091E+02   2.9480786190297870E-01
   27000.0000000000000000   2.5509243941806102E+02   2.8474654677679906E-01
   28000.0000000000000000   2.6336453117288983E+02   2.7701325114634617E-01
   29000.0000000000000000   2.7161097608423438E+02   2.6897563708759181E-01
   30000.0000000000000000   2.7983009992201704E+02   2.6093544566192917E-01
   31000.0000000000000000   2.8802014820688970E+02   2.5360089693627652E-01
   32000.0000000000000000   2.9618057840883478E+02   2.4702486743651886E-01
   33000.0000000000000000   3.0431229585027239E+02   2.4119658731426150E-01
   34000.0000000000000000   3.1242206595558901E+02   2.3516894572499716E-01
   35000.0000000000000000   3.2050906963728931E+02   2.2923973579792387E-01
   36000.0000000000000000   3.2857438920430582E+02   2.2334085065012380E-01
   37000.0000000000000000   3.3661015341110539E+02   2.1872115012747023E-01
   38000.0000000000000000   3.4463022496517499E+02   2.1343532354544659E-01
   39000.0000000000000000   3.5262895567427415E+02   2.0829654086046273E-01
   40000.0000000000000000   3.6060394728816175E+02   2.0397194680549904E-01
   41000.0000000000000000   3.6855926009366112E+02   1.9961761874018458E-01
   42000.0000000000000000   3.7649400775680851E+02   1.9579891676498612E-01
   43000.0000000000000000   3.8441027421273799E+02   1.9185506732327062E-01
   44000.0000000000000000   3.9230193437938601E+02   1.8908531272598661E-01
   45000.0000000000000000   4.0018759579791868E+02   1.8482743295614867E-01
   46000.0000000000000000   4.0804456232092383E+02   1.8200742801365699E-01
   47000.0000000000000000   4.1589914504696401E+02   1.7773782380168970E-01
   48000.0000000000000000   4.2372411944155056E+02   1.7509224560814143E-01
   49000.0000000000000000   4.3154535920529793E+02   1.7124500359617137E-01
   50000.0000000000000000   4.3934315707668907E+02   1.6833317629429478E-01
