       0.1000000000000000   9.9057979345106631E+01   2.9480700099763265E-04
       0.2000000000000000   8.6235690103530501E+01   5.8488727733900959E-04
       0.3000000000000000   8.1439076705910949E+01   8.8175049815258357E-04
       0.4000000000000000   7.9123456581374882E+01   1.1737738718561584E-03
       0.5000000000000000   7.7571722577528178E+01   1.4706662165633597E-03
       0.6000000000000000   7.6392981645779756E+01   1.7728491903784430E-03
       0.7000000000000000   7.5433354986215093E+01   2.0807567264069862E-03
       0.7999999999999999   7.4608632988582912E+01   2.3946846079337222E-03
       0.8999999999999999   7.3880668447681487E+01   2.7140468784842184E-03
       0.9999999999999999   7.3211383565875764E+01   3.0400196075047949E-03
       2.0000000000000000   6.7872996063400578E+01   6.6598115579471354E-03
       3.0000000000000000   6.3326410227806882E+01   1.0994140077269126E-02
       4.0000000000000000   5.9179865339868236E+01   1.6090305018992647E-02
       5.0000000000000000   5.5410196174708261E+01   2.1965900549303738E-02
       6.0000000000000000   5.2010809099833537E+01   2.8620119595118294E-02
       7.0000000000000000   4.8964454421850000E+01   3.6036345631844664E-02
       8.0000000000000000   4.6239711600278980E+01   4.4192919650786006E-02
       9.0000000000000000   4.3801041151818822E+01   5.3066784398761759E-02
      10.0000000000000000   4.1612267542434466E+01   6.2637717276861224E-02
      11.0000000000000000   3.9640517642419105E+01   7.2888483881421162E-02
      12.0000000000000000   3.7856476446040823E+01   8.3805231900339158E-02
      13.0000000000000000   3.6234966716611588E+01   9.5378252743865369E-02
      14.0000000000000000   3.4753840915868267E+01   1.0760318579939071E-01
      15.0000000000000000   3.3394409301805631E+01   1.2047978158917759E-01
      16.0000000000000000   3.2141007965957435E+01   1.3401066143515411E-01
      17.0000000000000000   3.0980095879243361E+01   1.4820322493472107E-01
      18.0000000000000000   2.9900332272178751E+01   1.6306774833444970E-01
      19.0000000000000000   2.8891990554092796E+01   1.7861788401801229E-01
      20.0000000000000000   2.7946745127858339E+01   1.9487096070212998E-01
      21.0000000000000000   2.7057433672447459E+01   2.1184767992244416E-01
      22.0000000000000000   2.6217949009855339E+01   2.2957145121291511E-01
      23.0000000000000000   2.5422987966900525E+01   2.4806904369493851E-01
      24.0000000000000000   2.4667912615107500E+01   2.6737116373345493E-01
      25.0000000000000000   2.3948700687656942E+01   2.8751175546049740E-01
      26.0000000000000000   2.3261829583848730E+01   3.0852846555274682E-01
      27.0000000000000000   2.2604204722214131E+01   3.3046281334750605E-01
      28.0000000000000000   2.1973104179299380E+01   3.5336032949537505E-01
      29.0000000000000000   2.1366112590251308E+01   3.7727096252376352E-01
      30.0000000000000000   2.0781095377739952E+01   4.0224920632906003E-01
      31.0000000000000000   2.0216147463785294E+01   4.2835456430937796E-01
      32.0000000000000000   1.9669581135506881E+01   4.5565162882670646E-01
      33.0000000000000000   1.9139880900293662E+01   4.8421078873899842E-01
      34.0000000000000000   1.8625695753308683E+01   5.1410840631654164E-01
      35.0000000000000000   1.8125816204017795E+01   5.4542729640179255E-01
      36.0000000000000000   1.7639160408827074E+01   5.7825715944351541E-01
      37.0000000000000000   1.7164761273027150E+01   6.1269502631708683E-01
      38.0000000000000000   1.6701756331817300E+01   6.4884569583082174E-01
      39.0000000000000000   1.6249378468862830E+01   6.8682215504260813E-01
      40.0000000000000000   1.5806950695282294E+01   7.2674591499244690E-01
      41.0000000000000000   1.5373878875417155E+01   7.6874733170109921E-01
      42.0000000000000000   1.4949648970092003E+01   8.1296572991560689E-01
      43.0000000000000000   1.4533824258651345E+01   8.5954938030856509E-01
      44.0000000000000000   1.4126044377285833E+01   9.0865514652060386E-01
      45.0000000000000000   1.3726023380261235E+01   9.6044790639297695E-01
      46.0000000000000000   1.3333551494822444E+01   1.0150993566629645E+00
      47.0000000000000000   1.2948495904938365E+01   1.0727862804808130E+00
      48.0000000000000000   1.2570802488587267E+01   1.1336880323327250E+00
      49.0000000000000000   1.2200497654730036E+01   1.1979830934935358E+00
      50.0000000000000000   1.1837689938276348E+01   1.2658445341547950E+00
      51.0000000000000000   1.1482570616015476E+01   1.3374342584912768E+00
      52.0000000000000000   1.1135413035149814E+01   1.4128959545507951E+00
      53.0000000000000000   1.0796569320582645E+01   1.4923468049447450E+00
      54.0000000000000000   1.0466463945030561E+01   1.5758681619716808E+00
      55.0000000000000000   1.0145583106332889E+01   1.6634956213174861E+00
      56.0000000000000000   9.8344596972417726E+00   1.7552091580196050E+00
      57.0000000000000000   9.5336538625168412E+00   1.8509239816686771E+00
      57.9990000000000023   9.2440117889126707E+00   1.9503825516018545E+00
      58.0000000000000000   9.2437274791596344E+00   1.9504839614992588E+00
      58.0009999999999977   9.2434431808278852E+00   1.9505853750165305E+00
      59.0000000000000000   8.9652176830818622E+00   2.0536575644822781E+00
      60.0000000000000000   8.6986091455681880E+00   2.1601377238408164E+00
      61.0000000000000000   8.4443055729942937E+00   2.2695468693217133E+00
      62.0000000000000000   8.2026077121638128E+00   2.3814456675167577E+00
      63.0000000000000000   7.9736963548999658E+00   2.4953459888175620E+00
      64.0000000000000000   7.7576233110612192E+00   2.6107265257363967E+00
      65.0000000000000000   7.5543106188661158E+00   2.7270497033381580E+00
      66.0000000000000000   7.3635573196951221E+00   2.8437783923789044E+00
      67.0000000000000000   7.1850523776745128E+00   2.9603911213692737E+00
      68.0000000000000000   7.0183918147547661E+00   3.0763948390480103E+00
      69.0000000000000000   6.8630980247000339E+00   3.1913347023903191E+00
      70.0000000000000000   6.7186394531228064E+00   3.3048007648941344E+00
      71.0000000000000000   6.5844492079690191E+00   3.4164317571717753E+00
      72.0000000000000000   6.4599416584945004E+00   3.5259163559333371E+00
      73.0000000000000000   6.3445264882841652E+00   3.6329924405454221E+00
      74.0000000000000000   6.2376200465452039E+00   3.7374448522016168E+00
      75.0000000000000000   6.1386540593742778E+00   3.8391021515113759E+00
      76.0000000000000000   6.0470821395994792E+00   3.9378326611978487E+00
      77.0000000000000000   5.9623839595218984E+00   4.0335404157166552E+00
      78.0000000000000000   5.8840680765450131E+00   4.1261608622809414E+00
      79.0000000000000000   5.8116732743982462E+00   4.2156567860597338E+00
      80.0000000000000000   5.7447689221914437E+00   4.3020144526616715E+00
      81.0000000000000000   5.6829545813107796E+00   4.3852400557634557E+00
      82.0000000000000000   5.6258590784451670E+00   4.4653565032230631E+00
      83.0000000000000000   5.5731392160757327E+00   4.5424005504170895E+00
      84.0000000000000000   5.5244782545929940E+00   4.6164202731565904E+00
      85.0000000000000000   5.4795842731184203E+00   4.6874728615057002E+00
      86.0000000000000000   5.4381884793692548E+00   4.7556227101170006E+00
      87.0000000000000000   5.4000435224129708E+00   4.8209397805420586E+00
      88.0000000000000000   5.3649218688512876E+00   4.8834981887113171E+00
      89.0000000000000000   5.3326142079563459E+00   4.9433750363018474E+00
      90.0000000000000000   5.3029279818930766E+00   5.0006493978196698E+00
      91.0000000000000000   5.2756859905899507E+00   5.0554014859351053E+00
      92.0000000000000000   5.2507250970930164E+00   5.1077119545313892E+00
      93.0000000000000000   5.2278950306788250E+00   5.1576613230385115E+00
      94.0000000000000000   5.2070572850497561E+00   5.2053295047607184E+00
      95.0000000000000000   5.1880841075507096E+00   5.2507954240124839E+00
      96.0000000000000000   5.1708575744120697E+00   5.2941367088171170E+00
      97.0000000000000000   5.1552687464082840E+00   5.3354294476746995E+00
      98.0000000000000000   5.1412168987955136E+00   5.3747480004957904E+00
      99.0000000000000000   5.1286088217727004E+00   5.4121648550019001E+00
     100.0000000000000000   5.1173581805254518E+00   5.4477505216421083E+00
     110.0000000000000000   5.0644152915141127E+00   5.7169098517137042E+00
     120.0000000000000000   5.0863763852027981E+00   5.8652793025786005E+00
     130.0000000000000000   5.1538218645660425E+00   5.9321666693582280E+00
     140.0000000000000000   5.2504892951515272E+00   5.9439447050986942E+00
     150.0000000000000000   5.3667650967902976E+00   5.9183448100291045E+00
     160.0000000000000000   5.4966482239865737E+00   5.8674111385739005E+00
     170.0000000000000000   5.6362229952519218E+00   5.7994239315096268E+00
     180.0000000000000000   5.7739766958525216E+00   5.7447860539488786E+00
     190.0000000000000000   5.9299721353508916E+00   5.6509747068909242E+00
     200.0000000000000000   6.0871037683303371E+00   5.5599049948336372E+00
     210.0000000000000000   6.2450967327733622E+00   5.4717584868543847E+00
     220.0000000000000000   6.4037418020230081E+00   5.3866092432631003E+00
     230.0000000000000000   6.5694705446479178E+00   5.2868128062329305E+00
     240.0000000000000000   6.7349134999437101E+00   5.1918521676738107E+00
     250.0000000000000000   6.8939800520775911E+00   5.1173133993338675E+00
     260.0000000000000000   7.0648108399133065E+00   5.0151760794641076E+00
     270.0000000000000000   7.2292262206669244E+00   4.9328794153888431E+00
     280.0000000000000000   7.3932721482758055E+00   4.8542571596054582E+00
     290.0000000000000000   7.5621576124152705E+00   4.7658340610368377E+00
     300.0000000000000000   7.7252502580821902E+00   4.6944165385166885E+00
     310.0000000000000000   7.8928607873363017E+00   4.6137729540843520E+00
     320.0000000000000000   8.0597976323322804E+00   4.5368493253236828E+00
     330.0000000000000000   8.2260824124572043E+00   4.4633834800794681E+00
     340.0000000000000000   8.3917364171614750E+00   4.3931373655589940E+00
     350.0000000000000000   8.5567804298036716E+00   4.3258944178525542E+00
     360.0000000000000000   8.7212346155487648E+00   4.2614572438744807E+00
     370.0000000000000000   8.8851184346671488E+00   4.1996456081378080E+00
     380.0000000000000000   9.0484506217444132E+00   4.1402945912744364E+00
     390.0000000000000000   9.2152811816263664E+00   4.0739643736434248E+00
     400.0000000000000000   9.3774619050449068E+00   4.0193726733892365E+00
     410.0000000000000000   9.5430271551027506E+00   3.9580450529357099E+00
     420.0000000000000000   9.7041311972331652E+00   3.9076447187543728E+00
     430.0000000000000000   9.8685075017404476E+00   3.8507448253633512E+00
     440.0000000000000000   1.0032292136282305E+01   3.7959766668736910E+00
     450.0000000000000000   1.0191860700829782E+01   3.7510952317161412E+00
     460.0000000000000000   1.0354559964868823E+01   3.7000397449686910E+00
     470.0000000000000000   1.0516716914847240E+01   3.6507840411728845E+00
     480.0000000000000000   1.0678346650387800E+01   3.6032307847889764E+00
     490.0000000000000000   1.0839463656841284E+01   3.5572896667848219E+00
     500.0000000000000000   1.1000081901507688E+01   3.5128766273370529E+00
     510.0000000000000000   1.1160214832850180E+01   3.4699133697100843E+00
     520.0000000000000000   1.1319875335976956E+01   3.4283269920128538E+00
     530.0000000000000000   1.1479075761964943E+01   3.3880495288261114E+00
     540.0000000000000000   1.1637827963208446E+01   3.3490175183345410E+00
     550.0000000000000000   1.1796143325647973E+01   3.3111716130076894E+00
     560.0000000000000000   1.1954032803794885E+01   3.2744562254105243E+00
     570.0000000000000000   1.2114605322736821E+01   3.2327923002762318E+00
     580.0000000000000000   1.2271631367073075E+01   3.1983029551637721E+00
     590.0000000000000000   1.2428262186368558E+01   3.1647932699123671E+00
     600.0000000000000000   1.2584507066390337E+01   3.1322204529058206E+00
     610.0000000000000000   1.2743339439313168E+01   3.0949569097150849E+00
     620.0000000000000000   1.2898798441079011E+01   3.0642395778836016E+00
     630.0000000000000000   1.3056811798712355E+01   3.0289515400380060E+00
     640.0000000000000000   1.3211518586588923E+01   2.9999344497088734E+00
     650.0000000000000000   1.3365883076385188E+01   2.9716660067335230E+00
     660.0000000000000000   1.3522734733681236E+01   2.9390017460943074E+00
     670.0000000000000000   1.3676394497635306E+01   2.9122326591615968E+00
     680.0000000000000000   1.3832508462067191E+01   2.8811731894141595E+00
     690.0000000000000000   1.3985492119654376E+01   2.8557863307437619E+00
     693.9990000000000236   1.4048782973380044E+01   2.8419292670337808E+00
     694.0009999999999764   1.4048814614113388E+01   2.8419223710901051E+00
     700.0000000000000000   1.4140896592641864E+01   2.8262100826175063E+00
     710.0000000000000000   1.4295952712564961E+01   2.7973683917083441E+00
     720.0000000000000000   1.4447952586057463E+01   2.7738977273377010E+00
     730.0000000000000000   1.4602337874447233E+01   2.7463779328659643E+00
     740.0000000000000000   1.4753726789494944E+01   2.7240424687865117E+00
     750.0000000000000000   1.4907465774412339E+01   2.6977503275275709E+00
     760.0000000000000000   1.5060882055691156E+01   2.6720767755027568E+00
     770.0000000000000000   1.5211381503562960E+01   2.6513208862857622E+00
     780.0000000000000000   1.5364186989434970E+01   2.6267458869258307E+00
     790.0000000000000000   1.5516685160945269E+01   2.6027292398322737E+00
     800.0000000000000000   1.5668884747952145E+01   2.5792456919830111E+00
     810.0000000000000000   1.5818262072137525E+01   2.5603622329396827E+00
     820.0000000000000000   1.5969889216693490E+01   2.5378378623924975E+00
     830.0000000000000000   1.6121230981104752E+01   2.5157977284317914E+00
     840.0000000000000000   1.6272295577094397E+01   2.4942200584980476E+00
     850.0000000000000000   1.6420623487648687E+01   2.4769722242804471E+00
     860.0000000000000000   1.6571149633510817E+01   2.4562384359415521E+00
     870.0000000000000000   1.6721408009979427E+01   2.4359302188588794E+00
     880.0000000000000000   1.6871405218791818E+01   2.4160302726394889E+00
     890.0000000000000000   1.7021145767018584E+01   2.3965250422921236E+00
     900.0000000000000000   1.7170632487527449E+01   2.3774039248283318E+00
     910.0000000000000000   1.7319867889041323E+01   2.3586571145731119E+00
     920.0000000000000000   1.7468854658359916E+01   2.3402748153625543E+00
     930.0000000000000000   1.7615231676842964E+01   2.3257874253563204E+00
     940.0000000000000000   1.7763740786676667E+01   2.3080645847859094E+00
     950.0000000000000000   1.7912013781665550E+01   2.2906729176008129E+00
     960.0000000000000000   1.8060053691284676E+01   2.2736032906411685E+00
     970.0000000000000000   1.8207863355220162E+01   2.2568470927063866E+00
     980.0000000000000000   1.8355445617142760E+01   2.2403959365978627E+00
     990.0000000000000000   1.8502803353344429E+01   2.2242416058598700E+00
    1000.0000000000000000   1.8649939453190946E+01   2.2083760763802784E+00
    1100.0000000000000000   2.0111882421659981E+01   2.0610680442304301E+00
    1200.0000000000000000   2.1554347391387100E+01   1.9359952204776407E+00
    1300.0000000000000000   2.2981476093496870E+01   1.8258881334202379E+00
    1400.0000000000000000   2.4392840963804925E+01   1.7301209664953352E+00
    1500.0000000000000000   2.5791806053882837E+01   1.6438587141637269E+00
    1600.0000000000000000   2.7179486319902566E+01   1.5654281089450841E+00
    1700.0000000000000000   2.8554943677888524E+01   1.4955089948259190E+00
    1800.0000000000000000   2.9919115915716457E+01   1.4327519723609217E+00
    1900.0000000000000000   3.1274475431327236E+01   1.3744740643603195E+00
    2000.0000000000000000   3.2618482010420472E+01   1.3230214880774185E+00
    2100.0000000000000000   3.3956537413542115E+01   1.2731826387071101E+00
    2200.0000000000000000   3.5284253878817800E+01   1.2290006254175696E+00
    2300.0000000000000000   3.6604041286826053E+01   1.1882063684702771E+00
    2400.0000000000000000   3.7917461430440852E+01   1.1494532196971456E+00
    2500.0000000000000000   3.9223669738578231E+01   1.1135011537352584E+00
    2600.0000000000000000   4.0522940110019206E+01   1.0801083228553676E+00
    2700.0000000000000000   4.1815557097551633E+01   1.0490426238973625E+00
    2800.0000000000000000   4.3103612680501300E+01   1.0187502608064904E+00
    2900.0000000000000000   4.4383896077393736E+01   9.9166398594698235E-01
    3000.0000000000000000   4.5660025452907476E+01   9.6511146110422918E-01
    3100.0000000000000000   4.6928772569767531E+01   9.4143852482016832E-01
    3200.0000000000000000   4.8194189350997739E+01   9.1782388849860652E-01
    3300.0000000000000000   4.9454055305313894E+01   8.9581563119215679E-01
    3400.0000000000000000   5.0709171510524698E+01   8.7492604513871797E-01
    3500.0000000000000000   5.1959650717518961E+01   8.5509973596538347E-01
    3600.0000000000000000   5.3205822103219340E+01   8.3616832927197593E-01
    3700.0000000000000000   5.4448503248672800E+01   8.1758138937218816E-01
    3800.0000000000000000   5.5686040985740355E+01   8.0048657562510828E-01
    3900.0000000000000000   5.6918632067808346E+01   7.8466383861595335E-01
    4000.0000000000000000   5.8148948086510373E+01   7.6859741440042884E-01
    4100.0000000000000000   5.9374239640212672E+01   7.5394407161852095E-01
    4200.0000000000000000   6.0596986545971610E+01   7.3926740650282707E-01
    4300.0000000000000000   6.1816885202067240E+01   7.2480689407088195E-01
    4400.0000000000000000   6.3031270280025417E+01   7.1205191443860882E-01
    4500.0000000000000000   6.4242636481866896E+01   6.9953481949706742E-01
    4600.0000000000000000   6.5452644275981569E+01   6.8657356294428118E-01
    4700.0000000000000000   6.6657841725497164E+01   6.7488465980198276E-01
    4800.0000000000000000   6.7859491630260919E+01   6.6384418528046374E-01
    4900.0000000000000000   6.9058238264995737E+01   6.5318618642605408E-01
    5000.0000000000000000   7.0254861047242372E+01   6.4247706248060954E-01
    5100.0000000000000000   7.1448354533657408E+01   6.3225421908219703E-01
    5200.0000000000000000   7.2638796421741077E+01   6.2248608766636371E-01
    5300.0000000000000000   7.3827095196711966E+01   6.1273034389414771E-01
    5400.0000000000000000   7.5012060910321281E+01   6.0361547047174469E-01
    5500.0000000000000000   7.6196207659541457E+01   5.9403189148811419E-01
    5600.0000000000000000   7.7375226166359340E+01   5.8585526977661584E-01
    5700.0000000000000000   7.8551604212652990E+01   5.7797240644431691E-01
    5800.0000000000000000   7.9727599439025795E+01   5.6952157136067039E-01
    5900.0000000000000000   8.0900200407946244E+01   5.6162523011084020E-01
    6000.0000000000000000   8.2070638568117417E+01   5.5394518438606122E-01
    6100.0000000000000000   8.3239116914573103E+01   5.4634715485275676E-01
    6200.0000000000000000   8.4403842664383788E+01   5.3953095484212554E-01
    6300.0000000000000000   8.5567171403701238E+01   5.3264418208801789E-01
    6400.0000000000000000   8.6729750614628898E+01   5.2531749510965009E-01
    6500.0000000000000000   8.7889565243663313E+01   5.1851746222488204E-01
    6600.0000000000000000   8.9047102644977173E+01   5.1190892327564030E-01
    6700.0000000000000000   9.0202319190461040E+01   5.0557930999832779E-01
    6800.0000000000000000   9.1355504068797984E+01   4.9947376233389912E-01
    6900.0000000000000000   9.2506290410648901E+01   4.9359380849482265E-01
    7000.0000000000000000   9.3655072156905760E+01   4.8800773246002144E-01
    7100.0000000000000000   9.4801388737916028E+01   4.8262089504747807E-01
    7200.0000000000000000   9.5946415830251198E+01   4.7726885010538789E-01
    7300.0000000000000000   9.7088060612531450E+01   4.7250839965650837E-01
    7400.0000000000000000   9.8233544527074429E+01   4.6595465921746121E-01
    7500.0000000000000000   9.9372509748183418E+01   4.6119849425534831E-01
    7600.0000000000000000   1.0050808533344960E+02   4.5700477021208397E-01
    7700.0000000000000000   1.0164798790237812E+02   4.5101453452735746E-01
    7800.0000000000000000   1.0278159747015427E+02   4.4657775926159560E-01
    7900.0000000000000000   1.0391187990809064E+02   4.4278433425872848E-01
    8000.0000000000000000   1.0504650102842774E+02   4.3725948659524139E-01
    8100.0000000000000000   1.0617318757520985E+02   4.3370779921716124E-01
    8200.0000000000000000   1.0730383847028587E+02   4.2852062380770656E-01
    8300.0000000000000000   1.0842808557188033E+02   4.2506823623048468E-01
    8400.0000000000000000   1.0955545044693748E+02   4.2020689162330777E-01
    8500.0000000000000000   1.1068059336492027E+02   4.1551951552312416E-01
    8600.0000000000000000   1.1179878844571621E+02   4.1262387066201178E-01
    8700.0000000000000000   1.1292149662466437E+02   4.0809812471214268E-01
    8800.0000000000000000   1.1404231309801477E+02   4.0377968753841065E-01
    8900.0000000000000000   1.1515515711845106E+02   4.0148011077037404E-01
    9000.0000000000000000   1.1627380213909360E+02   3.9696583413986025E-01
    9100.0000000000000000   1.1738938074181262E+02   3.9304938966375447E-01
    9200.0000000000000000   1.1850412586819523E+02   3.8906817255951542E-01
    9300.0000000000000000   1.1961225362867485E+02   3.8673230442641737E-01
    9400.0000000000000000   1.2072257069762476E+02   3.8350548705568654E-01
    9500.0000000000000000   1.2183431768840776E+02   3.7952449738774630E-01
    9600.0000000000000000   1.2294305859151598E+02   3.7604924468263345E-01
    9700.0000000000000000   1.2404949636214934E+02   3.7288814103807483E-01
    9800.0000000000000000   1.2515478720058381E+02   3.6973524491970577E-01
    9900.0000000000000000   1.2625910414923115E+02   3.6655194353625226E-01
   10000.0000000000000000   1.2736216210799400E+02   3.6342385441748765E-01
   11000.0000000000000000   1.3832617019350405E+02   3.3545670891330831E-01
   12000.0000000000000000   1.4917765670882085E+02   3.1220421511580160E-01
   13000.0000000000000000   1.5992856968241642E+02   2.9215674805972897E-01
   14000.0000000000000000   1.7059222981853273E+02   2.7452046987804568E-01
   15000.0000000000000000   1.8117131332868001E+02   2.5895686115037231E-01
   16000.0000000000000000   1.9168061428430738E+02   2.4486577155789524E-01
   17000.0000000000000000   2.0211112628577268E+02   2.3278174551676850E-01
   18000.0000000000000000   2.1247780937672513E+02   2.2241580045800000E-01
   19000.0000000000000000   2.2278274578754625E+02   2.1314004264647837E-01
   20000.0000000000000000   2.3304229380764292E+02   2.0276718889749087E-01
   21000.0000000000000000   2.4323597166015941E+02   1.9504537661098245E-01
   22000.0000000000000000   2.5338524131098356E+02   1.8732470930441725E-01
   23000.0000000000000000   2.6347486759145318E+02   1.8037637474213439E-01
   24000.0000000000000000   2.7353247249439431E+02   1.7464372287288726E-01
   25000.0000000000000000   2.8355343607341615E+02   1.6731291622446184E-01
   26000.0000000000000000   2.9351831153739329E+02   1.6220891515671332E-01
   27000.0000000000000000   3.0345772267699999E+02   1.5622041707791814E-01
   28000.0000000000000000   3.1332944734483840E+02   1.5305283588530680E-01
   29000.0000000000000000   3.2318500129287867E+02   1.4797573574410913E-01
   30000.0000000000000000   3.3301309455533715E+02   1.4447476496015210E-01
   31000.0000000000000000   3.4280929040556225E+02   1.3949777346791703E-01
   32000.0000000000000000   3.5253694510415119E+02   1.3742619915581505E-01
   33000.0000000000000000   3.6227855064562146E+02   1.3234789790005161E-01
   34000.0000000000000000   3.7198162884324302E+02   1.2883974555428337E-01
   35000.0000000000000000   3.8163314729308883E+02   1.2717136312212421E-01
   36000.0000000000000000   3.9128559214687971E+02   1.2253898860344496E-01
   37000.0000000000000000   4.0090266353780538E+02   1.2021653309386456E-01
   38000.0000000000000000   4.1051408048953493E+02   1.1737852408954540E-01
   39000.0000000000000000   4.2007024624121772E+02   1.1409747783682905E-01
   40000.0000000000000000   4.2961301053023078E+02   1.1134415969737133E-01
   41000.0000000000000000   4.3914653165345624E+02   1.0880310098174564E-01
   42000.0000000000000000   4.4862559375030145E+02   1.0664855786708315E-01
   43000.0000000000000000   4.5808677173400770E+02   1.0553925129937652E-01
   44000.0000000000000000   4.6755648500359257E+02   1.0377797615117466E-01
   45000.0000000000000000   4.7696196005447592E+02   1.0099854745520224E-01
   46000.0000000000000000   4.8635163778634649E+02   1.0044138041549479E-01
   47000.0000000000000000   4.9579374356424421E+02   9.6706210268317605E-02
   48000.0000000000000000   5.0516587160016650E+02   9.5606388597059513E-02
   49000.0000000000000000   5.1452510965500733E+02   9.3787725578490341E-02
   50000.0000000000000000   5.2386132467589107E+02   9.1781093401461025E-02
