       0.1000000000000000   4.3933809212287690E+02   6.7296129397770467E-05
       0.2000000000000000   3.6505422194558003E+02   1.4251250170809420E-04
       0.3000000000000000   3.2913799532996859E+02   2.2930110807393422E-04
       0.4000000000000000   3.0583577670509572E+02   3.2473420259542928E-04
       0.5000000000000000   2.8704167034879418E+02   4.3187380467321412E-04
       0.6000000000000000   2.7090945441069920E+02   5.5125989998403360E-04
       0.7000000000000000   2.5665414546862280E+02   6.8340707443649096E-04
       0.7999999999999999   2.4383794289861675E+02   8.2870622803164512E-04
       0.8999999999999999   2.3223910946416291E+02   9.8713595463417454E-04
       0.9999999999999999   2.2162438958542953E+02   1.1592811857981573E-03
       2.0000000000000000   1.5130761888842778E+02   3.6231938673940986E-03
       3.0000000000000000   1.1547870982069816E+02   7.3369129924526115E-03
       4.0000000000000000   9.4416387342404263E+01   1.2124840690024676E-02
       5.0000000000000000   8.0628770872203333E+01   1.7851530656029905E-02
       6.0000000000000000   7.0879048960209687E+01   2.4424096666161348E-02
       7.0000000000000000   6.3594003875897371E+01   3.1773000641314927E-02
       8.0000000000000000   5.7920185974184669E+01   3.9847250475184164E-02
       9.0000000000000000   5.3357921419868482E+01   4.8608427348020879E-02
      10.0000000000000000   4.9594552534289875E+01   5.8028788263454527E-02
      11.0000000000000000   4.6425792747126785E+01   6.8087752859245218E-02
      12.0000000000000000   4.3711933603636510E+01   7.8769947716682415E-02
      13.0000000000000000   4.1354638712454303E+01   9.0064879855651703E-02
      14.0000000000000000   3.9281597670100041E+01   1.0196748214549872E-01
      15.0000000000000000   3.7439118252923933E+01   1.1447655351684125E-01
      16.0000000000000000   3.5786579656964832E+01   1.2759322431593872E-01
      17.0000000000000000   3.4292169281685659E+01   1.4132298486417827E-01
      18.0000000000000000   3.2931025338023048E+01   1.5567360849406361E-01
      19.0000000000000000   3.1683231528271158E+01   1.7065568010522494E-01
      20.0000000000000000   3.0532642813385955E+01   1.8628294299883408E-01
      21.0000000000000000   2.9466031412034248E+01   2.0257194783054105E-01
      22.0000000000000000   2.8472546875828225E+01   2.1954130964790358E-01
      23.0000000000000000   2.7543111775711552E+01   2.3721238854816706E-01
      24.0000000000000000   2.6670054340149811E+01   2.5560988591578016E-01
      25.0000000000000000   2.5846899466837232E+01   2.7476102049034173E-01
      26.0000000000000000   2.5068119152284609E+01   2.9469597490934729E-01
      27.0000000000000000   2.4328967108990224E+01   3.1544800493106356E-01
      28.0000000000000000   2.3625351386205523E+01   3.3705350106447057E-01
      29.0000000000000000   2.2953708857292362E+01   3.5955233817032445E-01
      30.0000000000000000   2.2310939294785278E+01   3.8298790208116418E-01
      31.0000000000000000   2.1694317866350698E+01   4.0740748003252553E-01
      32.0000000000000000   2.1101458792781585E+01   4.3286221166910888E-01
      33.0000000000000000   2.0530245301233339E+01   4.5940773151260228E-01
      34.0000000000000000   1.9978806510710797E+01   4.8710421353435207E-01
      35.0000000000000000   1.9445479941695226E+01   5.1601674697068567E-01
      36.0000000000000000   1.8928786027970197E+01   5.4621566408054856E-01
      37.0000000000000000   1.8427405425433673E+01   5.7777688765938684E-01
      38.0000000000000000   1.7940160607324355E+01   6.1078228872560447E-01
      39.0000000000000000   1.7465999708783055E+01   6.4532005586880836E-01
      40.0000000000000000   1.7003985456489147E+01   6.8148501935890071E-01
      41.0000000000000000   1.6553281960671651E+01   7.1937903361203193E-01
      42.0000000000000000   1.6113147498032195E+01   7.5911124384358242E-01
      43.0000000000000000   1.5682927197355696E+01   8.0079833707711978E-01
      44.0000000000000000   1.5262048262288346E+01   8.4456462137256649E-01
      45.0000000000000000   1.4850013625564978E+01   8.9054211829038454E-01
      46.0000000000000000   1.4446400574413827E+01   9.3887030247888814E-01
      47.0000000000000000   1.4050858145671654E+01   9.8969566707591394E-01
      48.0000000000000000   1.3663106091745956E+01   1.0431709318305940E+00
      49.0000000000000000   1.3282934423831923E+01   1.0994538185019957E+00
      50.0000000000000000   1.2910203681542134E+01   1.1587052807830742E+00
      51.0000000000000000   1.2544845321561182E+01   1.2210870779607166E+00
      52.0000000000000000   1.2186862537674472E+01   1.2867585577661587E+00
      53.0000000000000000   1.1836330512849438E+01   1.3558725507856217E+00
      54.0000000000000000   1.1493396002955045E+01   1.4285702909957883E+00
      55.0000000000000000   1.1158275479233605E+01   1.5049753541251487E+00
      56.0000000000000000   1.0831251665724473E+01   1.5851866810319533E+00
      57.0000000000000000   1.0512668104985192E+01   1.6692706097091035E+00
      58.0000000000000000   1.0202918186962371E+01   1.7572531706722379E+00
      59.0000000000000000   9.9024336729889288E+00   1.8491118831925457E+00
      60.0000000000000000   9.6116695502895624E+00   1.9447683194447556E+00
      60.9990000000000023   9.3313581808684258E+00   2.0439819508200325E+00
      61.0000000000000000   9.3310828265317696E+00   2.0440830303688897E+00
      61.0009999999999977   9.3308074828150200E+00   2.0441841133774115E+00
      62.0000000000000000   9.0611125919253617E+00   2.1468519931807455E+00
      63.0000000000000000   8.8021575117130499E+00   2.2528065294564246E+00
      64.0000000000000000   8.5545545453127918E+00   2.3616165828707270E+00
      65.0000000000000000   8.3185604415424361E+00   2.4728974783232363E+00
      66.0000000000000000   8.0943375961919823E+00   2.5862197852941993E+00
      67.0000000000000000   7.8819454640149322E+00   2.7011215323907369E+00
      68.0000000000000000   7.6813380239816347E+00   2.8171217622262272E+00
      69.0000000000000000   7.4923670714908033E+00   2.9337343230042525E+00
      70.0000000000000000   7.3147905139268659E+00   3.0504808692155634E+00
      71.0000000000000000   7.1482843879872702E+00   3.1669022555888358E+00
      72.0000000000000000   6.9924572020365172E+00   3.2825677899795682E+00
      73.0000000000000000   6.8468652032849242E+00   3.3970821080104829E+00
      74.0000000000000000   6.7110274150671509E+00   3.5100896872996472E+00
      75.0000000000000000   6.5844395331273775E+00   3.6212772322223503E+00
      75.9989999999999952   6.4667000298414905E+00   3.7302661446116954E+00
      76.0000000000000000   6.4665863675279729E+00   3.7303741176876786E+00
      76.0010000000000048   6.4664727134325224E+00   3.7304820884409300E+00
      77.0000000000000000   6.3569519310118077E+00   3.8371516084459714E+00
      78.0000000000000000   6.2550279499352843E+00   3.9414207715741081E+00
      79.0000000000000000   6.1603202588391826E+00   4.0430297673996556E+00
      80.0000000000000000   6.0723535272389455E+00   4.1418606706966630E+00
      81.0000000000000000   5.9906745141627713E+00   4.2378260778214383E+00
      82.0000000000000000   5.9148541026124724E+00   4.3308656767071465E+00
      83.0000000000000000   5.8444883559903200E+00   4.4209429070900086E+00
      84.0000000000000000   5.7791988104556173E+00   4.5080417972306979E+00
      85.0000000000000000   5.7186321981877803E+00   4.5921640301674902E+00
      86.0000000000000000   5.6624597524263223E+00   4.6733262678717589E+00
      86.9989999999999952   5.6104263564449806E+00   4.7514809666956399E+00
      87.0000000000000000   5.6103762193742304E+00   4.7515577466852825E+00
      87.0010000000000048   5.6103260861077215E+00   4.7516345237831175E+00
      88.0000000000000000   5.5620987076455055E+00   4.8268981198721219E+00
      89.0000000000000000   5.5173653756514858E+00   4.8993955892464713E+00
      90.0000000000000000   5.4759341195867846E+00   4.9691052378671579E+00
      90.9989999999999952   5.4376181136591555E+00   5.0360219566492859E+00
      91.0000000000000000   5.4375812282779519E+00   5.0360875979824256E+00
      91.0010000000000048   5.4375443457671677E+00   5.0361532366527548E+00
      92.0000000000000000   5.4021000659333041E+00   5.1004074120596430E+00
      93.0000000000000000   5.3692998000509320E+00   5.1621325698552853E+00
      94.0000000000000000   5.3390041884991506E+00   5.2213332016632377E+00
      95.0000000000000000   5.3110504343992577E+00   5.2780809091102849E+00
      96.0000000000000000   5.2852881133301883E+00   5.3324481163539152E+00
      97.0000000000000000   5.2615781743318477E+00   5.3845075261309319E+00
      98.0000000000000000   5.2397920136714111E+00   5.4343316667342325E+00
      99.0000000000000000   5.2198106215558431E+00   5.4819925173479582E+00
     100.0000000000000000   5.2015237927894971E+00   5.5275612012052155E+00
     103.9989999999999952   5.1433992160610460E+00   5.6902571548000127E+00
     104.0010000000000048   5.1433755756509232E+00   5.6903311500335425E+00
     110.0000000000000000   5.0926270479852755E+00   5.8828415897096233E+00
     113.9989999999999952   5.0774772734891975E+00   5.9822045892999274E+00
     114.0010000000000048   5.0774728089204926E+00   5.9822491722403663E+00
     120.0000000000000000   5.0759181897872603E+00   6.0956614842431298E+00
     130.0000000000000000   5.1144914686694225E+00   6.2103188108284373E+00
     140.0000000000000000   5.1882419304357139E+00   6.2573880485525342E+00
     150.0000000000000000   5.2854403533762415E+00   6.2577787788387536E+00
     153.9989999999999952   5.3291522331095580E+00   6.2482544460596658E+00
     154.0010000000000048   5.3291746784198581E+00   6.2482485235861960E+00
     160.0000000000000000   5.3988461822577438E+00   6.2258700085962495E+00
     170.0000000000000000   5.5237779995733280E+00   6.1716501603025220E+00
     180.0000000000000000   5.6570913192985728E+00   6.1021337118065109E+00
     190.0000000000000000   5.7895743794822607E+00   6.0431588757773378E+00
     200.0000000000000000   5.9354899148548785E+00   5.9557326759316878E+00
     210.0000000000000000   6.0827133210825775E+00   5.8701256107120150E+00
     220.0000000000000000   6.2384111427120406E+00   5.7655545561405930E+00
     230.0000000000000000   6.3870410012343743E+00   5.6855379793555620E+00
     240.0000000000000000   6.5430456945829834E+00   5.5889502110236027E+00
     250.0000000000000000   6.6989245922707070E+00   5.4966106520619498E+00
     260.0000000000000000   6.8546336501131195E+00   5.4082767696623373E+00
     270.0000000000000000   7.0101405385927524E+00   5.3237151666565250E+00
     280.0000000000000000   7.1654217630835788E+00   5.2427037986979377E+00
     290.0000000000000000   7.3259372189835545E+00   5.1501830338711683E+00
     300.0000000000000000   7.4804990811927325E+00   5.0762881634465655E+00
     310.0000000000000000   7.6399255103768811E+00   4.9916347132878283E+00
     320.0000000000000000   7.7987557874668827E+00   4.9107867099189200E+00
     330.0000000000000000   7.9570065909056042E+00   4.8334835806366510E+00
     338.9990000000000236   8.0975057547948008E+00   4.7704444208374630E+00
     339.0009999999999764   8.0975401056755167E+00   4.7704224753209079E+00
     340.0000000000000000   8.1146947808840935E+00   4.7594878757714589E+00
     350.0000000000000000   8.2718371726272775E+00   4.6885828465051622E+00
     356.9990000000000236   8.3819590655992116E+00   4.6395359841329782E+00
     357.0009999999999764   8.3819930974042300E+00   4.6395155669653727E+00
     360.0000000000000000   8.4284503500812633E+00   4.6205703274026231E+00
     370.0000000000000000   8.5845505224924796E+00   4.5552688868254894E+00
     380.0000000000000000   8.7444632855858639E+00   4.4817847553931101E+00
     390.0000000000000000   8.8994727169259669E+00   4.4217527050727625E+00
     400.0000000000000000   9.0540180441602285E+00   4.3639535696352194E+00
     410.0000000000000000   9.2121503036165517E+00   4.2984555199585772E+00
     420.0000000000000000   9.3696892461943868E+00   4.2354897842948294E+00
     430.0000000000000000   9.5227201989079919E+00   4.1841972193375696E+00
     440.0000000000000000   9.6791759133075477E+00   4.1256194730436437E+00
     450.0000000000000000   9.8350880350021264E+00   4.0691692138324713E+00
     460.0000000000000000   9.9867430697486697E+00   4.0233171933180731E+00
     470.0000000000000000   1.0141663874025703E+01   3.9705674218175799E+00
     480.0000000000000000   1.0296085242757647E+01   3.9196235669026427E+00
     490.0000000000000000   1.0450020898612921E+01   3.8703903822878027E+00
     500.0000000000000000   1.0603483961616542E+01   3.8227794473201815E+00
     510.0000000000000000   1.0756487020783480E+01   3.7767084766252728E+00
     520.0000000000000000   1.0909042189727069E+01   3.7321007229526533E+00
     530.0000000000000000   1.1061161129741595E+01   3.6888845072917849E+00
     540.0000000000000000   1.1212855046822449E+01   3.6469928453931750E+00
     547.9990000000000236   1.1335871779097163E+01   3.6101765462037294E+00
     548.0009999999999764   1.1335903327179329E+01   3.6101656969682088E+00
     550.0000000000000000   1.1364134713102327E+01   3.6063630683669516E+00
     560.0000000000000000   1.1518256755486131E+01   3.5600728782211259E+00
     570.0000000000000000   1.1668692688196812E+01   3.5219323619488612E+00
     580.0000000000000000   1.1818744696458779E+01   3.4848833878896097E+00
     590.0000000000000000   1.1968422045488738E+01   3.4488775744454023E+00
     600.0000000000000000   1.2120837415910771E+01   3.4075160644702747E+00
     610.0000000000000000   1.2269747098522025E+01   3.3735826197503980E+00
     620.0000000000000000   1.2418307974922493E+01   3.3405603174192158E+00
     630.0000000000000000   1.2569535767597046E+01   3.3023942082437232E+00
     640.0000000000000000   1.2717379875315338E+01   3.2711888025571567E+00
     644.9990000000000236   1.2791163940311238E+01   3.2558928078228404E+00
     645.0009999999999764   1.2791194628206272E+01   3.2558843823796155E+00
     650.0000000000000000   1.2867852815026415E+01   3.2349738226138025E+00
     660.0000000000000000   1.3015010930496844E+01   3.2054368251071619E+00
     670.0000000000000000   1.3164759991095369E+01   3.1710174884006559E+00
     680.0000000000000000   1.3311260216332805E+01   3.1430176209301801E+00
     690.0000000000000000   1.3460314044535032E+01   3.1102554419195592E+00
     700.0000000000000000   1.3606183186647653E+01   3.0836741608736453E+00
     710.0000000000000000   1.3754567889786362E+01   3.0524462001339057E+00
     720.0000000000000000   1.3899831522268611E+01   3.0271761542016522E+00
     730.0000000000000000   1.4047571316578249E+01   2.9973722292022358E+00
     740.0000000000000000   1.4194994254739926E+01   2.9682757462875338E+00
     750.0000000000000000   1.4339371267329513E+01   2.9448369348785421E+00
     760.0000000000000000   1.4486183974583851E+01   2.9170147718942707E+00
     763.9990000000000236   1.4543192299147215E+01   2.9089930693786523E+00
     764.0009999999999764   1.4543222144767956E+01   2.9089866391477552E+00
     770.0000000000000000   1.4632693002799535E+01   2.8898335454061330E+00
     780.0000000000000000   1.4776234963972653E+01   2.8680293213794470E+00
     790.0000000000000000   1.4922166661874076E+01   2.8419911687619721E+00
     800.0000000000000000   1.5067808755676127E+01   2.8165329039065861E+00
     810.0000000000000000   1.5213166318812670E+01   2.7916341895318610E+00
     820.0000000000000000   1.5355654535839914E+01   2.7717701459298958E+00
     830.0000000000000000   1.5500473782256964E+01   2.7478662423408302E+00
     840.0000000000000000   1.5645021349470884E+01   2.7244708056327536E+00
     850.0000000000000000   1.5789303672345847E+01   2.7015636174638300E+00
     860.0000000000000000   1.5933327024133508E+01   2.6791254018969206E+00
     870.0000000000000000   1.6074585327040023E+01   2.6613611653666704E+00
     880.0000000000000000   1.6218108324730867E+01   2.6397745494106797E+00
     890.0000000000000000   1.6361381113718149E+01   2.6186201897309584E+00
     900.0000000000000000   1.6504408992319227E+01   2.5978822311712246E+00
     910.0000000000000000   1.6647196426813366E+01   2.5775466596133856E+00
     920.0000000000000000   1.6789746779977857E+01   2.5576016654739711E+00
     930.0000000000000000   1.6932062867947565E+01   2.5380366616044499E+00
     940.0000000000000000   1.7074147447921767E+01   2.5188414562301977E+00
     950.0000000000000000   1.7216003361074296E+01   2.5000060074032926E+00
     960.0000000000000000   1.7355244207251058E+01   2.4853269232967579E+00
     970.0000000000000000   1.7496661057324786E+01   2.4671427092938774E+00
     980.0000000000000000   1.7637859338577563E+01   2.4492882015542552E+00
     990.0000000000000000   1.7778842069140079E+01   2.4317541460947387E+00
    1000.0000000000000000   1.7919612090390981E+01   2.4145318053424845E+00
    1100.0000000000000000   1.9318427385530757E+01   2.2544433391218925E+00
    1200.0000000000000000   2.0698484012036474E+01   2.1184725119824264E+00
    1300.0000000000000000   2.2063884945545222E+01   1.9986908154617786E+00
    1400.0000000000000000   2.3416148667654042E+01   1.8918713362820085E+00
    1500.0000000000000000   2.4754528704914929E+01   1.7980574668598515E+00
    1600.0000000000000000   2.6080203432945421E+01   1.7149923694052844E+00
    1700.0000000000000000   2.7396112926707865E+01   1.6387303274915950E+00
    1800.0000000000000000   2.8701136849928016E+01   1.5702844619928844E+00
    1843.9990000000000236   2.9273276698074483E+01   1.5410593396864061E+00
    1844.0009999999999764   2.9273302828708548E+01   1.5410578611062420E+00
    1900.0000000000000000   2.9997894740430123E+01   1.5065481906413780E+00
    2000.0000000000000000   3.1285077139949063E+01   1.4488040013190857E+00
    2100.0000000000000000   3.2563469644846265E+01   1.3960733133697070E+00
    2200.0000000000000000   3.3833667845556086E+01   1.3476580112029695E+00
    2209.9989999999997963   3.3960947101301286E+01   1.3423584476007946E+00
    2210.0010000000002037   3.3960972604140586E+01   1.3423573433090938E+00
    2294.9989999999997963   3.5034052344501255E+01   1.3043609420570583E+00
    2295.0010000000002037   3.5034077689207997E+01   1.3043599313614416E+00
    2300.0000000000000000   3.5097471847866629E+01   1.3017874143624888E+00
    2400.0000000000000000   3.6352392161039305E+01   1.2607671994314309E+00
    2500.0000000000000000   3.7601818280710766E+01   1.2214474708359149E+00
    2600.0000000000000000   3.8844548034965648E+01   1.1849392729725439E+00
    2700.0000000000000000   4.0082396352522238E+01   1.1496979358899704E+00
    2747.9989999999997963   4.0673406221730929E+01   1.1344175328933432E+00
    2748.0010000000002037   4.0673430939579362E+01   1.1344168064508005E+00
    2800.0000000000000000   4.1312586682354826E+01   1.1180708740419576E+00
    2900.0000000000000000   4.2537001574646546E+01   1.0884631396710658E+00
    3000.0000000000000000   4.3757454610054658E+01   1.0594614746600843E+00
    3100.0000000000000000   4.4972756168912696E+01   1.0320789140038955E+00
    3152.9989999999997963   4.5613798339162749E+01   1.0189294162090066E+00
    3153.0010000000002037   4.5613822635121522E+01   1.0189288305361786E+00
    3200.0000000000000000   4.6180984819485921E+01   1.0077276397014256E+00
    3300.0000000000000000   4.7386156495363274E+01   9.8343747472594778E-01
    3400.0000000000000000   4.8586573247424525E+01   9.6049403750703111E-01
    3429.9989999999997963   4.8947054248203166E+01   9.5293448350844157E-01
    3430.0010000000002037   4.8947078433570276E+01   9.5293387528874074E-01
    3500.0000000000000000   4.9782285064060119E+01   9.3887293171396702E-01
    3600.0000000000000000   5.0974978120220904E+01   9.1741018558429255E-01
    3700.0000000000000000   5.2162545611370099E+01   8.9767009722669577E-01
    3800.0000000000000000   5.3345140817201631E+01   8.7942926594640503E-01
    3900.0000000000000000   5.4526084197996283E+01   8.6061152829438892E-01
    4000.0000000000000000   5.5701418044057228E+01   8.4379739014518840E-01
    4100.0000000000000000   5.6874541208379057E+01   8.2679137854795970E-01
    4200.0000000000000000   5.8042189055955333E+01   8.1168969505011745E-01
    4300.0000000000000000   5.9207595705369563E+01   7.9647178578078126E-01
    4400.0000000000000000   6.0368664744752593E+01   7.8248442655307426E-01
    4500.0000000000000000   6.1528184580620263E+01   7.6808254105533180E-01
    4600.0000000000000000   6.2683514616507644E+01   7.5477465984575287E-01
    4700.0000000000000000   6.3836456881756135E+01   7.4160939850145213E-01
    4800.0000000000000000   6.4986914909819504E+01   7.2866742204100432E-01
    4900.0000000000000000   6.6133504340119060E+01   7.1668837757141413E-01
    5000.0000000000000000   6.7276927647550181E+01   7.0530127351767413E-01
    5100.0000000000000000   6.8417865070630000E+01   6.9416779527463934E-01
    5200.0000000000000000   6.9556488350882873E+01   6.8322262631581088E-01
    5300.0000000000000000   7.0692548117102902E+01   6.7260896380569890E-01
    5400.0000000000000000   7.1825132046357609E+01   6.6277893212459971E-01
    5500.0000000000000000   7.2954344981948779E+01   6.5365741076202666E-01
    5600.0000000000000000   7.4083123987629563E+01   6.4388707557224323E-01
    5700.0000000000000000   7.5208576715488633E+01   6.3484202669628231E-01
    5800.0000000000000000   7.6332132919879058E+01   6.2577796772327032E-01
    5900.0000000000000000   7.7453556473002536E+01   6.1700153089691123E-01
    6000.0000000000000000   7.8572139404400147E+01   6.0874392645884823E-01
    6100.0000000000000000   7.9688129087097295E+01   6.0083794845808669E-01
    6200.0000000000000000   8.0803467497386038E+01   5.9252673568664216E-01
    6300.0000000000000000   8.1915699928824409E+01   5.8488708012412172E-01
    6400.0000000000000000   8.3025865744604829E+01   5.7741416455890537E-01
    6500.0000000000000000   8.4132019078713597E+01   5.7096161624382868E-01
    6600.0000000000000000   8.5238731486446184E+01   5.6362603731853123E-01
    6700.0000000000000000   8.6342481227280217E+01   5.5695758379045457E-01
    6800.0000000000000000   8.7445072983426030E+01   5.5002286511112586E-01
    6900.0000000000000000   8.8544697640466367E+01   5.4384792472420040E-01
    7000.0000000000000000   8.9643596575743032E+01   5.3720349524461730E-01
    7100.0000000000000000   9.0740919575639893E+01   5.3080792262561571E-01
    7200.0000000000000000   9.1837673388696842E+01   5.2392633891507834E-01
    7300.0000000000000000   9.2929947422887807E+01   5.1839032993141598E-01
    7400.0000000000000000   9.4019636253465904E+01   5.1319872838766112E-01
    7500.0000000000000000   9.5109000951215720E+01   5.0760847611280435E-01
    7600.0000000000000000   9.6199401825689222E+01   5.0124381271167751E-01
    7700.0000000000000000   9.7283404506281755E+01   4.9663054677296242E-01
    7800.0000000000000000   9.8368699564884650E+01   4.9116024595200919E-01
    7900.0000000000000000   9.9452231505278561E+01   4.8586847359840174E-01
    8000.0000000000000000   1.0053057349314152E+02   4.8186141050688597E-01
    8100.0000000000000000   1.0161350689570421E+02   4.7591619181756156E-01
    8200.0000000000000000   1.0268941939671443E+02   4.7195162923096007E-01
    8300.0000000000000000   1.0376819040090605E+02   4.6652977316241484E-01
    8400.0000000000000000   1.0484241164506547E+02   4.6228100325152283E-01
    8500.0000000000000000   1.0591620805281346E+02   4.5786761432538975E-01
    8600.0000000000000000   1.0699103239477559E+02   4.5265614296130968E-01
    8700.0000000000000000   1.0805848835496832E+02   4.4940365356677126E-01
    8800.0000000000000000   1.0912942304978016E+02   4.4468903044537722E-01
    8900.0000000000000000   1.1019823697302159E+02   4.4034915894280208E-01
    9000.0000000000000000   1.1126602810555873E+02   4.3600230390159239E-01
    9100.0000000000000000   1.1232728028759942E+02   4.3344817480724201E-01
    9200.0000000000000000   1.1339318948727278E+02   4.2893145729278614E-01
    9300.0000000000000000   1.1445682568422841E+02   4.2477645311858775E-01
    9400.0000000000000000   1.1551924575036627E+02   4.2066084483502847E-01
    9500.0000000000000000   1.1658030922027073E+02   4.1665974643199888E-01
    9600.0000000000000000   1.1763767206800311E+02   4.1350345672557620E-01
    9700.0000000000000000   1.1869291910093948E+02   4.1071213698028647E-01
    9800.0000000000000000   1.1974823628220221E+02   4.0760813747755825E-01
    9900.0000000000000000   1.2080353871526584E+02   4.0419982697841245E-01
   10000.0000000000000000   1.2185790336096520E+02   4.0076228168437872E-01
   11000.0000000000000000   1.3233702680672332E+02   3.6949290996137052E-01
   11922.9989999999997963   1.4191375921117390E+02   3.4518255212116561E-01
   11923.0010000000002037   1.4191378039616458E+02   3.4518234318168778E-01
   12000.0000000000000000   1.4270774472380759E+02   3.4356687499539212E-01
   13000.0000000000000000   1.5297809134209928E+02   3.2237584522826568E-01
   13737.9989999999997963   1.6050811273196840E+02   3.0711528456336096E-01
   13738.0010000000002037   1.6050813404847327E+02   3.0711503820634362E-01
   14000.0000000000000000   1.6316580761894454E+02   3.0303478586237553E-01
   14355.9989999999997963   1.6677038154467837E+02   2.9691929823235164E-01
   14356.0010000000002037   1.6677040196495699E+02   2.9691920601245458E-01
   15000.0000000000000000   1.7327955651091722E+02   2.8501456064794828E-01
   16000.0000000000000000   1.8331257922496843E+02   2.7008353696723081E-01
   17000.0000000000000000   1.9328148068017987E+02   2.5700412061541794E-01
   18000.0000000000000000   2.0319089384223795E+02   2.4413811052198375E-01
   19000.0000000000000000   2.1303102841619622E+02   2.3372922696897319E-01
   20000.0000000000000000   2.2282799055868344E+02   2.2327878236643900E-01
   21000.0000000000000000   2.3257288226374840E+02   2.1368958349736564E-01
   22000.0000000000000000   2.4225004182888844E+02   2.0721594638337879E-01
   23000.0000000000000000   2.5190352874192843E+02   1.9947039753560794E-01
   24000.0000000000000000   2.6150400620121610E+02   1.9137948190378404E-01
   25000.0000000000000000   2.7107513486399984E+02   1.8403025455818053E-01
   26000.0000000000000000   2.8059649657249673E+02   1.7828729112631886E-01
   27000.0000000000000000   2.9007570504171775E+02   1.7264646487021770E-01
   28000.0000000000000000   2.9951861193534393E+02   1.6762017407012292E-01
   29000.0000000000000000   3.0894973153681281E+02   1.6237768260203564E-01
   30000.0000000000000000   3.1830285285891858E+02   1.5901167240909811E-01
   31000.0000000000000000   3.2766612181030615E+02   1.5454355685658008E-01
   32000.0000000000000000   3.3699370939615403E+02   1.4983058874381772E-01
   33000.0000000000000000   3.4628099669695035E+02   1.4531423559008555E-01
   34000.0000000000000000   3.5553723430183010E+02   1.4163157662592771E-01
   35000.0000000000000000   3.6476466980934885E+02   1.3891569496199188E-01
   36000.0000000000000000   3.7398527543666415E+02   1.3524966248356507E-01
   37000.0000000000000000   3.8318395220939698E+02   1.3112884527045598E-01
   38000.0000000000000000   3.9230846791295289E+02   1.2998535167712455E-01
   39000.0000000000000000   4.0144844325244674E+02   1.2548042530999132E-01
   40000.0000000000000000   4.1057922894702750E+02   1.2331027332880935E-01
   41000.0000000000000000   4.1963499999185245E+02   1.2080260034965505E-01
   42000.0000000000000000   4.2874301095315531E+02   1.1757841351879655E-01
   43000.0000000000000000   4.3773460642283112E+02   1.1727136585738952E-01
   44000.0000000000000000   4.4678902606063605E+02   1.1352685137326630E-01
   45000.0000000000000000   4.5580658726345541E+02   1.1191337509379787E-01
   46000.0000000000000000   4.6476261678674945E+02   1.1030953345659515E-01
   47000.0000000000000000   4.7372856264499586E+02   1.0663342850262070E-01
   48000.0000000000000000   4.8266403934513670E+02   1.0647072708229093E-01
   49000.0000000000000000   4.9162946045228580E+02   1.0293933172768595E-01
   50000.0000000000000000   5.0055268774494630E+02   1.0092117128130589E-01
   80728.9989999999961583   7.6747679611556759E+02   6.6515618110278923E-02
   80729.0010000000038417   7.6747681235238042E+02   6.6515702002108767E-02
