       0.1000000000000000   7.8592842979220592E+01   3.7124805932895637E-04
       0.2000000000000000   6.8617710429918191E+01   7.3341330033026579E-04
       0.3000000000000000   6.4990881714661214E+01   1.1008282881219019E-03
       0.4000000000000000   6.3323754639310842E+01   1.4591384395834068E-03
       0.5000000000000000   6.2259498243865515E+01   1.8204250404355072E-03
       0.6000000000000000   6.1488421343697979E+01   2.1851929114879028E-03
       0.7000000000000000   6.0889156551171034E+01   2.5539469751809070E-03
       0.7999999999999999   6.0394972244052099E+01   2.9270244704537201E-03
       0.8999999999999999   5.9975499715474101E+01   3.3036770787758878E-03
       0.9999999999999999   5.9600693284802666E+01   3.6853247712374353E-03
       2.0000000000000000   5.6803040073459627E+01   7.7676829892868570E-03
       3.0000000000000000   5.4381234340567545E+01   1.2398103055183634E-02
       4.0000000000000000   5.2017584166637668E+01   1.7634286525834212E-02
       5.0000000000000000   4.9715172666663278E+01   2.3511330497870662E-02
       6.0000000000000000   4.7504597575594012E+01   3.0050053021251653E-02
       7.0000000000000000   4.5411705071334900E+01   3.7255712447523764E-02
       8.0000000000000000   4.3447883099168379E+01   4.5126568661536623E-02
       9.0000000000000000   4.1615959829471386E+01   5.3655894670149452E-02
      10.0000000000000000   3.9912064702762223E+01   6.2835877838901516E-02
      11.0000000000000000   3.8329525225607142E+01   7.2657793961607889E-02
      12.0000000000000000   3.6859762396852844E+01   8.3113054202158088E-02
      13.0000000000000000   3.5493830566248512E+01   9.4194500547009549E-02
      14.0000000000000000   3.4222133938858619E+01   1.0589846301618064E-01
      15.0000000000000000   3.3035691089803805E+01   1.1822383530835380E-01
      16.0000000000000000   3.1926357812423944E+01   1.3117115838262960E-01
      17.0000000000000000   3.0886403856472008E+01   1.4474498460851212E-01
      18.0000000000000000   2.9909032381702406E+01   1.5895198392051293E-01
      19.0000000000000000   2.8988056968970625E+01   1.7380162750583378E-01
      20.0000000000000000   2.8117946266742440E+01   1.8930657226455269E-01
      21.0000000000000000   2.7293746210565555E+01   2.0548236820004812E-01
      22.0000000000000000   2.6511118791079948E+01   2.2234671242179155E-01
      23.0000000000000000   2.5766179519965370E+01   2.3992014528666902E-01
      24.0000000000000000   2.5055431300783653E+01   2.5822663791113803E-01
      25.0000000000000000   2.4375782197724273E+01   2.7729276207388059E-01
      26.0000000000000000   2.3724470077842199E+01   2.9714812778989885E-01
      27.0000000000000000   2.3099025116389058E+01   3.1782548419707807E-01
      28.0000000000000000   2.2497242442183389E+01   3.3936077394879272E-01
      29.0000000000000000   2.1917133850768959E+01   3.6179347634773745E-01
      30.0000000000000000   2.1356922073753751E+01   3.8516662515724126E-01
      31.0000000000000000   2.0814998463495318E+01   4.0952719558584061E-01
      32.0000000000000000   2.0289925416398361E+01   4.3492604771250098E-01
      33.0000000000000000   1.9780394401403889E+01   4.6141856773419954E-01
      34.0000000000000000   1.9285228032208362E+01   4.8906470568151494E-01
      35.0000000000000000   1.8803360533686870E+01   5.1792935063053902E-01
      36.0000000000000000   1.8333828207175898E+01   5.4808265402986045E-01
      37.0000000000000000   1.7875759418604119E+01   5.7960037549872778E-01
      38.0000000000000000   1.7428366877885036E+01   6.1256423814411476E-01
      39.0000000000000000   1.6990939624896782E+01   6.4706229648465385E-01
      40.0000000000000000   1.6562839353086186E+01   6.8318925876844061E-01
      41.0000000000000000   1.6143493217928238E+01   7.2104686812795726E-01
      42.0000000000000000   1.5732391474908487E+01   7.6074416826911018E-01
      43.0000000000000000   1.5329084483667913E+01   8.0239775286689496E-01
      44.0000000000000000   1.4933181248403912E+01   8.4613184472314651E-01
      45.0000000000000000   1.4544346321562369E+01   8.9207838693169794E-01
      46.0000000000000000   1.4162300875818270E+01   9.4037678182358175E-01
      47.0000000000000000   1.3786822317484926E+01   9.9117345595120487E-01
      48.0000000000000000   1.3417745075381724E+01   1.0446210673950971E+00
      49.0000000000000000   1.3054961839110966E+01   1.1008772809019420E+00
      50.0000000000000000   1.2698425182071260E+01   1.1601029973134140E+00
      51.0000000000000000   1.2348149217790857E+01   1.2224599269120608E+00
      52.0000000000000000   1.2004211539945643E+01   1.2881073718384974E+00
      53.0000000000000000   1.1666754402093526E+01   1.3571981202430032E+00
      54.0000000000000000   1.1335985229051820E+01   1.4298733665480463E+00
      55.0000000000000000   1.1012175567294550E+01   1.5062566495791314E+00
      56.0000000000000000   1.0695658399489812E+01   1.5864468756920227E+00
      57.0000000000000000   1.0386823386034724E+01   1.6705103505907730E+00
      58.0000000000000000   1.0086106628056944E+01   1.7584730745831147E+00
      59.0000000000000000   9.7939797953163605E+00   1.8503125386070738E+00
      60.0000000000000000   9.5109355612369963E+00   1.9459502882237403E+00
      60.9990000000000023   9.2377354727574286E+00   2.0451457877262356E+00
      61.0000000000000000   9.2374669475995468E+00   2.0452468493855562E+00
      61.0009999999999977   9.2371984324946457E+00   2.0453479145050535E+00
      62.0000000000000000   8.9740478130390180E+00   2.1479981758193403E+00
      63.0000000000000000   8.7211107127428082E+00   2.2539355669271113E+00
      64.0000000000000000   8.4790258388544313E+00   2.3627289455471150E+00
      65.0000000000000000   8.2480826528062909E+00   2.4739936169055343E+00
      66.0000000000000000   8.0284757511772842E+00   2.5873001319097217E+00
      67.0000000000000000   7.8202961916161469E+00   2.7021865016222888E+00
      68.0000000000000000   7.6235288009002335E+00   2.8181717520522493E+00
      69.0000000000000000   7.4380552656791341E+00   2.9347697157080028E+00
      70.0000000000000000   7.2636622083744005E+00   3.0515020321898025E+00
      71.0000000000000000   7.1000530052317723E+00   3.1679095421322487E+00
      72.0000000000000000   6.9468619586587543E+00   3.2835615400142815E+00
      73.0000000000000000   6.8036694402404052E+00   3.3980626487604604E+00
      74.0000000000000000   6.6700168539981357E+00   3.5110573339262348E+00
      75.0000000000000000   6.5454205079881840E+00   3.6222322884292359E+00
      75.9989999999999952   6.4294960000203369E+00   3.7312089153311461E+00
      76.0000000000000000   6.4293840729729057E+00   3.7313168762522357E+00
      76.0010000000000048   6.4292721539860391E+00   3.7314248348508761E+00
      77.0000000000000000   6.3214087264565091E+00   3.8380823517728460E+00
      78.0000000000000000   6.2210017425613771E+00   3.9423397721791780E+00
      79.0000000000000000   6.1276829856444621E+00   4.0439372883743960E+00
      80.0000000000000000   6.0409897468592488E+00   4.1427569661453134E+00
      81.0000000000000000   5.9604801130199103E+00   4.2387113932729772E+00
      82.0000000000000000   5.8857351172982080E+00   4.3317402495092328E+00
      83.0000000000000000   5.8163599061061930E+00   4.4218069667575053E+00
      84.0000000000000000   5.7519841377419736E+00   4.5088955658098904E+00
      85.0000000000000000   5.6922618055458267E+00   4.5930077225566697E+00
      86.0000000000000000   5.6368706340043913E+00   4.6741600921307533E+00
      86.9989999999999952   5.5855606145880001E+00   4.7523051339044216E+00
      87.0000000000000000   5.5855111747955348E+00   4.7523819043259916E+00
      87.0010000000000048   5.5854617387553427E+00   4.7524586718559494E+00
      88.0000000000000000   5.5379057302971386E+00   4.8277128061399814E+00
      89.0000000000000000   5.4937971106007790E+00   4.9002009933728745E+00
      90.0000000000000000   5.4529473805270392E+00   4.9699015433270191E+00
      90.9989999999999952   5.4151729312397512E+00   5.0368093502271361E+00
      91.0000000000000000   5.4151365693833480E+00   5.0368749827266663E+00
      91.0010000000000048   5.4151002103613095E+00   5.0369406125635550E+00
      92.0000000000000000   5.3801614014681256E+00   5.1011860487387244E+00
      93.0000000000000000   5.3478340664809716E+00   5.1629026260314470E+00
      94.0000000000000000   5.3179810442151867E+00   5.2220948400121108E+00
      95.0000000000000000   5.2904419926607327E+00   5.2788342876125203E+00
      96.0000000000000000   5.2650687045705151E+00   5.3331933884774303E+00
      97.0000000000000000   5.2417241343806449E+00   5.3852448410042975E+00
      98.0000000000000000   5.2202814948168204E+00   5.4350611693154223E+00
      99.0000000000000000   5.2006234240200344E+00   5.4827143485703971E+00
     100.0000000000000000   5.1826412136480817E+00   5.5282754981389699E+00
     103.9989999999999952   5.1255733456670960E+00   5.6909426197587001E+00
     104.0010000000000048   5.1255501765253380E+00   5.6910166010691876E+00
     110.0000000000000000   5.0760103846786500E+00   5.8834873260330820E+00
     113.9989999999999952   5.0614824887517313E+00   5.9828259419967296E+00
     114.0010000000000048   5.0614783055277774E+00   5.9828705131270565E+00
     120.0000000000000000   5.0606575946567762E+00   6.0962489991162503E+00
     130.0000000000000000   5.1000841224381039E+00   6.2108562370565403E+00
     140.0000000000000000   5.1743858366247641E+00   6.2578819075594101E+00
     150.0000000000000000   5.2719423052075394E+00   6.2582343863052579E+00
     153.9989999999999952   5.3157584503197217E+00   6.2486960308245836E+00
     154.0010000000000048   5.3157809431373035E+00   6.2486901015049083E+00
     160.0000000000000000   5.3855764193625033E+00   6.2262917590088067E+00
     170.0000000000000000   5.5106460144439664E+00   6.1720417315166136E+00
     180.0000000000000000   5.6440320843779874E+00   6.1024982152895735E+00
     190.0000000000000000   5.7765603925734048E+00   6.0435008935675896E+00
     200.0000000000000000   5.9224073246679234E+00   5.9560604298304289E+00
     210.0000000000000000   6.0695440187190330E+00   5.8704403265973459E+00
     220.0000000000000000   6.2251083874069089E+00   5.7658573045686765E+00
     230.0000000000000000   6.3736261662585454E+00   5.6858297010533247E+00
     240.0000000000000000   6.5294801118892689E+00   5.5892317373203024E+00
     250.0000000000000000   6.6852023143048216E+00   5.4968827214246652E+00
     260.0000000000000000   6.8407495758289931E+00   5.4085400411982576E+00
     270.0000000000000000   6.9960902633640289E+00   5.3239702312293327E+00
     280.0000000000000000   7.1512014603708227E+00   5.2429511881494557E+00
     290.0000000000000000   7.3115220224163062E+00   5.1504232287248390E+00
     300.0000000000000000   7.4659086353013331E+00   5.0765215993847530E+00
     310.0000000000000000   7.6251373802619531E+00   4.9918617866307091E+00
     320.0000000000000000   7.7837692188376000E+00   4.9110077822853970E+00
     330.0000000000000000   7.9418209601834242E+00   4.8336989829300387E+00
     338.9990000000000236   8.0821459638940851E+00   4.7706549808941068E+00
     339.0009999999999764   8.0821802639862028E+00   4.7706330343273491E+00
     340.0000000000000000   8.0993095744093644E+00   4.7596979116047935E+00
     350.0000000000000000   8.2562519695436851E+00   4.6887877951583876E+00
     356.9990000000000236   8.3662319761547241E+00   4.6397375266596761E+00
     357.0009999999999764   8.3662659576461689E+00   4.6397171085361126E+00
     360.0000000000000000   8.4126648082498647E+00   4.6207704463868557E+00
     370.0000000000000000   8.5685643668794427E+00   4.5554644141156864E+00
     380.0000000000000000   8.7282603455694296E+00   4.4819759113795419E+00
     390.0000000000000000   8.8830692713607782E+00   4.4219396942729734E+00
     400.0000000000000000   9.0374139475754429E+00   4.3641365822010201E+00
     410.0000000000000000   9.1953307234962658E+00   4.2986347330070735E+00
     420.0000000000000000   9.3526548079559806E+00   4.2356653630876018E+00
     430.0000000000000000   9.5054857478278798E+00   4.1843693183285033E+00
     440.0000000000000000   9.6617276013418483E+00   4.1257882368126362E+00
     450.0000000000000000   9.8174264794005754E+00   4.0693347779196998E+00
     460.0000000000000000   9.9688822092148168E+00   4.0234796849713206E+00
     470.0000000000000000   1.0123590755710753E+01   3.9707269606633209E+00
     480.0000000000000000   1.0277800464255982E+01   3.9197802655501111E+00
     490.0000000000000000   1.0431525048090251E+01   3.8705443468739134E+00
     500.0000000000000000   1.0584777617688209E+01   3.8229307780021866E+00
     510.0000000000000000   1.0737570752323203E+01   3.7768572680270709E+00
     520.0000000000000000   1.0889916555642429E+01   3.7322470645699157E+00
     530.0000000000000000   1.1041826678819442E+01   3.6890284838604006E+00
     540.0000000000000000   1.1193312317716771E+01   3.6471345372249475E+00
     547.9990000000000236   1.1316155964152676E+01   3.6103164655124598E+00
     548.0009999999999764   1.1316187466144099E+01   3.6103056158396822E+00
     550.0000000000000000   1.1344384234366343E+01   3.6065025516560003E+00
     560.0000000000000000   1.1498287801008129E+01   3.5602102253240089E+00
     570.0000000000000000   1.1648517199910160E+01   3.5220676416411214E+00
     580.0000000000000000   1.1798363170028692E+01   3.4850166656010537E+00
     590.0000000000000000   1.1947834966876604E+01   3.4490089124762449E+00
     600.0000000000000000   1.2100034618174613E+01   3.4076455221899740E+00
     610.0000000000000000   1.2248739871065734E+01   3.3737102537808350E+00
     620.0000000000000000   1.2397096774002559E+01   3.3406861818036711E+00
     630.0000000000000000   1.2548110797011880E+01   3.3025183546029684E+00
     640.0000000000000000   1.2695751985794072E+01   3.2713112802338364E+00
     644.9990000000000236   1.2769434775078953E+01   3.2560144691487798E+00
     645.0009999999999764   1.2769465418455843E+01   3.2560060433812752E+00
     650.0000000000000000   1.2846012415647499E+01   3.2350946788061168E+00
     660.0000000000000000   1.2992968624396422E+01   3.2055561049928381E+00
     670.0000000000000000   1.3142506385924934E+01   3.1711352352520068E+00
     680.0000000000000000   1.3288805678622326E+01   3.1431338762210368E+00
     690.0000000000000000   1.3437649373203264E+01   3.1103702454247486E+00
     700.0000000000000000   1.3583318519044632E+01   3.0837875507616364E+00
     710.0000000000000000   1.3731494213490354E+01   3.0525582130531737E+00
     720.0000000000000000   1.3876558748442168E+01   3.0272868253612861E+00
     730.0000000000000000   1.4024090621463724E+01   2.9974815924472202E+00
     740.0000000000000000   1.4171306186204013E+01   2.9683838341691469E+00
     750.0000000000000000   1.4315485467672643E+01   2.9449437787202308E+00
     760.0000000000000000   1.4462091832137276E+01   2.9171204018533605E+00
     763.9990000000000236   1.4519023159050231E+01   2.9090982220974064E+00
     764.0009999999999764   1.4519052961710363E+01   2.9090917916289798E+00
     770.0000000000000000   1.4608395048735503E+01   2.8899379905316804E+00
     780.0000000000000000   1.4751740561317817E+01   2.8681326096665196E+00
     790.0000000000000000   1.4897467421752305E+01   2.8420933272026230E+00
     800.0000000000000000   1.5042905186970151E+01   2.8166339585377642E+00
     810.0000000000000000   1.5188058921078415E+01   2.7917341654804724E+00
     820.0000000000000000   1.5330352327732424E+01   2.7718690674552153E+00
     830.0000000000000000   1.5474968652432489E+01   2.7479641328744622E+00
     840.0000000000000000   1.5619313776395577E+01   2.7245676878162932E+00
     850.0000000000000000   1.5763394119865362E+01   2.7016595131843961E+00
     860.0000000000000000   1.5907215941857043E+01   2.6792203323206976E+00
     870.0000000000000000   1.6048281366383417E+01   2.6614551509705908E+00
     880.0000000000000000   1.6191603683683493E+01   2.6398676100123795E+00
     890.0000000000000000   1.6334676231349739E+01   2.6187123445171028E+00
     900.0000000000000000   1.6477504296000099E+01   2.5979734987243246E+00
     910.0000000000000000   1.6620092334799299E+01   2.5776370579371908E+00
     920.0000000000000000   1.6762443704867167E+01   2.5576912120175335E+00
     930.0000000000000000   1.6904561218315909E+01   2.5381253732849447E+00
     940.0000000000000000   1.7046447628372409E+01   2.5189293494545666E+00
     950.0000000000000000   1.7188105771831307E+01   2.5000930980887972E+00
     960.0000000000000000   1.7327156971665797E+01   2.4854132268904983E+00
     970.0000000000000000   1.7468376798674164E+01   2.4672282407913375E+00
     980.0000000000000000   1.7609378438328385E+01   2.4493729755169431E+00
     990.0000000000000000   1.7750164903347258E+01   2.4318381766669628E+00
    1000.0000000000000000   1.7890739030163882E+01   2.4146151062673220E+00
    1100.0000000000000000   1.9287607659108513E+01   2.2545200211845793E+00
    1200.0000000000000000   2.0665750725280592E+01   2.1185436021123176E+00
    1300.0000000000000000   2.2029261061730651E+01   1.9987571148906629E+00
    1400.0000000000000000   2.3379654757740632E+01   1.8919334826934544E+00
    1500.0000000000000000   2.4716189560060581E+01   1.7981159764253418E+00
    1600.0000000000000000   2.6040041697457795E+01   1.7150476660665737E+00
    1700.0000000000000000   2.7354143496319594E+01   1.6387827638812098E+00
    1800.0000000000000000   2.8657379190929213E+01   1.5703343347122560E+00
    1843.9990000000000236   2.9228734415873063E+01   1.5411081665348447E+00
    1844.0009999999999764   2.9228760510411025E+01   1.5411066879081958E+00
    1900.0000000000000000   2.9952361290414881E+01   1.5065957516350672E+00
    2000.0000000000000000   3.1237785161971335E+01   1.4488494664877953E+00
    2100.0000000000000000   3.2514434731804258E+01   1.3961168691918364E+00
    2200.0000000000000000   3.3782904424909653E+01   1.3476998198946579E+00
    2209.9989999999997963   3.3910009496096279E+01   1.3424000897100687E+00
    2210.0010000000002037   3.3910034963952569E+01   1.3423989853851883E+00
    2294.9989999999997963   3.4981656846142059E+01   1.3044012228135304E+00
    2295.0010000000002037   3.4981682156183076E+01   1.3044002120869891E+00
    2300.0000000000000000   3.5044989522123302E+01   1.3018276179481745E+00
    2400.0000000000000000   3.6298208482831598E+01   1.2608059229907069E+00
    2500.0000000000000000   3.7545941137886992E+01   1.2214848251195987E+00
    2600.0000000000000000   3.8786989315577159E+01   1.1849753565300181E+00
    2700.0000000000000000   4.0023162946090579E+01   1.1497328368137876E+00
    2747.9989999999997963   4.0613375699959327E+01   1.1344518947591824E+00
    2748.0010000000002037   4.0613400384288802E+01   1.1344511682945448E+00
    2800.0000000000000000   4.1251694021180768E+01   1.1181046714097558E+00
    2900.0000000000000000   4.2474459824742539E+01   1.0884959047459206E+00
    3000.0000000000000000   4.3693268898571091E+01   1.0594932718964538E+00
    3100.0000000000000000   4.4906935389155223E+01   1.0321098018958896E+00
    3152.9989999999997963   4.5547117502228971E+01   1.0189598440556815E+00
    3153.0010000000002037   4.5547141765393619E+01   1.0189592583657658E+00
    3200.0000000000000000   4.6113543710225400E+01   1.0077576715022569E+00
    3300.0000000000000000   4.7317098279698868E+01   9.8346669906143447E-01
    3400.0000000000000000   4.8515906318940708E+01   9.6052249890139918E-01
    3429.9989999999997963   4.8875902624390832E+01   9.5296272415376060E-01
    3430.0010000000002037   4.8875926776985359E+01   9.5296211591946334E-01
    3500.0000000000000000   4.9710017858104720E+01   9.3890067104263597E-01
    3600.0000000000000000   5.0901114361381168E+01   9.1743724046552388E-01
    3700.0000000000000000   5.2087095299015154E+01   8.9769650236178511E-01
    3800.0000000000000000   5.3268113647368359E+01   8.7945505341635366E-01
    3900.0000000000000000   5.4447480431009971E+01   8.6063672781958966E-01
    4000.0000000000000000   5.5621249491373597E+01   8.4382202931354833E-01
    4100.0000000000000000   5.6792810022300522E+01   8.2681548301596619E-01
    4200.0000000000000000   5.7958906889838744E+01   8.1171328872062654E-01
    4300.0000000000000000   5.9122765040537416E+01   7.9649489096069859E-01
    4400.0000000000000000   6.0282294179278033E+01   7.8250706409360737E-01
    4500.0000000000000000   6.1440274840023164E+01   7.6810473047708361E-01
    4600.0000000000000000   6.2594074072327842E+01   7.5479641945058962E-01
    4700.0000000000000000   6.3745488852932951E+01   7.4163074547279184E-01
    4800.0000000000000000   6.4894423083830034E+01   7.2868837253394303E-01
    4900.0000000000000000   6.6039496425005396E+01   7.1670894679390362E-01
    5000.0000000000000000   6.7181409426604958E+01   7.0532147580380167E-01
    5100.0000000000000000   6.8320840470836671E+01   6.9418764415091638E-01
    5200.0000000000000000   6.9457960887306967E+01   6.8324213456125882E-01
    5300.0000000000000000   7.0592522081903013E+01   6.7262814350642008E-01
    5400.0000000000000000   7.1723614374678277E+01   6.6279779472342903E-01
    5500.0000000000000000   7.2851342367293086E+01   6.5367596710379161E-01
    5600.0000000000000000   7.3978634896725893E+01   6.4390533594508947E-01
    5700.0000000000000000   7.5102607834838182E+01   6.3486000086947236E-01
    5800.0000000000000000   7.6224686960871125E+01   6.2579566498180894E-01
    5900.0000000000000000   7.7344636867170223E+01   6.1701896007331514E-01
    6000.0000000000000000   7.8461751623145162E+01   6.0876109596233874E-01
    6100.0000000000000000   7.9576277951921767E+01   6.0085486630145157E-01
    6200.0000000000000000   8.0690152430909365E+01   5.9254340951099072E-01
    6300.0000000000000000   8.1800927283889806E+01   5.8490351722172451E-01
    6400.0000000000000000   8.2909639002193146E+01   5.7743037189429869E-01
    6500.0000000000000000   8.4014347201203975E+01   5.7097760047333657E-01
    6600.0000000000000000   8.5119610694144427E+01   5.6364180480834869E-01
    6700.0000000000000000   8.6221917625603652E+01   5.5697314063341574E-01
    6800.0000000000000000   8.7323067676216311E+01   5.5003821714227230E-01
    6900.0000000000000000   8.8421256813716838E+01   5.4386307753525009E-01
    7000.0000000000000000   8.9518720203248122E+01   5.3721845419742753E-01
    7100.0000000000000000   9.0614610037693467E+01   5.3082269286472217E-01
    7200.0000000000000000   9.1709930301162828E+01   5.2394092537938630E-01
    7300.0000000000000000   9.2800781304197471E+01   5.1840473736511195E-01
    7400.0000000000000000   9.3889052376993391E+01   5.1321296135040528E-01
    7500.0000000000000000   9.4976998343167324E+01   5.0762253898926246E-01
    7600.0000000000000000   9.6065975778598087E+01   5.0125770972044059E-01
    7700.0000000000000000   9.7148570950037737E+01   4.9664428197490340E-01
    7800.0000000000000000   9.8232453140501363E+01   4.9117382325811665E-01
    7900.0000000000000000   9.9314575349064299E+01   4.8588189677713156E-01
    8000.0000000000000000   1.0039152023959933E+02   4.8187468319106441E-01
    8100.0000000000000000   1.0147304216146961E+02   4.7592931751087419E-01
    8200.0000000000000000   1.0254756091653569E+02   4.7196461131405398E-01
    8300.0000000000000000   1.0362492864445159E+02   4.6654261489864379E-01
    8400.0000000000000000   1.0469775755598374E+02   4.6229370779235857E-01
    8500.0000000000000000   1.0577016121354742E+02   4.5788018471552333E-01
    8600.0000000000000000   1.0684358841322768E+02   4.5266858214346367E-01
    8700.0000000000000000   1.0790966598404758E+02   4.4941596438624254E-01
    8800.0000000000000000   1.0897921119342301E+02   4.4470121565432819E-01
    8900.0000000000000000   1.1004663997387910E+02   4.4036122120431703E-01
    9000.0000000000000000   1.1111304730501044E+02   4.3601424579351405E-01
    9100.0000000000000000   1.1217293219679891E+02   4.3345999882580261E-01
    9200.0000000000000000   1.1323745988109107E+02   4.2894316585604658E-01
    9300.0000000000000000   1.1429971939383884E+02   4.2478804856969604E-01
    9400.0000000000000000   1.1536076472231291E+02   4.2067232944530947E-01
    9500.0000000000000000   1.1642045580339959E+02   4.1667112240388576E-01
    9600.0000000000000000   1.1747645504785451E+02   4.1351472619539231E-01
    9700.0000000000000000   1.1853034293020950E+02   4.1072330202088808E-01
    9800.0000000000000000   1.1958429944471057E+02   4.0761920010084612E-01
    9900.0000000000000000   1.2063823994809086E+02   4.0421078913771885E-01
   10000.0000000000000000   1.2169124394433177E+02   4.0077314527673863E-01
   11000.0000000000000000   1.3215686981620217E+02   3.6950288125782843E-01
   11922.9989999999997963   1.4172130370547904E+02   3.4519182583690883E-01
   11923.0010000000002037   1.4172132486254898E+02   3.4519161689603012E-01
   12000.0000000000000000   1.4251427262364066E+02   3.4357609510449644E-01
   13000.0000000000000000   1.5277147535643132E+02   3.2238442382068150E-01
   13737.9989999999997963   1.6029187137814642E+02   3.0712344652518947E-01
   13738.0010000000002037   1.6029189266605255E+02   3.0712320016710049E-01
   14000.0000000000000000   1.6294617980906287E+02   3.0304280992036259E-01
   14355.9989999999997963   1.6654616103815547E+02   2.9692714254892183E-01
   14356.0010000000002037   1.6654618143214716E+02   2.9692705032803868E-01
   15000.0000000000000000   1.7304703311728807E+02   2.8502210035842301E-01
   16000.0000000000000000   1.8306730089000956E+02   2.7009064981135339E-01
   17000.0000000000000000   1.9302354891535194E+02   2.5701085428033188E-01
   18000.0000000000000000   2.0292040253043677E+02   2.4414450502057139E-01
   19000.0000000000000000   2.1274810153739807E+02   2.3373531621341087E-01
   20000.0000000000000000   2.2253268632671109E+02   2.2328459535657330E-01
   21000.0000000000000000   2.3226528578022956E+02   2.1369514523205310E-01
   22000.0000000000000000   2.4193028233584872E+02   2.0722127856903014E-01
   23000.0000000000000000   2.5157162171852076E+02   1.9947551914391951E-01
   24000.0000000000000000   2.6116004686188234E+02   1.9138440961570277E-01
   25000.0000000000000000   2.7071915827857686E+02   1.8403500312092963E-01
   26000.0000000000000000   2.8022859336296301E+02   1.7829187364319823E-01
   27000.0000000000000000   2.8969594751389218E+02   1.7265089303785680E-01
   28000.0000000000000000   2.9912705864404177E+02   1.6762445837424997E-01
   29000.0000000000000000   3.0854637853260886E+02   1.6238183248019644E-01
   30000.0000000000000000   3.1788787031656312E+02   1.5901569638681934E-01
   31000.0000000000000000   3.2723945129519387E+02   1.5454746266202693E-01
   32000.0000000000000000   3.3655541316802135E+02   1.4983438340490857E-01
   33000.0000000000000000   3.4583115003585232E+02   1.4531792551719719E-01
   34000.0000000000000000   3.5507588940275423E+02   1.4163516768269005E-01
   35000.0000000000000000   3.6429187396132352E+02   1.3891919252617854E-01
   36000.0000000000000000   3.7350101993449545E+02   1.3525307149970142E-01
   37000.0000000000000000   3.8268826836341401E+02   1.3113217029546501E-01
   38000.0000000000000000   3.9180152274393612E+02   1.2998859692009040E-01
   39000.0000000000000000   4.0093017288462869E+02   1.2548359466693007E-01
   40000.0000000000000000   4.1004963402744005E+02   1.2331337041318249E-01
   41000.0000000000000000   4.1909425145860814E+02   1.2080562851923868E-01
   42000.0000000000000000   4.2819095251924938E+02   1.1758137589941715E-01
   43000.0000000000000000   4.3717151653145430E+02   1.1727426536395656E-01
   44000.0000000000000000   4.4621472260551559E+02   1.1352969072846350E-01
   45000.0000000000000000   4.5522114507492984E+02   1.1191615684474018E-01
   46000.0000000000000000   4.6416617438029948E+02   1.1031225998971229E-01
   47000.0000000000000000   4.7312107563118553E+02   1.0663610205698931E-01
   48000.0000000000000000   4.8204556739132897E+02   1.0647334976160665E-01
   49000.0000000000000000   4.9099990897288927E+02   1.0294190551103834E-01
   50000.0000000000000000   4.9991214732180646E+02   1.0092369803289798E-01
   80728.9989999999961583   7.6651028721433215E+02   6.6517248336870075E-02
   80729.0010000000038417   7.6651030343244190E+02   6.6517332228662907E-02
