       1.0000000000000000   1.0000000000000000E+30   0.0000000000000000E+00
       2.0000000000000000   1.0000000000000000E+30  -9.2876276105855808E+00
       3.0000000000000000   1.0000000000000000E+30  -1.3398749971510734E+01
       4.0000000000000000   1.0000000000000000E+30  -1.4062442671083090E+01
       5.0000000000000000   1.0000000000000000E+30  -1.3576095820278899E+01
       6.0000000000000000   1.0000000000000000E+30  -1.2742882052651975E+01
       7.0000000000000000   1.0000000000000000E+30  -1.1846698677399788E+01
       8.0000000000000000   1.0000000000000000E+30  -1.0988696966822243E+01
       9.0000000000000000   1.0000000000000000E+30  -1.0201777232144323E+01
      10.0000000000000000   1.0000000000000000E+30  -9.4924570066865144E+00
      11.0000000000000000   1.0000000000000000E+30  -8.8571807320836253E+00
      12.0000000000000000   1.0000000000000000E+30  -8.2889419595589722E+00
      13.0000000000000000   1.0000000000000000E+30  -7.7800084342634106E+00
      14.0000000000000000   1.0000000000000000E+30  -7.3230115948178369E+00
      15.0000000000000000   1.0000000000000000E+30  -6.9113333774733325E+00
      16.0000000000000000   1.0000000000000000E+30  -6.5391913141097397E+00
      17.0000000000000000   1.0000000000000000E+30  -6.2015990663514762E+00
      18.0000000000000000   1.0000000000000000E+30  -5.8942815648434514E+00
      19.0000000000000000   1.0000000000000000E+30  -5.6135797935509117E+00
      20.0000000000000000   1.0000000000000000E+30  -5.3563600328557506E+00
      21.0000000000000000   1.0000000000000000E+30  -5.1199330702353008E+00
      22.0000000000000000   1.0000000000000000E+30  -4.9019846740558153E+00
      23.0000000000000000   1.0000000000000000E+30  -4.7005168119063576E+00
      24.0000000000000000   1.0000000000000000E+30  -4.5137984092015788E+00
      25.0000000000000000   1.0000000000000000E+30  -4.3403242781769782E+00
      26.0000000000000000   1.0000000000000000E+30  -4.1787809090314862E+00
      27.0000000000000000   1.0000000000000000E+30  -4.0280179636684741E+00
      28.0000000000000000   1.0000000000000000E+30  -3.8870244827158240E+00
      29.0000000000000000   1.0000000000000000E+30  -3.7549089792886479E+00
      30.0000000000000000   1.0000000000000000E+30  -3.6308827370606851E+00
      31.0000000000000000   1.0000000000000000E+30  -3.5142457527950008E+00
      32.0000000000000000   1.0000000000000000E+30  -3.4043748654612460E+00
      33.0000000000000000   1.0000000000000000E+30  -3.3007136978162599E+00
      34.0000000000000000   1.0000000000000000E+30  -3.2027641046047943E+00
      35.0000000000000000   1.0000000000000000E+30  -3.1100788769941441E+00
      36.0000000000000000   1.0000000000000000E+30  -3.0222554978283469E+00
      37.0000000000000000   1.0000000000000000E+30  -2.9389307787567494E+00
      38.0000000000000000   1.0000000000000000E+30  -2.8597762398950537E+00
      39.0000000000000000   1.0000000000000000E+30  -2.7844941167484469E+00
      40.0000000000000000   1.0000000000000000E+30  -2.7128138987433874E+00
      41.0000000000000000   1.0000000000000000E+30  -2.6444893197416626E+00
      42.0000000000000000   1.0000000000000000E+30  -2.5792957340414384E+00
      43.0000000000000000   1.0000000000000000E+30  -2.5170278221590232E+00
      44.0000000000000000   1.0000000000000000E+30  -2.4574975795772613E+00
      45.0000000000000000   1.0000000000000000E+30  -2.4005325489972722E+00
      46.0000000000000000   1.0000000000000000E+30  -2.3459742627253481E+00
      47.0000000000000000   1.0000000000000000E+30  -2.2936768668968774E+00
      48.0000000000000000   1.0000000000000000E+30  -2.2435059034685052E+00
      49.0000000000000000   1.0000000000000000E+30  -2.1953372294491196E+00
      50.0000000000000000   1.0000000000000000E+30  -2.1490560558103957E+00
      51.0000000000000000   1.0000000000000000E+30  -2.1045560910176779E+00
      52.0000000000000000   1.0000000000000000E+30  -2.0617387762320454E+00
      53.0000000000000000   1.0000000000000000E+30  -2.0205126010204939E+00
      54.0000000000000000   1.0000000000000000E+30  -1.9807924899268954E+00
      55.0000000000000000   1.0000000000000000E+30  -1.9424992515461990E+00
      56.0000000000000000   1.0000000000000000E+30  -1.9055590828448550E+00
      57.0000000000000000   1.0000000000000000E+30  -1.8699031224113962E+00
      58.0000000000000000   1.0000000000000000E+30  -1.8354670471282279E+00
      59.0000000000000000   1.0000000000000000E+30  -1.8021907074489765E+00
      60.0000000000000000   1.0000000000000000E+30  -1.7700177970632416E+00
      61.0000000000000000   1.0000000000000000E+30  -1.7388955532462487E+00
      62.0000000000000000   1.0000000000000000E+30  -1.7087744846372526E+00
      63.0000000000000000   1.0000000000000000E+30  -1.6796081235773932E+00
      64.0000000000000000   1.0000000000000000E+30  -1.6513528004740881E+00
      65.0000000000000000   1.0000000000000000E+30  -1.6239674379516913E+00
      66.0000000000000000   1.0000000000000000E+30  -1.5974133628036278E+00
      67.0000000000000000   1.0000000000000000E+30  -1.5716541339845516E+00
      68.0000000000000000   1.0000000000000000E+30  -1.5466553850764417E+00
      69.0000000000000000   1.0000000000000000E+30  -1.5223846798342937E+00
      70.0000000000000000   1.0000000000000000E+30  -1.4988113795676883E+00
      71.0000000000000000   1.0000000000000000E+30  -1.4759065212474138E+00
      72.0000000000000000   1.0000000000000000E+30  -1.4536427053432976E+00
      73.0000000000000000   1.0000000000000000E+30  -1.4319939925029108E+00
      74.0000000000000000   1.0000000000000000E+30  -1.4109358082723351E+00
      75.0000000000000000   1.0000000000000000E+30  -1.3904448551412285E+00
      76.0000000000000000   1.0000000000000000E+30  -1.3704990312665624E+00
      77.0000000000000000   1.0000000000000000E+30  -1.3510773552932360E+00
      78.0000000000000000   1.0000000000000000E+30  -1.3321598967469037E+00
      79.0000000000000000   1.0000000000000000E+30  -1.3137277115250401E+00
      80.0000000000000000   1.0000000000000000E+30  -1.2957627820576951E+00
      81.0000000000000000   1.0000000000000000E+30  -1.2782479617498486E+00
      82.0000000000000000   1.0000000000000000E+30  -1.2611669233536851E+00
      83.0000000000000000   1.0000000000000000E+30  -1.2445041109514681E+00
      84.0000000000000000   1.0000000000000000E+30  -1.2282446952590869E+00
      85.0000000000000000   1.0000000000000000E+30  -1.2123745319864030E+00
      86.0000000000000000   1.0000000000000000E+30  -1.1968801230142352E+00
      87.0000000000000000   1.0000000000000000E+30  -1.1817485801690508E+00
      88.0000000000000000   1.0000000000000000E+30  -1.1669675913955777E+00
      89.0000000000000000   1.0000000000000000E+30  -1.1525253891449145E+00
      90.0000000000000000   1.0000000000000000E+30  -1.1384107208112901E+00
      91.0000000000000000   1.0000000000000000E+30  -1.1246128210648565E+00
      92.0000000000000000   1.0000000000000000E+30  -1.1111213859406650E+00
      93.0000000000000000   1.0000000000000000E+30  -1.0979265485556067E+00
      94.0000000000000000   1.0000000000000000E+30  -1.0850188563356951E+00
      95.0000000000000000   1.0000000000000000E+30  -1.0723892496456124E+00
      96.0000000000000000   1.0000000000000000E+30  -1.0600290417211555E+00
      97.0000000000000000   1.0000000000000000E+30  -1.0479298998132223E+00
      98.0000000000000000   1.0000000000000000E+30  -1.0360838274591195E+00
      99.0000000000000000   1.0000000000000000E+30  -1.0244831478036505E+00
     100.0000000000000000   1.0000000000000000E+30  -1.0131204878984250E+00
     110.0000000000000000   1.0000000000000000E+30  -9.1115298765060637E-01
     120.0000000000000000   1.0000000000000000E+30  -8.2665736056052119E-01
     130.0000000000000000   1.0000000000000000E+30  -7.5557385718118031E-01
     140.0000000000000000   1.0000000000000000E+30  -6.9500015017792205E-01
     150.0000000000000000   1.0000000000000000E+30  -6.4280815267069602E-01
     160.0000000000000000   1.0000000000000000E+30  -5.9740317566018675E-01
     170.0000000000000000   1.0000000000000000E+30  -5.5756745736379010E-01
     180.0000000000000000   1.0000000000000000E+30  -5.2235555377390597E-01
     190.0000000000000000   1.0000000000000000E+30  -4.9102262817538689E-01
     200.0000000000000000   1.0000000000000000E+30  -4.6297419565794767E-01
     210.0000000000000000   1.0000000000000000E+30  -4.3773020569465609E-01
     220.0000000000000000   1.0000000000000000E+30  -4.1489891755031361E-01
     230.0000000000000000   1.0000000000000000E+30  -3.9415759597887673E-01
     240.0000000000000000   1.0000000000000000E+30  -3.7523804130632371E-01
     250.0000000000000000   1.0000000000000000E+30  -3.5791560135130845E-01
     260.0000000000000000   1.0000000000000000E+30  -3.4200072774885615E-01
     270.0000000000000000   1.0000000000000000E+30  -3.2733241650670691E-01
     280.0000000000000000   1.0000000000000000E+30  -3.1377306104099023E-01
     290.0000000000000000   1.0000000000000000E+30  -3.0120437602167971E-01
     300.0000000000000000   1.0000000000000000E+30  -2.8952414148712513E-01
     310.0000000000000000   1.0000000000000000E+30  -2.7864358139152817E-01
     320.0000000000000000   1.0000000000000000E+30  -2.6848523726826617E-01
     330.0000000000000000   1.0000000000000000E+30  -2.5898123152639674E-01
     340.0000000000000000   1.0000000000000000E+30  -2.5007183977342867E-01
     350.0000000000000000   1.0000000000000000E+30  -2.4170431003191065E-01
     360.0000000000000000   1.0000000000000000E+30  -2.3383188056796470E-01
     370.0000000000000000   1.0000000000000000E+30  -2.2641295852615087E-01
     380.0000000000000000   1.0000000000000000E+30  -2.1941042955537027E-01
     390.0000000000000000   1.0000000000000000E+30  -2.1279107475265216E-01
     400.0000000000000000   1.0000000000000000E+30  -2.0652507600824230E-01
     410.0000000000000000   1.0000000000000000E+30  -2.0058559454474165E-01
     420.0000000000000000   1.0000000000000000E+30  -1.9494841035495458E-01
     430.0000000000000000   1.0000000000000000E+30  -1.8959161254335175E-01
     440.0000000000000000   1.0000000000000000E+30  -1.8449533240401250E-01
     450.0000000000000000   1.0000000000000000E+30  -1.7964151252874921E-01
     460.0000000000000000   1.0000000000000000E+30  -1.7501370641291217E-01
     470.0000000000000000   1.0000000000000000E+30  -1.7059690397433680E-01
     480.0000000000000000   1.0000000000000000E+30  -1.6637737917027004E-01
     490.0000000000000000   1.0000000000000000E+30  -1.6234255652444016E-01
     500.0000000000000000   1.0000000000000000E+30  -1.5848089389024947E-01
     510.0000000000000000   1.0000000000000000E+30  -1.5478177919870642E-01
     520.0000000000000000   1.0000000000000000E+30  -1.5123543928878003E-01
     530.0000000000000000   1.0000000000000000E+30  -1.4783285920730635E-01
     540.0000000000000000   1.0000000000000000E+30  -1.4456571060647089E-01
     550.0000000000000000   1.0000000000000000E+30  -1.4142628806813828E-01
     560.0000000000000000   1.0000000000000000E+30  -1.3840745235297355E-01
     570.0000000000000000   1.0000000000000000E+30  -1.3550257971417246E-01
     580.0000000000000000   1.0000000000000000E+30  -1.3270551653533022E-01
     590.0000000000000000   1.0000000000000000E+30  -1.3001053865328385E-01
     600.0000000000000000   1.0000000000000000E+30  -1.2741231481278820E-01
     610.0000000000000000   1.0000000000000000E+30  -1.2490587377309968E-01
     620.0000000000000000   1.0000000000000000E+30  -1.2248657464907231E-01
     630.0000000000000000   1.0000000000000000E+30  -1.2015008012287963E-01
     640.0000000000000000   1.0000000000000000E+30  -1.1789233220841940E-01
     650.0000000000000000   1.0000000000000000E+30  -1.1570953028997465E-01
     660.0000000000000000   1.0000000000000000E+30  -1.1359811119080214E-01
     670.0000000000000000   1.0000000000000000E+30  -1.1155473105678844E-01
     680.0000000000000000   1.0000000000000000E+30  -1.0957624886585800E-01
     690.0000000000000000   1.0000000000000000E+30  -1.0765971139599920E-01
     700.0000000000000000   1.0000000000000000E+30  -1.0580233950407703E-01
     710.0000000000000000   1.0000000000000000E+30  -1.0400151558443964E-01
     720.0000000000000000   1.0000000000000000E+30  -1.0225477209104090E-01
     730.0000000000000000   1.0000000000000000E+30  -1.0055978101968198E-01
     740.0000000000000000   1.0000000000000000E+30  -9.8914344258280731E-02
     750.0000000000000000   1.0000000000000000E+30  -9.7316384723007132E-02
     760.0000000000000000   1.0000000000000000E+30  -9.5763938206876467E-02
     770.0000000000000000   1.0000000000000000E+30  -9.4255145875099797E-02
     780.0000000000000000   1.0000000000000000E+30  -9.2788247348312231E-02
     790.0000000000000000   1.0000000000000000E+30  -9.1361574320828934E-02
     800.0000000000000000   1.0000000000000000E+30  -8.9973544666429248E-02
     810.0000000000000000   1.0000000000000000E+30  -8.8622656988914097E-02
     820.0000000000000000   1.0000000000000000E+30  -8.7307485578902208E-02
     830.0000000000000000   1.0000000000000000E+30  -8.6026675742092856E-02
     840.0000000000000000   1.0000000000000000E+30  -8.4778939467573228E-02
     850.0000000000000000   1.0000000000000000E+30  -8.3563051407739772E-02
     860.0000000000000000   1.0000000000000000E+30  -8.2377845144086151E-02
     870.0000000000000000   1.0000000000000000E+30  -8.1222209715499705E-02
     880.0000000000000000   1.0000000000000000E+30  -8.0095086387866582E-02
     890.0000000000000000   1.0000000000000000E+30  -7.8995465645708737E-02
     900.0000000000000000   1.0000000000000000E+30  -7.7922384388313962E-02
     910.0000000000000000   1.0000000000000000E+30  -7.6874923314383350E-02
     920.0000000000000000   1.0000000000000000E+30  -7.5852204480624075E-02
     930.0000000000000000   1.0000000000000000E+30  -7.4853389020987926E-02
     940.0000000000000000   1.0000000000000000E+30  -7.3877675014400554E-02
     950.0000000000000000   1.0000000000000000E+30  -7.2924295489866245E-02
     960.0000000000000000   1.0000000000000000E+30  -7.1992516558768135E-02
     970.0000000000000000   1.0000000000000000E+30  -7.1081635665036350E-02
     980.0000000000000000   1.0000000000000000E+30  -7.0190979944628820E-02
     990.0000000000000000   1.0000000000000000E+30  -6.9319904686467634E-02
    1000.0000000000000000   1.0000000000000000E+30  -6.8467791887613955E-02
    1100.0000000000000000   1.0000000000000000E+30  -6.0870244294334776E-02
    1200.0000000000000000   1.0000000000000000E+30  -5.4644039458715397E-02
    1300.0000000000000000   1.0000000000000000E+30  -4.9457563397003822E-02
    1400.0000000000000000   1.0000000000000000E+30  -4.5077009370990018E-02
    1500.0000000000000000   1.0000000000000000E+30  -4.1333003180751053E-02
    1600.0000000000000000   1.0000000000000000E+30  -3.8099973090855783E-02
    1700.0000000000000000   1.0000000000000000E+30  -3.5282939615354211E-02
    1800.0000000000000000   1.0000000000000000E+30  -3.2808795525522488E-02
    1900.0000000000000000   1.0000000000000000E+30  -3.0620395536913522E-02
    2000.0000000000000000   1.0000000000000000E+30  -2.8672456164262755E-02
    2100.0000000000000000   1.0000000000000000E+30  -2.6928652166651790E-02
    2200.0000000000000000   1.0000000000000000E+30  -2.5359522247492397E-02
    2300.0000000000000000   1.0000000000000000E+30  -2.3940933338483822E-02
    2400.0000000000000000   1.0000000000000000E+30  -2.2652937587388386E-02
    2500.0000000000000000   1.0000000000000000E+30  -2.1478910053413819E-02
    2600.0000000000000000   1.0000000000000000E+30  -2.0404890106551162E-02
    2700.0000000000000000   1.0000000000000000E+30  -1.9419072702574834E-02
    2800.0000000000000000   1.0000000000000000E+30  -1.8511411331770752E-02
    2900.0000000000000000   1.0000000000000000E+30  -1.7673305150028466E-02
    3000.0000000000000000   1.0000000000000000E+30  -1.6897350253654929E-02
    3100.0000000000000000   1.0000000000000000E+30  -1.6177140317692896E-02
    3200.0000000000000000   1.0000000000000000E+30  -1.5507105575769292E-02
    3300.0000000000000000   1.0000000000000000E+30  -1.4882381837814132E-02
    3400.0000000000000000   1.0000000000000000E+30  -1.4298703230105852E-02
    3500.0000000000000000   1.0000000000000000E+30  -1.3752313811317614E-02
    3600.0000000000000000   1.0000000000000000E+30  -1.3239894314575193E-02
    3700.0000000000000000   1.0000000000000000E+30  -1.2758501091095879E-02
    3800.0000000000000000   1.0000000000000000E+30  -1.2305514957968559E-02
    3900.0000000000000000   1.0000000000000000E+30  -1.1878598132660817E-02
    4000.0000000000000000   1.0000000000000000E+30  -1.1475657807140792E-02
    4100.0000000000000000   1.0000000000000000E+30  -1.1094815202213700E-02
    4200.0000000000000000   1.0000000000000000E+30  -1.0734379167731629E-02
    4300.0000000000000000   1.0000000000000000E+30  -1.0392823571518590E-02
    4400.0000000000000000   1.0000000000000000E+30  -1.0068767860194646E-02
    4500.0000000000000000   1.0000000000000000E+30  -9.7609602868893881E-03
    4600.0000000000000000   1.0000000000000000E+30  -9.4682633903983675E-03
    4700.0000000000000000   1.0000000000000000E+30  -9.1896413824587731E-03
    4800.0000000000000000   1.0000000000000000E+30  -8.9241491581889387E-03
    4900.0000000000000000   1.0000000000000000E+30  -8.6709226922002426E-03
    5000.0000000000000000   1.0000000000000000E+30  -8.4291706216612604E-03
    5100.0000000000000000   1.0000000000000000E+30  -8.1981668494051051E-03
    5200.0000000000000000   1.0000000000000000E+30  -7.9772440263781667E-03
    5300.0000000000000000   1.0000000000000000E+30  -7.7657877944079853E-03
    5400.0000000000000000   1.0000000000000000E+30  -7.5632316882686818E-03
    5500.0000000000000000   1.0000000000000000E+30  -7.3690526110253901E-03
    5600.0000000000000000   1.0000000000000000E+30  -7.1827668091875938E-03
    5700.0000000000000000   1.0000000000000000E+30  -7.0039262847316703E-03
    5800.0000000000000000   1.0000000000000000E+30  -6.8321155899202114E-03
    5900.0000000000000000   1.0000000000000000E+30  -6.6669489583352174E-03
    6000.0000000000000000   1.0000000000000000E+30  -6.5080677318874935E-03
    6100.0000000000000000   1.0000000000000000E+30  -6.3551380489564159E-03
    6200.0000000000000000   1.0000000000000000E+30  -6.2078487634087132E-03
    6300.0000000000000000   1.0000000000000000E+30  -6.0659095681707530E-03
    6400.0000000000000000   1.0000000000000000E+30  -5.9290493003919869E-03
    6500.0000000000000000   1.0000000000000000E+30  -5.7970144081262685E-03
    6600.0000000000000000   1.0000000000000000E+30  -5.6695675609448291E-03
    6700.0000000000000000   1.0000000000000000E+30  -5.5464863890418003E-03
    6800.0000000000000000   1.0000000000000000E+30  -5.4275623372502663E-03
    6900.0000000000000000   1.0000000000000000E+30  -5.3125996219970722E-03
    7000.0000000000000000   1.0000000000000000E+30  -5.2014142806241165E-03
    7100.0000000000000000   1.0000000000000000E+30  -5.0938333037219754E-03
    7200.0000000000000000   1.0000000000000000E+30  -4.9896938421849866E-03
    7300.0000000000000000   1.0000000000000000E+30  -4.8888424816264141E-03
    7400.0000000000000000   1.0000000000000000E+30  -4.7911345776064772E-03
    7500.0000000000000000   1.0000000000000000E+30  -4.6964336458404999E-03
    7600.0000000000000000   1.0000000000000000E+30  -4.6046108021829749E-03
    7700.0000000000000000   1.0000000000000000E+30  -4.5155442477361777E-03
    7800.0000000000000000   1.0000000000000000E+30  -4.4291187949208766E-03
    7900.0000000000000000   1.0000000000000000E+30  -4.3452254307774357E-03
    8000.0000000000000000   1.0000000000000000E+30  -4.2637609141481410E-03
    8100.0000000000000000   1.0000000000000000E+30  -4.1846274037299000E-03
    8200.0000000000000000   1.0000000000000000E+30  -4.1077321142873255E-03
    8300.0000000000000000   1.0000000000000000E+30  -4.0329869985836139E-03
    8400.0000000000000000   1.0000000000000000E+30  -3.9603084528248749E-03
    8500.0000000000000000   1.0000000000000000E+30  -3.8896170436259541E-03
    8600.0000000000000000   1.0000000000000000E+30  -3.8208372546957199E-03
    8700.0000000000000000   1.0000000000000000E+30  -3.7538972516092447E-03
    8800.0000000000000000   1.0000000000000000E+30  -3.6887286631866567E-03
    8900.0000000000000000   1.0000000000000000E+30  -3.6252663781344498E-03
    9000.0000000000000000   1.0000000000000000E+30  -3.5634483557275983E-03
    9100.0000000000000000   1.0000000000000000E+30  -3.5032154494209254E-03
    9200.0000000000000000   1.0000000000000000E+30  -3.4445112423769652E-03
    9300.0000000000000000   1.0000000000000000E+30  -3.3872818939870942E-03
    9400.0000000000000000   1.0000000000000000E+30  -3.3314759965430841E-03
    9500.0000000000000000   1.0000000000000000E+30  -3.2770444412890134E-03
    9600.0000000000000000   1.0000000000000000E+30  -3.2239402931492039E-03
    9700.0000000000000000   1.0000000000000000E+30  -3.1721186734874908E-03
    9800.0000000000000000   1.0000000000000000E+30  -3.1215366503069331E-03
    9900.0000000000000000   1.0000000000000000E+30  -3.0721531353481795E-03
   10000.0000000000000000   1.0000000000000000E+30  -3.0239287875890720E-03
   11000.0000000000000000   1.0000000000000000E+30  -2.5978678094669950E-03
   12000.0000000000000000   1.0000000000000000E+30  -2.2545335709543857E-03
   13000.0000000000000000   1.0000000000000000E+30  -1.9731683031563229E-03
   14000.0000000000000000   1.0000000000000000E+30  -1.7392841109569075E-03
   15000.0000000000000000   1.0000000000000000E+30  -1.5424861096408500E-03
   16000.0000000000000000   1.0000000000000000E+30  -1.3751381225033665E-03
   17000.0000000000000000   1.0000000000000000E+30  -1.2315150275128525E-03
   18000.0000000000000000   1.0000000000000000E+30  -1.1072474154009990E-03
   19000.0000000000000000   1.0000000000000000E+30  -9.9894787045614925E-04
   20000.0000000000000000   1.0000000000000000E+30  -9.0395348165100346E-04
   21000.0000000000000000   1.0000000000000000E+30  -8.2014469594911016E-04
   22000.0000000000000000   1.0000000000000000E+30  -7.4581548579774420E-04
   23000.0000000000000000   1.0000000000000000E+30  -6.7957872732823401E-04
   24000.0000000000000000   1.0000000000000000E+30  -6.2029619216886036E-04
   25000.0000000000000000   1.0000000000000000E+30  -5.6702603646704769E-04
   26000.0000000000000000   1.0000000000000000E+30  -5.1898291954851272E-04
   27000.0000000000000000   1.0000000000000000E+30  -4.7550736668264417E-04
   28000.0000000000000000   1.0000000000000000E+30  -4.3604198494599761E-04
   29000.0000000000000000   1.0000000000000000E+30  -4.0011281968553380E-04
   30000.0000000000000000   1.0000000000000000E+30  -3.6731460908818352E-04
