       0.1000000000000000   1.0000000000000000E+30
       0.2000000000000000   1.0000000000000000E+30
       0.3000000000000000   1.0000000000000000E+30
       0.4000000000000000   1.0000000000000000E+30
       0.5000000000000000   1.0000000000000000E+30
       0.6000000000000000   1.0000000000000000E+30
       0.7000000000000000   1.0000000000000000E+30
       0.7999999999999999   1.0000000000000000E+30
       0.8999999999999999   1.0000000000000000E+30
       0.9999999999999999   1.0000000000000000E+30
       2.0000000000000000   1.0000000000000000E+30
       3.0000000000000000   1.0000000000000000E+30
       4.0000000000000000   1.0000000000000000E+30
       5.0000000000000000   1.0000000000000000E+30
       6.0000000000000000   1.0000000000000000E+30
       7.0000000000000000   1.0000000000000000E+30
       8.0000000000000000   1.0000000000000000E+30
       9.0000000000000000   1.0000000000000000E+30
      10.0000000000000000   1.0000000000000000E+30
      11.0000000000000000   1.0000000000000000E+30
      12.0000000000000000   1.0000000000000000E+30
      13.0000000000000000   1.0000000000000000E+30
      14.0000000000000000   1.0000000000000000E+30
      15.0000000000000000   1.0000000000000000E+30
      16.0000000000000000   1.0000000000000000E+30
      17.0000000000000000   1.0000000000000000E+30
      18.0000000000000000   1.0000000000000000E+30
      19.0000000000000000   1.0000000000000000E+30
      20.0000000000000000   1.0000000000000000E+30
      21.0000000000000000   1.0000000000000000E+30
      22.0000000000000000   1.0000000000000000E+30
      23.0000000000000000   1.0000000000000000E+30
      24.0000000000000000   1.0000000000000000E+30
      25.0000000000000000   1.0000000000000000E+30
      26.0000000000000000   1.0000000000000000E+30
      27.0000000000000000   1.0000000000000000E+30
      28.0000000000000000   1.0000000000000000E+30
      29.0000000000000000   1.0000000000000000E+30
      30.0000000000000000   1.0000000000000000E+30
      31.0000000000000000   1.0000000000000000E+30
      32.0000000000000000   1.0000000000000000E+30
      33.0000000000000000   1.0000000000000000E+30
      34.0000000000000000   1.0000000000000000E+30
      35.0000000000000000   1.0000000000000000E+30
      36.0000000000000000   1.0000000000000000E+30
      37.0000000000000000   1.0000000000000000E+30
      38.0000000000000000   1.0000000000000000E+30
      39.0000000000000000   1.0000000000000000E+30
      40.0000000000000000   1.0000000000000000E+30
      41.0000000000000000   1.0000000000000000E+30
      42.0000000000000000   1.0000000000000000E+30
      43.0000000000000000   1.0000000000000000E+30
      44.0000000000000000   1.0000000000000000E+30
      45.0000000000000000   1.0000000000000000E+30
      46.0000000000000000   1.0000000000000000E+30
      47.0000000000000000   1.0000000000000000E+30
      48.0000000000000000   1.0000000000000000E+30
      49.0000000000000000   1.0000000000000000E+30
      50.0000000000000000   1.0000000000000000E+30
      51.0000000000000000   1.0000000000000000E+30
      52.0000000000000000   1.0000000000000000E+30
      53.0000000000000000   1.0000000000000000E+30
      54.0000000000000000   1.0000000000000000E+30
      55.0000000000000000   1.0000000000000000E+30
      56.0000000000000000   1.0000000000000000E+30
      57.0000000000000000   1.0000000000000000E+30
      58.0000000000000000   1.0000000000000000E+30
      59.0000000000000000   1.0000000000000000E+30
      60.0000000000000000   1.0000000000000000E+30
      61.0000000000000000   1.0000000000000000E+30
      62.0000000000000000   1.0000000000000000E+30
      63.0000000000000000   1.0000000000000000E+30
      64.0000000000000000   1.0000000000000000E+30
      65.0000000000000000   1.0000000000000000E+30
      66.0000000000000000   1.0000000000000000E+30
      67.0000000000000000   1.0000000000000000E+30
      68.0000000000000000   1.0000000000000000E+30
      69.0000000000000000   1.0000000000000000E+30
      70.0000000000000000   1.0000000000000000E+30
      71.0000000000000000   1.0000000000000000E+30
      72.0000000000000000   1.0000000000000000E+30
      73.0000000000000000   1.0000000000000000E+30
      74.0000000000000000   1.0000000000000000E+30
      75.0000000000000000   1.0000000000000000E+30
      76.0000000000000000   1.0000000000000000E+30
      77.0000000000000000   1.0000000000000000E+30
      78.0000000000000000   1.0000000000000000E+30
      79.0000000000000000   1.0000000000000000E+30
      79.9989999999999952   1.0000000000000000E+30
      80.0000000000000000   1.0000000000000000E+30
      80.0010000000000048   1.0000000000000000E+30
      81.0000000000000000   1.0000000000000000E+30
      81.9989999999999952   1.0000000000000000E+30
      82.0000000000000000   1.0000000000000000E+30
      82.0010000000000048   1.0000000000000000E+30
      83.0000000000000000   1.0000000000000000E+30
      84.0000000000000000   1.0000000000000000E+30
      85.0000000000000000   1.0000000000000000E+30
      86.0000000000000000   1.0000000000000000E+30
      87.0000000000000000   1.0000000000000000E+30
      88.0000000000000000   1.0000000000000000E+30
      89.0000000000000000   1.0000000000000000E+30
      90.0000000000000000   1.0000000000000000E+30
      91.0000000000000000   1.0000000000000000E+30
      92.0000000000000000   1.0000000000000000E+30
      93.0000000000000000   1.0000000000000000E+30
      94.0000000000000000   1.0000000000000000E+30
      95.0000000000000000   1.0000000000000000E+30
      96.0000000000000000   1.0000000000000000E+30
      97.0000000000000000   1.0000000000000000E+30
      98.0000000000000000   1.0000000000000000E+30
      99.0000000000000000   1.0000000000000000E+30
     100.0000000000000000   1.0000000000000000E+30
     103.9989999999999952   1.0000000000000000E+30
     104.0010000000000048   2.4541464480808845E+04
     110.0000000000000000   3.5318744239751131E+03
     120.0000000000000000   2.0191954138253770E+03
     126.9989999999999952   1.9977305909098989E+03
     127.0010000000000048   1.9977245224489495E+03
     130.0000000000000000   1.9886661537411046E+03
     140.0000000000000000   2.1149625318959706E+03
     150.0000000000000000   2.2250823195276594E+03
     153.9989999999999952   2.2877829902931844E+03
     154.0010000000000048   2.2878137328870043E+03
     160.0000000000000000   2.4028791578376945E+03
     170.0000000000000000   2.6502797204165845E+03
     180.0000000000000000   2.9309335046686920E+03
     190.0000000000000000   3.2407672406446154E+03
     200.0000000000000000   3.5678170631243966E+03
     210.0000000000000000   3.9313955734968349E+03
     220.0000000000000000   4.3533288642274747E+03
     230.0000000000000000   4.7887603504600384E+03
     240.0000000000000000   5.2799449629623123E+03
     250.0000000000000000   5.8150628471914797E+03
     260.0000000000000000   6.3577152880731583E+03
     270.0000000000000000   6.9777976233158915E+03
     280.0000000000000000   7.5960974691515821E+03
     290.0000000000000000   8.2412116480717905E+03
     300.0000000000000000   8.9704969221161973E+03
     310.0000000000000000   9.7544675323421634E+03
     320.0000000000000000   1.0499185991718936E+04
     330.0000000000000000   1.1365042387627793E+04
     340.0000000000000000   1.2291232839894030E+04
     350.0000000000000000   1.3256266134693638E+04
     360.0000000000000000   1.4197656259564254E+04
     370.0000000000000000   1.5287998459474837E+04
     380.0000000000000000   1.6327122572293627E+04
     390.0000000000000000   1.7495855231020723E+04
     400.0000000000000000   1.8710670299147365E+04
     410.0000000000000000   1.9966095095004250E+04
     420.0000000000000000   2.1307624139645599E+04
     430.0000000000000000   2.2617479317197423E+04
     440.0000000000000000   2.4052486991841208E+04
     450.0000000000000000   2.5536434862507336E+04
     460.0000000000000000   2.7164747826213712E+04
     470.0000000000000000   2.8808218789079830E+04
     480.0000000000000000   3.0521721348036321E+04
     490.0000000000000000   3.2336812326774991E+04
     500.0000000000000000   3.4191547677695889E+04
     510.0000000000000000   3.5989730784993641E+04
     520.0000000000000000   3.8019865005521693E+04
     530.0000000000000000   4.0074478363354938E+04
     540.0000000000000000   4.2220798206938685E+04
     550.0000000000000000   4.4632372752735297E+04
     560.0000000000000000   4.6836901091020271E+04
     570.0000000000000000   4.9100995830204687E+04
     580.0000000000000000   5.1619548734181961E+04
     590.0000000000000000   5.4430316662914825E+04
     600.0000000000000000   5.7013371833065299E+04
     610.0000000000000000   5.9700960591990734E+04
     620.0000000000000000   6.2548502949219306E+04
     630.0000000000000000   6.5423214764326491E+04
     640.0000000000000000   6.8362611266101681E+04
     650.0000000000000000   7.1515969849283632E+04
     660.0000000000000000   7.4771349083936453E+04
     670.0000000000000000   7.8352417402335646E+04
     680.0000000000000000   8.1629823124472488E+04
     690.0000000000000000   8.5566324731029134E+04
     700.0000000000000000   8.8999967760660438E+04
     710.0000000000000000   9.2702117715506698E+04
     720.0000000000000000   9.6423015775642445E+04
     730.0000000000000000   1.0076775230909832E+05
     740.0000000000000000   1.0455902263455406E+05
     750.0000000000000000   1.0880070993401992E+05
     760.0000000000000000   1.1359965015787278E+05
     770.0000000000000000   1.1775335792480365E+05
     780.0000000000000000   1.2215548030040997E+05
     790.0000000000000000   1.2682816126290840E+05
     800.0000000000000000   1.3198365469464459E+05
     810.0000000000000000   1.3671310310753295E+05
     820.0000000000000000   1.4229845925131615E+05
     830.0000000000000000   1.4709025116405755E+05
     840.0000000000000000   1.5238969057167933E+05
     850.0000000000000000   1.5838558056978733E+05
     860.0000000000000000   1.6386567945133254E+05
     870.0000000000000000   1.6958861567551512E+05
     880.0000000000000000   1.7611845371024526E+05
     890.0000000000000000   1.8169458520224484E+05
     900.0000000000000000   1.8767031827796763E+05
     910.0000000000000000   1.9445825545420003E+05
     920.0000000000000000   2.0080732406808378E+05
     930.0000000000000000   2.0809855465846622E+05
     937.9990000000000236   2.1295540686857008E+05
     938.0009999999999764   2.1295688486259748E+05
     940.0000000000000000   2.1444446940354569E+05
     950.0000000000000000   2.2099847560975607E+05
     957.9990000000000236   2.2702250924647896E+05
     958.0009999999999764   2.2702405651000686E+05
     960.0000000000000000   2.2858116404899393E+05
     970.0000000000000000   2.3578459579943647E+05
     980.0000000000000000   2.4321405549589777E+05
     990.0000000000000000   2.5135739615918550E+05
    1000.0000000000000000   2.5909243988733660E+05
    1100.0000000000000000   3.4850673971768393E+05
    1102.9990000000000236   3.5039562873206235E+05
    1103.0009999999999764   3.5039769314981072E+05
    1200.0000000000000000   4.5639775228827639E+05
    1300.0000000000000000   5.8867012329067593E+05
    1400.0000000000000000   7.4505826398728357E+05
    1500.0000000000000000   9.3053127768941666E+05
    1600.0000000000000000   1.1470523522943850E+06
    1700.0000000000000000   1.4000105130609251E+06
    1800.0000000000000000   1.6884935445399440E+06
    1843.9990000000000236   1.8331813924338773E+06
    1844.0009999999999764   1.8331885745270506E+06
    1900.0000000000000000   2.0209233975575964E+06
    2000.0000000000000000   2.4035809318939578E+06
    2100.0000000000000000   2.8259655769461961E+06
    2200.0000000000000000   3.3127107217484871E+06
    2300.0000000000000000   3.8467283954412881E+06
    2400.0000000000000000   4.4363434964172281E+06
    2500.0000000000000000   5.1110733112350702E+06
    2600.0000000000000000   5.8551556254938086E+06
    2700.0000000000000000   6.6515752898435313E+06
    2800.0000000000000000   7.5382751096181404E+06
    2900.0000000000000000   8.5206784866704829E+06
    3000.0000000000000000   9.5794564803349413E+06
    3100.0000000000000000   1.0745029820910398E+07
    3200.0000000000000000   1.2002767239410931E+07
    3300.0000000000000000   1.3362603597397460E+07
    3400.0000000000000000   1.4811016811075540E+07
    3500.0000000000000000   1.6459842477719212E+07
    3600.0000000000000000   1.8149730153916348E+07
    3700.0000000000000000   2.0003795151566859E+07
    3800.0000000000000000   2.2053210259506643E+07
    3900.0000000000000000   2.4136748272288393E+07
    4000.0000000000000000   2.6339796251244910E+07
    4100.0000000000000000   2.8828976330441788E+07
    4200.0000000000000000   3.1358731030825805E+07
    4300.0000000000000000   3.4192012362158723E+07
    4400.0000000000000000   3.7058049118216865E+07
    4500.0000000000000000   4.0226047191579439E+07
    4600.0000000000000000   4.3462569065026544E+07
    4700.0000000000000000   4.6985960724478364E+07
    4800.0000000000000000   5.0735239105884507E+07
    4900.0000000000000000   5.4700837008118950E+07
    5000.0000000000000000   5.8921952568679564E+07
    5100.0000000000000000   6.3194494560145155E+07
    5200.0000000000000000   6.7932941066703990E+07
    5300.0000000000000000   7.2851745244816229E+07
    5400.0000000000000000   7.8051950820579752E+07
    5500.0000000000000000   8.3389587210724950E+07
    5600.0000000000000000   8.8908152673532978E+07
    5700.0000000000000000   9.4846611543988794E+07
    5800.0000000000000000   1.0109618165001096E+08
    5900.0000000000000000   1.0769110447058746E+08
    6000.0000000000000000   1.1464931969446152E+08
    6100.0000000000000000   1.2201032550159153E+08
    6200.0000000000000000   1.2944798871149100E+08
    6300.0000000000000000   1.3725273293911070E+08
    6400.0000000000000000   1.4558900238446948E+08
    6500.0000000000000000   1.5413391061603943E+08
    6600.0000000000000000   1.6290509145131490E+08
    6700.0000000000000000   1.7251377718192914E+08
    6800.0000000000000000   1.8212584379684663E+08
    6900.0000000000000000   1.9207095930774125E+08
    7000.0000000000000000   2.0256121929628468E+08
    7100.0000000000000000   2.1355859450180003E+08
    7200.0000000000000000   2.2506776358186403E+08
    7300.0000000000000000   2.3663618864233774E+08
    7400.0000000000000000   2.5009431208715558E+08
    7500.0000000000000000   2.6166765843871155E+08
    7600.0000000000000000   2.7578786061450970E+08
    7700.0000000000000000   2.8927068943722129E+08
    7800.0000000000000000   3.0309303447724444E+08
    7900.0000000000000000   3.1811196806473053E+08
    8000.0000000000000000   3.3507556010970795E+08
    8100.0000000000000000   3.5039169523963380E+08
    8200.0000000000000000   3.6619147245366645E+08
    8300.0000000000000000   3.8296599411325192E+08
    8400.0000000000000000   4.0052905732198495E+08
    8500.0000000000000000   4.1879250197283429E+08
    8600.0000000000000000   4.3892734995570236E+08
    8700.0000000000000000   4.5748096869779813E+08
    8800.0000000000000000   4.7972448587892962E+08
    8900.0000000000000000   4.9933640118807423E+08
    8985.9989999999997963   5.1723771810339314E+08
    8986.0010000000002037   5.1723818404474235E+08
    9000.0000000000000000   5.2052023790085000E+08
    9100.0000000000000000   5.4191795428689420E+08
    9200.0000000000000000   5.6687216119273472E+08
    9300.0000000000000000   5.8889313255885231E+08
    9400.0000000000000000   6.1328588438318574E+08
    9500.0000000000000000   6.4104199203951359E+08
    9600.0000000000000000   6.6522332382043695E+08
    9700.0000000000000000   6.9050252839360976E+08
    9800.0000000000000000   7.2024894434532094E+08
    9900.0000000000000000   7.4715761442047703E+08
   10000.0000000000000000   7.7565156348966360E+08
   11000.0000000000000000   1.1156608644183376E+09
   12000.0000000000000000   1.5594336638678088E+09
   13000.0000000000000000   2.1261471817056653E+09
   14000.0000000000000000   2.8393213251432648E+09
   15000.0000000000000000   3.7046597781015096E+09
   16000.0000000000000000   4.7680217989759130E+09
   17000.0000000000000000   6.0430362518489275E+09
   18000.0000000000000000   7.5787835627657118E+09
   19000.0000000000000000   9.3543615299543781E+09
   20000.0000000000000000   1.1459661187319460E+10
   21000.0000000000000000   1.3876256044940638E+10
   22000.0000000000000000   1.6643629081876472E+10
   23000.0000000000000000   1.9843043639709175E+10
   24000.0000000000000000   2.3511971328813011E+10
   25000.0000000000000000   2.7591782993487076E+10
   26000.0000000000000000   3.2213723853122128E+10
   27000.0000000000000000   3.7509660372389572E+10
   28000.0000000000000000   4.3383426671474411E+10
   29000.0000000000000000   4.9770574754090851E+10
   30000.0000000000000000   5.6898895810535507E+10
   31000.0000000000000000   6.4789779354132912E+10
   32000.0000000000000000   7.3497732600689896E+10
   33000.0000000000000000   8.3084420259229752E+10
   34000.0000000000000000   9.3244760477892700E+10
   35000.0000000000000000   1.0468984133480408E+11
   36000.0000000000000000   1.1722780050256165E+11
   37000.0000000000000000   1.3048661530470309E+11
   38000.0000000000000000   1.4553183889898483E+11
   39000.0000000000000000   1.6067732702355133E+11
   40000.0000000000000000   1.7812788865437033E+11
   41000.0000000000000000   1.9605303524247427E+11
   42000.0000000000000000   2.1557132538288455E+11
   43000.0000000000000000   2.3665033520812762E+11
   44000.0000000000000000   2.6026904859389804E+11
   45000.0000000000000000   2.8331839480150507E+11
   46000.0000000000000000   3.0965902390553595E+11
   47000.0000000000000000   3.3681841892909448E+11
   48000.0000000000000000   3.6744811245081116E+11
   49000.0000000000000000   3.9741648456345203E+11
   50000.0000000000000000   4.3077072060784308E+11
