       0.1000000000000000   5.3034676037023694E+00   5.4872527151368210E-03
       0.2000000000000000   4.7067036265416826E+00   1.0618129753312788E-02
       0.3000000000000000   4.5284300176066079E+00   1.5615253988491140E-02
       0.4000000000000000   4.4783354205836821E+00   2.0296298483693600E-02
       0.5000000000000000   4.4663472729943772E+00   2.4844574519131839E-02
       0.6000000000000000   4.4722086814665376E+00   2.9276663416931335E-02
       0.7000000000000000   4.4879559934384448E+00   3.3606915193379557E-02
       0.7999999999999999   4.5092994876737471E+00   3.7846203791785188E-02
       0.8999999999999999   4.5342271458186207E+00   4.1994410585847158E-02
       0.9999999999999999   4.5609511856617377E+00   4.6070621671255745E-02
       2.0000000000000000   4.8369009604352362E+00   8.3713370224648989E-02
       3.0000000000000000   5.0636041711646858E+00   1.1797749279473216E-01
       4.0000000000000000   5.2391579572243794E+00   1.5064532269755682E-01
       5.0000000000000000   5.3740897635866247E+00   1.8265185754908025E-01
       6.0000000000000000   5.4769239872797977E+00   2.1456924595863897E-01
       7.0000000000000000   5.5539357471812743E+00   2.4678105820489735E-01
       8.0000000000000000   5.6096399093666305E+00   2.7957646887515281E-01
       9.0000000000000000   5.6474308473498418E+00   3.1318754143018396E-01
      10.0000000000000000   5.6699095648335520E+00   3.4781237660704045E-01
      11.0000000000000000   5.6791536555463784E+00   3.8362482702008149E-01
      12.0000000000000000   5.6768537577308713E+00   4.2078202813729693E-01
      13.0000000000000000   5.6644324049091566E+00   4.5942812921885745E-01
      14.0000000000000000   5.6430979707363589E+00   4.9969744855569731E-01
      15.0000000000000000   5.6139178568266574E+00   5.4171299608316625E-01
      16.0000000000000000   5.5778578828020384E+00   5.8558471889369335E-01
      17.0000000000000000   5.5358026820507309E+00   6.3140850195315368E-01
      18.0000000000000000   5.4885892944696000E+00   6.7926134303957042E-01
      19.0000000000000000   5.4370165075022188E+00   7.2919739506646630E-01
      19.9989999999999988   5.3819183381220883E+00   7.8118975146619929E-01
      20.0000000000000000   5.3818616490659474E+00   7.8124285109965619E-01
      20.0010000000000012   5.3818049571911208E+00   7.8129595283807429E-01
      20.9989999999999988   5.3239460538055052E+00   8.3533491151514838E-01
      21.0000000000000000   5.3238869229845376E+00   8.3539009618504656E-01
      21.0010000000000012   5.3238277900977042E+00   8.3544528291295617E-01
      22.0000000000000000   5.2638458464394864E+00   8.9159157783224718E-01
      23.0000000000000000   5.2024813803930483E+00   9.4975493377851161E-01
      24.0000000000000000   5.1405217994032206E+00   1.0097391755803176E+00
      25.0000000000000000   5.0786748304511553E+00   1.0713522277010823E+00
      26.0000000000000000   5.0176168847683371E+00   1.1343516588699563E+00
      27.0000000000000000   4.9579810353701612E+00   1.1984483550170639E+00
      28.0000000000000000   4.9003446499259820E+00   1.2633134103571118E+00
      29.0000000000000000   4.8452173375337733E+00   1.3285880730535125E+00
      30.0000000000000000   4.7930321448919457E+00   1.3938957485092471E+00
      31.0000000000000000   4.7441390257416565E+00   1.4588553117744674E+00
      32.0000000000000000   4.6988034165218586E+00   1.5230941788601235E+00
      33.0000000000000000   4.6572075185111377E+00   1.5862604489929508E+00
      34.0000000000000000   4.6194562151638801E+00   1.6480327189026351E+00
      35.0000000000000000   4.5855849737984924E+00   1.7081273932329568E+00
      36.0000000000000000   4.5555697394216947E+00   1.7663031680311381E+00
      37.0000000000000000   4.5293374850950920E+00   1.8223628786841775E+00
      38.0000000000000000   4.5067767215044174E+00   1.8761530857371500E+00
      39.0000000000000000   4.4877472287146860E+00   1.9275619028624187E+00
      40.0000000000000000   4.4720888256877034E+00   1.9765155730094208E+00
      41.0000000000000000   4.4596287183843106E+00   2.0229743224016801E+00
      42.0000000000000000   4.4501876197654990E+00   2.0669278407754668E+00
      43.0000000000000000   4.4435845885529766E+00   2.1083907456206861E+00
      44.0000000000000000   4.4396407216916600E+00   2.1473982168618089E+00
      45.0000000000000000   4.4381818455138440E+00   2.1840020113418297E+00
      46.0000000000000000   4.4390404715910199E+00   2.2182668422918268E+00
      47.0000000000000000   4.4420570484400859E+00   2.2502672329533664E+00
      48.0000000000000000   4.4470807163034198E+00   2.2800848094466271E+00
      49.0000000000000000   4.4539696758113099E+00   2.3078060179753654E+00
      50.0000000000000000   4.4625912584211571E+00   2.3335202280966718E+00
      51.0000000000000000   4.4728217844528571E+00   2.3573181838776054E+00
      52.0000000000000000   4.4845462924855894E+00   2.3792907535460821E+00
      53.0000000000000000   4.4976581464929675E+00   2.3995279405791767E+00
      54.0000000000000000   4.5120585995189995E+00   2.4181181140603565E+00
      55.0000000000000000   4.5276563105902969E+00   2.4351474267822546E+00
      56.0000000000000000   4.5443668673948574E+00   2.4506993893714761E+00
      57.0000000000000000   4.5621123359485365E+00   2.4648544956220371E+00
      58.0000000000000000   4.5808207008706381E+00   2.4776901358291905E+00
      59.0000000000000000   4.6004254634804393E+00   2.4892804094400347E+00
      60.0000000000000000   4.6208652779221655E+00   2.4996959918281392E+00
      61.0000000000000000   4.6420834192309064E+00   2.5090042722274832E+00
      62.0000000000000000   4.6640274926051077E+00   2.5172692874032432E+00
      63.0000000000000000   4.6866490675803503E+00   2.5245518084043868E+00
      64.0000000000000000   4.7099033471518670E+00   2.5309094257828399E+00
      65.0000000000000000   4.7337488757236184E+00   2.5363966510174638E+00
      66.0000000000000000   4.7581472642529663E+00   2.5410650297256541E+00
      67.0000000000000000   4.7830629390586621E+00   2.5449632624377907E+00
      68.0000000000000000   4.8084629128186043E+00   2.5481373297615546E+00
      69.0000000000000000   4.8343165740535170E+00   2.5506306195746102E+00
      70.0000000000000000   4.8605954944109317E+00   2.5524840539623610E+00
      71.0000000000000000   4.8872732525302416E+00   2.5537362150308844E+00
      72.0000000000000000   4.9143252744139625E+00   2.5544234677244306E+00
      73.0000000000000000   4.9417286863820351E+00   2.5545800793508744E+00
      74.0000000000000000   4.9694621809808925E+00   2.5542383350034270E+00
      75.0000000000000000   4.9975058881808634E+00   2.5534286544744567E+00
      76.0000000000000000   5.0258412890304633E+00   2.5521796744435559E+00
      77.0000000000000000   5.0544510745405304E+00   2.5505183860537812E+00
      78.0000000000000000   5.0833190780445650E+00   2.5484702069989136E+00
      79.0000000000000000   5.1124301828853316E+00   2.5460590791345368E+00
      80.0000000000000000   5.1417702439108064E+00   2.5433075551418476E+00
      81.0000000000000000   5.1713260151942695E+00   2.5402368804775377E+00
      81.9989999999999952   5.2010552283100129E+00   2.5368705836236214E+00
      82.0000000000000000   5.2010850849924068E+00   2.5368670707656138E+00
      82.0010000000000048   5.2011149418663880E+00   2.5368635576274237E+00
      83.0000000000000000   5.2310358146454252E+00   2.5332169847363337E+00
      84.0000000000000000   5.2611672821756503E+00   2.5293043930512242E+00
      85.0000000000000000   5.2914692322843138E+00   2.5251460429901336E+00
      86.0000000000000000   5.3219320288493943E+00   2.5207577193563413E+00
      87.0000000000000000   5.3525466111691724E+00   2.5161543026198472E+00
      88.0000000000000000   5.3833044577047078E+00   2.5113498191244825E+00
      89.0000000000000000   5.4141975438039296E+00   2.5063574970388469E+00
      89.9989999999999952   5.4451872288583028E+00   2.5011950615109408E+00
      90.0000000000000000   5.4452183109964967E+00   2.5011898102020909E+00
      90.0010000000000048   5.4452493932551995E+00   2.5011845587297059E+00
      91.0000000000000000   5.4763596356011943E+00   2.4958585235822142E+00
      92.0000000000000000   5.5076147995956770E+00   2.4903747351097749E+00
      93.0000000000000000   5.5389774639398137E+00   2.4847489149398303E+00
      94.0000000000000000   5.5704416439098443E+00   2.4789909423015279E+00
      95.0000000000000000   5.6020016862389603E+00   2.4731101400827176E+00
      96.0000000000000000   5.6336522479637301E+00   2.4671153072894332E+00
      97.0000000000000000   5.6653882767997734E+00   2.4610147495121799E+00
      98.0000000000000000   5.6972049926908594E+00   2.4548163075385472E+00
      99.0000000000000000   5.7290978718977899E+00   2.4485273841395352E+00
     100.0000000000000000   5.7610626296240062E+00   2.4421549693659119E+00
     110.0000000000000000   6.0838660485147331E+00   2.3751248335311566E+00
     120.0000000000000000   6.4104714471030517E+00   2.3051230691317923E+00
     125.9989999999999952   6.6073980498681459E+00   2.2629438818924839E+00
     126.0010000000000048   6.6074637814492441E+00   2.2629298612902420E+00
     130.0000000000000000   6.7389683540804581E+00   2.2349907418555173E+00
     140.0000000000000000   7.0681643922869588E+00   2.1663202580739838E+00
     150.0000000000000000   7.3972989546125474E+00   2.0999763868304275E+00
     160.0000000000000000   7.7241065872465171E+00   2.0392599020916959E+00
     170.0000000000000000   8.0459834602899498E+00   1.9866172330680851E+00
     180.0000000000000000   8.3737167018554217E+00   1.9274628156882574E+00
     190.0000000000000000   8.6947943520859319E+00   1.8779227907150797E+00
     200.0000000000000000   9.0173487119556839E+00   1.8273694172438053E+00
     210.0000000000000000   9.3375218450307962E+00   1.7805105891203705E+00
     220.0000000000000000   9.6589632722848222E+00   1.7328151456988976E+00
     230.0000000000000000   9.9747135428765965E+00   1.6923732200034847E+00
     240.0000000000000000   1.0291799028788311E+01   1.6508137875670110E+00
     250.0000000000000000   1.0606856208661728E+01   1.6119455780858027E+00
     260.0000000000000000   1.0919998644270343E+01   1.5755022427234193E+00
     270.0000000000000000   1.1231330308335068E+01   1.5412521459660846E+00
     280.0000000000000000   1.1540946543552574E+01   1.5089928626692675E+00
     290.0000000000000000   1.1851834868899108E+01   1.4755432512459086E+00
     300.0000000000000000   1.2158195907639776E+01   1.4468691253892283E+00
     310.0000000000000000   1.2465860431931132E+01   1.4169196193100635E+00
     320.0000000000000000   1.2771998369186459E+01   1.3885546909684967E+00
     330.0000000000000000   1.3076674838597445E+01   1.3616465703886027E+00
     340.0000000000000000   1.3379950602220273E+01   1.3360811075569659E+00
     350.0000000000000000   1.3681882445984380E+01   1.3117559850252609E+00
     360.0000000000000000   1.3982523508856683E+01   1.2885792146190547E+00
     370.0000000000000000   1.4281923577917699E+01   1.2664678606483555E+00
     380.0000000000000000   1.4582614564013507E+01   1.2431229340807577E+00
     390.0000000000000000   1.4879623924546243E+01   1.2229884214657467E+00
     400.0000000000000000   1.5175524415466130E+01   1.2037113045381209E+00
     410.0000000000000000   1.5472730684144974E+01   1.1831906559412395E+00
     420.0000000000000000   1.5768839738081189E+01   1.1635270205816475E+00
     430.0000000000000000   1.6061547088197564E+01   1.1466094919322998E+00
     440.0000000000000000   1.6355582025833925E+01   1.1284540524991014E+00
     446.9990000000000236   1.6559409849607089E+01   1.1172892632388696E+00
     447.0009999999999764   1.6559469330227451E+01   1.1172850517398518E+00
     450.0000000000000000   1.6648617978207337E+01   1.1110077840092942E+00
     454.9990000000000236   1.6794740882836429E+01   1.1025393421979783E+00
     455.0009999999999764   1.6794800206574372E+01   1.1025352554901733E+00
     460.0000000000000000   1.6938430523527916E+01   1.0960339802170600E+00
     470.0000000000000000   1.7229575084978819E+01   1.0798417672727263E+00
     480.0000000000000000   1.7519804917334923E+01   1.0642436310732053E+00
     490.0000000000000000   1.7809145367171542E+01   1.0492063677875931E+00
     500.0000000000000000   1.8097620619587421E+01   1.0346992441968170E+00
     510.0000000000000000   1.8385253789006320E+01   1.0206937576244179E+00
     520.0000000000000000   1.8672066979465207E+01   1.0071634371635330E+00
     530.0000000000000000   1.8958081330573325E+01   9.9408367491299543E-01
     540.0000000000000000   1.9243317071326707E+01   9.8143156577352386E-01
     550.0000000000000000   1.9527793562251023E+01   9.6918576860655226E-01
     560.0000000000000000   1.9813572163563254E+01   9.5586670768385940E-01
     570.0000000000000000   2.0096563565630543E+01   9.4440261944066139E-01
     580.0000000000000000   2.0378849326386391E+01   9.3328775588026558E-01
     590.0000000000000000   2.0660445722444457E+01   9.2250595493363752E-01
     600.0000000000000000   2.0943345123416059E+01   9.1068671332269113E-01
     610.0000000000000000   2.1223587520403264E+01   9.0055023217566399E-01
     620.0000000000000000   2.1503186561172015E+01   8.9070267920786572E-01
     630.0000000000000000   2.1784086708735011E+01   8.7984565619357835E-01
     640.0000000000000000   2.2062417460832787E+01   8.7056129960843276E-01
     650.0000000000000000   2.2342053253260630E+01   8.6028489128494967E-01
     660.0000000000000000   2.2619167375937252E+01   8.5151651292665476E-01
     668.9990000000000236   2.2869555452724573E+01   8.4285790036168717E-01
     669.0009999999999764   2.2869611468574785E+01   8.4285573043109463E-01
     670.0000000000000000   2.2897588533106326E+01   8.4177331979229308E-01
     680.0000000000000000   2.3173534865326072E+01   8.3347848190073548E-01
     690.0000000000000000   2.3450787398758429E+01   8.2422647668288263E-01
     700.0000000000000000   2.3725611663286699E+01   8.1636723448843507E-01
     706.9990000000000236   2.3918377515447752E+01   8.1052782892188890E-01
     707.0009999999999764   2.3918433086159112E+01   8.1052584977544884E-01
     710.0000000000000000   2.4001738643131500E+01   8.0756877798658000E-01
     720.0000000000000000   2.4275483825492984E+01   8.0011102760387842E-01
     730.0000000000000000   2.4550525326464701E+01   7.9173249751530739E-01
     740.0000000000000000   2.4825038474933766E+01   7.8355903713424324E-01
     750.0000000000000000   2.5097225742019582E+01   7.7665648915775509E-01
     760.0000000000000000   2.5370710475657955E+01   7.6885727477958599E-01
     770.0000000000000000   2.5643691753101034E+01   7.6124264022745491E-01
     780.0000000000000000   2.5914403630016547E+01   7.5483493912891653E-01
     790.0000000000000000   2.6186408631386445E+01   7.4755527385263276E-01
     800.0000000000000000   2.6457934794391726E+01   7.4044146393515919E-01
     810.0000000000000000   2.6728987582592321E+01   7.3348898244345773E-01
     820.0000000000000000   2.6997841183217901E+01   7.2766570502948280E-01
     829.9990000000000236   2.7267954900309942E+01   7.2100359069638309E-01
     830.0000000000000000   2.7267982064746842E+01   7.2100283508488550E-01
     830.0009999999999764   2.7268009229176538E+01   7.2100207947552697E-01
     840.0000000000000000   2.7537672936120327E+01   7.1448501702508072E-01
     850.0000000000000000   2.7806919504345426E+01   7.0810807505359008E-01
     860.0000000000000000   2.8075729095432592E+01   7.0186704554368529E-01
     870.0000000000000000   2.8342419413079011E+01   6.9667106917475907E-01
     880.0000000000000000   2.8610386489246288E+01   6.9067432828541886E-01
     890.0000000000000000   2.8877936388192413E+01   6.8480083095156219E-01
     900.0000000000000000   2.9145074580897504E+01   6.7904700693282050E-01
     910.0000000000000000   2.9411806904533670E+01   6.7340916629247782E-01
     920.0000000000000000   2.9678139494644540E+01   6.6788354177757880E-01
     930.0000000000000000   2.9944078533136782E+01   6.6246642363897090E-01
     940.0000000000000000   3.0209629939249606E+01   6.5715431584901485E-01
     950.0000000000000000   3.0474799214531139E+01   6.5194400607672998E-01
     960.0000000000000000   3.0739591495725097E+01   6.4683252856472506E-01
     970.0000000000000000   3.1002398171084312E+01   6.4263093263067594E-01
     980.0000000000000000   3.1266457730188378E+01   6.3769982066137876E-01
     990.0000000000000000   3.1530154456972820E+01   6.3285980194754143E-01
    1000.0000000000000000   3.1793493087463006E+01   6.2810830023594999E-01
    1100.0000000000000000   3.4409679528198680E+01   5.8424798223044638E-01
    1200.0000000000000000   3.6994448570169837E+01   5.4712873727401368E-01
    1300.0000000000000000   3.9552555458844608E+01   5.1468108473716712E-01
    1400.0000000000000000   4.2086646473090546E+01   4.8595620823007957E-01
    1500.0000000000000000   4.4597488111385893E+01   4.6079200208905807E-01
    1600.0000000000000000   4.7087020828658225E+01   4.3855792646908848E-01
    1700.0000000000000000   4.9558296823438134E+01   4.1828453729811615E-01
    1800.0000000000000000   5.2011332441464724E+01   4.0011627511454734E-01
    1900.0000000000000000   5.4448733850441265E+01   3.8330668305654497E-01
    2000.0000000000000000   5.6870243752889650E+01   3.6807056831439627E-01
    2100.0000000000000000   5.9276828228856289E+01   3.5419994814402389E-01
    2200.0000000000000000   6.1669424946714038E+01   3.4150346299515605E-01
    2300.0000000000000000   6.4050053489268649E+01   3.2948897175528863E-01
    2400.0000000000000000   6.6416821973643025E+01   3.1877248786847179E-01
    2500.0000000000000000   6.8773046210249035E+01   3.0851354558034028E-01
    2600.0000000000000000   7.1117923559070121E+01   2.9900663865062732E-01
    2700.0000000000000000   7.3453048271610328E+01   2.8990584665002106E-01
    2800.0000000000000000   7.5777116789259821E+01   2.8160940636886372E-01
    2900.0000000000000000   7.8091075835107162E+01   2.7391712461076451E-01
    3000.0000000000000000   8.0396896755148305E+01   2.6641497749755799E-01
    3100.0000000000000000   8.2693312748337291E+01   2.5944822889287056E-01
    3200.0000000000000000   8.4981507723795872E+01   2.5280330448240124E-01
    3300.0000000000000000   8.7260144270316744E+01   2.4679370073653184E-01
    3400.0000000000000000   8.9531794118883695E+01   2.4090147004711465E-01
    3500.0000000000000000   9.1795875572870457E+01   2.3529638358149887E-01
    3600.0000000000000000   9.4053231135599106E+01   2.2982999524279976E-01
    3700.0000000000000000   9.6302492498844742E+01   2.2481164931184747E-01
    3734.9989999999997963   9.7088281226366249E+01   2.2307504832826827E-01
    3735.0010000000002037   9.7088325957847672E+01   2.2307497512956245E-01
    3800.0000000000000000   9.8544861668169744E+01   2.2003683194169693E-01
    3900.0000000000000000   1.0078153070660156E+02   2.1529374438009774E-01
    3942.9990000000002510   1.0174098882305900E+02   2.1336756244843014E-01
    3943.0010000000006585   1.0174103334180420E+02   2.1336748530467831E-01
    4000.0000000000000000   1.0301082344216255E+02   2.1092523452199569E-01
    4100.0000000000000000   1.0523427733543220E+02   2.0666686647907367E-01
    4200.0000000000000000   1.0745107404898236E+02   2.0269301133757694E-01
    4241.9989999999997963   1.0838048785081833E+02   2.0104555725817347E-01
    4242.0010000000002037   1.0838053223031125E+02   2.0104545402828733E-01
    4300.0000000000000000   1.0966211744150840E+02   1.9884717016635098E-01
    4400.0000000000000000   1.1186773328058467E+02   1.9510166334885362E-01
    4500.0000000000000000   1.1406749055329790E+02   1.9156872396619026E-01
    4600.0000000000000000   1.1626164343647100E+02   1.8817621650415967E-01
    4700.0000000000000000   1.1845087189027561E+02   1.8486751787103045E-01
    4800.0000000000000000   1.2063529692313644E+02   1.8162758383303931E-01
    4900.0000000000000000   1.2281440538371804E+02   1.7854311042975377E-01
    5000.0000000000000000   1.2498837811643425E+02   1.7560189363604511E-01
    5100.0000000000000000   1.2715762700571945E+02   1.7275696199769366E-01
    5200.0000000000000000   1.2932226084655522E+02   1.7000385276467886E-01
    5300.0000000000000000   1.3148206425397083E+02   1.6737986744633326E-01
    5400.0000000000000000   1.3363714727351717E+02   1.6487414843571746E-01
    5500.0000000000000000   1.3578774458350534E+02   1.6246432798389307E-01
    5600.0000000000000000   1.3793582374499942E+02   1.5991171146850999E-01
    5700.0000000000000000   1.4007709661297045E+02   1.5777793612145741E-01
    5800.0000000000000000   1.4221730022992301E+02   1.5531372721397080E-01
    5900.0000000000000000   1.4435070729219717E+02   1.5328238505081959E-01
    6000.0000000000000000   1.4648238694771013E+02   1.5104669434138066E-01
    6100.0000000000000000   1.4860886821205972E+02   1.4902695117110765E-01
    6200.0000000000000000   1.5073137115446218E+02   1.4710535913290770E-01
    6300.0000000000000000   1.5285128336559677E+02   1.4511148177826941E-01
    6400.0000000000000000   1.5496772699954496E+02   1.4314341611547610E-01
    6500.0000000000000000   1.5708021382085059E+02   1.4127546875623045E-01
    6600.0000000000000000   1.5918884326119141E+02   1.3950592517757607E-01
    6700.0000000000000000   1.6129391100159276E+02   1.3779603063516577E-01
    6800.0000000000000000   1.6339606431606185E+02   1.3608634384646609E-01
    6900.0000000000000000   1.6549495873552797E+02   1.3441359766073616E-01
    7000.0000000000000000   1.6759032252376591E+02   1.3282139719262084E-01
    7100.0000000000000000   1.6968198516704112E+02   1.3132161021640792E-01
    7200.0000000000000000   1.7177089507261891E+02   1.2981094571767884E-01
    7300.0000000000000000   1.7385598859150164E+02   1.2841004200790820E-01
    7400.0000000000000000   1.7594001837323927E+02   1.2685466739587825E-01
    7500.0000000000000000   1.7802033642842949E+02   1.2541031990791465E-01
    7600.0000000000000000   1.8009696835514615E+02   1.2406264516428397E-01
    7700.0000000000000000   1.8217111282968449E+02   1.2271823458408412E-01
    7800.0000000000000000   1.8424261802823585E+02   1.2138363433755214E-01
    7900.0000000000000000   1.8630944475068199E+02   1.2025630982244044E-01
    8000.0000000000000000   1.8837713942532187E+02   1.1881900909680991E-01
    8100.0000000000000000   1.9043802178331848E+02   1.1779388489646594E-01
    8200.0000000000000000   1.9250053341645599E+02   1.1638330431011766E-01
    8300.0000000000000000   1.9455631701005086E+02   1.1538389543343755E-01
    8400.0000000000000000   1.9661375318596063E+02   1.1401536987872739E-01
    8500.0000000000000000   1.9866653643668434E+02   1.1286437386060004E-01
    8600.0000000000000000   2.0071420383603285E+02   1.1198810485874744E-01
    8700.0000000000000000   2.0276338351439139E+02   1.1075833140795681E-01
    8800.0000000000000000   2.0480940299144220E+02   1.0961699608431205E-01
    8900.0000000000000000   2.0684900084811051E+02   1.0885154527944166E-01
    9000.0000000000000000   2.0889189770386110E+02   1.0759916436739293E-01
    9100.0000000000000000   2.1092920793595599E+02   1.0666548718034952E-01
    9200.0000000000000000   2.1296613691491692E+02   1.0556219348185228E-01
    9300.0000000000000000   2.1499724234507212E+02   1.0479953355104087E-01
    9400.0000000000000000   2.1702689305488946E+02   1.0399103493904140E-01
    9500.0000000000000000   2.1905696742763931E+02   1.0295496894641178E-01
    9600.0000000000000000   2.2108449081813143E+02   1.0196886154925765E-01
    9700.0000000000000000   2.2310912556229545E+02   1.0106782834819356E-01
    9800.0000000000000000   2.2513144522279083E+02   1.0019618238161204E-01
    9900.0000000000000000   2.2715166858139750E+02   9.9335439024635125E-02
   10000.0000000000000000   2.2916977103389684E+02   9.8490327806153202E-02
   11000.0000000000000000   2.4924115111472824E+02   9.0744486536122104E-02
   12000.0000000000000000   2.6912407060167163E+02   8.4385344600247519E-02
   13000.0000000000000000   2.8884168918375758E+02   7.8794233621202497E-02
   14000.0000000000000000   3.0840553801803901E+02   7.4033005577999550E-02
   15000.0000000000000000   3.2782851566123327E+02   6.9975919067779321E-02
   16000.0000000000000000   3.4712712848058578E+02   6.6144771932144936E-02
   17000.0000000000000000   3.6630972507867108E+02   6.2648021795247311E-02
   18000.0000000000000000   3.8537721856769264E+02   5.9693423016802818E-02
   19000.0000000000000000   4.0434710664395715E+02   5.6861481474812618E-02
   20000.0000000000000000   4.2320519717962304E+02   5.4867626027587386E-02
   21000.0000000000000000   4.4199139021934218E+02   5.2279536168558211E-02
   22000.0000000000000000   4.6068788515229204E+02   5.0152241586397188E-02
   23000.0000000000000000   4.7929124311861068E+02   4.8496161138383294E-02
   24000.0000000000000000   4.9783429593160054E+02   4.6532033127157979E-02
   25000.0000000000000000   5.1628252774351449E+02   4.5385602283155628E-02
   26000.0000000000000000   5.3468685768711578E+02   4.3391673509156299E-02
   27000.0000000000000000   5.5300744969146024E+02   4.2214317047109984E-02
   27943.9989999999997963   5.7024597513916535E+02   4.0842507120070981E-02
   27944.0010000000002037   5.7024601070555923E+02   4.0842528432986559E-02
   28000.0000000000000000   5.7127230234997990E+02   4.0687854632131051E-02
   29000.0000000000000000   5.8947199007233280E+02   3.9445478010354841E-02
   30000.0000000000000000   6.0761901529616068E+02   3.8260227087018775E-02
   31000.0000000000000000   6.2570457229882641E+02   3.7260644309924713E-02
   32000.0000000000000000   6.4372957939709920E+02   3.6260835214704315E-02
   33000.0000000000000000   6.6170759041500162E+02   3.5261308786817963E-02
   34000.0000000000000000   6.7963707955352561E+02   3.4352538981465577E-02
   35000.0000000000000000   6.9751845086494632E+02   3.3509949596009711E-02
   36000.0000000000000000   7.1535374395562519E+02   3.2696864710185347E-02
   37000.0000000000000000   7.3315328610450570E+02   3.1837829098699533E-02
   38000.0000000000000000   7.5089879097346136E+02   3.1180458549035336E-02
   39000.0000000000000000   7.6857711454410253E+02   3.0703101218035381E-02
   40000.0000000000000000   7.8625371405798160E+02   3.0056170222612262E-02
   41000.0000000000000000   8.0386116121675968E+02   2.9437366069566078E-02
   42000.0000000000000000   8.2146552155070515E+02   2.8655782393229471E-02
   43000.0000000000000000   8.3897581149590144E+02   2.8434724361346451E-02
   44000.0000000000000000   8.5651896798217990E+02   2.7407436830222252E-02
   45000.0000000000000000   8.7399815810027042E+02   2.6849268550603204E-02
   46000.0000000000000000   8.9141929275349617E+02   2.6355082923376884E-02
   47000.0000000000000000   9.0880472953165577E+02   2.6095579959288323E-02
   48000.0000000000000000   9.2618528686189381E+02   2.5584180276588937E-02
   49000.0000000000000000   9.4353308461362667E+02   2.5013823349321524E-02
   50000.0000000000000000   9.6083704476175831E+02   2.4659721381368432E-02
