       1.0000000000000000   1.0000000000000000E+30
       2.0000000000000000   1.0000000000000000E+30
       3.0000000000000000   1.0000000000000000E+30
       4.0000000000000000   1.0000000000000000E+30
       5.0000000000000000   1.0000000000000000E+30
       6.0000000000000000   1.0000000000000000E+30
       7.0000000000000000   1.0000000000000000E+30
       8.0000000000000000   1.0000000000000000E+30
       9.0000000000000000   1.0000000000000000E+30
      10.0000000000000000   1.0000000000000000E+30
      11.0000000000000000   1.0000000000000000E+30
      12.0000000000000000   1.0000000000000000E+30
      13.0000000000000000   1.0000000000000000E+30
      14.0000000000000000   1.0000000000000000E+30
      15.0000000000000000   1.0000000000000000E+30
      16.0000000000000000   1.0000000000000000E+30
      17.0000000000000000   1.0000000000000000E+30
      18.0000000000000000   1.0000000000000000E+30
      19.0000000000000000   1.0000000000000000E+30
      20.0000000000000000   2.8713617240206196E+02
      21.0000000000000000   2.5940817481018132E+02
      22.0000000000000000   2.3677977801049914E+02
      23.0000000000000000   2.1844772578786316E+02
      24.0000000000000000   2.0377253939811899E+02
      25.0000000000000000   1.9224002099836414E+02
      26.0000000000000000   1.8343291480828435E+02
      27.0000000000000000   1.7700977447678292E+02
      28.0000000000000000   1.7268901604444380E+02
      29.0000000000000000   1.7023675164792289E+02
      30.0000000000000000   1.6945741322088898E+02
      31.0000000000000000   1.7018645823718560E+02
      32.0000000000000000   1.7228464541021671E+02
      33.0000000000000000   1.7563350571927018E+02
      34.0000000000000000   1.8013173178379193E+02
      35.0000000000000000   1.8569227877323047E+02
      36.0000000000000000   1.9224002099836409E+02
      37.0000000000000000   1.9970984570971297E+02
      38.0000000000000000   2.0804509330625146E+02
      39.0000000000000000   2.1719627383299860E+02
      40.0000000000000000   2.2712000521966377E+02
      41.0000000000000000   2.3777813053573252E+02
      42.0000000000000000   2.4913698058026216E+02
      43.0000000000000000   2.6116675508985475E+02
      44.0000000000000000   2.7384100124908429E+02
      45.0000000000000000   2.8713617240206196E+02
      46.0000000000000000   3.0103125317234191E+02
      47.0000000000000000   3.1550743981066927E+02
      48.0000000000000000   3.3054786666399656E+02
      49.0000000000000000   3.4613737131431122E+02
      50.0000000000000000   3.6226229226332276E+02
      51.0000000000000000   3.7891029410889513E+02
      52.0000000000000000   3.9607021602524168E+02
      53.0000000000000000   4.1373194006319534E+02
      54.0000000000000000   4.3188627636197936E+02
      55.0000000000000000   4.5052486283542601E+02
      56.0000000000000000   4.6964007728368165E+02
      57.0000000000000000   4.8922496020205750E+02
      58.0000000000000000   5.0927314682451248E+02
      59.0000000000000000   5.2977880716042068E+02
      60.0000000000000000   5.5073659296788935E+02
      61.0000000000000000   5.7214159076150725E+02
      62.0000000000000000   5.9398928008227290E+02
      63.0000000000000000   6.1627549636687991E+02
      64.0000000000000000   6.3899639784601402E+02
      65.0000000000000000   6.6214843597965069E+02
      66.0000000000000000   6.8572832900393473E+02
      67.0000000000000000   7.0973303822092055E+02
      68.0000000000000000   7.3415974671089668E+02
      69.0000000000000000   7.5900584018848144E+02
      70.0000000000000000   7.8426888975926181E+02
      71.0000000000000000   8.0994663636436405E+02
      72.0000000000000000   8.3603697672672502E+02
      73.0000000000000000   8.6253795063564291E+02
      74.0000000000000000   8.8944772942591590E+02
      75.0000000000000000   9.1676460552500964E+02
      76.0000000000000000   9.4448698295657846E+02
      77.0000000000000000   9.7261336870163382E+02
      78.0000000000000000   1.0011423648299669E+03
      79.0000000000000000   1.0300726613243260E+03
      80.0000000000000000   1.0594030295285093E+03
      81.0000000000000000   1.0891323161581420E+03
      82.0000000000000000   1.1192594378195768E+03
      83.0000000000000000   1.1497833759882390E+03
      84.0000000000000000   1.1807031724029330E+03
      85.0000000000000000   1.2120179248371796E+03
      86.0000000000000000   1.2437267832127295E+03
      87.0000000000000000   1.2758289460239680E+03
      88.0000000000000000   1.3083236570451090E+03
      89.0000000000000000   1.3412102022949025E+03
      90.0000000000000000   1.3744879072360998E+03
      91.0000000000000000   1.4081561341891484E+03
      92.0000000000000000   1.4422142799415901E+03
      93.0000000000000000   1.4766617735364216E+03
      94.0000000000000000   1.5114980742242667E+03
      95.0000000000000000   1.5467226695656416E+03
      96.0000000000000000   1.5823350736708669E+03
      97.0000000000000000   1.6183348255663382E+03
      98.0000000000000000   1.6547214876768880E+03
      99.0000000000000000   1.6914946444149130E+03
     100.0000000000000000   1.7286539008677582E+03
     110.0000000000000000   2.1214076349314787E+03
     120.0000000000000000   2.5524522866396405E+03
     130.0000000000000000   3.0216005943219798E+03
     140.0000000000000000   3.5287296824506329E+03
     150.0000000000000000   4.0737562138301723E+03
     160.0000000000000000   4.6566220500235013E+03
     170.0000000000000000   5.2772856317974747E+03
     180.0000000000000000   5.9357166130983624E+03
     190.0000000000000000   6.6318924171362578E+03
     200.0000000000000000   7.3657959661716486E+03
     210.0000000000000000   8.1374141491582022E+03
     220.0000000000000000   8.9467367653703586E+03
     230.0000000000000000   9.7937557822459694E+03
     240.0000000000000000   1.0678464804997584E+04
     250.0000000000000000   1.1600858691646787E+04
     260.0000000000000000   1.2560933269635765E+04
     270.0000000000000000   1.3558685124501009E+04
     280.0000000000000000   1.4594111440402929E+04
     290.0000000000000000   1.5667209878462885E+04
     300.0000000000000000   1.6777978483000225E+04
     310.0000000000000000   1.7926415608589672E+04
     320.0000000000000000   1.9112519862818375E+04
     330.0000000000000000   2.0336290060996111E+04
     340.0000000000000000   2.1597725190049088E+04
     350.0000000000000000   2.2896824379528996E+04
     360.0000000000000000   2.4233586878178943E+04
     370.0000000000000000   2.5608012034871434E+04
     380.0000000000000000   2.7020099283010459E+04
     390.0000000000000000   2.8469848127696459E+04
     400.0000000000000000   2.9957258135108761E+04
     410.0000000000000000   3.1482328923678011E+04
     420.0000000000000000   3.3045060156712250E+04
     430.0000000000000000   3.4645451536208799E+04
     440.0000000000000000   3.6283502797639550E+04
     450.0000000000000000   3.7959213705537899E+04
     460.0000000000000000   3.9672584049750127E+04
     470.0000000000000000   4.1423613642238684E+04
     480.0000000000000000   4.3212302314347085E+04
     490.0000000000000000   4.5038649914451147E+04
     500.0000000000000000   4.6902656305935881E+04
     510.0000000000000000   4.8804321365447257E+04
     520.0000000000000000   5.0743644981377009E+04
     530.0000000000000000   5.2720627052545671E+04
     540.0000000000000000   5.4735267487054625E+04
     550.0000000000000000   5.6787566201283007E+04
     560.0000000000000000   5.8877523119008816E+04
     570.0000000000000000   6.1005138170637001E+04
     580.0000000000000000   6.3170411292519915E+04
     590.0000000000000000   6.5373342426357645E+04
     600.0000000000000000   6.7613931518667770E+04
     610.0000000000000000   6.9892178520315443E+04
     620.0000000000000000   7.2208083386096070E+04
     630.0000000000000000   7.4561646074364020E+04
     640.0000000000000000   7.6952866546701582E+04
     650.0000000000000000   7.9381744767623371E+04
     660.0000000000000000   8.1848280704311750E+04
     670.0000000000000000   8.4352474326379743E+04
     680.0000000000000000   8.6894325605658159E+04
     690.0000000000000000   8.9473834516004121E+04
     700.0000000000000000   9.2091001033128690E+04
     710.0000000000000000   9.4745825134441286E+04
     720.0000000000000000   9.7438306798909136E+04
     730.0000000000000000   1.0016844600693014E+05
     740.0000000000000000   1.0293624274021764E+05
     750.0000000000000000   1.0574169698169592E+05
     760.0000000000000000   1.0858480871540518E+05
     770.0000000000000000   1.1146557792641527E+05
     780.0000000000000000   1.1438400460074685E+05
     790.0000000000000000   1.1734008872529979E+05
     800.0000000000000000   1.2033383028778757E+05
     810.0000000000000000   1.2336522927667719E+05
     820.0000000000000000   1.2643428568113485E+05
     830.0000000000000000   1.2954099949097523E+05
     840.0000000000000000   1.3268537069661586E+05
     850.0000000000000000   1.3586739928903425E+05
     860.0000000000000000   1.3908708525972976E+05
     870.0000000000000000   1.4234442860068733E+05
     880.0000000000000000   1.4563942930434473E+05
     890.0000000000000000   1.4897208736356202E+05
     900.0000000000000000   1.5234240277159392E+05
     910.0000000000000000   1.5575037552206358E+05
     920.0000000000000000   1.5919600560893904E+05
     930.0000000000000000   1.6267929302651051E+05
     940.0000000000000000   1.6620023776937058E+05
     950.0000000000000000   1.6975883983239491E+05
     960.0000000000000000   1.7335509921072455E+05
     970.0000000000000000   1.7698901589974979E+05
     980.0000000000000000   1.8066058989509483E+05
     990.0000000000000000   1.8436982119260382E+05
    1000.0000000000000000   1.8811670978832772E+05
    1100.0000000000000000   2.2765674640423397E+05
    1200.0000000000000000   2.7096250965108484E+05
    1300.0000000000000000   3.1803399765626353E+05
    1400.0000000000000000   3.6887120919101493E+05
    1500.0000000000000000   4.2347414342196693E+05
    1600.0000000000000000   4.8184279976773541E+05
    1700.0000000000000000   5.4397717781272763E+05
    1800.0000000000000000   6.0987727725348331E+05
    1900.0000000000000000   6.7954309786423447E+05
    2000.0000000000000000   7.5297463947420393E+05
    2100.0000000000000000   8.3017190195228101E+05
    2200.0000000000000000   9.1113488519645832E+05
    2300.0000000000000000   9.9586358912641066E+05
    2400.0000000000000000   1.0843580136781898E+06
    2500.0000000000000000   1.1766181588003759E+06
    2600.0000000000000000   1.2726440244512435E+06
    2700.0000000000000000   1.3724356105966484E+06
    2800.0000000000000000   1.4759929172084318E+06
    2900.0000000000000000   1.5833159442632047E+06
    3000.0000000000000000   1.6944046917414109E+06
    3100.0000000000000000   1.8092591596265952E+06
    3200.0000000000000000   1.9278793479048344E+06
    3300.0000000000000000   2.0502652565642809E+06
    3400.0000000000000000   2.1764168855948048E+06
    3500.0000000000000000   2.3063342349877008E+06
    3600.0000000000000000   2.4400173047354571E+06
    3700.0000000000000000   2.5774660948315612E+06
    3800.0000000000000000   2.7186806052703485E+06
    3900.0000000000000000   2.8636608360468694E+06
    4000.0000000000000000   3.0124067871567858E+06
    4100.0000000000000000   3.1649184585962817E+06
    4200.0000000000000000   3.3211958503619903E+06
    4300.0000000000000000   3.4812389624509318E+06
    4400.0000000000000000   3.6450477948604603E+06
    4500.0000000000000000   3.8126223475882229E+06
    4600.0000000000000000   3.9839626206321158E+06
    4700.0000000000000000   4.1590686139902603E+06
    4800.0000000000000000   4.3379403276609685E+06
    4900.0000000000000000   4.5205777616427243E+06
    5000.0000000000000000   4.7069809159341631E+06
    5100.0000000000000000   4.8971497905340493E+06
    5200.0000000000000000   5.0910843854412688E+06
    5300.0000000000000000   5.2887847006548084E+06
    5400.0000000000000000   5.4902507361737508E+06
    5500.0000000000000000   5.6954824919972587E+06
    5600.0000000000000000   5.9044799681245675E+06
    5700.0000000000000000   6.1172431645549843E+06
    5800.0000000000000000   6.3337720812878720E+06
    5900.0000000000000000   6.5540667183226468E+06
    6000.0000000000000000   6.7781270756587759E+06
    6100.0000000000000000   7.0059531532957647E+06
    6200.0000000000000000   7.2375449512331644E+06
    6300.0000000000000000   7.4729024694705578E+06
    6400.0000000000000000   7.7120257080075601E+06
    6500.0000000000000000   7.9549146668438138E+06
    6600.0000000000000000   8.2015693459789949E+06
    6700.0000000000000000   8.4519897454127967E+06
    6800.0000000000000000   8.7061758651449401E+06
    6900.0000000000000000   8.9641277051751614E+06
    7000.0000000000000000   9.2258452655032221E+06
    7100.0000000000000000   9.4913285461288877E+06
    7200.0000000000000000   9.7605775470519569E+06
    7300.0000000000000000   1.0033592268272225E+07
    7400.0000000000000000   1.0310372709789518E+07
    7500.0000000000000000   1.0590918871603660E+07
    7600.0000000000000000   1.0875230753714493E+07
    7700.0000000000000000   1.1163308356121866E+07
    7800.0000000000000000   1.1455151678825643E+07
    7900.0000000000000000   1.1750760721825687E+07
    8000.0000000000000000   1.2050135485121883E+07
    8100.0000000000000000   1.2353275968714109E+07
    8200.0000000000000000   1.2660182172602257E+07
    8300.0000000000000000   1.2970854096786233E+07
    8400.0000000000000000   1.3285291741265927E+07
    8500.0000000000000000   1.3603495106041258E+07
    8600.0000000000000000   1.3925464191112142E+07
    8700.0000000000000000   1.4251198996478498E+07
    8800.0000000000000000   1.4580699522140248E+07
    8900.0000000000000000   1.4913965768097322E+07
    9000.0000000000000000   1.5250997734349649E+07
    9100.0000000000000000   1.5591795420897175E+07
    9200.0000000000000000   1.5936358827739829E+07
    9300.0000000000000000   1.6284687954877559E+07
    9400.0000000000000000   1.6636782802310310E+07
    9500.0000000000000000   1.6992643370038029E+07
    9600.0000000000000000   1.7352269658060674E+07
    9700.0000000000000000   1.7715661666378189E+07
    9800.0000000000000000   1.8082819394990537E+07
    9900.0000000000000000   1.8453742843897674E+07
   10000.0000000000000000   1.8828432013099566E+07
   11000.0000000000000000   2.2782438321322288E+07
   12000.0000000000000000   2.7113016658988133E+07
   13000.0000000000000000   3.1820167026078369E+07
   14000.0000000000000000   3.6903889422580734E+07
   15000.0000000000000000   4.2364183848486856E+07
   16000.0000000000000000   4.8201050303790964E+07
   17000.0000000000000000   5.4414488788488865E+07
   18000.0000000000000000   6.1004499302577548E+07
   19000.0000000000000000   6.7971081846054733E+07
   20000.0000000000000000   7.5314236418918729E+07
   21000.0000000000000000   8.3033963021168217E+07
   22000.0000000000000000   9.1130261652802214E+07
   23000.0000000000000000   9.9603132313819826E+07
   24000.0000000000000000   1.0845257500422053E+08
   25000.0000000000000000   1.1767858972400373E+08
   26000.0000000000000000   1.2728117647316901E+08
   27000.0000000000000000   1.3726033525171611E+08
   28000.0000000000000000   1.4761606605964464E+08
   29000.0000000000000000   1.5834836889695445E+08
   30000.0000000000000000   1.6945724376364526E+08
