       0.1000000000000000   1.0000000000000000E+30   0.0000000000000000E+00
       0.2000000000000000   1.0000000000000000E+30   0.0000000000000000E+00
       0.3000000000000000   1.0000000000000000E+30   0.0000000000000000E+00
       0.4000000000000000   1.0000000000000000E+30   0.0000000000000000E+00
       0.5000000000000000   1.0000000000000000E+30   0.0000000000000000E+00
       0.6000000000000000   1.0000000000000000E+30   0.0000000000000000E+00
       0.7000000000000000   1.0000000000000000E+30   0.0000000000000000E+00
       0.7999999999999999   1.0000000000000000E+30   0.0000000000000000E+00
       0.8999999999999999   1.0000000000000000E+30   0.0000000000000000E+00
       0.9999999999999999   1.0000000000000000E+30   0.0000000000000000E+00
       2.0000000000000000   1.0000000000000000E+30   0.0000000000000000E+00
       3.0000000000000000   1.0000000000000000E+30   0.0000000000000000E+00
       4.0000000000000000   1.0000000000000000E+30   0.0000000000000000E+00
       5.0000000000000000   1.0000000000000000E+30   0.0000000000000000E+00
       5.9989999999999997   1.0000000000000000E+30   0.0000000000000000E+00
       6.0000000000000000   3.7878390073143449E+06   1.5840166354520232E-06
       6.0010000000000003   3.7894213700943636E+06   1.5833551917322377E-06
       7.0000000000000000   2.1374310268508816E+02   2.9151192740727909E-02
       8.0000000000000000   8.7484083538249209E+01   7.3804947522006545E-02
       9.0000000000000000   5.4109740295482013E+01   1.2345182705433720E-01
      10.0000000000000000   3.9371414264523779E+01   1.7529479234831352E-01
      11.0000000000000000   3.1197933406438601E+01   2.2830264637006267E-01
      12.0000000000000000   2.6032722220495135E+01   2.8208513859351153E-01
      13.0000000000000000   2.2477841251092041E+01   3.3653888035429691E-01
      14.0000000000000000   1.9879518951577630E+01   3.9168964492201030E-01
      15.0000000000000000   1.7893459449348533E+01   4.4762311990717579E-01
      16.0000000000000000   1.6322271834628573E+01   5.0444117289071488E-01
      17.0000000000000000   1.5044881072659841E+01   5.6225351731907502E-01
      18.0000000000000000   1.3983278022121535E+01   6.2115971121231406E-01
      19.0000000000000000   1.3084844899234236E+01   6.8125383372928117E-01
      19.9989999999999988   1.2313802068308121E+01   7.4254441741891020E-01
      20.0000000000000000   1.2313085596456473E+01   7.4260632842651220E-01
      20.0010000000000012   1.2312367811356831E+01   7.4266829928623890E-01
      20.9989999999999988   1.1642477203507051E+01   8.0520434722266154E-01
      21.0000000000000000   1.1641849383830241E+01   8.0526766452361587E-01
      21.0010000000000012   1.1641220559836647E+01   8.0533111065838359E-01
      22.0000000000000000   1.1051957541688173E+01   8.6926488556129056E-01
      23.0000000000000000   1.0529082271038268E+01   9.3459471989030174E-01
      24.0000000000000000   1.0062287603979998E+01   1.0012261761626324E+00
      25.0000000000000000   9.6430774864731177E+00   1.0691016027833724E+00
      26.0000000000000000   9.2648552153778230E+00   1.1381190722084862E+00
      27.0000000000000000   8.9222925057633287E+00   1.2081566159603048E+00
      28.0000000000000000   8.6111308492744527E+00   1.2790533317808992E+00
      29.0000000000000000   8.3278763769944479E+00   1.3506209185085394E+00
      30.0000000000000000   8.0696320936820918E+00   1.4226452828266016E+00
      31.0000000000000000   7.8339600881603095E+00   1.4948918131717646E+00
      32.0000000000000000   7.6187827774398338E+00   1.5671097982223507E+00
      33.0000000000000000   7.4223012588241684E+00   1.6390397896191256E+00
      34.0000000000000000   7.2429292149830680E+00   1.7104224417355354E+00
      35.0000000000000000   7.0792661243783845E+00   1.7810000795080652E+00
      36.0000000000000000   6.9300444049301522E+00   1.8505283664584717E+00
      37.0000000000000000   6.7941205114285506E+00   1.9187771658109514E+00
      38.0000000000000000   6.6704464773475909E+00   1.9855376128273003E+00
      39.0000000000000000   6.5580624138645458E+00   2.0506233062378438E+00
      40.0000000000000000   6.4560819865045280E+00   2.1138744383140793E+00
      41.0000000000000000   6.3636898260868282E+00   2.1751558059694980E+00
      42.0000000000000000   6.2801321492050635E+00   2.2343589755504230E+00
      43.0000000000000000   6.2047133767172902E+00   2.2914002264021307E+00
      44.0000000000000000   6.1367920209483557E+00   2.3462196390603109E+00
      44.9990000000000023   6.0758338511085919E+00   2.3987276900949417E+00
      45.0000000000000000   6.0757761071335743E+00   2.3987791095073634E+00
      45.0009999999999977   6.0757183695154406E+00   2.3988305266396819E+00
      45.9990000000000023   6.0211736079456628E+00   2.4490104321533650E+00
      46.0000000000000000   6.0211219397334625E+00   2.4490595823476755E+00
      46.0009999999999977   6.0210703053617562E+00   2.4491087173698531E+00
      47.0000000000000000   5.9723293147759140E+00   2.4970593642397092E+00
      48.0000000000000000   5.9289376550635451E+00   2.5427924639084054E+00
      49.0000000000000000   5.8905258358936221E+00   2.5862847770313593E+00
      50.0000000000000000   5.8567062676851638E+00   2.6275739561914073E+00
      51.0000000000000000   5.8271249847160016E+00   2.6667054592734800E+00
      52.0000000000000000   5.8014570044407483E+00   2.7037325292782719E+00
      53.0000000000000000   5.7794047029470850E+00   2.7387139459822518E+00
      54.0000000000000000   5.7606964419264992E+00   2.7717119766277070E+00
      55.0000000000000000   5.7450824854618947E+00   2.8027927536132600E+00
      56.0000000000000000   5.7323344774849518E+00   2.8320239612348055E+00
      57.0000000000000000   5.7222430553864001E+00   2.8594746239166309E+00
      58.0000000000000000   5.7146166981411231E+00   2.8852139333580085E+00
      59.0000000000000000   5.7092795330326949E+00   2.9093110466084120E+00
      60.0000000000000000   5.7060699426727828E+00   2.9318346166640108E+00
      61.0000000000000000   5.7048400438378684E+00   2.9528518575290206E+00
      62.0000000000000000   5.7054534788525073E+00   2.9724289489800784E+00
      63.0000000000000000   5.7077852433177867E+00   2.9906301195339080E+00
      64.0000000000000000   5.7117200591600197E+00   3.0075179863887445E+00
      65.0000000000000000   5.7171514677934363E+00   3.0231534646943290E+00
      66.0000000000000000   5.7239820361423988E+00   3.0375948091018801E+00
      67.0000000000000000   5.7321213504491739E+00   3.0508984631340552E+00
      68.0000000000000000   5.7414859284847193E+00   3.0631188993137539E+00
      69.0000000000000000   5.7519985315019975E+00   3.0743083555808242E+00
      70.0000000000000000   5.7635880734403147E+00   3.0845166399188826E+00
      71.0000000000000000   5.7761883629069484E+00   3.0937917738284781E+00
      72.0000000000000000   5.7897380673247456E+00   3.1021795956696070E+00
      73.0000000000000000   5.8041804598955471E+00   3.1097238569036483E+00
      74.0000000000000000   5.8194625649960461E+00   3.1164664996560103E+00
      75.0000000000000000   5.8355355033819674E+00   3.1224472386220348E+00
      76.0000000000000000   5.8523533846778752E+00   3.1277043731314564E+00
      77.0000000000000000   5.8698738339948608E+00   3.1322739580569334E+00
      78.0000000000000000   5.8880570340528200E+00   3.1361907897586772E+00
      79.0000000000000000   5.9068662257619673E+00   3.1394875004755396E+00
      80.0000000000000000   5.9262665939433683E+00   3.1421956732315461E+00
      81.0000000000000000   5.9462260634462512E+00   3.1443449892352597E+00
      82.0000000000000000   5.9667143322743001E+00   3.1459638663502223E+00
      83.0000000000000000   5.9877030372737021E+00   3.1470794032252454E+00
      84.0000000000000000   6.0091658719111036E+00   3.1477171202965990E+00
      85.0000000000000000   6.0310779001378876E+00   3.1479015671988964E+00
      86.0000000000000000   6.0534158895205534E+00   3.1476558545590945E+00
      87.0000000000000000   6.0761578593105838E+00   3.1470021954897605E+00
      88.0000000000000000   6.0992833317268724E+00   3.1459615409191763E+00
      89.0000000000000000   6.1227729872662184E+00   3.1445538184215387E+00
      90.0000000000000000   6.1466085275569489E+00   3.1427981376557077E+00
      91.0000000000000000   6.1707728433661808E+00   3.1407125326856629E+00
      92.0000000000000000   6.1952498612497591E+00   3.1383141169617366E+00
      93.0000000000000000   6.2200243083163098E+00   3.1356192863113383E+00
      94.0000000000000000   6.2450817418866587E+00   3.1326436300946727E+00
      95.0000000000000000   6.2704087113619318E+00   3.1294017997497492E+00
      96.0000000000000000   6.2959922990465866E+00   3.1259079797817129E+00
      97.0000000000000000   6.3218203886041602E+00   3.1221755627846264E+00
      98.0000000000000000   6.3478815976993124E+00   3.1182171290034240E+00
      99.0000000000000000   6.3741650192859822E+00   3.1140448829872081E+00
     100.0000000000000000   6.4006602771795702E+00   3.1096704250374012E+00
     106.9989999999999952   6.5912751551499245E+00   3.0742481549610385E+00
     107.0010000000000048   6.5913307685955083E+00   3.0742370017119005E+00
     110.0000000000000000   6.6753533590590388E+00   3.0569702286423208E+00
     110.9989999999999952   6.7036058739449444E+00   3.0509961720939653E+00
     111.0010000000000048   6.7036625569131205E+00   3.0509841114571170E+00
     120.0000000000000000   6.9630852349653525E+00   2.9933275089043305E+00
     130.0000000000000000   7.2592002181395916E+00   2.9240517911161104E+00
     140.0000000000000000   7.5607271559251226E+00   2.8524340740499627E+00
     144.9989999999999952   7.7128492900579815E+00   2.8164275441655473E+00
     145.0010000000000048   7.7129102968131704E+00   2.8164131507518930E+00
     150.0000000000000000   7.8657062534385505E+00   2.7805185939135795E+00
     150.9989999999999952   7.8963081737693583E+00   2.7733714473812050E+00
     151.0010000000000048   7.8963694591809404E+00   2.7733571494025031E+00
     160.0000000000000000   8.1728099939060392E+00   2.7095676538428792E+00
     161.9989999999999952   8.2343686100274329E+00   2.6955740283735050E+00
     162.0010000000000048   8.2344302212153249E+00   2.6955600643044222E+00
     170.0000000000000000   8.4811198900137050E+00   2.6403465908103887E+00
     180.0000000000000000   8.7899896794172498E+00   2.5733016876393697E+00
     190.0000000000000000   9.0961240991384908E+00   2.5143183152282984E+00
     200.0000000000000000   9.4049162460761444E+00   2.4545528641249867E+00
     207.9989999999999952   9.6505523087757901E+00   2.4096465089894927E+00
     208.0010000000000048   9.6506195070560281E+00   2.4096287650448884E+00
     210.0000000000000000   9.7118216953460532E+00   2.3987824271714353E+00
     220.0000000000000000   1.0022621271091358E+01   2.3402085470641865E+00
     230.0000000000000000   1.0325848767967180E+01   2.2915753026180594E+00
     240.0000000000000000   1.0632784605446963E+01   2.2400615333755556E+00
     250.0000000000000000   1.0937871551154942E+01   2.1917090107435770E+00
     260.0000000000000000   1.1241210444710381E+01   2.1462186743285478E+00
     270.0000000000000000   1.1547764207390539E+01   2.0982855489075085E+00
     280.0000000000000000   1.1847731064448768E+01   2.0579761141034685E+00
     290.0000000000000000   1.2150848575916724E+01   2.0151701818923624E+00
     300.0000000000000000   1.2447775524777986E+01   1.9791690762574765E+00
     310.0000000000000000   1.2747771352760804E+01   1.9406648399799555E+00
     320.0000000000000000   1.3046269223787050E+01   1.9041326820804580E+00
     330.0000000000000000   1.3343333473987396E+01   1.8694176358713199E+00
     340.0000000000000000   1.3639024359470209E+01   1.8363808552644174E+00
     350.0000000000000000   1.3933398353976106E+01   1.8048975539753138E+00
     360.0000000000000000   1.4226508426682459E+01   1.7748552616564166E+00
     370.0000000000000000   1.4518404274143434E+01   1.7461523514345760E+00
     380.0000000000000000   1.4813015337683863E+01   1.7152696859498042E+00
     390.0000000000000000   1.5102540056167802E+01   1.6890779383414478E+00
     400.0000000000000000   1.5394753107873129E+01   1.6607308635713192E+00
     410.0000000000000000   1.5682075030578781E+01   1.6367250255357371E+00
     420.0000000000000000   1.5972049088966967E+01   1.6105981626593662E+00
     430.0000000000000000   1.6260940849171693E+01   1.5855180745696056E+00
     440.0000000000000000   1.6545196436747769E+01   1.5643367672272810E+00
     450.0000000000000000   1.6832057805955866E+01   1.5410931526357876E+00
     460.0000000000000000   1.7117932959737811E+01   1.5187223868683692E+00
     470.0000000000000000   1.7402850777952306E+01   1.4971743468180190E+00
     480.0000000000000000   1.7686838809160328E+01   1.4764027324674804E+00
     490.0000000000000000   1.7969923346244769E+01   1.4563647105016546E+00
     500.0000000000000000   1.8252129480924701E+01   1.4370206049856369E+00
     510.0000000000000000   1.8533481200844008E+01   1.4183335944161457E+00
     520.0000000000000000   1.8814001437532195E+01   1.4002694657600676E+00
     530.0000000000000000   1.9093712142384248E+01   1.3827963762434088E+00
     540.0000000000000000   1.9372634327159094E+01   1.3658846593803315E+00
     550.0000000000000000   1.9650788118752107E+01   1.3495066389248618E+00
     560.0000000000000000   1.9928192806927271E+01   1.3336364634502400E+00
     570.0000000000000000   2.0207978681268774E+01   1.3160529063167192E+00
     580.0000000000000000   2.0483903129793603E+01   1.3011690402667995E+00
     590.0000000000000000   2.0759131887794599E+01   1.2867235154718484E+00
     600.0000000000000000   2.1033681286730893E+01   1.2726965379152115E+00
     610.0000000000000000   2.1310565940791552E+01   1.2570282723075454E+00
     620.0000000000000000   2.1583766760601961E+01   1.2438196766995995E+00
     630.0000000000000000   2.1859292197075124E+01   1.2290040162661524E+00
     640.0000000000000000   2.2131202724663257E+01   1.2165433255848637E+00
     650.0000000000000000   2.2405425067202568E+01   1.2025090051450831E+00
     660.0000000000000000   2.2676099598024390E+01   1.1907336652026981E+00
     670.0000000000000000   2.2949070734154244E+01   1.1774175599934520E+00
     680.0000000000000000   2.3218560137554114E+01   1.1662717217479208E+00
     690.0000000000000000   2.3490328393092319E+01   1.1536175533369397E+00
     700.0000000000000000   2.3758680183965254E+01   1.1430513231313277E+00
     710.0000000000000000   2.4029290846193987E+01   1.1310086294213737E+00
     720.0000000000000000   2.4296549469385713E+01   1.1209772949214942E+00
     730.0000000000000000   2.4566044911089481E+01   1.1095007725671535E+00
     740.0000000000000000   2.4834994729982359E+01   1.0983035359490705E+00
     750.0000000000000000   2.5100672014605948E+01   1.0890129525710970E+00
     760.0000000000000000   2.5368565976782623E+01   1.0783210317351573E+00
     770.0000000000000000   2.5635941240294024E+01   1.0678799245503290E+00
     780.0000000000000000   2.5900122752450180E+01   1.0592505256721505E+00
     790.0000000000000000   2.6166496479654867E+01   1.0492623295002419E+00
     800.0000000000000000   2.6432376935153499E+01   1.0394999142380579E+00
     810.0000000000000000   2.6697771858722771E+01   1.0299556273065074E+00
     820.0000000000000000   2.6960067899464516E+01   1.0221092753335637E+00
     830.0000000000000000   2.7224526814662447E+01   1.0129583975706546E+00
     840.0000000000000000   2.7488522948563446E+01   1.0040048923762706E+00
     850.0000000000000000   2.7752063630978764E+01   9.9524216579231661E-01
     860.0000000000000000   2.8015156740675977E+01   9.8666350991341556E-01
     870.0000000000000000   2.8275258827062217E+01   9.7965948508272582E-01
     880.0000000000000000   2.8537487083472396E+01   9.7141414041770391E-01
     890.0000000000000000   2.8799286745762039E+01   9.6333678029661318E-01
     900.0000000000000000   2.9060664207008458E+01   9.5542211606253991E-01
     910.0000000000000000   2.9321625974050395E+01   9.4766493520402439E-01
     920.0000000000000000   2.9582178408483671E+01   9.4006023572555575E-01
     930.0000000000000000   2.9842327541357857E+01   9.3260331405622576E-01
     940.0000000000000000   3.0102079067804933E+01   9.2528975702224181E-01
     950.0000000000000000   3.0361438421306303E+01   9.1811539192240732E-01
     960.0000000000000000   3.0620410861766455E+01   9.1107623288364303E-01
     970.0000000000000000   3.0879001533895146E+01   9.0416844429705001E-01
     980.0000000000000000   3.1137215495351949E+01   8.9738832184628625E-01
     990.0000000000000000   3.1395057715189967E+01   8.9073228793848769E-01
    1000.0000000000000000   3.1652533074875265E+01   8.8419688757104176E-01
    1100.0000000000000000   3.4208112405450713E+01   8.2480116479254262E-01
    1118.9990000000000236   3.4689683119293917E+01   8.1471638049008477E-01
    1119.0009999999999764   3.4689734235377550E+01   8.1471510949737469E-01
    1200.0000000000000000   3.6733905382129954E+01   7.7345444428075971E-01
    1300.0000000000000000   3.9233124589032435E+01   7.2843084760522092E-01
    1400.0000000000000000   4.1708418339656802E+01   6.8847109100967763E-01
    1500.0000000000000000   4.4159934673049385E+01   6.5343214413441797E-01
    1600.0000000000000000   4.6591681607710917E+01   6.2170661448721887E-01
    1700.0000000000000000   4.9001421952658887E+01   5.9411288537317186E-01
    1800.0000000000000000   5.1396403077968813E+01   5.6806433706254178E-01
    1900.0000000000000000   5.3772207623154252E+01   5.4516122536778289E-01
    2000.0000000000000000   5.6133641527537407E+01   5.2381660546894682E-01
    2100.0000000000000000   5.8479928555967440E+01   5.0435064406763752E-01
    2200.0000000000000000   6.0813760923616918E+01   4.8598803620369818E-01
    2300.0000000000000000   6.3132231932689670E+01   4.6964980718564142E-01
    2400.0000000000000000   6.5439797446657849E+01   4.5406848931691834E-01
    2500.0000000000000000   6.7735247337428106E+01   4.3965420358803725E-01
    2600.0000000000000000   7.0019179034692741E+01   4.2628066699378653E-01
    2700.0000000000000000   7.2292119643496463E+01   4.1384395260394652E-01
    2800.0000000000000000   7.4554640594545873E+01   4.0223506369652817E-01
    2900.0000000000000000   7.6808902649639677E+01   3.9095010631840887E-01
    3000.0000000000000000   7.9053638984072990E+01   3.8036049938033911E-01
    3100.0000000000000000   8.1287341214730617E+01   3.7084425622975953E-01
    3200.0000000000000000   8.3514043961847932E+01   3.6147767880565734E-01
    3300.0000000000000000   8.5732125877445867E+01   3.5267485538989507E-01
    3400.0000000000000000   8.7942134559578903E+01   3.4434365834894987E-01
    3500.0000000000000000   9.0144352235342382E+01   3.3644783082243934E-01
    3600.0000000000000000   9.2339115257824815E+01   3.2894234916261500E-01
    3700.0000000000000000   9.4527646757877520E+01   3.2158402534387859E-01
    3800.0000000000000000   9.6708290902928155E+01   3.1476439559795988E-01
    3900.0000000000000000   9.8881429189808927E+01   3.0839678369085849E-01
    4000.0000000000000000   1.0104960543045844E+02   3.0200411483149253E-01
    4100.0000000000000000   1.0320984870406832E+02   2.9619646283697154E-01
    4200.0000000000000000   1.0536573332506075E+02   2.9030027268915659E-01
    4300.0000000000000000   1.0751381858721605E+02   2.8498736037708650E-01
    4400.0000000000000000   1.0965706532113335E+02   2.7970014613036848E-01
    4500.0000000000000000   1.1179547445037164E+02   2.7449074484938796E-01
    4600.0000000000000000   1.1392722746228642E+02   2.6967573658943483E-01
    4700.0000000000000000   1.1605331069168038E+02   2.6511708324683941E-01
    4800.0000000000000000   1.1817478576496622E+02   2.6060892930622276E-01
    4900.0000000000000000   1.2029092835943717E+02   2.5630579233956774E-01
    5000.0000000000000000   1.2240233850528817E+02   2.5212555878546888E-01
    5100.0000000000000000   1.2450895651652903E+02   2.4808642482543083E-01
    5200.0000000000000000   1.2661090677523406E+02   2.4417935006772579E-01
    5300.0000000000000000   1.2870857746667923E+02   2.4035887177241916E-01
    5400.0000000000000000   1.3080280191480935E+02   2.3649865451483823E-01
    5500.0000000000000000   1.3289061955401186E+02   2.3305794859475781E-01
    5600.0000000000000000   1.3497442763448342E+02   2.2968224462349421E-01
    5700.0000000000000000   1.3705490355288174E+02   2.2630618986662315E-01
    5800.0000000000000000   1.3912914688063293E+02   2.2331192513104037E-01
    5900.0000000000000000   1.4120270561636553E+02   2.1995457752001407E-01
    6000.0000000000000000   1.4327001138687771E+02   2.1699963007648271E-01
    6100.0000000000000000   1.4533303667366923E+02   2.1420160529526330E-01
    6200.0000000000000000   1.4739470133637491E+02   2.1115601243264601E-01
    6300.0000000000000000   1.4945127464739562E+02   2.0837327028601749E-01
    6400.0000000000000000   1.5150358633682970E+02   2.0573785950866447E-01
    6500.0000000000000000   1.5355187353682345E+02   2.0324457792242956E-01
    6600.0000000000000000   1.5559686086236212E+02   2.0079889291603670E-01
    6700.0000000000000000   1.5763998185896622E+02   1.9820868494460586E-01
    6800.0000000000000000   1.5967802469838381E+02   1.9590603170949700E-01
    6900.0000000000000000   1.6171414687621515E+02   1.9347856088585622E-01
    7000.0000000000000000   1.6374696337423711E+02   1.9112001141141155E-01
    7100.0000000000000000   1.6577652916845690E+02   1.8883938684679871E-01
    7200.0000000000000000   1.6780331087094061E+02   1.8657183413024780E-01
    7300.0000000000000000   1.6982530854906207E+02   1.8455186006639496E-01
    7400.0000000000000000   1.7184438350055689E+02   1.8254936978492137E-01
    7500.0000000000000000   1.7386157956588880E+02   1.8047488992381297E-01
    7600.0000000000000000   1.7587622795368569E+02   1.7842232175186112E-01
    7700.0000000000000000   1.7788592773387347E+02   1.7662153936809644E-01
    7800.0000000000000000   1.7989507738134620E+02   1.7461811063112340E-01
    7900.0000000000000000   1.8189954691678139E+02   1.7287125713028623E-01
    8000.0000000000000000   1.8390139259452130E+02   1.7112246284059329E-01
    8100.0000000000000000   1.8590222875201087E+02   1.6925555290478234E-01
    8200.0000000000000000   1.8789861822677599E+02   1.6759272399940486E-01
    8300.0000000000000000   1.8989296148406348E+02   1.6592935202146528E-01
    8400.0000000000000000   1.9188604937649006E+02   1.6413726362587397E-01
    8500.0000000000000000   1.9387313020961489E+02   1.6274188008186080E-01
    8600.0000000000000000   1.9586144446951144E+02   1.6100131939920140E-01
    8700.0000000000000000   1.9784546902871091E+02   1.5946020624177232E-01
    8800.0000000000000000   1.9982599132250905E+02   1.5805172939114887E-01
    8900.0000000000000000   2.0180594677522180E+02   1.5652135283963958E-01
    9000.0000000000000000   2.0378415173249152E+02   1.5493048387023522E-01
    9100.0000000000000000   2.0575662523433621E+02   1.5369191856690620E-01
    9200.0000000000000000   2.0772772532361540E+02   1.5239686659762297E-01
    9300.0000000000000000   2.0969910510740598E+02   1.5087872661493471E-01
    9400.0000000000000000   2.1166710441685217E+02   1.4949483978932723E-01
    9500.0000000000000000   2.1363289050548821E+02   1.4813738382923372E-01
    9600.0000000000000000   2.1559650716833724E+02   1.4679593212219147E-01
    9700.0000000000000000   2.1755731481681150E+02   1.4553136984616399E-01
    9800.0000000000000000   2.1951525425256759E+02   1.4435364843556805E-01
    9900.0000000000000000   2.2147098865266503E+02   1.4320482296674356E-01
   10000.0000000000000000   2.2342494321806964E+02   1.4204885460875416E-01
   11000.0000000000000000   2.4285753257026803E+02   1.3124124960628053E-01
   12000.0000000000000000   2.6210879192169853E+02   1.2168041828867238E-01
   13000.0000000000000000   2.8118913220869285E+02   1.1368586285365173E-01
   14000.0000000000000000   3.0011591395647633E+02   1.0680597691569833E-01
   15000.0000000000000000   3.1890267347743497E+02   1.0080767104111968E-01
   16000.0000000000000000   3.3756169017146016E+02   9.5457976154523380E-02
   17000.0000000000000000   3.5610473012074959E+02   9.0506541749009309E-02
   18000.0000000000000000   3.7453448086363596E+02   8.6249835023283802E-02
   19000.0000000000000000   3.9285682065256941E+02   8.2634320807218692E-02
   20000.0000000000000000   4.1108974636443452E+02   7.8980067114584190E-02
   21000.0000000000000000   4.2923275274175910E+02   7.5600914736831837E-02
   22000.0000000000000000   4.4728907092729395E+02   7.2558955390111105E-02
   23000.0000000000000000   4.6525714375361412E+02   6.9958593278035400E-02
   24000.0000000000000000   4.8315478162777657E+02   6.7464288923674259E-02
   25000.0000000000000000   5.0097593182373885E+02   6.5198246225719833E-02
   26000.0000000000000000   5.1873398152784523E+02   6.2878271624133342E-02
   27000.0000000000000000   5.3641528586734341E+02   6.1055615063807793E-02
   28000.0000000000000000   5.5403564815549862E+02   5.9164278365045724E-02
   29000.0000000000000000   5.7160490471070409E+02   5.7221660607466203E-02
   30000.0000000000000000   5.8909247681565500E+02   5.6067074286457845E-02
   31000.0000000000000000   6.0655798850510291E+02   5.4053234370105945E-02
   32000.0000000000000000   6.2393539966285778E+02   5.2993188999196084E-02
   33000.0000000000000000   6.4128878002200338E+02   5.1166870626327916E-02
   34000.0000000000000000   6.5857984972039526E+02   4.9865543402594345E-02
   35000.0000000000000000   6.7581079205802303E+02   4.8993277394778323E-02
   36000.0000000000000000   6.9302054790872774E+02   4.7466846970920108E-02
   37000.0000000000000000   7.1018159437529823E+02   4.6283913430069552E-02
   38000.0000000000000000   7.2729004994878460E+02   4.5171884265611695E-02
   39000.0000000000000000   7.4433962595085745E+02   4.4299145413915081E-02
   40000.0000000000000000   7.6136252301108038E+02   4.3774426517677149E-02
   41000.0000000000000000   7.7833640279493181E+02   4.2776666505384121E-02
   42000.0000000000000000   7.9531117812927005E+02   4.1456096069796299E-02
   43000.0000000000000000   8.1219389225876137E+02   4.0917495225371289E-02
   44000.0000000000000000   8.2907760370756091E+02   4.0065123449040688E-02
   45000.0000000000000000   8.4593192314370629E+02   3.8978281772322751E-02
   46000.0000000000000000   8.6269751503832049E+02   3.8800748580410938E-02
   47000.0000000000000000   8.7946670425241734E+02   3.7842794714030459E-02
   48000.0000000000000000   8.9621896394895987E+02   3.6921241482933374E-02
   49000.0000000000000000   9.1292360900433971E+02   3.6305172041065155E-02
   50000.0000000000000000   9.2960108961500816E+02   3.5591458629739746E-02
