       1.0000000000000000   1.0000000000000000E+30   0.0000000000000000E+00
       2.0000000000000000   7.8701707073510954E+02   1.9720095643013290E-03
       3.0000000000000000   2.9278527338397993E+02   6.1101673346081560E-03
       4.0000000000000000   2.0148791981600644E+02   1.0044951896257759E-02
       5.0000000000000000   1.5973721859565862E+02   1.4220852201294194E-02
       6.0000000000000000   1.3508479551680136E+02   1.8705508607399241E-02
       7.0000000000000000   1.1848026204585635E+02   2.3497830282470811E-02
       8.0000000000000000   1.0482107576016269E+02   2.9202636301721360E-02
       9.0000000000000000   9.4887088168080183E+01   3.5010231481995328E-02
      10.0000000000000000   8.6302298247395200E+01   4.1642830264435236E-02
      11.0000000000000000   7.8966235569339545E+01   4.9099767752418234E-02
      12.0000000000000000   7.4215818149959077E+01   5.5489157914179493E-02
      13.0000000000000000   6.9722866249319353E+01   6.2759133708646012E-02
      14.0000000000000000   6.5380154824331342E+01   7.1194730338700940E-02
      15.0000000000000000   6.1851827694241912E+01   7.9554649117509368E-02
      16.0000000000000000   5.8289379705474325E+01   8.9390065273212332E-02
      17.0000000000000000   5.4666174410542254E+01   1.0113982737463763E-01
      18.0000000000000000   5.1633127126626867E+01   1.1291169585824659E-01
      19.0000000000000000   4.8466474018128650E+01   1.2712641146741205E-01
      20.0000000000000000   4.5152141754385724E+01   1.4459654446045905E-01
      21.0000000000000000   4.2360638681427183E+01   1.6215617422427975E-01
      22.0000000000000000   3.8781814414241339E+01   1.8864205748633320E-01
      23.0000000000000000   3.5843926043878085E+01   2.1538427798141355E-01
      24.0000000000000000   3.3008641098777531E+01   2.4657480429291426E-01
      25.0000000000000000   3.0403647364182071E+01   2.8145407153166108E-01
      26.0000000000000000   2.8578061442007709E+01   3.1079050430409400E-01
      27.0000000000000000   2.6489511183346934E+01   3.5025825302464314E-01
      28.0000000000000000   2.5026354829955636E+01   3.8309938382455005E-01
      29.0000000000000000   2.3292909938970762E+01   4.2852548828721942E-01
      30.0000000000000000   2.2080100113253415E+01   4.6599417086856787E-01
      31.0000000000000000   2.0963799258138810E+01   5.0546170020599057E-01
      32.0000000000000000   1.9912391709098241E+01   5.4790079863174601E-01
      33.0000000000000000   1.8902225395764955E+01   5.9442794123122644E-01
      34.0000000000000000   1.7935272854347115E+01   6.4529085700752042E-01
      35.0000000000000000   1.7030723577191026E+01   6.9963862458903714E-01
      36.0000000000000000   1.6445083807608185E+01   7.3932702594213873E-01
      37.0000000000000000   1.5670828985556950E+01   7.9732529019885445E-01
      38.0000000000000000   1.4970408007226768E+01   8.5675018348628784E-01
      39.0000000000000000   1.4532057611061129E+01   8.9836946372546500E-01
      40.0000000000000000   1.3949735747610957E+01   9.5870505376524706E-01
      41.0000000000000000   1.3594100014040842E+01   9.9975785113023707E-01
      42.0000000000000000   1.3271110922154348E+01   1.0399788108047394E+00
      43.0000000000000000   1.2836319209364040E+01   1.0981164510974908E+00
      44.0000000000000000   1.2582465867642169E+01   1.1358483808798627E+00
      45.0000000000000000   1.2354693658248911E+01   1.1721111284403838E+00
      46.0000000000000000   1.2150899121148425E+01   1.2068098140592931E+00
      47.0000000000000000   1.1969036783505228E+01   1.2398869223838727E+00
      48.0000000000000000   1.1807159234740194E+01   1.2713166636999844E+00
      49.0000000000000000   1.1663442475567335E+01   1.3010992441670879E+00
      50.0000000000000000   1.1536201169499138E+01   1.3292551397731522E+00
      51.0000000000000000   1.1423892730183892E+01   1.3558203220506568E+00
      52.0000000000000000   1.1325115785986052E+01   1.3808420637740986E+00
      53.0000000000000000   1.1238603370738499E+01   1.4043756346208034E+00
      54.0000000000000000   1.1163214756966738E+01   1.4264814726080937E+00
      55.0000000000000000   1.1097924560745355E+01   1.4472232111267727E+00
      56.0000000000000000   1.1102576881797091E+01   1.4524228795452370E+00
      57.0000000000000000   1.1051486688395993E+01   1.4710184633257284E+00
      58.0000000000000000   1.1008267703504979E+01   1.4884341957811418E+00
      59.0000000000000000   1.0972228495240335E+01   1.5047334890417896E+00
      60.0000000000000000   1.0992981665770905E+01   1.5071117817493673E+00
      61.0000000000000000   1.0966984834977463E+01   1.5217037931236896E+00
      62.0000000000000000   1.0993241960150558E+01   1.5230603777622602E+00
      63.0000000000000000   1.0975878966617699E+01   1.5361335133632430E+00
      64.0000000000000000   1.0963429019531898E+01   1.5483618274310758E+00
      65.0000000000000000   1.0996841598899746E+01   1.5483449254899977E+00
      66.0000000000000000   1.0991137060452974E+01   1.5593373452536845E+00
      67.0000000000000000   1.1028035373051484E+01   1.5586555005971048E+00
      68.0000000000000000   1.1066039899521579E+01   1.5577859918351058E+00
      69.0000000000000000   1.1067612254953456E+01   1.5674334004666803E+00
      70.0000000000000000   1.1107996700181349E+01   1.5661505014580437E+00
      71.0000000000000000   1.1113220704818277E+01   1.5752331230543308E+00
      72.0000000000000000   1.1154981481582617E+01   1.5737921444882534E+00
      73.0000000000000000   1.1197158588426188E+01   1.5723291601507974E+00
      74.0000000000000000   1.1206114651973690E+01   1.5808816119237135E+00
      75.0000000000000000   1.1249982814045973E+01   1.5791278404388400E+00
      76.0000000000000000   1.1294530095709726E+01   1.5772605942764835E+00
      77.0000000000000000   1.1308493257868399E+01   1.5848163951088792E+00
      78.0000000000000000   1.1354981297224121E+01   1.5825527570542364E+00
      79.0000000000000000   1.1402111985882367E+01   1.5801771800856392E+00
      80.0000000000000000   1.1449861282070886E+01   1.5776947563404840E+00
      81.0000000000000000   1.1469829628341092E+01   1.5839593827378493E+00
      82.0000000000000000   1.1519249751667379E+01   1.5811337119854401E+00
      83.0000000000000000   1.1569192115622258E+01   1.5782240059012220E+00
      84.0000000000000000   1.1619632573745857E+01   1.5752360047817111E+00
      85.0000000000000000   1.1670543500435784E+01   1.5721766442365808E+00
      86.0000000000000000   1.1696519003600562E+01   1.5771340567124061E+00
      87.0000000000000000   1.1748741773402692E+01   1.5738173746693473E+00
      88.0000000000000000   1.1801359883734557E+01   1.5704477145745395E+00
      89.0000000000000000   1.1854353291899089E+01   1.5670299762946935E+00
      90.0000000000000000   1.1907701735841247E+01   1.5635692088888060E+00
      91.0000000000000000   1.1961388102000413E+01   1.5600694804723179E+00
      92.0000000000000000   1.2015399847539422E+01   1.5565334723393023E+00
      93.0000000000000000   1.2069719246302105E+01   1.5529655474553703E+00
      94.0000000000000000   1.2124330971217875E+01   1.5493693824012065E+00
      95.0000000000000000   1.2179220406923287E+01   1.5457484224180389E+00
      96.0000000000000000   1.2213272476187839E+01   1.5489847836796589E+00
      97.0000000000000000   1.2269008566336177E+01   1.5452215994891052E+00
      98.0000000000000000   1.2324979515815933E+01   1.5414438258588534E+00
      99.0000000000000000   1.2381176107530374E+01   1.5376533194123654E+00
     100.0000000000000000   1.2437587434754162E+01   1.5338525394251687E+00
     110.0000000000000000   1.3028790459243000E+01   1.4900051376460628E+00
     120.0000000000000000   1.3629377097858162E+01   1.4480192666986718E+00
     130.0000000000000000   1.4249668497347960E+01   1.4037459722620673E+00
     140.0000000000000000   1.4883780488240312E+01   1.3585517601201755E+00
     150.0000000000000000   1.5515872144373715E+01   1.3170333656000739E+00
     160.0000000000000000   1.6156898118299367E+01   1.2752947430816972E+00
     170.0000000000000000   1.6794056588842302E+01   1.2369815597750109E+00
     180.0000000000000000   1.7427482245053408E+01   1.2016780986335891E+00
     190.0000000000000000   1.8066935426989684E+01   1.1662084620260864E+00
     200.0000000000000000   1.8702073513659194E+01   1.1334368765696730E+00
     210.0000000000000000   1.9333071696841387E+01   1.1030683345287153E+00
     220.0000000000000000   1.9960151269436022E+01   1.0748389749782872E+00
     230.0000000000000000   2.0591864057006322E+01   1.0462489872685938E+00
     240.0000000000000000   2.1211459658804166E+01   1.0217489878959365E+00
     250.0000000000000000   2.1835485496706067E+01   9.9673143709972367E-01
     260.0000000000000000   2.2455821282465610E+01   9.7329332148152603E-01
     270.0000000000000000   2.3080092210584795E+01   9.4939738021497777E-01
     280.0000000000000000   2.3693423368161490E+01   9.2875551335073259E-01
     290.0000000000000000   2.4303635632601061E+01   9.0928425819296810E-01
     300.0000000000000000   2.4917716044927261E+01   8.8920973046387652E-01
     310.0000000000000000   2.5528567175734882E+01   8.7024928654024702E-01
     320.0000000000000000   2.6136458915408987E+01   8.5228594400465985E-01
     330.0000000000000000   2.6734834542921067E+01   8.3677391601127904E-01
     340.0000000000000000   2.7337103054742105E+01   8.2054722190352991E-01
     350.0000000000000000   2.7942827800649699E+01   8.0372684532081640E-01
     360.0000000000000000   2.8539696243920197E+01   7.8908055644387276E-01
     370.0000000000000000   2.9134030151992921E+01   7.7511822019624110E-01
     380.0000000000000000   2.9725938139650918E+01   7.6179069032075197E-01
     390.0000000000000000   3.0321476727640853E+01   7.4778553206240106E-01
     400.0000000000000000   3.0908717112431294E+01   7.3563479010612420E-01
     410.0000000000000000   3.1499429815056285E+01   7.2282077774800579E-01
     420.0000000000000000   3.2082282124778210E+01   7.1168637749271324E-01
     430.0000000000000000   3.2668704696826502E+01   6.9987680867212765E-01
     440.0000000000000000   3.3253262294974398E+01   6.8850716285161184E-01
     450.0000000000000000   3.3829915772580321E+01   6.7870533367552666E-01
     460.0000000000000000   3.4410375586129021E+01   6.6820696047992445E-01
     470.0000000000000000   3.4988708533942322E+01   6.5810063367922511E-01
     480.0000000000000000   3.5565317781006016E+01   6.4838475614719338E-01
     490.0000000000000000   3.6139960409788529E+01   6.3901878490437913E-01
     500.0000000000000000   3.6712830965807470E+01   6.2997667224297071E-01
     510.0000000000000000   3.7284237094368351E+01   6.2123315250896272E-01
     520.0000000000000000   3.7853932149839864E+01   6.1279453177126353E-01
     530.0000000000000000   3.8421880640374219E+01   6.0464508547244467E-01
     540.0000000000000000   3.8988066590222530E+01   5.9678030922235348E-01
     550.0000000000000000   3.9552647414701845E+01   5.8918048690961522E-01
     560.0000000000000000   4.0120609480267298E+01   5.8097563523720408E-01
     570.0000000000000000   4.0682382017065983E+01   5.7383605925714587E-01
     580.0000000000000000   4.1242844311417940E+01   5.6689687476442097E-01
     590.0000000000000000   4.1801412575690215E+01   5.6024996041510255E-01
     600.0000000000000000   4.2364168828945836E+01   5.5287316889444249E-01
     610.0000000000000000   4.2919766310104798E+01   5.4664856069318057E-01
     620.0000000000000000   4.3474683028403874E+01   5.4048936950131377E-01
     630.0000000000000000   4.4032626940250282E+01   5.3378872916289000E-01
     640.0000000000000000   4.4584404421538565E+01   5.2809028301541039E-01
     650.0000000000000000   4.5139975329166290E+01   5.2175988187508215E-01
     660.0000000000000000   4.5689846984211805E+01   5.1626376264802887E-01
     670.0000000000000000   4.6242655296433988E+01   5.1025969663607418E-01
     680.0000000000000000   4.6790437368501642E+01   5.0507238140943833E-01
     690.0000000000000000   4.7340697180237875E+01   4.9939448465801467E-01
     700.0000000000000000   4.7885489582974152E+01   4.9453150923525974E-01
     710.0000000000000000   4.8433982543423006E+01   4.8910110302536436E-01
     720.0000000000000000   4.8976133944252055E+01   4.8452124215662751E-01
     730.0000000000000000   4.9521929994433272E+01   4.7942020211411440E-01
     740.0000000000000000   5.0066289252305637E+01   4.7443634760076253E-01
     750.0000000000000000   5.0606896326423630E+01   4.7003378870791923E-01
     760.0000000000000000   5.1149392815154428E+01   4.6524459096663978E-01
     770.0000000000000000   5.1690812047646411E+01   4.6063016331506518E-01
     780.0000000000000000   5.2227312056018107E+01   4.5664551207295540E-01
     790.0000000000000000   5.2767309256556629E+01   4.5212893089582329E-01
     800.0000000000000000   5.3305399917989639E+01   4.4785334466106497E-01
     810.0000000000000000   5.3839476911723771E+01   4.4406643488811881E-01
     820.0000000000000000   5.4375935508249981E+01   4.3995670288671151E-01
     830.0000000000000000   5.4912291962980717E+01   4.3579213337905837E-01
     840.0000000000000000   5.5446337566888531E+01   4.3188619067351319E-01
     850.0000000000000000   5.5980999347408350E+01   4.2789742459006253E-01
     860.0000000000000000   5.6509511184350607E+01   4.2468727782460292E-01
     870.0000000000000000   5.7042513749038413E+01   4.2083587684651030E-01
     880.0000000000000000   5.7573346092308874E+01   4.1719203387293435E-01
     890.0000000000000000   5.8103558837854152E+01   4.1364295775089471E-01
     900.0000000000000000   5.8633948403411182E+01   4.1003559697910885E-01
     910.0000000000000000   5.9162619629304004E+01   4.0660103254754548E-01
     920.0000000000000000   5.9690023730495241E+01   4.0324764445068573E-01
     930.0000000000000000   6.0217208843121220E+01   3.9992530218176503E-01
     940.0000000000000000   6.0744078100392478E+01   3.9662763502677800E-01
     950.0000000000000000   6.1265799279340371E+01   3.9392198309755150E-01
     960.0000000000000000   6.1790533760127779E+01   3.9079702374129288E-01
     970.0000000000000000   6.2314579366102706E+01   3.8773282730534009E-01
     980.0000000000000000   6.2837894833466329E+01   3.8470667234639055E-01
     990.0000000000000000   6.3360266938039388E+01   3.8174561123978040E-01
    1000.0000000000000000   6.3881847997127707E+01   3.7885011713190259E-01
    1100.0000000000000000   6.9065103302904618E+01   3.5201937486966417E-01
    1200.0000000000000000   7.4184374282440231E+01   3.2926034877314803E-01
    1300.0000000000000000   7.9246871699062083E+01   3.0962243106476639E-01
    1400.0000000000000000   8.4262010307630689E+01   2.9208500651165237E-01
    1500.0000000000000000   8.9228140765237683E+01   2.7675405343132320E-01
    1600.0000000000000000   9.4150802607369883E+01   2.6329415804149131E-01
    1700.0000000000000000   9.9039468059733352E+01   2.5081784284982112E-01
    1800.0000000000000000   1.0388602640727301E+02   2.3993790629573505E-01
    1900.0000000000000000   1.0870053038678378E+02   2.2978445515075957E-01
    2000.0000000000000000   1.1348908349582136E+02   2.2041547396532504E-01
    2100.0000000000000000   1.1823742139249416E+02   2.1207749200064105E-01
    2200.0000000000000000   1.2296204045662721E+02   2.0446796899118333E-01
    2300.0000000000000000   1.2766459290123554E+02   1.9721222989894460E-01
    2400.0000000000000000   1.3233090738646121E+02   1.9077031706288680E-01
    2500.0000000000000000   1.3698603619464549E+02   1.8451132431114031E-01
    2600.0000000000000000   1.4161450064635767E+02   1.7874167789778317E-01
    2700.0000000000000000   1.4622497703311464E+02   1.7307329825008086E-01
    2800.0000000000000000   1.5080518002646363E+02   1.6826474024267923E-01
    2900.0000000000000000   1.5536288928333079E+02   1.6366231472635506E-01
    3000.0000000000000000   1.5991323975893818E+02   1.5915740293302366E-01
    3100.0000000000000000   1.6444103643401112E+02   1.5481191442522746E-01
    3200.0000000000000000   1.6895319858982975E+02   1.5093997761047703E-01
    3300.0000000000000000   1.7344183211922456E+02   1.4736869114613729E-01
    3400.0000000000000000   1.7791750218834440E+02   1.4384475556213688E-01
    3500.0000000000000000   1.8238346195227822E+02   1.4026021097681737E-01
    3600.0000000000000000   1.8682636645353608E+02   1.3723006744366492E-01
    3700.0000000000000000   1.9126135944891001E+02   1.3403657728269719E-01
    3800.0000000000000000   1.9567817177137408E+02   1.3128235659879123E-01
    3900.0000000000000000   2.0008256536434544E+02   1.2841559318187343E-01
    4000.0000000000000000   2.0447027676858650E+02   1.2582313572413084E-01
    4100.0000000000000000   2.0885648852545035E+02   1.2315735321059773E-01
    4200.0000000000000000   2.1321416936037232E+02   1.2093775168542861E-01
    4300.0000000000000000   2.1757272949996451E+02   1.1853871188939286E-01
    4400.0000000000000000   2.2191209272835869E+02   1.1621884152964911E-01
    4500.0000000000000000   2.2623901389526853E+02   1.1430642776856145E-01
    4600.0000000000000000   2.3056417115174537E+02   1.1202256885899040E-01
    4700.0000000000000000   2.3486203901022128E+02   1.1021430403852575E-01
    4800.0000000000000000   2.3917011483268993E+02   1.0823177924064359E-01
    4900.0000000000000000   2.4346050419670684E+02   1.0624353911778274E-01
    5000.0000000000000000   2.4773852889100098E+02   1.0446733171953185E-01
    5100.0000000000000000   2.5200585001166951E+02   1.0278977098700116E-01
    5200.0000000000000000   2.5626420081595910E+02   1.0114167061198379E-01
    5300.0000000000000000   2.6050920399850884E+02   9.9661875112889056E-02
    5400.0000000000000000   2.6474231137036224E+02   9.8288688101337340E-02
    5500.0000000000000000   2.6897965477104100E+02   9.6541846913007989E-02
    5600.0000000000000000   2.7321171249862158E+02   9.5079390842050790E-02
    5700.0000000000000000   2.7741646992149765E+02   9.3840896831490911E-02
    5800.0000000000000000   2.8161243398586112E+02   9.2445753090572888E-02
    5900.0000000000000000   2.8582768784846525E+02   9.1090818358612921E-02
    6000.0000000000000000   2.9000631289502400E+02   8.9883693270647796E-02
    6100.0000000000000000   2.9419883730246335E+02   8.8478009405377644E-02
    6200.0000000000000000   2.9835775279971710E+02   8.7463090417177383E-02
    6300.0000000000000000   3.0252635741405300E+02   8.6469530958203242E-02
    6400.0000000000000000   3.0669147748474603E+02   8.5119475569643097E-02
    6500.0000000000000000   3.1084859416831017E+02   8.3997096515670805E-02
    6600.0000000000000000   3.1499295007999876E+02   8.2847201326067682E-02
    6700.0000000000000000   3.1911376453949941E+02   8.1888752753004265E-02
    6800.0000000000000000   3.2325768317723464E+02   8.0820718947597472E-02
    6900.0000000000000000   3.2736443071306252E+02   7.9903767460240985E-02
    7000.0000000000000000   3.3149946251436842E+02   7.8875799352785256E-02
    7100.0000000000000000   3.3558343633946629E+02   7.8222113297769305E-02
    7200.0000000000000000   3.3970446189275418E+02   7.7354266302262970E-02
    7300.0000000000000000   3.4381602949978674E+02   7.6146340332667997E-02
    7400.0000000000000000   3.4791641233914584E+02   7.5230303205630289E-02
    7500.0000000000000000   3.5200801029489611E+02   7.4410673829028745E-02
    7600.0000000000000000   3.5603807258065905E+02   7.3948143033993871E-02
    7700.0000000000000000   3.6015343115511450E+02   7.2764154145606219E-02
    7800.0000000000000000   3.6423118213484616E+02   7.2056682033432337E-02
    7900.0000000000000000   3.6825628765686173E+02   7.1300334754469744E-02
    8000.0000000000000000   3.7234324402748973E+02   7.0529180791362486E-02
    8100.0000000000000000   3.7640386332695437E+02   6.9655150242851280E-02
    8200.0000000000000000   3.8042282550783642E+02   6.9109458121714845E-02
    8300.0000000000000000   3.8446973267290554E+02   6.8326180514710483E-02
    8400.0000000000000000   3.8850899182865584E+02   6.7807613462530600E-02
    8500.0000000000000000   3.9254982172973337E+02   6.6990642543405213E-02
    8600.0000000000000000   3.9657220760013337E+02   6.6344613827340693E-02
    8700.0000000000000000   4.0056387638994977E+02   6.5765825909777587E-02
    8800.0000000000000000   4.0459896796604016E+02   6.5077957340313825E-02
    8900.0000000000000000   4.0862671400086197E+02   6.4295473551742546E-02
    9000.0000000000000000   4.1259718723898260E+02   6.4203010094228311E-02
    9100.0000000000000000   4.1662968739405272E+02   6.3183623878155792E-02
    9200.0000000000000000   4.2062586487646615E+02   6.2709160164280978E-02
    9300.0000000000000000   4.2460223063152444E+02   6.2019481431339472E-02
    9400.0000000000000000   4.2857129707876481E+02   6.1507843906644231E-02
    9500.0000000000000000   4.3254299450841899E+02   6.1294433034080442E-02
    9600.0000000000000000   4.3653162847833488E+02   6.0780519478681641E-02
    9700.0000000000000000   4.4052715472642365E+02   5.9985887116848172E-02
    9800.0000000000000000   4.4449943987307756E+02   5.9418393654013996E-02
    9900.0000000000000000   4.4846270496260757E+02   5.8871918625587431E-02
   10000.0000000000000000   4.5241878223322709E+02   5.8368515676786199E-02
   11000.0000000000000000   4.9178674253599848E+02   5.3980324232967142E-02
   12000.0000000000000000   5.3076139963176911E+02   5.0402044024223401E-02
   13000.0000000000000000   5.6945077821695781E+02   4.6801128261702525E-02
   14000.0000000000000000   6.0777160210659599E+02   4.4135736294333247E-02
   15000.0000000000000000   6.4584303144279534E+02   4.1614109451322850E-02
   16000.0000000000000000   6.8372763626338042E+02   3.9283610699670783E-02
   17000.0000000000000000   7.2124054293690119E+02   3.7222509883776789E-02
   18000.0000000000000000   7.5861891252721261E+02   3.5312114716384041E-02
   19000.0000000000000000   7.9570900956181868E+02   3.3937044434470792E-02
   20000.0000000000000000   8.3273721160114872E+02   3.2171170016889919E-02
   21000.0000000000000000   8.6950560774720100E+02   3.0710258583522745E-02
   22000.0000000000000000   9.0598218830521171E+02   3.0045791514935718E-02
   23000.0000000000000000   9.4242481018398689E+02   2.8911894615153502E-02
   24000.0000000000000000   9.7870286860596366E+02   2.7701126595073542E-02
   25000.0000000000000000   1.0148321387162439E+03   2.6546704787422045E-02
   26000.0000000000000000   1.0508113973103602E+03   2.5649749956229376E-02
   27000.0000000000000000   1.0866745940227613E+03   2.4724196584657725E-02
   28000.0000000000000000   1.1223841651245066E+03   2.4175406617989243E-02
   29000.0000000000000000   1.1580734030846529E+03   2.3228735544885731E-02
   30000.0000000000000000   1.1934412046398261E+03   2.2888354004153406E-02
