       0.1000000000000000   1.0000000000000000E+30   0.0000000000000000E+00
       0.2000000000000000   1.0000000000000000E+30   0.0000000000000000E+00
       0.3000000000000000   1.0000000000000000E+30   0.0000000000000000E+00
       0.4000000000000000   1.0000000000000000E+30   0.0000000000000000E+00
       0.5000000000000000   1.0000000000000000E+30   0.0000000000000000E+00
       0.6000000000000000   1.0000000000000000E+30   0.0000000000000000E+00
       0.7000000000000000   1.0000000000000000E+30   0.0000000000000000E+00
       0.7999999999999999   1.0000000000000000E+30   0.0000000000000000E+00
       0.8999999999999999   1.0000000000000000E+30   0.0000000000000000E+00
       0.9999999999999999   1.0000000000000000E+30   0.0000000000000000E+00
       2.0000000000000000   1.0000000000000000E+30   0.0000000000000000E+00
       3.0000000000000000   1.0000000000000000E+30   0.0000000000000000E+00
       4.0000000000000000   1.0000000000000000E+30   0.0000000000000000E+00
       5.0000000000000000   1.0000000000000000E+30   0.0000000000000000E+00
       5.9989999999999997   1.0000000000000000E+30   0.0000000000000000E+00
       6.0000000000000000   5.0398527215215499E+06   1.1905109794931822E-06
       6.0010000000000003   5.0419581107284073E+06   1.1900138533941894E-06
       7.0000000000000000   2.7958026428683070E+02   2.2291748852800240E-02
       8.0000000000000000   1.1269325384700690E+02   5.7343276558375449E-02
       9.0000000000000000   6.8742209453663421E+01   9.7339758648563590E-02
      10.0000000000000000   4.9389210299012234E+01   1.4012244937943000E-01
      11.0000000000000000   3.8683687703612037E+01   1.8483921590519595E-01
      12.0000000000000000   3.1934637418490762E+01   2.3112351344407120E-01
      13.0000000000000000   2.7301091162752421E+01   2.7883502286336115E-01
      14.0000000000000000   2.3923148116264834E+01   3.2794169766331588E-01
      15.0000000000000000   2.1348425786723261E+01   3.7846625816733814E-01
      16.0000000000000000   1.9317761717341988E+01   4.3045018884193581E-01
      17.0000000000000000   1.7672282067682502E+01   4.8394700131626683E-01
      18.0000000000000000   1.6309632382334847E+01   5.3900623243806889E-01
      19.0000000000000000   1.5160796549223345E+01   5.9567654221851052E-01
      19.9989999999999988   1.4178788842243332E+01   6.5392981193198418E-01
      20.0000000000000000   1.4177878119226740E+01   6.5398887172831277E-01
      20.0010000000000012   1.4176966085886482E+01   6.5404797820931659E-01
      20.9989999999999988   1.3327334986257457E+01   7.1389790215102156E-01
      21.0000000000000000   1.3326540445844037E+01   7.1395869121545974E-01
      21.0010000000000012   1.3325744579345285E+01   7.1401960719432545E-01
      22.0000000000000000   1.2581576516872376E+01   7.7558221722805876E-01
      23.0000000000000000   1.1924128457307400E+01   8.3882907763117787E-01
      24.0000000000000000   1.1339779331119722E+01   9.0364414011251437E-01
      25.0000000000000000   1.0817308624497008E+01   9.6994807490324575E-01
      26.0000000000000000   1.0347974046612322E+01   1.0376199770746317E+00
      27.0000000000000000   9.9247043755189921E+00   1.1065202372925760E+00
      28.0000000000000000   9.5418275687631890E+00   1.1764720995002549E+00
      29.0000000000000000   9.1946795295576553E+00   1.2472725503798032E+00
      30.0000000000000000   8.8793850963914807E+00   1.3186937790894320E+00
      31.0000000000000000   8.5926791327014502E+00   1.3904882806823939E+00
      32.0000000000000000   8.3317786186876166E+00   1.4623931326324586E+00
      33.0000000000000000   8.0942768669319083E+00   1.5341372666120248E+00
      34.0000000000000000   7.8780591381716958E+00   1.6054501720091601E+00
      35.0000000000000000   7.6812646593953993E+00   1.6760635928004644E+00
      36.0000000000000000   7.5022205372343569E+00   1.7457230096009069E+00
      37.0000000000000000   7.3394265649648078E+00   1.8141886752259895E+00
      38.0000000000000000   7.1915189056032096E+00   1.8812425873865821E+00
      39.0000000000000000   7.0572579898009549E+00   1.9466897596450974E+00
      40.0000000000000000   6.9355087196182392E+00   2.0103623649413178E+00
      41.0000000000000000   6.8252352246432562E+00   2.0721177322039517E+00
      42.0000000000000000   6.7254873877966759E+00   2.1318405575035095E+00
      43.0000000000000000   6.6353951572808603E+00   2.1894408060145545E+00
      44.0000000000000000   6.5541618102966677E+00   2.2448528255954350E+00
      44.9990000000000023   6.4811265343150417E+00   2.2979812446468784E+00
      45.0000000000000000   6.4810572713964367E+00   2.2980332977381779E+00
      45.0009999999999977   6.4809880159340718E+00   2.2980853485730379E+00
      45.9990000000000023   6.4154772483217766E+00   2.3489086831974735E+00
      46.0000000000000000   6.4154151018330596E+00   2.3489584883394543E+00
      46.0009999999999977   6.4153529933163167E+00   2.3490082785899751E+00
      47.0000000000000000   6.3566258315823916E+00   2.3976225102064084E+00
      48.0000000000000000   6.3041314885661688E+00   2.4440356280066902E+00
      49.0000000000000000   6.2574243987779106E+00   2.4882204225536615E+00
      50.0000000000000000   6.2160396525946826E+00   2.5302116154753866E+00
      51.0000000000000000   6.1795545048164993E+00   2.5700520833508236E+00
      52.0000000000000000   6.1475824708786995E+00   2.6077928106288812E+00
      53.0000000000000000   6.1197709857539921E+00   2.6434906031877476E+00
      54.0000000000000000   6.0957993643610333E+00   2.6772060154785375E+00
      55.0000000000000000   6.0753738406910847E+00   2.7090036934838273E+00
      56.0000000000000000   6.0582266412505126E+00   2.7389500359450518E+00
      57.0000000000000000   6.0441129903732200E+00   2.7671129641369494E+00
      58.0000000000000000   6.0328095581903538E+00   2.7935607307934385E+00
      59.0000000000000000   6.0241118340460362E+00   2.8183616886428435E+00
      60.0000000000000000   6.0178323452157478E+00   2.8415838106497682E+00
      61.0000000000000000   6.0137999304480312E+00   2.8632937396375442E+00
      62.0000000000000000   6.0118571239420717E+00   2.8835571791787116E+00
      63.0000000000000000   6.0118598651510666E+00   2.9024379623869740E+00
      64.0000000000000000   6.0136755588969573E+00   2.9199983850630722E+00
      65.0000000000000000   6.0171819987342268E+00   2.9362991019308287E+00
      66.0000000000000000   6.0222674981410549E+00   2.9513981650149335E+00
      67.0000000000000000   6.0288286230517540E+00   2.9653518566099577E+00
      68.0000000000000000   6.0367700035861862E+00   2.9782145344641693E+00
      69.0000000000000000   6.0460035476707281E+00   2.9900383532729644E+00
      70.0000000000000000   6.0564482716207513E+00   3.0008730718173862E+00
      71.0000000000000000   6.0680288892988070E+00   3.0107666867757521E+00
      72.0000000000000000   6.0806757320651839E+00   3.0197650331274581E+00
      73.0000000000000000   6.0943244295067638E+00   3.0279118811843295E+00
      74.0000000000000000   6.1089149526225972E+00   3.0352492060402527E+00
      75.0000000000000000   6.1243919643765947E+00   3.0418167705278978E+00
      76.0000000000000000   6.1407035775524381E+00   3.0476529340705873E+00
      77.0000000000000000   6.1578019192141005E+00   3.0527938213695074E+00
      78.0000000000000000   6.1756420616444805E+00   3.0572743070753687E+00
      79.0000000000000000   6.1941825499195442E+00   3.0611271094341244E+00
      80.0000000000000000   6.2133841755560892E+00   3.0643839020567643E+00
      81.0000000000000000   6.2332108315875141E+00   3.0670744628543836E+00
      82.0000000000000000   6.2536284459404126E+00   3.0692273087965676E+00
      83.0000000000000000   6.2746051494789192E+00   3.0708696413088408E+00
      84.0000000000000000   6.2961113994839257E+00   3.0720270862447743E+00
      85.0000000000000000   6.3181192191807902E+00   3.0727243000698539E+00
      86.0000000000000000   6.3406025597921696E+00   3.0729845007346954E+00
      87.0000000000000000   6.3635367929446867E+00   3.0728300103887123E+00
      88.0000000000000000   6.3868989868809729E+00   3.0722818887316872E+00
      89.0000000000000000   6.4106675207771646E+00   3.0713601722504382E+00
      90.0000000000000000   6.4348219314300641E+00   3.0700840791399178E+00
      91.0000000000000000   6.4593430944471733E+00   3.0684717513257613E+00
      92.0000000000000000   6.4842130493510304E+00   3.0665404098793680E+00
      93.0000000000000000   6.5094147438226164E+00   3.0643065568589742E+00
      94.0000000000000000   6.5349320611942163E+00   3.0617858865747269E+00
      95.0000000000000000   6.5607499932620037E+00   3.0589931547621183E+00
      96.0000000000000000   6.5868541401889109E+00   3.0559426483087586E+00
      97.0000000000000000   6.6132309955402198E+00   3.0526478616371580E+00
      98.0000000000000000   6.6398678790930310E+00   3.0491214742138504E+00
      99.0000000000000000   6.6667526438825995E+00   3.0453757893347784E+00
     100.0000000000000000   6.6938737433975799E+00   3.0414225034601605E+00
     106.9989999999999952   6.8894697893649264E+00   3.0088049493626716E+00
     107.0010000000000048   6.8895269597803814E+00   3.0087945634540043E+00
     110.0000000000000000   6.9759584640445773E+00   2.9926577482803758E+00
     110.9989999999999952   7.0050445957509986E+00   2.9870511339007213E+00
     111.0010000000000048   7.0051029622745418E+00   2.9870398044771909E+00
     120.0000000000000000   7.2726265549024314E+00   2.9325057995729837E+00
     130.0000000000000000   7.5787160954015178E+00   2.8663467222417540E+00
     140.0000000000000000   7.8909371151052694E+00   2.7975288063503250E+00
     144.9989999999999952   8.0486065658354029E+00   2.7628180203223502E+00
     145.0010000000000048   8.0486698145879156E+00   2.7628041325011403E+00
     150.0000000000000000   8.2071203409561555E+00   2.7281428654008981E+00
     150.9989999999999952   8.2388636652100296E+00   2.7212350988330285E+00
     151.0010000000000048   8.2389272392883282E+00   2.7212212777976088E+00
     160.0000000000000000   8.5257957302782135E+00   2.6594892640474126E+00
     161.9989999999999952   8.5897022511189007E+00   2.6459298846080137E+00
     162.0010000000000048   8.5897662164845272E+00   2.6459163510659298E+00
     170.0000000000000000   8.8459449667484904E+00   2.5923646528162725E+00
     180.0000000000000000   9.1668501268357137E+00   2.5272412650999949E+00
     190.0000000000000000   9.4849749827627541E+00   2.4699267235314553E+00
     200.0000000000000000   9.8061301835687349E+00   2.4116877118632778E+00
     207.9989999999999952   1.0061625398772856E+01   2.3679207057917853E+00
     208.0010000000000048   1.0061695574720437E+01   2.3679032382718659E+00
     210.0000000000000000   1.0125357508377075E+01   2.3573311553952658E+00
     220.0000000000000000   1.0448933051377123E+01   2.3000709764057139E+00
     230.0000000000000000   1.0764387789026047E+01   2.2526618662153024E+00
     240.0000000000000000   1.1083975960259057E+01   2.2022918137942558E+00
     250.0000000000000000   1.1401652716012698E+01   2.1550105207365950E+00
     260.0000000000000000   1.1717523078555987E+01   2.1105258345396183E+00
     270.0000000000000000   1.2036975079561335E+01   2.0635388256833256E+00
     280.0000000000000000   1.2349354924661464E+01   2.0241212883005071E+00
     290.0000000000000000   1.2665238888263115E+01   1.9821577255332783E+00
     300.0000000000000000   1.2974474729714657E+01   1.9469536184957239E+00
     310.0000000000000000   1.3287119173649240E+01   1.9092047074360168E+00
     320.0000000000000000   1.3598207748999341E+01   1.8733895014298130E+00
     330.0000000000000000   1.3907807669060924E+01   1.8393559888247013E+00
     340.0000000000000000   1.4215981883155393E+01   1.8069679778316639E+00
     350.0000000000000000   1.4522789385835546E+01   1.7761030733454122E+00
     360.0000000000000000   1.4828285505937355E+01   1.7466509651656681E+00
     370.0000000000000000   1.5132522147102103E+01   1.7185119830188460E+00
     380.0000000000000000   1.5439766286824947E+01   1.6881687662318101E+00
     390.0000000000000000   1.5741540455713791E+01   1.6624936051200572E+00
     400.0000000000000000   1.6046289400699209E+01   1.6346417299844289E+00
     410.0000000000000000   1.6345776956662483E+01   1.6111110535854627E+00
     420.0000000000000000   1.6648196819126532E+01   1.5854405501357323E+00
     430.0000000000000000   1.6949490314589589E+01   1.5607991536946673E+00
     440.0000000000000000   1.7245794764348883E+01   1.5400399135836191E+00
     450.0000000000000000   1.7544977066707844E+01   1.5172027031450617E+00
     460.0000000000000000   1.7843133337751016E+01   1.4952235657550959E+00
     470.0000000000000000   1.8140293729861284E+01   1.4740531986379315E+00
     480.0000000000000000   1.8436487006124057E+01   1.4536460614022177E+00
     490.0000000000000000   1.8731740618803244E+01   1.4339600252240121E+00
     500.0000000000000000   1.9026080765168118E+01   1.4149560684897626E+00
     510.0000000000000000   1.9319532489857011E+01   1.3965979782819784E+00
     520.0000000000000000   1.9612119734107374E+01   1.3788521083868284E+00
     530.0000000000000000   1.9903865415649484E+01   1.3616871446433236E+00
     540.0000000000000000   2.0194791470257638E+01   1.3450739141718788E+00
     550.0000000000000000   2.0484918908983371E+01   1.3289852022074433E+00
     560.0000000000000000   2.0774267867913064E+01   1.3133955892782252E+00
     570.0000000000000000   2.1066239362233208E+01   1.2960842535227226E+00
     580.0000000000000000   2.1354048588560456E+01   1.2814646474120579E+00
     590.0000000000000000   2.1641135088299954E+01   1.2672757777255546E+00
     600.0000000000000000   2.1927515903537511E+01   1.2534981856859069E+00
     610.0000000000000000   2.2216466694744614E+01   1.2380723514687237E+00
     620.0000000000000000   2.2501445189706370E+01   1.2250995302678294E+00
     630.0000000000000000   2.2788980939607356E+01   1.2105132674046100E+00
     640.0000000000000000   2.3072617923724035E+01   1.1982758618180596E+00
     650.0000000000000000   2.3358797172420239E+01   1.1844589636820366E+00
     660.0000000000000000   2.3641149293107755E+01   1.1728954192756178E+00
     670.0000000000000000   2.3926026144576344E+01   1.1597857061283618E+00
     680.0000000000000000   2.4207146484781902E+01   1.1488410678912429E+00
     690.0000000000000000   2.4490771323928691E+01   1.1363831077695365E+00
     700.0000000000000000   2.4770709465141763E+01   1.1260082841075953E+00
     710.0000000000000000   2.5053129512417918E+01   1.1141523754769083E+00
     720.0000000000000000   2.5331931830640762E+01   1.1043033757977538E+00
     730.0000000000000000   2.5613191264453850E+01   1.0930049007063358E+00
     740.0000000000000000   2.5893882784811947E+01   1.0819815785163480E+00
     750.0000000000000000   2.6171041509629493E+01   1.0728609239652540E+00
     760.0000000000000000   2.6450634334788642E+01   1.0623350865518570E+00
     770.0000000000000000   2.6729687264308776E+01   1.0520563509653529E+00
     780.0000000000000000   2.7005291676981230E+01   1.0435857392147263E+00
     790.0000000000000000   2.7283302574528076E+01   1.0337528671889011E+00
     800.0000000000000000   2.7560800073453525E+01   1.0241424290538617E+00
     810.0000000000000000   2.7837792227142362E+01   1.0147468829804314E+00
     820.0000000000000000   2.8111437341005441E+01   1.0070461414266869E+00
     830.0000000000000000   2.8387455820155424E+01   9.9803784482751445E-01
     840.0000000000000000   2.8662992664875894E+01   9.8922398833320724E-01
     850.0000000000000000   2.8938055520834354E+01   9.8059807062414772E-01
     860.0000000000000000   2.9212652639231035E+01   9.7215347250290629E-01
     870.0000000000000000   2.9484018139714902E+01   9.6528083929858322E-01
     880.0000000000000000   2.9757715758838454E+01   9.5716430158789578E-01
     890.0000000000000000   3.0030967379390109E+01   9.4921324186469380E-01
     900.0000000000000000   3.0303779668551361E+01   9.4142244641566675E-01
     910.0000000000000000   3.0576159424382176E+01   9.3378677466208726E-01
     920.0000000000000000   3.0848113293942280E+01   9.2630129368165492E-01
     930.0000000000000000   3.1119647571540263E+01   9.1896136625936053E-01
     940.0000000000000000   3.1390768192643588E+01   9.1176264299377263E-01
     950.0000000000000000   3.1661480814400864E+01   9.0470101249839097E-01
     960.0000000000000000   3.1931790911197051E+01   8.9777254787571703E-01
     970.0000000000000000   3.2201703837938652E+01   8.9097347026499552E-01
     980.0000000000000000   3.2471224860467210E+01   8.8430012997590424E-01
     990.0000000000000000   3.2740359153683137E+01   8.7774900201882333E-01
    1000.0000000000000000   3.3009111802479438E+01   8.7131668206537860E-01
    1100.0000000000000000   3.5676692869723880E+01   8.1286129169458166E-01
    1118.9990000000000236   3.6179372864053811E+01   8.0293850933950672E-01
    1119.0009999999999764   3.6179426242137247E+01   8.0293725514756709E-01
    1200.0000000000000000   3.8313400749395313E+01   7.6231664350578909E-01
    1300.0000000000000000   4.0922571431288148E+01   7.1798602595938621E-01
    1400.0000000000000000   4.3506954553453518E+01   6.7863155672556796E-01
    1500.0000000000000000   4.6066600188460924E+01   6.4412628296198138E-01
    1600.0000000000000000   4.8605775135593944E+01   6.1287513640878311E-01
    1700.0000000000000000   5.1121963030397133E+01   5.8570611427328090E-01
    1800.0000000000000000   5.3622980983390818E+01   5.6004021221427658E-01
    1900.0000000000000000   5.6103958860198723E+01   5.3748380050131683E-01
    2000.0000000000000000   5.8570073256925674E+01   5.1645490307485653E-01
    2100.0000000000000000   6.1020430511780177E+01   4.9727776809914337E-01
    2200.0000000000000000   6.3457918268550777E+01   4.7918047590817281E-01
    2300.0000000000000000   6.5879332417803653E+01   4.6308688444976071E-01
    2400.0000000000000000   6.8289489414266626E+01   4.4773191524710443E-01
    2500.0000000000000000   7.0687039499326488E+01   4.3352771926861988E-01
    2600.0000000000000000   7.3072603972033164E+01   4.2034974984876494E-01
    2700.0000000000000000   7.5446730090060910E+01   4.0809557441765326E-01
    2800.0000000000000000   7.7810015636594002E+01   3.9665748970102654E-01
    2900.0000000000000000   8.0164791643232746E+01   3.8553272721490223E-01
    3000.0000000000000000   8.2509657449581439E+01   3.7509368998783588E-01
    3100.0000000000000000   8.4842950447653536E+01   3.6571925582491943E-01
    3200.0000000000000000   8.7169047869841094E+01   3.5648648925730730E-01
    3300.0000000000000000   8.9486166797282735E+01   3.4781015398762055E-01
    3400.0000000000000000   9.1794888229489459E+01   3.3959872284008075E-01
    3500.0000000000000000   9.4095505101592835E+01   3.3181647465069070E-01
    3600.0000000000000000   9.6388370263941596E+01   3.2441886527768399E-01
    3700.0000000000000000   9.8674803727257114E+01   3.1716313724865686E-01
    3800.0000000000000000   1.0095298920481159E+02   3.1044121453682011E-01
    3900.0000000000000000   1.0322333099653289E+02   3.0416677107225276E-01
    4000.0000000000000000   1.0548859055005970E+02   2.9786304913115030E-01
    4100.0000000000000000   1.0774552017711872E+02   2.9214041035211591E-01
    4200.0000000000000000   1.0999800566687627E+02   2.8632556161539746E-01
    4300.0000000000000000   1.1224228816856542E+02   2.8109055776264880E-01
    4400.0000000000000000   1.1448158602152441E+02   2.7587803733069710E-01
    4500.0000000000000000   1.1671589219738433E+02   2.7074031516177016E-01
    4600.0000000000000000   1.1894321687362962E+02   2.6599415479435884E-01
    4700.0000000000000000   1.2116462771065100E+02   2.6150168682209651E-01
    4800.0000000000000000   1.2338127490172512E+02   2.5705721111273372E-01
    4900.0000000000000000   1.2559236224231147E+02   2.5281538860563929E-01
    5000.0000000000000000   1.2779853742960910E+02   2.4869423823962897E-01
    5100.0000000000000000   1.2999972931774624E+02   2.4471207884786766E-01
    5200.0000000000000000   1.3219606767471467E+02   2.4085998374725692E-01
    5300.0000000000000000   1.3438797011969757E+02   2.3709259577035685E-01
    5400.0000000000000000   1.3657633984081878E+02   2.3328367764947053E-01
    5500.0000000000000000   1.3875794402597131E+02   2.2989257107078392E-01
    5600.0000000000000000   1.4093539126545443E+02   2.2656485183989947E-01
    5700.0000000000000000   1.4310941542196142E+02   2.2323524674436751E-01
    5800.0000000000000000   1.4527684960071849E+02   2.2028597090879115E-01
    5900.0000000000000000   1.4744373854588247E+02   2.1697222097208088E-01
    6000.0000000000000000   1.4960400667768309E+02   2.1405954511229586E-01
    6100.0000000000000000   1.5175980057468982E+02   2.1130252690424461E-01
    6200.0000000000000000   1.5391430018189999E+02   2.0829673294227352E-01
    6300.0000000000000000   1.5606343375562926E+02   2.0555263590434469E-01
    6400.0000000000000000   1.5820810236529223E+02   2.0295476712559793E-01
    6500.0000000000000000   1.6034856105706714E+02   2.0049797214674880E-01
    6600.0000000000000000   1.6248559661671328E+02   1.9808776332749933E-01
    6700.0000000000000000   1.6462076910724960E+02   1.9553206354257041E-01
    6800.0000000000000000   1.6675057281295472E+02   1.9326299054135321E-01
    6900.0000000000000000   1.6887844803340508E+02   1.9086820984018230E-01
    7000.0000000000000000   1.7100288140884408E+02   1.8854149616225024E-01
    7100.0000000000000000   1.7312393002652621E+02   1.8629188693673085E-01
    7200.0000000000000000   1.7524210000525667E+02   1.8405456118111641E-01
    7300.0000000000000000   1.7735520745789677E+02   1.8206405610755291E-01
    7400.0000000000000000   1.7946527972937815E+02   1.8009030568981815E-01
    7500.0000000000000000   1.8157345279115577E+02   1.7804386394655300E-01
    7600.0000000000000000   1.8367899479726685E+02   1.7601865815612525E-01
    7700.0000000000000000   1.8577928465096383E+02   1.7424458714147675E-01
    7800.0000000000000000   1.8787911749021308E+02   1.7226724227853737E-01
    7900.0000000000000000   1.8997398640864631E+02   1.7054586754066930E-01
    8000.0000000000000000   1.9206613201768684E+02   1.6882196822156698E-01
    8100.0000000000000000   1.9415731308888269E+02   1.6697938978044036E-01
    8200.0000000000000000   1.9624377838462388E+02   1.6534034826675631E-01
    8300.0000000000000000   1.9832814426998610E+02   1.6370023806144288E-01
    8400.0000000000000000   2.0041127150092387E+02   1.6193090346514419E-01
    8500.0000000000000000   2.0248797486548409E+02   1.6055778260197465E-01
    8600.0000000000000000   2.0456615071342731E+02   1.5883900958989353E-01
    8700.0000000000000000   2.0663977235775087E+02   1.5731922449547295E-01
    8800.0000000000000000   2.0870969695989371E+02   1.5593163083599171E-01
    8900.0000000000000000   2.1077912502611102E+02   1.5442170670845853E-01
    9000.0000000000000000   2.1284676368941953E+02   1.5285087290323593E-01
    9100.0000000000000000   2.1490826837337107E+02   1.5163193844586501E-01
    9200.0000000000000000   2.1696839174213449E+02   1.5035612540962642E-01
    9300.0000000000000000   2.1902893575549064E+02   1.4885684434382201E-01
    9400.0000000000000000   2.2108590584458193E+02   1.4749144783312351E-01
    9500.0000000000000000   2.2314057394043837E+02   1.4615212454198867E-01
    9600.0000000000000000   2.2519298637486247E+02   1.4482845837875258E-01
    9700.0000000000000000   2.2724244393101228E+02   1.4358134462850844E-01
    9800.0000000000000000   2.2928888061322016E+02   1.4242074443942246E-01
    9900.0000000000000000   2.3133301859624498E+02   1.4128872222729966E-01
   10000.0000000000000000   2.3337532047281394E+02   1.4014924814437499E-01
   11000.0000000000000000   2.5368719252414701E+02   1.2949134470709536E-01
   12000.0000000000000000   2.7381054438313402E+02   1.2005710020747055E-01
   13000.0000000000000000   2.9375579225182389E+02   1.1217107937345683E-01
   14000.0000000000000000   3.1354109670297203E+02   1.0538534809686066E-01
   15000.0000000000000000   3.3318056984634364E+02   9.9469547882957005E-02
   16000.0000000000000000   3.5268705022942902E+02   9.4192784226651144E-02
   17000.0000000000000000   3.7207289495700104E+02   8.9306311844621358E-02
   18000.0000000000000000   3.9134061388248341E+02   8.5107860123712756E-02
   19000.0000000000000000   4.1049625151393604E+02   8.1544900512243085E-02
   20000.0000000000000000   4.2955912767860775E+02   7.7938313983616336E-02
   21000.0000000000000000   4.4852839834957274E+02   7.4602605313161041E-02
   22000.0000000000000000   4.6740732916649716E+02   7.1600414038950622E-02
   23000.0000000000000000   4.8619398291171109E+02   6.9036600500517575E-02
   24000.0000000000000000   5.0490759485008368E+02   6.6576008186348151E-02
   25000.0000000000000000   5.2354136116119105E+02   6.4341164976717033E-02
   26000.0000000000000000   5.4210972496697991E+02   6.2050153306593324E-02
   27000.0000000000000000   5.6059762179656877E+02   6.0254459745614712E-02
   28000.0000000000000000   5.7902216218442129E+02   5.8388290185915820E-02
   29000.0000000000000000   5.9739395283853526E+02   5.6469220669018640E-02
   30000.0000000000000000   6.1567946646112307E+02   5.5336717924478966E-02
   31000.0000000000000000   6.3394371236211316E+02   5.3343631982451026E-02
   32000.0000000000000000   6.5211444429074925E+02   5.2303129779591971E-02
   33000.0000000000000000   6.7026154673090309E+02   5.0495248689127310E-02
   34000.0000000000000000   6.8834310901804304E+02   4.9211345887221210E-02
   35000.0000000000000000   7.0636142615756330E+02   4.8355574219049798E-02
   36000.0000000000000000   7.2435895595621685E+02   4.6844781965351211E-02
   37000.0000000000000000   7.4230555303465121E+02   4.5676696634839753E-02
   38000.0000000000000000   7.6019690259018932E+02   4.4578785211212876E-02
   39000.0000000000000000   7.7802606363467987E+02   4.3719487237929254E-02
   40000.0000000000000000   7.9582815133835777E+02   4.3207580795390339E-02
   41000.0000000000000000   8.1357869763705696E+02   4.2222048692371054E-02
   42000.0000000000000000   8.3133217956162400E+02   4.0913161471222037E-02
   43000.0000000000000000   8.4898697444418372E+02   4.0385735420334148E-02
   44000.0000000000000000   8.6664470877041219E+02   3.9544063109439101E-02
   45000.0000000000000000   8.8427212843340465E+02   3.8467475824938348E-02
   46000.0000000000000000   9.0180434894838243E+02   3.8299779668543754E-02
   47000.0000000000000000   9.1934220851936334E+02   3.7351270921383621E-02
   48000.0000000000000000   9.3686323513932916E+02   3.6438794287768667E-02
   49000.0000000000000000   9.5433385634678439E+02   3.5831454473122741E-02
   50000.0000000000000000   9.7177637958406683E+02   3.5126143606185024E-02
