       0.1000000000000000   1.0000000000000000E+30   0.0000000000000000E+00
       0.2000000000000000   1.0000000000000000E+30   0.0000000000000000E+00
       0.3000000000000000   1.0000000000000000E+30   0.0000000000000000E+00
       0.4000000000000000   1.0000000000000000E+30   0.0000000000000000E+00
       0.5000000000000000   1.0000000000000000E+30   0.0000000000000000E+00
       0.6000000000000000   1.0000000000000000E+30   0.0000000000000000E+00
       0.7000000000000000   1.0000000000000000E+30   0.0000000000000000E+00
       0.7999999999999999   1.0000000000000000E+30   0.0000000000000000E+00
       0.8999999999999999   1.0000000000000000E+30   0.0000000000000000E+00
       0.9999999999999999   1.0000000000000000E+30   0.0000000000000000E+00
       2.0000000000000000   1.0000000000000000E+30   0.0000000000000000E+00
       3.0000000000000000   1.0000000000000000E+30   0.0000000000000000E+00
       4.0000000000000000   1.0000000000000000E+30   0.0000000000000000E+00
       5.0000000000000000   1.0000000000000000E+30   0.0000000000000000E+00
       5.9989999999999997   1.0000000000000000E+30   0.0000000000000000E+00
       6.0000000000000000   4.8848636482380182E+06   1.2282840283912969E-06
       6.0010000000000003   4.8869042910445146E+06   1.2277711292597415E-06
       7.0000000000000000   2.7204746719076815E+02   2.2907784030330773E-02
       8.0000000000000000   1.1001127646490028E+02   5.8730888710656480E-02
       9.0000000000000000   6.7286812667411382E+01   9.9411881858105663E-02
      10.0000000000000000   4.8453027383010173E+01   1.4275761554188704E-01
      11.0000000000000000   3.8023390530934002E+01   1.8792225640016916E-01
      12.0000000000000000   3.1441170257485513E+01   2.3455541522087858E-01
      13.0000000000000000   2.6917312734999072E+01   2.8253409419537645E-01
      14.0000000000000000   2.3615837988139702E+01   3.3184182031382142E-01
      15.0000000000000000   2.1096781992354593E+01   3.8251448423940254E-01
      16.0000000000000000   1.9108007092977296E+01   4.3460435764415906E-01
      17.0000000000000000   1.7494889725911285E+01   4.8817369215262285E-01
      18.0000000000000000   1.6157781396074817E+01   5.4327898515809292E-01
      19.0000000000000000   1.5029463859474829E+01   5.9997449737234110E-01
      19.9989999999999988   1.4064169674331902E+01   6.5823653738530563E-01
      20.0000000000000000   1.4063274084483943E+01   6.5829559858976772E-01
      20.0010000000000012   1.4062377167363765E+01   6.5835470764937765E-01
      20.9989999999999988   1.3226529672855348E+01   7.1820050944691061E-01
      21.0000000000000000   1.3225747713192021E+01   7.1826128889609331E-01
      21.0010000000000012   1.3224964450405587E+01   7.1832219508755080E-01
      22.0000000000000000   1.2492309816600795E+01   7.7987058875185433E-01
      23.0000000000000000   1.1844569701316253E+01   8.4309535663706592E-01
      24.0000000000000000   1.1268462902666110E+01   9.0788223666258361E-01
      25.0000000000000000   1.0753039330835916E+01   9.7415331703888497E-01
      26.0000000000000000   1.0289765902693738E+01   1.0417888169510756E+00
      27.0000000000000000   9.8717372771623033E+00   1.1106500296253374E+00
      28.0000000000000000   9.4934131768222034E+00   1.1805609169158036E+00
      29.0000000000000000   9.1502359627499033E+00   1.2513190387977486E+00
      30.0000000000000000   8.8384172355227850E+00   1.3226970434635830E+00
      31.0000000000000000   8.5547633118368704E+00   1.3944477900950483E+00
      32.0000000000000000   8.2965504617903534E+00   1.4663086470858289E+00
      33.0000000000000000   8.0614216515131485E+00   1.5380087753809353E+00
      34.0000000000000000   7.8473040540150629E+00   1.6092778474572464E+00
      35.0000000000000000   7.6523723833456030E+00   1.6798477493355972E+00
      36.0000000000000000   7.4749840860134737E+00   1.7494640740028018E+00
      37.0000000000000000   7.3136649185333908E+00   1.8178871597828177E+00
      38.0000000000000000   7.1670734090590971E+00   1.8848990701130608E+00
      39.0000000000000000   7.0339892770255599E+00   1.9503048681417892E+00
      40.0000000000000000   6.9132941498149680E+00   2.0139367617703612E+00
      41.0000000000000000   6.8039666407427157E+00   2.0756521059417397E+00
      42.0000000000000000   6.7050692394149891E+00   2.1353356128647234E+00
      43.0000000000000000   6.6157428685659694E+00   2.1928972575398018E+00
      44.0000000000000000   6.5352003780741317E+00   2.2482713917806030E+00
      44.9990000000000023   6.4627887273163340E+00   2.3013626808339414E+00
      45.0000000000000000   6.4627200578131863E+00   2.3014146971136360E+00
      45.0009999999999977   6.4626513957070335E+00   2.3014667111376057E+00
      45.9990000000000023   6.3977043882342732E+00   2.3522536667988629E+00
      46.0000000000000000   6.3976427793506847E+00   2.3523034358423569E+00
      46.0009999999999977   6.3975812082158168E+00   2.3523531899943606E+00
      47.0000000000000000   6.3393654803135506E+00   2.4009317142254467E+00
      48.0000000000000000   6.2873358164090130E+00   2.4473097883938606E+00
      49.0000000000000000   6.2410510489880497E+00   2.4914602290529464E+00
      50.0000000000000000   6.2000506218412452E+00   2.5334177462140404E+00
      51.0000000000000000   6.1639156193536140E+00   2.5732252041174895E+00
      52.0000000000000000   6.1322629432404456E+00   2.6109335740454038E+00
      53.0000000000000000   6.1047430237519142E+00   2.6465996482763825E+00
      54.0000000000000000   6.0810378256697302E+00   2.6802839672140135E+00
      55.0000000000000000   6.0608559406504963E+00   2.7120511626646229E+00
      56.0000000000000000   6.0439316887459276E+00   2.7419676192862923E+00
      57.0000000000000000   6.0300221613437559E+00   2.7701012441176096E+00
      58.0000000000000000   6.0189056939869756E+00   2.7965202755947272E+00
      59.0000000000000000   6.0103792651123999E+00   2.8212930525768680E+00
      60.0000000000000000   6.0042567384230079E+00   2.8444875341233629E+00
      61.0000000000000000   6.0003681489636307E+00   2.8661703495226685E+00
      62.0000000000000000   5.9985571096702843E+00   2.8864071889022096E+00
      63.0000000000000000   5.9986805290378324E+00   2.9052618723846564E+00
      64.0000000000000000   6.0006066883655063E+00   2.9227966828934098E+00
      65.0000000000000000   6.0042141743008370E+00   2.9390722626696868E+00
      66.0000000000000000   6.0093920155316507E+00   2.9541466514980899E+00
      67.0000000000000000   6.0160374286926004E+00   2.9680761198305086E+00
      68.0000000000000000   6.0240556355119095E+00   2.9809150137906886E+00
      69.0000000000000000   6.0333590822941607E+00   2.9927154768292836E+00
      70.0000000000000000   6.0438672747688660E+00   3.0035272567047477E+00
      71.0000000000000000   6.0555053748539969E+00   3.0133983394626966E+00
      72.0000000000000000   6.0682041236007551E+00   3.0223745497335814E+00
      73.0000000000000000   6.0818995250362793E+00   3.0304996477520190E+00
      74.0000000000000000   6.0965318948016742E+00   3.0378155988431974E+00
      75.0000000000000000   6.1120462106651727E+00   3.0443621563723444E+00
      76.0000000000000000   6.1283908769094211E+00   3.0501776705470203E+00
      77.0000000000000000   6.1455182874044505E+00   3.0552982571313092E+00
      78.0000000000000000   6.1633837616466023E+00   3.0597587821493200E+00
      79.0000000000000000   6.1819460717539796E+00   3.0635919553937292E+00
      80.0000000000000000   6.2011662209265159E+00   3.0668294423387557E+00
      81.0000000000000000   6.2210082962452802E+00   3.0695010129872009E+00
      82.0000000000000000   6.2414384067204116E+00   3.0716351766472987E+00
      83.0000000000000000   6.2624248513409944E+00   3.0732591272924985E+00
      84.0000000000000000   6.2839382423484160E+00   3.0743984835612732E+00
      85.0000000000000000   6.3059507483180068E+00   3.0750778949069719E+00
      86.0000000000000000   6.3284364549694354E+00   3.0753205724980957E+00
      87.0000000000000000   6.3513708600291690E+00   3.0751488318887024E+00
      88.0000000000000000   6.3747311486589577E+00   3.0745837263828850E+00
      89.0000000000000000   6.3984958094340767E+00   3.0736452862634747E+00
      90.0000000000000000   6.4226444819072315E+00   3.0723527237045047E+00
      91.0000000000000000   6.4471581372942390E+00   3.0707241747943601E+00
      92.0000000000000000   6.4720189045646030E+00   3.0687768549174397E+00
      93.0000000000000000   6.4972098155670608E+00   3.0665272606373066E+00
      94.0000000000000000   6.5227148327955424E+00   3.0639910809184348E+00
      95.0000000000000000   6.5485190216534290E+00   3.0611830662979602E+00
      96.0000000000000000   6.5746080522209249E+00   3.0581174986359971E+00
      97.0000000000000000   6.6009684835740643E+00   3.0548078674453869E+00
      98.0000000000000000   6.6275876967289422E+00   3.0512668474450719E+00
      99.0000000000000000   6.6544536030221764E+00   3.0475067373035691E+00
     100.0000000000000000   6.6815547109854689E+00   3.0435392290045544E+00
     106.9989999999999952   6.8769831048449124E+00   3.0108274584583752E+00
     107.0010000000000048   6.8770402212009190E+00   3.0108170468856170E+00
     110.0000000000000000   6.9633872528258207E+00   2.9946425029477179E+00
     110.9989999999999952   6.9924438147660242E+00   2.9890236465457121E+00
     111.0010000000000048   6.9925021214130876E+00   2.9890122927741025E+00
     120.0000000000000000   7.2597322825039319E+00   2.9343747510418550E+00
     130.0000000000000000   7.5654514965233863E+00   2.8681131530436543E+00
     140.0000000000000000   7.8772697542835513E+00   2.7992037635152753E+00
     144.9989999999999952   8.0347288820712812E+00   2.7644508272713231E+00
     145.0010000000000048   8.0347920456761752E+00   2.7644369230249262E+00
     150.0000000000000000   8.1930275140844113E+00   2.7297356387264973E+00
     150.9989999999999952   8.2247273614768321E+00   2.7228201159605936E+00
     151.0010000000000048   8.2247908483583014E+00   2.7228062794751779E+00
     160.0000000000000000   8.5112613555841126E+00   2.6610077435234825E+00
     161.9989999999999952   8.5750781170294683E+00   2.6474343557224729E+00
     162.0010000000000048   8.5751419923740038E+00   2.6474208082973072E+00
     170.0000000000000000   8.8309576084682035E+00   2.5938155996599113E+00
     180.0000000000000000   9.1514016946071131E+00   2.5286305201210237E+00
     190.0000000000000000   9.4690577467880157E+00   2.4712637132453108E+00
     200.0000000000000000   9.7897265091695047E+00   2.4129772135222032E+00
     207.9989999999999952   1.0044833471925648E+01   2.3691748483836590E+00
     208.0010000000000048   1.0044903529400296E+01   2.3691573722938344E+00
     210.0000000000000000   1.0108468557367289E+01   2.3585767888524347E+00
     220.0000000000000000   1.0431539450619164E+01   2.3012759483600713E+00
     230.0000000000000000   1.0746511978084934E+01   2.2538290317649357E+00
     240.0000000000000000   1.1065599918257604E+01   2.2034237268520518E+00
     250.0000000000000000   1.1382778750569759E+01   2.1561094756506107E+00
     260.0000000000000000   1.1698153354402159E+01   2.1115939007031428E+00
     270.0000000000000000   1.2017094168022584E+01   2.0645778765119687E+00
     280.0000000000000000   1.2328982744276074E+01   2.0251330256467486E+00
     290.0000000000000000   1.2644360623352560E+01   1.9831437003784089E+00
     300.0000000000000000   1.2953109163436064E+01   1.9479152485839002E+00
     310.0000000000000000   1.3265252107663446E+01   1.9101432923797312E+00
     320.0000000000000000   1.3575841455730721E+01   1.8743062357127331E+00
     330.0000000000000000   1.3884944311287761E+01   1.8402519730451699E+00
     340.0000000000000000   1.4192623520613525E+01   1.8078442284670126E+00
     350.0000000000000000   1.4498937981483239E+01   1.7769605312660139E+00
     360.0000000000000000   1.4803942931871648E+01   1.7474905030871897E+00
     370.0000000000000000   1.5107690190217456E+01   1.7193344120488037E+00
     380.0000000000000000   1.5414432824817087E+01   1.6889748416402497E+00
     390.0000000000000000   1.5715721239249685E+01   1.6632840314428463E+00
     400.0000000000000000   1.6019972566200334E+01   1.6354171655503649E+00
     410.0000000000000000   1.6318977701660323E+01   1.6118721145440185E+00
     420.0000000000000000   1.6620903553930205E+01   1.5861878140505772E+00
     430.0000000000000000   1.6921704808990199E+01   1.5615331627583602E+00
     440.0000000000000000   1.7217531495949380E+01   1.5407611775007157E+00
     450.0000000000000000   1.7516224798611841E+01   1.5179117017241415E+00
     460.0000000000000000   1.7813893671043814E+01   1.4959207512445438E+00
     470.0000000000000000   1.8110568214992252E+01   1.4747389978354766E+00
     480.0000000000000000   1.8406277145168623E+01   1.4543208775642131E+00
     490.0000000000000000   1.8701047867619810E+01   1.4346242397970217E+00
     500.0000000000000000   1.8994906535511305E+01   1.4156100426840703E+00
     510.0000000000000000   1.9287878151283255E+01   1.3972420545041522E+00
     520.0000000000000000   1.9579986615836845E+01   1.3794866115463285E+00
     530.0000000000000000   1.9871254808274291E+01   1.3623123833463153E+00
     540.0000000000000000   2.0161704627413151E+01   1.3456901818138234E+00
     550.0000000000000000   2.0451357048924191E+01   1.3295927779746579E+00
     560.0000000000000000   2.0740232175010959E+01   1.3139947390674420E+00
     570.0000000000000000   2.1031719915737188E+01   1.2966752307866278E+00
     580.0000000000000000   2.1319057712656097E+01   1.2820476939378953E+00
     590.0000000000000000   2.1605673873476359E+01   1.2678511243531085E+00
     600.0000000000000000   2.1891585411795134E+01   1.2540660529704761E+00
     610.0000000000000000   2.2180057287341654E+01   1.2386329502941054E+00
     620.0000000000000000   2.2464568677619745E+01   1.2256530624138042E+00
     630.0000000000000000   2.2751627773868094E+01   1.2110599260729507E+00
     640.0000000000000000   2.3034799723991767E+01   1.1988158321206750E+00
     650.0000000000000000   2.3320504483499857E+01   1.1849924230944973E+00
     660.0000000000000000   2.3602393546149045E+01   1.1734225380589953E+00
     670.0000000000000000   2.3886797983395418E+01   1.1603066477220139E+00
     680.0000000000000000   2.4167457152295015E+01   1.1493559892789378E+00
     690.0000000000000000   2.4450611569004909E+01   1.1368921598210704E+00
     700.0000000000000000   2.4730090342311172E+01   1.1265116118978589E+00
     710.0000000000000000   2.5012041880802329E+01   1.1146501185841839E+00
     720.0000000000000000   2.5290386556616298E+01   1.1047956685828546E+00
     730.0000000000000000   2.5571179322290948E+01   1.0934918725740479E+00
     740.0000000000000000   2.5851405079121786E+01   1.0824633541605282E+00
     750.0000000000000000   2.6128108681557002E+01   1.0733376235987953E+00
     760.0000000000000000   2.6407237480447986E+01   1.0628068261226340E+00
     770.0000000000000000   2.6685827244041423E+01   1.0525232423591775E+00
     780.0000000000000000   2.6960978904224927E+01   1.0440478904462418E+00
     790.0000000000000000   2.7238528278237400E+01   1.0342103825812683E+00
     800.0000000000000000   2.7515565070606197E+01   1.0245954094080287E+00
     810.0000000000000000   2.7792097322003386E+01   1.0151954257347067E+00
     820.0000000000000000   2.8065292673208166E+01   1.0074903408072777E+00
     830.0000000000000000   2.8340852777815940E+01   9.9847779199064446E-01
     840.0000000000000000   2.8615932013328496E+01   9.8965977149937689E-01
     850.0000000000000000   2.8890538012591986E+01   9.8102977520505130E-01
     860.0000000000000000   2.9164679011670149E+01   9.7258118122149639E-01
     870.0000000000000000   2.9435598219300150E+01   9.6570463230271275E-01
     880.0000000000000000   2.9708841124457575E+01   9.5758425655795720E-01
     890.0000000000000000   2.9981638737599756E+01   9.4962943411563316E-01
     900.0000000000000000   3.0253997714778329E+01   9.4183494899372056E-01
     910.0000000000000000   3.0525924842221919E+01   9.3419565843657359E-01
     920.0000000000000000   3.0797426755392465E+01   9.2670662743211796E-01
     930.0000000000000000   3.1068509737906048E+01   9.1936321675835098E-01
     940.0000000000000000   3.1339179715472021E+01   9.1216107508552702E-01
     950.0000000000000000   3.1609442336159759E+01   9.0509608917365092E-01
     960.0000000000000000   3.1879303065648216E+01   8.9816433034291610E-01
     970.0000000000000000   3.2148767250310996E+01   8.9136201801802473E-01
     980.0000000000000000   3.2417840147537348E+01   8.8468550085865305E-01
     990.0000000000000000   3.2686526923869188E+01   8.7813125228667965E-01
    1000.0000000000000000   3.2954832655938404E+01   8.7169586644386021E-01
    1100.0000000000000000   3.5617975859466988E+01   8.1321252742828531E-01
    1118.9990000000000236   3.6119819605615902E+01   8.0328493358005082E-01
    1119.0009999999999764   3.6119872894042757E+01   8.0328367888917895E-01
    1200.0000000000000000   3.8250289956412857E+01   7.6264406778394744E-01
    1300.0000000000000000   4.0855105938322104E+01   7.1829289834757948E-01
    1400.0000000000000000   4.3435169336682634E+01   6.7892049396214738E-01
    1500.0000000000000000   4.5990534224854862E+01   6.4439941960801828E-01
    1600.0000000000000000   4.8525456872918596E+01   6.1313423790710719E-01
    1700.0000000000000000   5.1037432278373032E+01   5.8595265846644395E-01
    1800.0000000000000000   5.3534254377175976E+01   5.6027544937220386E-01
    1900.0000000000000000   5.6011071450079328E+01   5.3770879834908336E-01
    2000.0000000000000000   5.8473045022647440E+01   5.1667058112607478E-01
    2100.0000000000000000   6.0919286206412416E+01   4.9748492421960572E-01
    2200.0000000000000000   6.3352674705200940E+01   4.7937980713875417E-01
    2300.0000000000000000   6.5770018488363718E+01   4.6327900352306284E-01
    2400.0000000000000000   6.8176119364548228E+01   4.4791736382939473E-01
    2500.0000000000000000   7.0569633244488912E+01   4.3370697868038183E-01
    2600.0000000000000000   7.2951180456258854E+01   4.2052324982174738E-01
    2700.0000000000000000   7.5321307437694855E+01   4.0826370030690157E-01
    2800.0000000000000000   7.7680610900893527E+01   3.9682058846951845E-01
    2900.0000000000000000   8.0031414969537323E+01   3.8569111243448023E-01
    3000.0000000000000000   8.2372324411991528E+01   3.7524764604528316E-01
    3100.0000000000000000   8.4701682872038717E+01   3.6586904148089089E-01
    3200.0000000000000000   8.7023853687486223E+01   3.5663234067464289E-01
    3300.0000000000000000   8.9337060490252185E+01   3.4795228732171840E-01
    3400.0000000000000000   9.1641882924449206E+01   3.3973733646558146E-01
    3500.0000000000000000   9.3938613490076662E+01   3.3195175108439107E-01
    3600.0000000000000000   9.6227604367881099E+01   3.2455097284634621E-01
    3700.0000000000000000   9.8510171642439317E+01   3.1729223154148339E-01
    3800.0000000000000000   1.0078450552750303E+02   3.1056743967529205E-01
    3900.0000000000000000   1.0305100939730868E+02   3.0429026082435429E-01
    4000.0000000000000000   1.0531243588298503E+02   2.9798392789243505E-01
    4100.0000000000000000   1.0756554850590635E+02   2.9225879401236354E-01
    4200.0000000000000000   1.0981422043974771E+02   2.8644155832658935E-01
    4300.0000000000000000   1.1205470571679338E+02   2.8120426862151626E-01
    4400.0000000000000000   1.1429021224811727E+02   2.7598955698705557E-01
    4500.0000000000000000   1.1652073332760658E+02   2.7084973236216636E-01
    4600.0000000000000000   1.1874428606748018E+02   2.6610155286915671E-01
    4700.0000000000000000   1.2096193483469901E+02   2.6160714412295538E-01
    4800.0000000000000000   1.2317482623715038E+02   2.5716080140645237E-01
    4900.0000000000000000   1.2538216697935464E+02   2.5291718142951192E-01
    5000.0000000000000000   1.2758460282888208E+02   2.4879429922276566E-01
    5100.0000000000000000   1.2978206310328773E+02   2.4481047000233494E-01
    5200.0000000000000000   1.3197467735223384E+02   2.4095676373239763E-01
    5300.0000000000000000   1.3416286200369177E+02   2.3718782013321363E-01
    5400.0000000000000000   1.3634751741928702E+02   2.3337739904387397E-01
    5500.0000000000000000   1.3852542180024466E+02   2.2998483945734960E-01
    5600.0000000000000000   1.4069917518643277E+02   2.2665571466890452E-01
    5700.0000000000000000   1.4286950915654680E+02   2.2332474912324765E-01
    5800.0000000000000000   1.4503326759310042E+02   2.2037415575578936E-01
    5900.0000000000000000   1.4719647514927166E+02   2.1705912915740957E-01
    6000.0000000000000000   1.4935307675826883E+02   2.1414521558801375E-01
    6100.0000000000000000   1.5150521195691570E+02   2.1138699682392248E-01
    6200.0000000000000000   1.5365605017326661E+02   2.0838003777140013E-01
    6300.0000000000000000   1.5580153345291882E+02   2.0563480952232488E-01
    6400.0000000000000000   1.5794255997993380E+02   2.0303584192010374E-01
    6500.0000000000000000   1.6007938407565314E+02   2.0057797910110398E-01
    6600.0000000000000000   1.6221279001205906E+02   1.9816673210171040E-01
    6700.0000000000000000   1.6434433273780996E+02   1.9561002254855164E-01
    6800.0000000000000000   1.6647051841719750E+02   1.9333996701284140E-01
    6900.0000000000000000   1.6859477591790392E+02   1.9094422989778687E-01
    7000.0000000000000000   1.7071559706796612E+02   1.8861658487404104E-01
    7100.0000000000000000   1.7283303886909576E+02   1.8636606837472883E-01
    7200.0000000000000000   1.7494760584328574E+02   1.8412785847401511E-01
    7300.0000000000000000   1.7705712153730246E+02   1.8213649148997221E-01
    7400.0000000000000000   1.7916360658513162E+02   1.8016190054836062E-01
    7500.0000000000000000   1.8126819323531944E+02   1.7811463886290951E-01
    7600.0000000000000000   1.8337015219008978E+02   1.7608863294745677E-01
    7700.0000000000000000   1.8546687124843029E+02   1.7431378089827537E-01
    7800.0000000000000000   1.8756312952096539E+02   1.7233567340015515E-01
    7900.0000000000000000   1.8965443533047031E+02   1.7061355376868564E-01
    8000.0000000000000000   1.9174302183948907E+02   1.6888892667115210E-01
    8100.0000000000000000   1.9383064198472169E+02   1.6704563696985664E-01
    8200.0000000000000000   1.9591355721657604E+02   1.6540590014513082E-01
    8300.0000000000000000   1.9799437517809437E+02   1.6376511003493113E-01
    8400.0000000000000000   2.0007395380178446E+02   1.6199511042159645E-01
    8500.0000000000000000   2.0214712538649090E+02   1.6062133893420680E-01
    8600.0000000000000000   2.0422175979024686E+02   1.5890192921765686E-01
    8700.0000000000000000   2.0629185066540518E+02   1.5738152088620988E-01
    8800.0000000000000000   2.0835825235656094E+02   1.5599331702445624E-01
    8900.0000000000000000   2.1042415466403554E+02   1.5448279531527759E-01
    9000.0000000000000000   2.1248826913192227E+02   1.5291137615247766E-01
    9100.0000000000000000   2.1454626586768561E+02   1.5169186818167893E-01
    9200.0000000000000000   2.1660288159886539E+02   1.5041549311201319E-01
    9300.0000000000000000   2.1865991227489766E+02   1.4891566114358759E-01
    9400.0000000000000000   2.2071337683034233E+02   1.4754972452606774E-01
    9500.0000000000000000   2.2276454296917191E+02   1.4620987160237511E-01
    9600.0000000000000000   2.2481345692070073E+02   1.4488568597210322E-01
    9700.0000000000000000   2.2685942187549071E+02   1.4363806262376361E-01
    9800.0000000000000000   2.2890237211201594E+02   1.4247696242050362E-01
    9900.0000000000000000   2.3094302742287346E+02   1.4134444950410996E-01
   10000.0000000000000000   2.3298184889117448E+02   1.4020449376327040E-01
   11000.0000000000000000   2.5325908559566400E+02   1.2954221988296377E-01
   12000.0000000000000000   2.7334809157438372E+02   1.2010428131375309E-01
   13000.0000000000000000   2.9325928278139196E+02   1.1221509439627425E-01
   14000.0000000000000000   3.1301078747876397E+02   1.0542661743935426E-01
   15000.0000000000000000   3.3261669452900719E+02   9.9508411979061268E-02
   16000.0000000000000000   3.5208981991590031E+02   9.4229522786183739E-02
   17000.0000000000000000   3.7144249690657995E+02   8.9341157608846547E-02
   18000.0000000000000000   3.9067724250960845E+02   8.5141008915042407E-02
   19000.0000000000000000   4.0980009452052673E+02   8.1576518718817825E-02
   20000.0000000000000000   4.2883031944890712E+02   7.7968544228898609E-02
   21000.0000000000000000   4.4776708692241709E+02   7.4631570816044324E-02
   22000.0000000000000000   4.6661366118944466E+02   7.1628222012533591E-02
   23000.0000000000000000   4.8536812033747026E+02   6.9063344834027082E-02
   24000.0000000000000000   5.0404964223606385E+02   6.6601771584930664E-02
   25000.0000000000000000   5.2265145331944552E+02   6.4366020685954539E-02
   26000.0000000000000000   5.4118795418663206E+02   6.2074166515182973E-02
   27000.0000000000000000   5.5964413753260806E+02   6.0277688735949166E-02
   28000.0000000000000000   5.7803706125381689E+02   5.8410787285242315E-02
   29000.0000000000000000   5.9637730104852790E+02   5.6491033041412557E-02
   30000.0000000000000000   6.1463144832155206E+02   5.5357888234680679E-02
   31000.0000000000000000   6.3286429560180727E+02   5.3364198955754512E-02
   32000.0000000000000000   6.5100384645405222E+02   5.2323128676794561E-02
   33000.0000000000000000   6.6911975132000146E+02   5.0514711711604841E-02
   34000.0000000000000000   6.8717024567203089E+02   4.9230302524156423E-02
   35000.0000000000000000   7.0515762001365056E+02   4.8374051546488127E-02
   36000.0000000000000000   7.2312419063199559E+02   4.6862804904916545E-02
   37000.0000000000000000   7.4103991768376989E+02   4.5694288178492359E-02
   38000.0000000000000000   7.5890050379880790E+02   4.4595966617280866E-02
   39000.0000000000000000   7.7669903422854213E+02   4.3736278202726013E-02
   40000.0000000000000000   7.9447050688703246E+02   4.3223999603991051E-02
   41000.0000000000000000   8.1219053939294247E+02   4.2238112351524866E-02
   42000.0000000000000000   8.2991342518065323E+02   4.0928885826890131E-02
   43000.0000000000000000   8.4753789017262886E+02   4.0401135261947593E-02
   44000.0000000000000000   8.6516521621716754E+02   3.9559152262643622E-02
   45000.0000000000000000   8.8276226444736494E+02   3.8482267234324768E-02
   46000.0000000000000000   9.0026437354660504E+02   3.8314285471638648E-02
   47000.0000000000000000   9.1777203932707130E+02   3.7365502514989608E-02
   48000.0000000000000000   9.3526286802444270E+02   3.6452762387587656E-02
   49000.0000000000000000   9.5270340329210455E+02   3.5845169167465218E-02
   50000.0000000000000000   9.7011587788665497E+02   3.5139614404458196E-02
