       0.1000000000000000   1.0000000000000000E+30   0.0000000000000000E+00
       0.2000000000000000   1.0000000000000000E+30   0.0000000000000000E+00
       0.3000000000000000   1.0000000000000000E+30   0.0000000000000000E+00
       0.4000000000000000   1.0000000000000000E+30   0.0000000000000000E+00
       0.5000000000000000   1.0000000000000000E+30   0.0000000000000000E+00
       0.6000000000000000   1.0000000000000000E+30   0.0000000000000000E+00
       0.7000000000000000   1.0000000000000000E+30   0.0000000000000000E+00
       0.7999999999999999   1.0000000000000000E+30   0.0000000000000000E+00
       0.8999999999999999   1.0000000000000000E+30   0.0000000000000000E+00
       0.9999999999999999   1.0000000000000000E+30   0.0000000000000000E+00
       2.0000000000000000   1.0000000000000000E+30   0.0000000000000000E+00
       3.0000000000000000   1.0000000000000000E+30   0.0000000000000000E+00
       4.0000000000000000   1.0000000000000000E+30   0.0000000000000000E+00
       5.0000000000000000   1.0000000000000000E+30   0.0000000000000000E+00
       6.0000000000000000   1.0000000000000000E+30   0.0000000000000000E+00
       7.0000000000000000   1.0000000000000000E+30   0.0000000000000000E+00
       8.0000000000000000   1.0000000000000000E+30   0.0000000000000000E+00
       9.0000000000000000   1.0000000000000000E+30   0.0000000000000000E+00
      10.0000000000000000   1.0000000000000000E+30   0.0000000000000000E+00
      11.0000000000000000   1.0000000000000000E+30   0.0000000000000000E+00
      12.0000000000000000   1.0000000000000000E+30   0.0000000000000000E+00
      13.0000000000000000   1.0000000000000000E+30   0.0000000000000000E+00
      14.0000000000000000   1.0000000000000000E+30   0.0000000000000000E+00
      15.0000000000000000   1.0000000000000000E+30   0.0000000000000000E+00
      16.0000000000000000   1.0000000000000000E+30   0.0000000000000000E+00
      17.0000000000000000   1.0000000000000000E+30   0.0000000000000000E+00
      18.0000000000000000   1.0000000000000000E+30   0.0000000000000000E+00
      19.0000000000000000   1.0000000000000000E+30   0.0000000000000000E+00
      20.0000000000000000   1.0000000000000000E+30   0.0000000000000000E+00
      21.0000000000000000   1.0000000000000000E+30   0.0000000000000000E+00
      22.0000000000000000   1.0000000000000000E+30   0.0000000000000000E+00
      23.0000000000000000   1.0000000000000000E+30   0.0000000000000000E+00
      24.0000000000000000   1.0000000000000000E+30   0.0000000000000000E+00
      25.0000000000000000   1.0000000000000000E+30   0.0000000000000000E+00
      26.0000000000000000   1.0000000000000000E+30   0.0000000000000000E+00
      27.0000000000000000   1.0000000000000000E+30   0.0000000000000000E+00
      28.0000000000000000   1.0000000000000000E+30   0.0000000000000000E+00
      29.0000000000000000   1.0000000000000000E+30   0.0000000000000000E+00
      30.0000000000000000   1.0000000000000000E+30   0.0000000000000000E+00
      31.0000000000000000   1.0000000000000000E+30   0.0000000000000000E+00
      32.0000000000000000   1.0000000000000000E+30   0.0000000000000000E+00
      33.0000000000000000   1.0000000000000000E+30   0.0000000000000000E+00
      34.0000000000000000   1.0000000000000000E+30   0.0000000000000000E+00
      35.0000000000000000   1.0000000000000000E+30   0.0000000000000000E+00
      36.0000000000000000   1.0000000000000000E+30   0.0000000000000000E+00
      37.0000000000000000   1.0000000000000000E+30   0.0000000000000000E+00
      38.0000000000000000   1.0000000000000000E+30   0.0000000000000000E+00
      39.0000000000000000   1.0000000000000000E+30   0.0000000000000000E+00
      40.0000000000000000   1.0000000000000000E+30   0.0000000000000000E+00
      41.0000000000000000   1.0000000000000000E+30   0.0000000000000000E+00
      42.0000000000000000   1.0000000000000000E+30   0.0000000000000000E+00
      43.0000000000000000   1.0000000000000000E+30   0.0000000000000000E+00
      44.0000000000000000   1.0000000000000000E+30   0.0000000000000000E+00
      45.0000000000000000   1.0000000000000000E+30   0.0000000000000000E+00
      46.0000000000000000   1.0000000000000000E+30   0.0000000000000000E+00
      47.0000000000000000   1.0000000000000000E+30   0.0000000000000000E+00
      48.0000000000000000   1.0000000000000000E+30   0.0000000000000000E+00
      49.0000000000000000   1.0000000000000000E+30   0.0000000000000000E+00
      50.0000000000000000   1.0000000000000000E+30   0.0000000000000000E+00
      51.0000000000000000   1.0000000000000000E+30   0.0000000000000000E+00
      52.0000000000000000   1.0000000000000000E+30   0.0000000000000000E+00
      53.0000000000000000   1.0000000000000000E+30   0.0000000000000000E+00
      53.9990000000000023   1.0000000000000000E+30   0.0000000000000000E+00
      54.0000000000000000   1.0000000000000000E+30   0.0000000000000000E+00
      54.0009999999999977   1.0000000000000000E+30   0.0000000000000000E+00
      55.0000000000000000   1.0000000000000000E+30   0.0000000000000000E+00
      56.0000000000000000   1.0000000000000000E+30   0.0000000000000000E+00
      57.0000000000000000   1.0000000000000000E+30   0.0000000000000000E+00
      58.0000000000000000   1.0000000000000000E+30   0.0000000000000000E+00
      59.0000000000000000   1.0000000000000000E+30   0.0000000000000000E+00
      60.0000000000000000   1.0000000000000000E+30   0.0000000000000000E+00
      61.0000000000000000   1.0000000000000000E+30   0.0000000000000000E+00
      62.0000000000000000   1.0000000000000000E+30   0.0000000000000000E+00
      63.0000000000000000   1.0000000000000000E+30   0.0000000000000000E+00
      64.0000000000000000   1.0000000000000000E+30   0.0000000000000000E+00
      65.0000000000000000   1.0000000000000000E+30   0.0000000000000000E+00
      65.9989999999999952   1.0000000000000000E+30   0.0000000000000000E+00
      66.0000000000000000   1.0000000000000000E+30   0.0000000000000000E+00
      66.0010000000000048   1.0000000000000000E+30   0.0000000000000000E+00
      67.0000000000000000   1.0000000000000000E+30   0.0000000000000000E+00
      67.9989999999999952   1.0000000000000000E+30   0.0000000000000000E+00
      68.0000000000000000   1.0000000000000000E+30   0.0000000000000000E+00
      68.0010000000000048   1.0000000000000000E+30   0.0000000000000000E+00
      69.0000000000000000   1.0000000000000000E+30   0.0000000000000000E+00
      70.0000000000000000   1.0000000000000000E+30   0.0000000000000000E+00
      71.0000000000000000   1.0000000000000000E+30   0.0000000000000000E+00
      72.0000000000000000   1.0000000000000000E+30   0.0000000000000000E+00
      72.9989999999999952   1.0000000000000000E+30   0.0000000000000000E+00
      73.0000000000000000   1.0000000000000000E+30   0.0000000000000000E+00
      73.0010000000000048   1.0000000000000000E+30   0.0000000000000000E+00
      74.0000000000000000   1.0000000000000000E+30   0.0000000000000000E+00
      74.9989999999999952   1.0000000000000000E+30   0.0000000000000000E+00
      75.0000000000000000   1.0000000000000000E+30   0.0000000000000000E+00
      75.0010000000000048   1.0000000000000000E+30   0.0000000000000000E+00
      76.0000000000000000   1.0000000000000000E+30   0.0000000000000000E+00
      77.0000000000000000   1.0000000000000000E+30   0.0000000000000000E+00
      78.0000000000000000   1.0000000000000000E+30   0.0000000000000000E+00
      79.0000000000000000   1.0000000000000000E+30   0.0000000000000000E+00
      79.9989999999999952   1.0000000000000000E+30   0.0000000000000000E+00
      80.0000000000000000   1.0000000000000000E+30   0.0000000000000000E+00
      80.0010000000000048   1.0000000000000000E+30   0.0000000000000000E+00
      81.0000000000000000   1.0000000000000000E+30   0.0000000000000000E+00
      81.9989999999999952   1.0000000000000000E+30   0.0000000000000000E+00
      82.0000000000000000   1.0000000000000000E+30   0.0000000000000000E+00
      82.0010000000000048   1.0000000000000000E+30   0.0000000000000000E+00
      83.0000000000000000   1.0000000000000000E+30   0.0000000000000000E+00
      84.0000000000000000   1.0000000000000000E+30   0.0000000000000000E+00
      85.0000000000000000   1.0000000000000000E+30   0.0000000000000000E+00
      86.0000000000000000   1.0000000000000000E+30   0.0000000000000000E+00
      87.0000000000000000   1.0000000000000000E+30   0.0000000000000000E+00
      88.0000000000000000   1.0000000000000000E+30   0.0000000000000000E+00
      89.0000000000000000   1.0000000000000000E+30   0.0000000000000000E+00
      90.0000000000000000   1.0000000000000000E+30   0.0000000000000000E+00
      90.9989999999999952   1.0000000000000000E+30   0.0000000000000000E+00
      91.0000000000000000   1.0000000000000000E+30   0.0000000000000000E+00
      91.0010000000000048   1.0000000000000000E+30   0.0000000000000000E+00
      91.9989999999999952   1.0000000000000000E+30   0.0000000000000000E+00
      92.0000000000000000   1.0000000000000000E+30   0.0000000000000000E+00
      92.0010000000000048   1.0000000000000000E+30   0.0000000000000000E+00
      93.0000000000000000   1.0000000000000000E+30   0.0000000000000000E+00
      93.9989999999999952   1.0000000000000000E+30   0.0000000000000000E+00
      94.0000000000000000   1.0000000000000000E+30   0.0000000000000000E+00
      94.0010000000000048   1.0000000000000000E+30   0.0000000000000000E+00
      95.0000000000000000   1.0000000000000000E+30   0.0000000000000000E+00
      96.0000000000000000   1.0000000000000000E+30   0.0000000000000000E+00
      97.0000000000000000   1.0000000000000000E+30   0.0000000000000000E+00
      98.0000000000000000   1.0000000000000000E+30   0.0000000000000000E+00
      99.0000000000000000   1.0000000000000000E+30   0.0000000000000000E+00
     100.0000000000000000   1.0000000000000000E+30   0.0000000000000000E+00
     106.9989999999999952   1.0000000000000000E+30   0.0000000000000000E+00
     107.0010000000000048   1.0000000000000000E+30   0.0000000000000000E+00
     110.0000000000000000   1.0000000000000000E+30   0.0000000000000000E+00
     116.9989999999999952   1.0000000000000000E+30   0.0000000000000000E+00
     117.0010000000000048   1.0000000000000000E+30   0.0000000000000000E+00
     120.0000000000000000   1.0000000000000000E+30   0.0000000000000000E+00
     126.9989999999999952   1.0000000000000000E+30   0.0000000000000000E+00
     127.0010000000000048   1.0000000000000000E+30   0.0000000000000000E+00
     130.0000000000000000   1.0000000000000000E+30   0.0000000000000000E+00
     140.0000000000000000   1.0000000000000000E+30   0.0000000000000000E+00
     140.9989999999999952   1.0000000000000000E+30   0.0000000000000000E+00
     141.0010000000000048   1.0000000000000000E+30   0.0000000000000000E+00
     150.0000000000000000   1.0000000000000000E+30   0.0000000000000000E+00
     160.0000000000000000   1.0000000000000000E+30   0.0000000000000000E+00
     170.0000000000000000   1.0000000000000000E+30   0.0000000000000000E+00
     180.0000000000000000   1.0000000000000000E+30   0.0000000000000000E+00
     190.0000000000000000   1.0000000000000000E+30   0.0000000000000000E+00
     200.0000000000000000   1.0000000000000000E+30   0.0000000000000000E+00
     210.0000000000000000   1.0000000000000000E+30   0.0000000000000000E+00
     220.0000000000000000   1.0000000000000000E+30   0.0000000000000000E+00
     230.0000000000000000   1.0000000000000000E+30   0.0000000000000000E+00
     240.0000000000000000   1.0000000000000000E+30   0.0000000000000000E+00
     250.0000000000000000   1.0000000000000000E+30   0.0000000000000000E+00
     260.0000000000000000   1.0000000000000000E+30   0.0000000000000000E+00
     270.0000000000000000   1.0000000000000000E+30   0.0000000000000000E+00
     280.0000000000000000   1.0000000000000000E+30   0.0000000000000000E+00
     290.0000000000000000   1.0000000000000000E+30   0.0000000000000000E+00
     300.0000000000000000   1.0000000000000000E+30   0.0000000000000000E+00
     310.0000000000000000   1.0000000000000000E+30   0.0000000000000000E+00
     320.0000000000000000   1.0000000000000000E+30   0.0000000000000000E+00
     330.0000000000000000   1.0000000000000000E+30   0.0000000000000000E+00
     340.0000000000000000   1.0000000000000000E+30   0.0000000000000000E+00
     350.0000000000000000   1.0000000000000000E+30   0.0000000000000000E+00
     360.0000000000000000   1.0000000000000000E+30   0.0000000000000000E+00
     370.0000000000000000   1.0000000000000000E+30   0.0000000000000000E+00
     380.0000000000000000   1.0000000000000000E+30   0.0000000000000000E+00
     390.0000000000000000   1.0000000000000000E+30   0.0000000000000000E+00
     400.0000000000000000   1.0000000000000000E+30   0.0000000000000000E+00
     410.0000000000000000   1.0000000000000000E+30   0.0000000000000000E+00
     420.0000000000000000   1.0000000000000000E+30   0.0000000000000000E+00
     430.0000000000000000   1.0000000000000000E+30   0.0000000000000000E+00
     440.0000000000000000   1.0000000000000000E+30   0.0000000000000000E+00
     450.0000000000000000   1.0000000000000000E+30   0.0000000000000000E+00
     460.0000000000000000   1.0000000000000000E+30   0.0000000000000000E+00
     470.0000000000000000   1.0000000000000000E+30   0.0000000000000000E+00
     480.0000000000000000   1.0000000000000000E+30   0.0000000000000000E+00
     490.0000000000000000   1.0000000000000000E+30   0.0000000000000000E+00
     500.0000000000000000   1.0000000000000000E+30   0.0000000000000000E+00
     510.0000000000000000   1.0000000000000000E+30   0.0000000000000000E+00
     520.0000000000000000   1.0000000000000000E+30   0.0000000000000000E+00
     530.0000000000000000   1.0000000000000000E+30   0.0000000000000000E+00
     537.9990000000000236   1.0000000000000000E+30   0.0000000000000000E+00
     538.0009999999999764   1.0000000000000000E+30   0.0000000000000000E+00
     540.0000000000000000   1.0000000000000000E+30   0.0000000000000000E+00
     550.0000000000000000   1.0000000000000000E+30   0.0000000000000000E+00
     560.0000000000000000   1.0000000000000000E+30   0.0000000000000000E+00
     570.0000000000000000   1.0000000000000000E+30   0.0000000000000000E+00
     580.0000000000000000   1.0000000000000000E+30   0.0000000000000000E+00
     590.0000000000000000   1.0000000000000000E+30   0.0000000000000000E+00
     600.0000000000000000   1.0000000000000000E+30   0.0000000000000000E+00
     610.0000000000000000   1.0000000000000000E+30   0.0000000000000000E+00
     620.0000000000000000   1.0000000000000000E+30   0.0000000000000000E+00
     630.0000000000000000   1.0000000000000000E+30   0.0000000000000000E+00
     640.0000000000000000   1.0000000000000000E+30   0.0000000000000000E+00
     650.0000000000000000   1.0000000000000000E+30   0.0000000000000000E+00
     660.0000000000000000   1.0000000000000000E+30   0.0000000000000000E+00
     670.0000000000000000   1.0000000000000000E+30   0.0000000000000000E+00
     680.0000000000000000   1.0000000000000000E+30   0.0000000000000000E+00
     690.0000000000000000   1.0000000000000000E+30   0.0000000000000000E+00
     700.0000000000000000   1.0000000000000000E+30   0.0000000000000000E+00
     710.0000000000000000   1.0000000000000000E+30   0.0000000000000000E+00
     720.0000000000000000   1.0000000000000000E+30   0.0000000000000000E+00
     730.0000000000000000   1.0000000000000000E+30   0.0000000000000000E+00
     740.0000000000000000   1.0000000000000000E+30   0.0000000000000000E+00
     750.0000000000000000   1.0000000000000000E+30   0.0000000000000000E+00
     760.0000000000000000   1.0000000000000000E+30   0.0000000000000000E+00
     770.0000000000000000   1.0000000000000000E+30   0.0000000000000000E+00
     780.0000000000000000   1.0000000000000000E+30   0.0000000000000000E+00
     784.9990000000000236   1.0000000000000000E+30   0.0000000000000000E+00
     785.0009999999999764   1.0000000000000000E+30   0.0000000000000000E+00
     790.0000000000000000   1.0000000000000000E+30   0.0000000000000000E+00
     799.9990000000000236   1.0000000000000000E+30   0.0000000000000000E+00
     800.0000000000000000   1.0000000000000000E+30   0.0000000000000000E+00
     800.0009999999999764   1.0000000000000000E+30   0.0000000000000000E+00
     810.0000000000000000   1.0000000000000000E+30   0.0000000000000000E+00
     820.0000000000000000   1.0000000000000000E+30   0.0000000000000000E+00
     830.0000000000000000   1.0000000000000000E+30   0.0000000000000000E+00
     840.0000000000000000   1.0000000000000000E+30   0.0000000000000000E+00
     850.0000000000000000   1.0000000000000000E+30   0.0000000000000000E+00
     859.9990000000000236   1.0000000000000000E+30   0.0000000000000000E+00
     860.0000000000000000   1.0000000000000000E+30   0.0000000000000000E+00
     860.0009999999999764   1.0000000000000000E+30   0.0000000000000000E+00
     870.0000000000000000   1.0000000000000000E+30   0.0000000000000000E+00
     876.9990000000000236   1.0000000000000000E+30   0.0000000000000000E+00
     877.0009999999999764   1.0000000000000000E+30   0.0000000000000000E+00
     880.0000000000000000   1.0000000000000000E+30   0.0000000000000000E+00
     890.0000000000000000   1.0000000000000000E+30   0.0000000000000000E+00
     900.0000000000000000   1.0000000000000000E+30   0.0000000000000000E+00
     910.0000000000000000   1.0000000000000000E+30   0.0000000000000000E+00
     920.0000000000000000   1.0000000000000000E+30   0.0000000000000000E+00
     930.0000000000000000   1.0000000000000000E+30   0.0000000000000000E+00
     930.9990000000000236   1.0000000000000000E+30   0.0000000000000000E+00
     931.0009999999999764   1.0000000000000000E+30   0.0000000000000000E+00
     937.9990000000000236   1.0000000000000000E+30   0.0000000000000000E+00
     938.0009999999999764   3.0142871050154761E+12   3.1118469054897280E-10
     940.0000000000000000   2.4832247699680331E+08   3.7792262419982617E-06
     950.0000000000000000   1.7108361344420664E+07   5.4990265293163170E-05
     957.9990000000000236   7.9202996603006283E+06   1.1901576488238841E-04
     958.0009999999999764   7.9192942716824701E+06   1.1903093204038650E-04
     960.0000000000000000   6.8546402417375250E+06   1.3758576800886345E-04
     970.0000000000000000   3.8782214807983153E+06   2.4377097473355264E-04
     980.0000000000000000   2.5599355818515494E+06   3.7019658224157672E-04
     990.0000000000000000   1.8445532120434460E+06   5.1500402438561246E-04
    1000.0000000000000000   1.4066287649880154E+06   6.7694786363025759E-04
    1014.9990000000001373   1.0062803521090521E+06   9.4962645398096585E-04
    1015.0010000000000900   1.0062427284979530E+06   9.4966240237087207E-04
    1023.9990000000000236   8.4778197597083251E+05   1.1295455396850135E-03
    1024.0009999999999764   8.4772703516896721E+05   1.1296197935848002E-03
    1046.9990000000000236   5.8648013515265065E+05   1.6415585793409066E-03
    1047.0009999999999764   5.8646422504168237E+05   1.6416038650612322E-03
    1100.0000000000000000   3.1624328374842234E+05   3.0814169422226628E-03
    1102.9990000000000236   3.0733278502674802E+05   3.1729091931401057E-03
    1103.0009999999999764   3.0732716007727839E+05   3.1729686914228222E-03
    1197.9990000000000236   1.5193320551318815E+05   6.5556249637802140E-03
    1198.0009999999999764   1.5193143916722821E+05   6.5557040559597844E-03
    1200.0000000000000000   1.5015603330377076E+05   6.6361392840580628E-03
    1300.0000000000000000   9.1981199653131334E+04   1.1071975696561764E-02
    1307.9990000000000236   8.9032909694442045E+04   1.1458368282095720E-02
    1308.0009999999999764   8.9032199140414785E+04   1.1458464657143362E-02
    1400.0000000000000000   6.4291001966694137E+04   1.6183069252814292E-02
    1500.0000000000000000   4.8749092912553286E+04   2.1794715937267565E-02
    1600.0000000000000000   3.9078699124217739E+04   2.7751140841299666E-02
    1700.0000000000000000   3.2625609743851412E+04   3.3910137255268792E-02
    1800.0000000000000000   2.8098035398867676E+04   4.0143062205869710E-02
    1900.0000000000000000   2.4800843587879452E+04   4.6336232986817452E-02
    2000.0000000000000000   2.2330012774177841E+04   5.2393969043423132E-02
    2100.0000000000000000   2.0436562811303804E+04   5.8239280036878588E-02
    2200.0000000000000000   1.8959291981929797E+04   6.3815010820069074E-02
    2300.0000000000000000   1.7789890323764597E+04   6.9081899386590387E-02
    2400.0000000000000000   1.6853208842953569E+04   7.4016457174923431E-02
    2500.0000000000000000   1.6095738854534748E+04   7.8608046095077239E-02
    2600.0000000000000000   1.5478525683322909E+04   8.2856020918712150E-02
    2700.0000000000000000   1.4972679861538711E+04   8.6767034431320819E-02
    2800.0000000000000000   1.4556386063952832E+04   9.0353012573488989E-02
    2900.0000000000000000   1.4212952244013524E+04   9.3629175969215897E-02
    3000.0000000000000000   1.3929415314589694E+04   9.6612838622782929E-02
    3100.0000000000000000   1.3695600131970647E+04   9.9322241971019992E-02
    3200.0000000000000000   1.3503415797420001E+04   1.0177595937328622E-01
    3300.0000000000000000   1.3346373993171283E+04   1.0399227345059102E-01
    3400.0000000000000000   1.3219215104396157E+04   1.0598889898736669E-01
    3500.0000000000000000   1.3117641828461748E+04   1.0778271956639608E-01
    3600.0000000000000000   1.3038109300127597E+04   1.0938972490771864E-01
    3700.0000000000000000   1.2977684301107978E+04   1.1082477104734373E-01
    3800.0000000000000000   1.2933903565430321E+04   1.1210182808238331E-01
    3900.0000000000000000   1.2904699363376687E+04   1.1323377754739383E-01
    4000.0000000000000000   1.2888318786371909E+04   1.1423254506160394E-01
    4100.0000000000000000   1.2883267419134914E+04   1.1510914660967320E-01
    4200.0000000000000000   1.2888269126712668E+04   1.1587365920798870E-01
    4300.0000000000000000   1.2902222250534642E+04   1.1653538632929732E-01
    4400.0000000000000000   1.2924176250672806E+04   1.1710283516958531E-01
    4500.0000000000000000   1.2953302504387670E+04   1.1758384475073810E-01
    4600.0000000000000000   1.2988881122092802E+04   1.1798556276019544E-01
    4700.0000000000000000   1.3030279478389726E+04   1.1831456211196588E-01
    4800.0000000000000000   1.3076941672831430E+04   1.1857686586671876E-01
    4900.0000000000000000   1.3128377486535523E+04   1.1877798632680507E-01
    5000.0000000000000000   1.3184152281707176E+04   1.1892298642428835E-01
    5100.0000000000000000   1.3243881018185020E+04   1.1901649236168159E-01
    5200.0000000000000000   1.3307219006613088E+04   1.1906277097898675E-01
    5300.0000000000000000   1.3373859568471504E+04   1.1906571556675963E-01
    5400.0000000000000000   1.3443527290269125E+04   1.1902891370644425E-01
    5500.0000000000000000   1.3515974900109151E+04   1.1895565148721150E-01
    5600.0000000000000000   1.3590979350962556E+04   1.1884895649875146E-01
    5700.0000000000000000   1.3668339835345458E+04   1.1871160304019668E-01
    5800.0000000000000000   1.3747873945222595E+04   1.1854615119712793E-01
    5900.0000000000000000   1.3829417058177103E+04   1.1835494573642602E-01
    6000.0000000000000000   1.3912818744168677E+04   1.1814015844891226E-01
    6100.0000000000000000   1.3997942907881566E+04   1.1790377529418247E-01
    6200.0000000000000000   1.4084664350165656E+04   1.1764764200073775E-01
    6300.0000000000000000   1.4172869604254913E+04   1.1737344567523046E-01
    6400.0000000000000000   1.4262454205599559E+04   1.1708275131054291E-01
    6500.0000000000000000   1.4353322582931505E+04   1.1677699993004294E-01
    6600.0000000000000000   1.4445386609011914E+04   1.1645752613818840E-01
    6700.0000000000000000   1.4538566235037135E+04   1.1612554831351679E-01
    6800.0000000000000000   1.4632786285346985E+04   1.1578221138850987E-01
    6900.0000000000000000   1.4727978206953865E+04   1.1542856320573822E-01
    7000.0000000000000000   1.4824078702140831E+04   1.1506557144925839E-01
    7100.0000000000000000   1.4921028937325513E+04   1.1469413560456353E-01
    7200.0000000000000000   1.5018774689464106E+04   1.1431508443232447E-01
    7300.0000000000000000   1.5117265377794027E+04   1.1392918682693609E-01
    7400.0000000000000000   1.5216454155262387E+04   1.1353715510605189E-01
    7500.0000000000000000   1.5316297475120145E+04   1.1313964899834887E-01
    7600.0000000000000000   1.5416754968658981E+04   1.1273727506662544E-01
    7700.0000000000000000   1.5517788798269601E+04   1.1233060059414049E-01
    7714.9989999999997963   1.5532990373060284E+04   1.1226926536698270E-01
    7715.0010000000002037   1.5532992400897148E+04   1.1226925718259693E-01
    7800.0000000000000000   1.5619363795725892E+04   1.1192014918007312E-01
    7900.0000000000000000   1.5721447022688162E+04   1.1150640625355024E-01
    8000.0000000000000000   1.5824008014413290E+04   1.1108981934806943E-01
    8100.0000000000000000   1.5927017838368503E+04   1.1067080777179542E-01
    8200.0000000000000000   1.6030449706686088E+04   1.1024975682765295E-01
    8300.0000000000000000   1.6134278392905873E+04   1.0982702533323808E-01
    8337.9989999999997963   1.6173831432024574E+04   1.0966601956200221E-01
    8338.0010000000002037   1.6173833515227127E+04   1.0966601108282810E-01
    8400.0000000000000000   1.6238480454027353E+04   1.0940294264786149E-01
    8500.0000000000000000   1.6343033704360583E+04   1.0897781753937406E-01
    8600.0000000000000000   1.6447917249688591E+04   1.0855193553773516E-01
    8700.0000000000000000   1.6553111580918361E+04   1.0812556071309425E-01
    8800.0000000000000000   1.6658598498875504E+04   1.0769893519978736E-01
    8900.0000000000000000   1.6764360438503925E+04   1.0727228902992265E-01
    8985.9989999999997963   1.6855522380877599E+04   1.0690551873420105E-01
    8986.0010000000002037   1.6855524503106742E+04   1.0690551020703629E-01
    9000.0000000000000000   1.6870381383708627E+04   1.0684582859720256E-01
    9100.0000000000000000   1.6976645781574061E+04   1.0641975009747318E-01
    9200.0000000000000000   1.7083139239544340E+04   1.0599423294624964E-01
    9300.0000000000000000   1.7189848180080993E+04   1.0556944122780508E-01
    9400.0000000000000000   1.7296759539980860E+04   1.0514553137573696E-01
    9500.0000000000000000   1.7403861275310333E+04   1.0472264346011714E-01
    9600.0000000000000000   1.7511141805737025E+04   1.0430090854967421E-01
    9662.9989999999997963   1.7578814447060719E+04   1.0403586559106025E-01
    9663.0010000000002037   1.7578816596469496E+04   1.0403585718512029E-01
    9700.0000000000000000   1.7618590357912792E+04   1.0388044672417232E-01
    9800.0000000000000000   1.7726196577161598E+04   1.0346136921619091E-01
    9900.0000000000000000   1.7833950612250504E+04   1.0304378027800649E-01
   10000.0000000000000000   1.7941843441119865E+04   1.0262777119520701E-01
   11000.0000000000000000   1.9023259661387052E+04   9.8697539089929676E-02
   12000.0000000000000000   2.0116631924348931E+04   9.4939883768553543E-02
   13000.0000000000000000   2.1200473103029672E+04   9.1593213712838503E-02
   14000.0000000000000000   2.2294086734538469E+04   8.8313435102926482E-02
   15000.0000000000000000   2.3395538683311312E+04   8.5110261876779503E-02
   16000.0000000000000000   2.4469863656747955E+04   8.2462203999489406E-02
   17000.0000000000000000   2.5568447907553524E+04   7.9609228371325336E-02
   18000.0000000000000000   2.6641724390451840E+04   7.7225698313168625E-02
   19000.0000000000000000   2.7722227011034916E+04   7.4847321733080729E-02
   20000.0000000000000000   2.8794536980894543E+04   7.2666076139087155E-02
   21000.0000000000000000   2.9873513367508931E+04   7.0482213067234054E-02
   22000.0000000000000000   3.0930779271315816E+04   6.8634223169749112E-02
   23000.0000000000000000   3.1995033140238807E+04   6.6761622659441106E-02
   24000.0000000000000000   3.3052492217753956E+04   6.5022651746589791E-02
   25000.0000000000000000   3.4103570962335987E+04   6.3402930526412396E-02
   26000.0000000000000000   3.5148647828299538E+04   6.1890102492073044E-02
   27000.0000000000000000   3.6188068898851947E+04   6.0473489427524424E-02
   28000.0000000000000000   3.7234340273776397E+04   5.9016347681199309E-02
   29000.0000000000000000   3.8263080052152327E+04   5.7770407412015473E-02
   30000.0000000000000000   3.9298783934643710E+04   5.6477678233049847E-02
   31000.0000000000000000   4.0329505397062247E+04   5.5258487213929515E-02
   32000.0000000000000000   4.1355470743379927E+04   5.4106519324382575E-02
   33000.0000000000000000   4.2376890395971299E+04   5.3016176606427053E-02
   34000.0000000000000000   4.3393960692938388E+04   5.1982474951145129E-02
   35000.0000000000000000   4.4406865231668147E+04   5.1000960364840656E-02
   36000.0000000000000000   4.5415775749702276E+04   5.0067641226740851E-02
   37000.0000000000000000   4.6420852996723268E+04   4.9178930368098707E-02
   38000.0000000000000000   4.7432792121130769E+04   4.8240020114845267E-02
   39000.0000000000000000   4.8430474252007407E+04   4.7433680543800906E-02
   40000.0000000000000000   4.9435062575680888E+04   4.6576339311982039E-02
   41000.0000000000000000   5.0425879192076834E+04   4.5841245198412886E-02
   42000.0000000000000000   5.1423610710660578E+04   4.5054863148299658E-02
   43000.0000000000000000   5.2418052846073639E+04   4.4301546163709488E-02
   44000.0000000000000000   5.3399350120939023E+04   4.3657592342622557E-02
   45000.0000000000000000   5.4387577423767798E+04   4.2962490722265233E-02
   46000.0000000000000000   5.5372806926817808E+04   4.2294758178642762E-02
   47000.0000000000000000   5.6355123707996485E+04   4.1652785447472376E-02
   48000.0000000000000000   5.7334612016633604E+04   4.1035066194053824E-02
   49000.0000000000000000   5.8311353225576619E+04   4.0440203283784476E-02
   50000.0000000000000000   5.9285424360345532E+04   3.9866910489983490E-02
