       0.1000000000000000   6.2499999999999992E+28
       0.2000000000000000   6.2499999999999992E+28
       0.3000000000000000   6.2499999999999992E+28
       0.4000000000000000   6.2499999999999992E+28
       0.5000000000000000   6.2499999999999992E+28
       0.6000000000000000   6.2499999999999992E+28
       0.7000000000000000   6.2499999999999992E+28
       0.7999999999999999   6.2499999999999992E+28
       0.8999999999999999   6.2499999999999992E+28
       0.9999999999999999   6.2499999999999992E+28
       2.0000000000000000   6.2499999999999992E+28
       3.0000000000000000   6.2499999999999992E+28
       4.0000000000000000   6.2499999999999992E+28
       5.0000000000000000   6.2499999999999992E+28
       6.0000000000000000   6.2499999999999992E+28
       7.0000000000000000   6.2499999999999992E+28
       8.0000000000000000   1.7358341938071546E+03
       9.0000000000000000   3.8710401567719259E+03
      10.0000000000000000   1.7957597554827416E+03
      11.0000000000000000   7.8254221505916780E+02
      12.0000000000000000   6.7653497984710680E+02
      13.0000000000000000   6.7551843079917239E+02
      14.0000000000000000   1.7885544171057495E+02
      15.0000000000000000   1.6700273741150778E+02
      16.0000000000000000   1.5891448890699942E+02
      17.0000000000000000   1.5400412916306772E+02
      18.0000000000000000   1.5051414000517860E+02
      19.0000000000000000   1.4807654891748035E+02
      20.0000000000000000   1.4645863238901163E+02
      21.0000000000000000   1.4516340901828568E+02
      22.0000000000000000   1.4476213225461257E+02
      23.0000000000000000   1.4435233179474417E+02
      24.0000000000000000   1.4400686999927422E+02
      25.0000000000000000   1.4421744661099618E+02
      26.0000000000000000   1.4414825686151275E+02
      27.0000000000000000   1.4439958173239742E+02
      28.0000000000000000   1.4475367804884334E+02
      29.0000000000000000   1.4099831667161234E+02
      30.0000000000000000   1.4089704472055379E+02
      31.0000000000000000   1.4100758618746360E+02
      32.0000000000000000   1.4121590529537096E+02
      33.0000000000000000   1.4153244983738708E+02
      34.0000000000000000   1.4198956446484397E+02
      35.0000000000000000   1.4246639592324559E+02
      36.0000000000000000   1.4309354259795271E+02
      37.0000000000000000   1.4381768365211192E+02
      38.0000000000000000   1.4445667664719508E+02
      39.0000000000000000   1.4549628387214571E+02
      40.0000000000000000   1.4642355355741009E+02
      41.0000000000000000   1.4762492243813506E+02
      42.0000000000000000   1.4864691960909272E+02
      43.0000000000000000   1.4998735362893080E+02
      44.0000000000000000   1.5121465660688105E+02
      45.0000000000000000   1.5280473200056025E+02
      46.0000000000000000   1.5419934321101093E+02
      47.0000000000000000   1.5560644409340512E+02
      48.0000000000000000   1.5769104272736493E+02
      49.0000000000000000   1.5926497733083420E+02
      50.0000000000000000   1.6129676013481793E+02
      51.0000000000000000   1.6323537149241642E+02
      52.0000000000000000   1.6502639783668562E+02
      53.0000000000000000   1.6732407273844800E+02
      53.9990000000000023   1.6923494189928408E+02
      54.0000000000000000   1.6923696269075268E+02
      54.0009999999999977   1.6923898353048145E+02
      55.0000000000000000   1.7158459528737373E+02
      56.0000000000000000   1.7387768263279855E+02
      57.0000000000000000   1.7615650287421468E+02
      58.0000000000000000   1.7858511492055749E+02
      59.0000000000000000   1.8124498076971113E+02
      60.0000000000000000   1.8383905731901163E+02
      61.0000000000000000   1.8623957258736976E+02
      62.0000000000000000   1.8895940821970254E+02
      63.0000000000000000   1.9182612424217868E+02
      64.0000000000000000   1.9453297718940206E+02
      65.0000000000000000   1.9730493147224178E+02
      65.9989999999999952   2.0051096125307930E+02
      66.0000000000000000   2.0051394694173848E+02
      66.0010000000000048   2.0051693271931512E+02
      67.0000000000000000   2.0332746793963258E+02
      67.9989999999999952   2.0634001245923139E+02
      68.0000000000000000   2.0634162767766162E+02
      68.0010000000000048   2.0634468836580496E+02
      69.0000000000000000   2.0911427583736915E+02
      70.0000000000000000   2.1249720642703736E+02
      71.0000000000000000   2.1536068527875202E+02
      72.0000000000000000   2.1867336060119121E+02
      72.9989999999999952   2.2185013630526308E+02
      73.0000000000000000   2.2185341355212358E+02
      73.0010000000000048   2.2185669089581077E+02
      74.0000000000000000   2.2490781522771047E+02
      74.9989999999999952   2.2842920691399561E+02
      75.0000000000000000   2.2849956904695588E+02
      75.0010000000000048   2.2850295334753901E+02
      76.0000000000000000   2.3172026610144118E+02
      77.0000000000000000   2.3515967887196541E+02
      78.0000000000000000   2.3858391587518815E+02
      79.0000000000000000   2.4202702570522715E+02
      79.9989999999999952   2.4551726604276192E+02
      80.0000000000000000   2.4560079118870115E+02
      80.0010000000000048   2.4560440531635118E+02
      81.0000000000000000   2.4925693198939572E+02
      81.9989999999999952   2.5302106666230742E+02
      82.0000000000000000   2.5302488896981436E+02
      82.0010000000000048   2.5302871139280791E+02
      83.0000000000000000   2.5637769070080964E+02
      84.0000000000000000   2.6009311451398173E+02
      85.0000000000000000   2.6389981603180991E+02
      86.0000000000000000   2.6770501018246290E+02
      87.0000000000000000   2.7135604933860628E+02
      88.0000000000000000   2.7532808529847296E+02
      89.0000000000000000   2.7918123787590116E+02
      90.0000000000000000   2.8292020996154440E+02
      90.9989999999999952   2.8687320457735490E+02
      91.0000000000000000   2.8687733444027560E+02
      91.0010000000000048   2.8688146442210598E+02
      91.9989999999999952   2.9088426932946498E+02
      92.0000000000000000   2.9088845081853174E+02
      92.0010000000000048   2.9089263242781880E+02
      93.0000000000000000   2.9518204607845638E+02
      93.9989999999999952   2.9908637454115569E+02
      94.0000000000000000   2.9909064546595255E+02
      94.0010000000000048   2.9909491651272782E+02
      95.0000000000000000   3.0333341429961808E+02
      96.0000000000000000   3.0756523474078904E+02
      97.0000000000000000   3.1168117573609067E+02
      98.0000000000000000   3.1613234124618970E+02
      99.0000000000000000   3.2030711453815479E+02
     100.0000000000000000   3.2481669716816560E+02
     106.9989999999999952   3.5704715287574629E+02
     107.0010000000000048   3.5705720099309474E+02
     110.0000000000000000   3.7140715181398417E+02
     116.9989999999999952   4.0779766044848083E+02
     117.0010000000000048   4.0780897025714972E+02
     120.0000000000000000   4.2366020556282899E+02
     126.9989999999999952   4.6457442547040654E+02
     127.0010000000000048   4.6458716322875904E+02
     130.0000000000000000   4.8247619844074029E+02
     140.0000000000000000   5.4700265304955394E+02
     140.9989999999999952   5.5425729884202303E+02
     141.0010000000000048   5.5427203569841652E+02
     150.0000000000000000   6.1828849572806030E+02
     160.0000000000000000   6.9800865105749051E+02
     170.0000000000000000   7.8428163913327717E+02
     180.0000000000000000   8.7700450462194613E+02
     190.0000000000000000   9.8123804950147951E+02
     200.0000000000000000   1.0917622057682786E+03
     210.0000000000000000   1.2118185946938170E+03
     220.0000000000000000   1.3412102882967047E+03
     230.0000000000000000   1.4824027942553278E+03
     240.0000000000000000   1.6329323440324904E+03
     250.0000000000000000   1.7953228390683482E+03
     260.0000000000000000   1.9714507936978816E+03
     270.0000000000000000   2.1567952270920027E+03
     280.0000000000000000   2.3548797698461190E+03
     290.0000000000000000   2.5662609298613211E+03
     300.0000000000000000   2.7938353609386172E+03
     310.0000000000000000   3.0313967629704516E+03
     320.0000000000000000   3.2842508233247863E+03
     330.0000000000000000   3.5582900774687737E+03
     340.0000000000000000   3.8418141315304861E+03
     350.0000000000000000   4.1493838953091681E+03
     360.0000000000000000   4.4567138357519134E+03
     370.0000000000000000   4.7983357579811263E+03
     380.0000000000000000   5.1553180658050478E+03
     390.0000000000000000   5.5307869002578354E+03
     400.0000000000000000   5.9140627029943089E+03
     410.0000000000000000   6.3298276958839770E+03
     420.0000000000000000   6.7636723679147790E+03
     430.0000000000000000   7.2159266918458452E+03
     440.0000000000000000   7.6806903424737930E+03
     450.0000000000000000   8.1741438366482907E+03
     460.0000000000000000   8.6962804033555276E+03
     470.0000000000000000   9.2336625742421093E+03
     480.0000000000000000   9.7923657175125736E+03
     490.0000000000000000   1.0378598933136802E+04
     500.0000000000000000   1.0993738916233697E+04
     510.0000000000000000   1.1632908282167402E+04
     520.0000000000000000   1.2273957094552672E+04
     530.0000000000000000   1.2991783795670601E+04
     537.9990000000000236   1.3546672161602910E+04
     538.0009999999999764   1.3546828379346241E+04
     540.0000000000000000   1.3704790493768234E+04
     550.0000000000000000   1.4445218609060270E+04
     560.0000000000000000   1.5234453582586144E+04
     570.0000000000000000   1.6011909979560369E+04
     580.0000000000000000   1.6858580726402954E+04
     590.0000000000000000   1.7713660752821073E+04
     600.0000000000000000   1.8615893841975118E+04
     610.0000000000000000   1.9541334360167995E+04
     620.0000000000000000   2.0528881486755945E+04
     630.0000000000000000   2.1530531004003413E+04
     640.0000000000000000   2.2506185640884505E+04
     650.0000000000000000   2.3584416207254657E+04
     660.0000000000000000   2.4723485444304195E+04
     670.0000000000000000   2.5818298730028073E+04
     680.0000000000000000   2.6973907596268855E+04
     690.0000000000000000   2.8197035691240035E+04
     700.0000000000000000   2.9418313536645732E+04
     710.0000000000000000   3.0699182107617555E+04
     720.0000000000000000   3.2039747673083435E+04
     730.0000000000000000   3.3418357519546378E+04
     740.0000000000000000   3.4806262642377369E+04
     750.0000000000000000   3.6243451176519695E+04
     760.0000000000000000   3.7723201017980420E+04
     770.0000000000000000   3.9294428549300188E+04
     780.0000000000000000   4.0835508392149350E+04
     784.9990000000000236   4.1682882280081874E+04
     785.0009999999999764   4.1683234434602127E+04
     790.0000000000000000   4.2443968079342209E+04
     799.9990000000000236   4.4131043206472750E+04
     800.0000000000000000   4.4131224393157710E+04
     800.0009999999999764   4.4131405581330459E+04
     810.0000000000000000   4.5832259367620100E+04
     820.0000000000000000   4.7643547545325040E+04
     830.0000000000000000   4.9403863909336615E+04
     840.0000000000000000   5.1231901195148086E+04
     850.0000000000000000   5.3152708161534196E+04
     859.9990000000000236   5.5085342813106683E+04
     860.0000000000000000   5.5085552989359734E+04
     860.0009999999999764   5.5085763167216639E+04
     870.0000000000000000   5.7121940664166854E+04
     876.9990000000000236   5.8528497099623164E+04
     877.0009999999999764   5.8528940172385330E+04
     880.0000000000000000   5.9200961272104789E+04
     890.0000000000000000   6.1268524438208762E+04
     900.0000000000000000   6.3409570633888332E+04
     910.0000000000000000   6.5611772875722076E+04
     920.0000000000000000   6.7914664859468423E+04
     930.0000000000000000   7.0184415344672569E+04
     930.9990000000000236   7.0434921442151695E+04
     931.0009999999999764   7.0435424749487269E+04
     937.9990000000000236   7.2155647000498764E+04
     938.0009999999999764   7.2156167651763652E+04
     940.0000000000000000   7.2675697029548086E+04
     950.0000000000000000   7.5074918539091406E+04
     957.9990000000000236   7.6987343753937326E+04
     958.0009999999999764   7.6987880606576626E+04
     960.0000000000000000   7.7479475288069778E+04
     970.0000000000000000   8.0126522410617908E+04
     980.0000000000000000   8.2660129104684020E+04
     990.0000000000000000   8.5226908700551459E+04
    1000.0000000000000000   8.8013451189266765E+04
    1014.9990000000001373   9.2193251206721761E+04
    1015.0010000000000900   9.2193861170381671E+04
    1023.9990000000000236   9.4796062256012578E+04
    1024.0009999999999764   9.4796685475100559E+04
    1046.9990000000000236   1.0169529235649826E+05
    1047.0009999999999764   1.0169595395444031E+05
    1100.0000000000000000   1.1872009195878929E+05
    1102.9990000000000236   1.1972741198405938E+05
    1103.0009999999999764   1.1972814788518466E+05
    1197.9990000000000236   1.5554575333886262E+05
    1198.0009999999999764   1.5554664793576844E+05
    1200.0000000000000000   1.5617386431483345E+05
    1300.0000000000000000   2.0116888542379381E+05
    1307.9990000000000236   2.0539161817150473E+05
    1308.0009999999999764   2.0539269615492481E+05
    1400.0000000000000000   2.5509163207978944E+05
    1500.0000000000000000   3.1794511254513386E+05
    1600.0000000000000000   3.9085634744672285E+05
    1700.0000000000000000   4.7483898299560510E+05
    1800.0000000000000000   5.7044521030813747E+05
    1900.0000000000000000   6.7896208051214751E+05
    2000.0000000000000000   8.0030073640253209E+05
    2100.0000000000000000   9.3639600024407043E+05
    2200.0000000000000000   1.0880337653238610E+06
    2300.0000000000000000   1.2560810509427453E+06
    2400.0000000000000000   1.4404953339641180E+06
    2500.0000000000000000   1.6440191739643498E+06
    2600.0000000000000000   1.8668978930467383E+06
    2700.0000000000000000   2.1039842899451507E+06
    2800.0000000000000000   2.3629759346945840E+06
    2900.0000000000000000   2.6438269956121193E+06
    3000.0000000000000000   2.9502079325895812E+06
    3100.0000000000000000   3.2759423492090297E+06
    3200.0000000000000000   3.6200514246893818E+06
    3300.0000000000000000   3.9954013275348465E+06
    3400.0000000000000000   4.3953520083921198E+06
    3500.0000000000000000   4.8244325202688798E+06
    3600.0000000000000000   5.2704503243135903E+06
    3700.0000000000000000   5.7554843630193369E+06
    3800.0000000000000000   6.2698788536964953E+06
    3900.0000000000000000   6.7935867920166710E+06
    4000.0000000000000000   7.3669642500240123E+06
    4100.0000000000000000   7.9652151253476962E+06
    4200.0000000000000000   8.5927285454301592E+06
    4300.0000000000000000   9.2511845438189805E+06
    4400.0000000000000000   9.9467403609639052E+06
    4500.0000000000000000   1.0675200459033975E+07
    4600.0000000000000000   1.1449841432836292E+07
    4700.0000000000000000   1.2245901948551185E+07
    4800.0000000000000000   1.3097578951589281E+07
    4900.0000000000000000   1.3961500594526287E+07
    5000.0000000000000000   1.4909178350871367E+07
    5100.0000000000000000   1.5828341071633315E+07
    5200.0000000000000000   1.6815980833285064E+07
    5300.0000000000000000   1.7857576608990092E+07
    5400.0000000000000000   1.8911352221253786E+07
    5500.0000000000000000   2.0033704642847523E+07
    5600.0000000000000000   2.1230171944985438E+07
    5700.0000000000000000   2.2413841102748044E+07
    5800.0000000000000000   2.3639436470844772E+07
    5900.0000000000000000   2.4936350397191159E+07
    6000.0000000000000000   2.6311485197737213E+07
    6100.0000000000000000   2.7668912798564367E+07
    6200.0000000000000000   2.9074788196546867E+07
    6300.0000000000000000   3.0561561276985575E+07
    6400.0000000000000000   3.2065713003896654E+07
    6500.0000000000000000   3.3638754769181371E+07
    6600.0000000000000000   3.5265361440826617E+07
    6700.0000000000000000   3.6999511643461362E+07
    6800.0000000000000000   3.8680840526254378E+07
    6900.0000000000000000   4.0458887325052753E+07
    7000.0000000000000000   4.2243623110379480E+07
    7100.0000000000000000   4.4188796183409818E+07
    7200.0000000000000000   4.6105162611409180E+07
    7300.0000000000000000   4.8063611588768937E+07
    7400.0000000000000000   5.0125417078627080E+07
    7500.0000000000000000   5.2175710293904923E+07
    7600.0000000000000000   5.4407546708375886E+07
    7700.0000000000000000   5.6610464244805254E+07
    7714.9989999999997963   5.6979407434316553E+07
    7715.0010000000002037   5.6979456950684100E+07
    7800.0000000000000000   5.8791184292977057E+07
    7900.0000000000000000   6.1224974219083115E+07
    8000.0000000000000000   6.3522167191870183E+07
    8100.0000000000000000   6.6023095513568938E+07
    8200.0000000000000000   6.8554370931501150E+07
    8300.0000000000000000   7.1223143948090225E+07
    8337.9989999999997963   7.2063212047509596E+07
    8338.0010000000002037   7.2063268502113774E+07
    8400.0000000000000000   7.3759088107592985E+07
    8500.0000000000000000   7.6416420101287052E+07
    8600.0000000000000000   7.9284210063727915E+07
    8700.0000000000000000   8.1992284401430994E+07
    8800.0000000000000000   8.5071027001064971E+07
    8900.0000000000000000   8.7919506518343076E+07
    8985.9989999999997963   9.0432485967338070E+07
    8986.0010000000002037   9.0432550638696358E+07
    9000.0000000000000000   9.0844884855498403E+07
    9100.0000000000000000   9.3998297411733001E+07
    9200.0000000000000000   9.7285867384577915E+07
    9300.0000000000000000   1.0035644848264514E+08
    9400.0000000000000000   1.0387233964513072E+08
    9500.0000000000000000   1.0711287737107565E+08
    9600.0000000000000000   1.1071032749552803E+08
    9662.9989999999997963   1.1273283112146215E+08
    9663.0010000000002037   1.1273290698599106E+08
    9700.0000000000000000   1.1414244130810797E+08
    9800.0000000000000000   1.1772998085783108E+08
    9900.0000000000000000   1.2122598884248021E+08
   10000.0000000000000000   1.2507491831710000E+08
   11000.0000000000000000   1.6650157145445374E+08
   12000.0000000000000000   2.1630945764382806E+08
   13000.0000000000000000   2.7503452194063336E+08
   14000.0000000000000000   3.4310888235689175E+08
   15000.0000000000000000   4.2167494951797682E+08
   16000.0000000000000000   5.1138834989889783E+08
   17000.0000000000000000   6.1391850792932093E+08
   18000.0000000000000000   7.2751415621249592E+08
   19000.0000000000000000   8.5510033935454869E+08
   20000.0000000000000000   9.9767174536653519E+08
   21000.0000000000000000   1.1542499287451928E+09
   22000.0000000000000000   1.3280688204390540E+09
   23000.0000000000000000   1.5157920570448675E+09
   24000.0000000000000000   1.7241715271739068E+09
   25000.0000000000000000   1.9457289820247285E+09
   26000.0000000000000000   2.1921582682538319E+09
   27000.0000000000000000   2.4524757507060981E+09
   28000.0000000000000000   2.7371280585079441E+09
   29000.0000000000000000   3.0430439765995545E+09
   30000.0000000000000000   3.3681630843887200E+09
   31000.0000000000000000   3.7158214902164507E+09
   32000.0000000000000000   4.0995002070407000E+09
   33000.0000000000000000   4.4971450211317854E+09
   34000.0000000000000000   4.9185589614525490E+09
   35000.0000000000000000   5.3756783364551582E+09
   36000.0000000000000000   5.8597155091337547E+09
   37000.0000000000000000   6.3656560304178658E+09
   38000.0000000000000000   6.8926967331338158E+09
   39000.0000000000000000   7.4501904841371336E+09
   40000.0000000000000000   8.0487736866763325E+09
   41000.0000000000000000   8.6866926095648499E+09
   42000.0000000000000000   9.3337960655605507E+09
   43000.0000000000000000   1.0038881424463249E+10
   44000.0000000000000000   1.0770446113062040E+10
   45000.0000000000000000   1.1524658916720303E+10
   46000.0000000000000000   1.2320490633787361E+10
   47000.0000000000000000   1.3142970951834919E+10
   48000.0000000000000000   1.4014581960643734E+10
   49000.0000000000000000   1.4947945191388456E+10
   50000.0000000000000000   1.5907868105956141E+10
