       0.1000000000000000   9.3693307391065019E+00   3.1077927281782250E-03
       0.2000000000000000   8.2779486908536839E+00   6.0466062901146766E-03
       0.3000000000000000   7.9311927709194521E+00   8.9390804834404355E-03
       0.4000000000000000   7.8131118672467617E+00   1.1676464333660035E-02
       0.5000000000000000   7.7638988777096802E+00   1.4360750938088775E-02
       0.6000000000000000   7.7473839559368152E+00   1.6999150970291838E-02
       0.7000000000000000   7.7493737037915178E+00   1.9598074124822045E-02
       0.7999999999999999   7.7621509707719714E+00   2.2162232579698338E-02
       0.8999999999999999   7.7821167909755857E+00   2.4689436650742864E-02
       0.9999999999999999   7.8059702391250498E+00   2.7190408963464863E-02
       2.0000000000000000   8.0896294072885109E+00   5.1037626971455294E-02
       3.0000000000000000   8.3208729929147154E+00   7.3797457507172023E-02
       4.0000000000000000   8.4825983708327328E+00   9.6307401272973034E-02
       5.0000000000000000   8.5873160201131640E+00   1.1903466986702571E-01
       6.0000000000000000   8.6471647079011404E+00   1.4227622997740857E-01
       7.0000000000000000   8.6717710831799515E+00   1.6623080598936996E-01
       8.0000000000000000   8.6682392204116656E+00   1.9104970596179402E-01
       9.0000000000000000   8.6420133400719390E+00   2.1685419509908974E-01
      10.0000000000000000   8.5972685394328465E+00   2.4374856144258411E-01
      11.0000000000000000   8.5373353772465155E+00   2.7182400923794769E-01
      12.0000000000000000   8.4648783899924922E+00   3.0116312139659701E-01
      13.0000000000000000   8.3820889236362746E+00   3.3184248655414789E-01
      14.0000000000000000   8.2907428898282589E+00   3.6393607996001459E-01
      15.0000000000000000   8.1923373284290797E+00   3.9751438777989823E-01
      16.0000000000000000   8.0881525087329891E+00   4.3264404496748476E-01
      17.0000000000000000   7.9792716355930295E+00   4.6938979347259085E-01
      18.0000000000000000   7.8666476018454059E+00   5.0781232801264697E-01
      19.0000000000000000   7.7511111281003187E+00   5.4796820257330336E-01
      20.0000000000000000   7.6334039158989482E+00   5.8990894749335110E-01
      21.0000000000000000   7.5141929326375729E+00   6.3367942430909363E-01
      22.0000000000000000   7.3940915882997054E+00   6.7931551387905342E-01
      23.0000000000000000   7.2736657354436201E+00   7.2684257555177878E-01
      24.0000000000000000   7.1534418537138320E+00   7.7627347566070493E-01
      24.9989999999999988   7.0340371261218104E+00   8.2755318306109038E-01
      25.0000000000000000   7.0339181116120280E+00   8.2760545936274321E-01
      25.0010000000000012   7.0337990982771386E+00   8.2765773754645899E-01
      26.0000000000000000   6.9155674781866825E+00   8.8081779472513000E-01
      26.9989999999999988   6.7989565165764922E+00   9.3581325071133192E-01
      27.0000000000000000   6.7988407461644904E+00   9.3586920135190810E-01
      27.0010000000000012   6.7987249778082601E+00   9.3592515376942365E-01
      28.0000000000000000   6.6841683050804042E+00   9.9269544772227181E-01
      29.0000000000000000   6.5719587126938537E+00   1.0512075231099403E+00
      30.0000000000000000   6.4625984282659399E+00   1.1112901890945415E+00
      31.0000000000000000   6.3564475973017052E+00   1.1728015802455130E+00
      32.0000000000000000   6.2538380189762375E+00   1.2355735003780719E+00
      33.0000000000000000   6.1550674015897879E+00   1.2994132441816990E+00
      34.0000000000000000   6.0603965498114807E+00   1.3641061756172317E+00
      35.0000000000000000   5.9700452111152833E+00   1.4294195798627596E+00
      36.0000000000000000   5.8841894276251949E+00   1.4951073754148647E+00
      37.0000000000000000   5.8029598129856863E+00   1.5609154839938741E+00
      38.0000000000000000   5.7264412291780360E+00   1.6265875309212008E+00
      39.0000000000000000   5.6546736579934436E+00   1.6918705401656240E+00
      40.0000000000000000   5.5876546523445043E+00   1.7565202664387038E+00
      41.0000000000000000   5.5253425746566389E+00   1.8203059560180479E+00
      42.0000000000000000   5.4676609412626274E+00   1.8830142417383773E+00
      43.0000000000000000   5.4145032635408761E+00   1.9444521250716162E+00
      44.0000000000000000   5.3657381546515071E+00   2.0044489498428257E+00
      45.0000000000000000   5.3212143340537512E+00   2.0628575214744331E+00
      46.0000000000000000   5.2807656124593709E+00   2.1195543042969773E+00
      47.0000000000000000   5.2442153587769393E+00   2.1744389561835105E+00
      48.0000000000000000   5.2113805139252589E+00   2.2274332901209402E+00
      49.0000000000000000   5.1820750653137262E+00   2.2784798218150151E+00
      50.0000000000000000   5.1561129530971188E+00   2.3275400359251259E+00
      51.0000000000000000   5.1333104303473087E+00   2.3745924953792703E+00
      52.0000000000000000   5.1134879603734165E+00   2.4196308834806306E+00
      53.0000000000000000   5.0964716225993945E+00   2.4626620640637036E+00
      54.0000000000000000   5.0820941603209118E+00   2.5037042131214111E+00
      55.0000000000000000   5.0701956733486702E+00   2.5427850689315448E+00
      56.0000000000000000   5.0606240749669844E+00   2.5799403262317759E+00
      57.0000000000000000   5.0532353890685560E+00   2.6152120484924652E+00
      58.0000000000000000   5.0478935997718741E+00   2.6486475681079962E+00
      59.0000000000000000   5.0444706773131260E+00   2.6802982148020069E+00
      60.0000000000000000   5.0428465239462694E+00   2.7102181709508577E+00
      61.0000000000000000   5.0429084399499580E+00   2.7384638556680598E+00
      62.0000000000000000   5.0445509923848153E+00   2.7650930004074059E+00
      63.0000000000000000   5.0476756314706135E+00   2.7901640569360810E+00
      64.0000000000000000   5.0521903140572784E+00   2.8137356638269981E+00
      65.0000000000000000   5.0580091403444900E+00   2.8358662026540631E+00
      66.0000000000000000   5.0650519804451424E+00   2.8566134335621043E+00
      67.0000000000000000   5.0732441092928742E+00   2.8760341996181427E+00
      68.0000000000000000   5.0825158543038800E+00   2.8941841905686982E+00
      69.0000000000000000   5.0928022554376016E+00   2.9111177577484249E+00
      70.0000000000000000   5.1040427415002405E+00   2.9268877721525515E+00
      71.0000000000000000   5.1161808230972508E+00   2.9415455199272529E+00
      72.0000000000000000   5.1291638059258604E+00   2.9551406284014434E+00
      73.0000000000000000   5.1429425197974661E+00   2.9677210183723766E+00
      74.0000000000000000   5.1574710657708076E+00   2.9793328779547377E+00
      75.0000000000000000   5.1727065683845783E+00   2.9900206650881138E+00
      76.0000000000000000   5.1886090054795142E+00   2.9998270702964938E+00
      77.0000000000000000   5.2051409304532239E+00   3.0087931004844171E+00
      78.0000000000000000   5.2222673334263030E+00   3.0169580624914620E+00
      79.0000000000000000   5.2399554538309694E+00   3.0243596092555656E+00
      80.0000000000000000   5.2581746186829417E+00   3.0310337806997483E+00
      81.0000000000000000   5.2768960925659281E+00   3.0370150490061563E+00
      82.0000000000000000   5.2960929406305990E+00   3.0423363671068806E+00
      83.0000000000000000   5.3157399001727041E+00   3.0470292193209922E+00
      84.0000000000000000   5.3358132614076323E+00   3.0511236735354439E+00
      85.0000000000000000   5.3562907599960372E+00   3.0546484339664324E+00
      86.0000000000000000   5.3771514756010692E+00   3.0576308941710524E+00
      87.0000000000000000   5.3983757375004870E+00   3.0600971914049384E+00
      88.0000000000000000   5.4199450459092144E+00   3.0620722521415451E+00
      89.0000000000000000   5.4418419811821970E+00   3.0635798531500780E+00
      89.9989999999999952   5.4640277787072087E+00   3.0646418169919376E+00
      90.0000000000000000   5.4640501370962777E+00   3.0646426649110774E+00
      90.0010000000000048   5.4640724957810125E+00   3.0646435124071383E+00
      91.0000000000000000   5.4865540520371541E+00   3.0652823019891446E+00
      92.0000000000000000   5.5093391457328549E+00   3.0655193703213857E+00
      93.0000000000000000   5.5323916610304034E+00   3.0653735129683768E+00
      94.0000000000000000   5.5556986099910706E+00   3.0648634542713422E+00
      95.0000000000000000   5.5792477239126610E+00   3.0640070423783898E+00
      96.0000000000000000   5.6030274070313366E+00   3.0628212901230105E+00
      97.0000000000000000   5.6270266935641180E+00   3.0613224142543993E+00
      98.0000000000000000   5.6512352074977441E+00   3.0595258730539858E+00
      99.0000000000000000   5.6756431269874650E+00   3.0574464022317822E+00
     100.0000000000000000   5.7002411476209680E+00   3.0550980494608471E+00
     110.0000000000000000   5.9549431518533451E+00   3.0194859623027983E+00
     110.9989999999999952   5.9811123496984280E+00   3.0149449168534375E+00
     111.0010000000000048   5.9811648514488205E+00   3.0149356795123730E+00
     120.0000000000000000   6.2212800810141662E+00   2.9684183303022684E+00
     130.0000000000000000   6.4950501078760450E+00   2.9085327198257809E+00
     140.0000000000000000   6.7735817598747232E+00   2.8440178252378838E+00
     143.9989999999999952   6.8858847014855913E+00   2.8175552776806372E+00
     144.0010000000000048   6.8859409713236435E+00   2.8175419881242352E+00
     147.9989999999999952   6.9986071815141964E+00   2.7909031936008155E+00
     148.0010000000000048   6.9986636282928965E+00   2.7908898394640831E+00
     150.0000000000000000   7.0551207086502865E+00   2.7775342478699381E+00
     152.9989999999999952   7.1399527200687505E+00   2.7574836557670195E+00
     153.0010000000000048   7.1400093419327426E+00   2.7574702849909318E+00
     160.0000000000000000   7.3384843153485413E+00   2.7107749577630540E+00
     167.9989999999999952   7.5659044547046213E+00   2.6579105169421804E+00
     168.0010000000000048   7.5659613704023485E+00   2.6578973961885954E+00
     169.9989999999999952   7.6228299776909632E+00   2.6448180274272852E+00
     170.0000000000000000   7.6228584450472390E+00   2.6448114956918327E+00
     170.0010000000000048   7.6228869124077807E+00   2.6448049639712377E+00
     180.0000000000000000   7.9076733696738293E+00   2.5803114226208250E+00
     190.0000000000000000   8.1902747058284096E+00   2.5210343833313331E+00
     200.0000000000000000   8.4747085048955011E+00   2.4621024360182093E+00
     210.0000000000000000   8.7572935203726594E+00   2.4070669567074883E+00
     220.0000000000000000   9.0381533836845822E+00   2.3555271042764865E+00
     230.0000000000000000   9.3220885244372464E+00   2.3009175398742623E+00
     231.9989999999999952   9.3776835068132005E+00   2.2916627284853823E+00
     232.0010000000000048   9.3777437825487251E+00   2.2916473588937620E+00
     240.0000000000000000   9.5996284816841104E+00   2.2556882494549795E+00
     250.0000000000000000   9.8801192912447089E+00   2.2073851531468089E+00
     260.0000000000000000   1.0158971068967320E+01   2.1619299140344683E+00
     270.0000000000000000   1.0440437341292334E+01   2.1139003196639723E+00
     280.0000000000000000   1.0716149726277612E+01   2.0736084114364020E+00
     290.0000000000000000   1.0990475513886434E+01   2.0354585980196402E+00
     300.0000000000000000   1.1267332125386941E+01   1.9947045258823717E+00
     310.0000000000000000   1.1542749663971023E+01   1.9560973435286211E+00
     320.0000000000000000   1.1813084569401008E+01   1.9237132410088367E+00
     330.0000000000000000   1.2085881417157964E+01   1.8887528189611134E+00
     340.0000000000000000   1.2357418677107939E+01   1.8554806529300836E+00
     350.0000000000000000   1.2627748540118828E+01   1.8237712572257554E+00
     360.0000000000000000   1.2900351080628509E+01   1.7897932700003871E+00
     370.0000000000000000   1.3168341789896369E+01   1.7609955259509040E+00
     380.0000000000000000   1.3435263435719721E+01   1.7334464165797954E+00
     390.0000000000000000   1.3704425807229958E+01   1.7036629451897030E+00
     400.0000000000000000   1.3969261365681316E+01   1.6784651655206164E+00
     410.0000000000000000   1.4236317838634831E+01   1.6510666419297426E+00
     418.9990000000000236   1.4471998147396326E+01   1.6311404954069457E+00
     419.0009999999999764   1.4472052532146236E+01   1.6311340523008169E+00
     420.0000000000000000   1.4499212970258730E+01   1.6279225444022714E+00
     430.0000000000000000   1.4764301071784621E+01   1.6026190472406561E+00
     440.0000000000000000   1.5025385899896269E+01   1.5812798971705273E+00
     440.9990000000000236   1.5052331130992856E+01   1.5783037237685476E+00
     441.0009999999999764   1.5052385066542568E+01   1.5782977774713978E+00
     450.0000000000000000   1.5288629155030584E+01   1.5578276123695829E+00
     460.0000000000000000   1.5550977865324390E+01   1.5352556471687702E+00
     470.0000000000000000   1.5812458244320352E+01   1.5135134653001852E+00
     480.0000000000000000   1.6073095297435728E+01   1.4925543742434377E+00
     490.0000000000000000   1.6332912871767906E+01   1.4723351846995920E+00
     500.0000000000000000   1.6591933748744964E+01   1.4528158665277477E+00
     510.0000000000000000   1.6850179674157339E+01   1.4339592897737174E+00
     520.0000000000000000   1.7107671443843550E+01   1.4157309457868898E+00
     530.0000000000000000   1.7364428947503317E+01   1.3980987258700499E+00
     540.0000000000000000   1.7620471224065071E+01   1.3810327120150774E+00
     550.0000000000000000   1.7875816517471339E+01   1.3645049852211448E+00
     560.0000000000000000   1.8130482311818760E+01   1.3484894660278022E+00
     570.0000000000000000   1.8384485380031567E+01   1.3329617585457187E+00
     580.0000000000000000   1.8640466750622430E+01   1.3157028081273612E+00
     590.0000000000000000   1.8893160937275329E+01   1.3011248339988122E+00
     600.0000000000000000   1.9145238780928580E+01   1.2869689674100984E+00
     610.0000000000000000   1.9399276321632307E+01   1.2711365164625064E+00
     620.0000000000000000   1.9650132752135992E+01   1.2578066404568462E+00
     630.0000000000000000   1.9900414039930290E+01   1.2448446307293080E+00
     640.0000000000000000   2.0152630270687194E+01   1.2302601993896820E+00
     650.0000000000000000   2.0401768233402503E+01   1.2180213526349040E+00
     650.9990000000000236   2.0427122850029139E+01   1.2164292229675193E+00
     651.0009999999999764   2.0427173604481379E+01   1.2164260400075804E+00
     660.0000000000000000   2.0652830754346127E+01   1.2041947570331542E+00
     670.0000000000000000   2.0900872987736314E+01   1.1926192330848602E+00
     680.0000000000000000   2.1150827054469257E+01   1.1794901249572025E+00
     690.0000000000000000   2.1397817821493849E+01   1.1685246690464393E+00
     700.0000000000000000   2.1646705830590637E+01   1.1560390022793996E+00
     710.0000000000000000   2.1892686446566557E+01   1.1456360034866881E+00
     720.0000000000000000   2.2140548148169398E+01   1.1337452470339866E+00
     730.0000000000000000   2.2387908280418241E+01   1.1221477405283462E+00
     740.0000000000000000   2.2632429976646883E+01   1.1125224403759519E+00
     750.0000000000000000   2.2878818165143940E+01   1.1014556562463882E+00
     760.0000000000000000   2.3124731432719440E+01   1.0906507117803128E+00
     768.9990000000000236   2.3343095185956351E+01   1.0829284990083743E+00
     769.0009999999999764   2.3343144696673143E+01   1.0829260795833302E+00
     770.0000000000000000   2.3367873016894759E+01   1.0817190494036779E+00
     780.0000000000000000   2.3612863761311907E+01   1.0713898565912854E+00
     790.0000000000000000   2.3857403324074031E+01   1.0612958636196632E+00
     800.0000000000000000   2.4099237653593519E+01   1.0529849347429856E+00
     810.0000000000000000   2.4342900089115275E+01   1.0433191177418231E+00
     820.0000000000000000   2.4586132765118077E+01   1.0338656439478340E+00
     830.0000000000000000   2.4828942584098129E+01   1.0246172918448411E+00
     840.0000000000000000   2.5071335382557937E+01   1.0155677503908662E+00
     850.0000000000000000   2.5311112252287568E+01   1.0081707592962306E+00
     860.0000000000000000   2.5552695831490254E+01   9.9948262173977653E-01
     870.0000000000000000   2.5793881951842788E+01   9.9097451620781130E-01
     880.0000000000000000   2.6034676211375988E+01   9.8264094192611673E-01
     890.0000000000000000   2.6275083909556706E+01   9.7447672752990544E-01
     898.9990000000000236   2.6490884880336584E+01   9.6740811276593319E-01
     899.0009999999999764   2.6490933286808662E+01   9.6740624998261937E-01
     900.0000000000000000   2.6515110332046923E+01   9.6647683733913048E-01
     910.0000000000000000   2.6752623114972650E+01   9.5999479459108994E-01
     920.0000000000000000   2.6991911049646401E+01   9.5229312577932979E-01
     930.0000000000000000   2.7230834701056612E+01   9.4474109281082075E-01
     940.0000000000000000   2.7469399059245312E+01   9.3733431071774342E-01
     950.0000000000000000   2.7707608961104405E+01   9.3006858929203562E-01
     960.0000000000000000   2.7945469141698908E+01   9.2293989423125722E-01
     970.0000000000000000   2.8182984262099385E+01   9.1594432497242806E-01
     980.0000000000000000   2.8420158909870182E+01   9.0907810995737404E-01
     990.0000000000000000   2.8656997597325002E+01   9.0233760330689805E-01
    1000.0000000000000000   2.8893504752299503E+01   8.9571928623882136E-01
    1100.0000000000000000   3.1241247423864724E+01   8.3557000593968833E-01
    1200.0000000000000000   3.3563839674553755E+01   7.8255494959230665E-01
    1300.0000000000000000   3.5860328552673899E+01   7.3703861425853623E-01
    1400.0000000000000000   3.8133294780960419E+01   6.9749790843484993E-01
    1500.0000000000000000   4.0386609021062846E+01   6.6200948291039008E-01
    1600.0000000000000000   4.2621961435549878E+01   6.2986663893310435E-01
    1700.0000000000000000   4.4839148945432505E+01   6.0121983421792957E-01
    1800.0000000000000000   4.7039487300649334E+01   5.7553091443060422E-01
    1900.0000000000000000   4.9224192433342317E+01   5.5234494603465245E-01
    2000.0000000000000000   5.1395855490973069E+01   5.3071494150885157E-01
    2100.0000000000000000   5.3553786170874702E+01   5.1099801353662810E-01
    2200.0000000000000000   5.5700367383228226E+01   4.9239106617184869E-01
    2300.0000000000000000   5.7833132449702809E+01   4.7584072428548424E-01
    2400.0000000000000000   5.9955944076763558E+01   4.6005227479210570E-01
    2475.9989999999997963   6.1561921445253141E+01   4.4884157618959758E-01
    2476.0010000000002037   6.1561963748733334E+01   4.4884124992494134E-01
    2489.9989999999997963   6.1856404656453357E+01   4.4707022491721654E-01
    2490.0010000000002037   6.1856446939867070E+01   4.4706989884425208E-01
    2500.0000000000000000   6.2067747681395552E+01   4.4545833828688725E-01
    2591.9989999999997963   6.4000908976931441E+01   4.3311112723633571E-01
    2592.0010000000002037   6.4000951058968667E+01   4.3311082098893922E-01
    2600.0000000000000000   6.4169145285314627E+01   4.3191233913224869E-01
    2700.0000000000000000   6.6260657055923502E+01   4.1929767719427863E-01
    2800.0000000000000000   6.8344061449071347E+01   4.0711952529008916E-01
    2900.0000000000000000   7.0417058864570549E+01   3.9612219085923489E-01
    3000.0000000000000000   7.2482770204697260E+01   3.8542335134248207E-01
    3071.9989999999997963   7.3963792031989783E+01   3.7843480950728842E-01
    3072.0010000000002037   7.3963833191798102E+01   3.7843459637869920E-01
    3100.0000000000000000   7.4538884007543544E+01   3.7573193264560245E-01
    3200.0000000000000000   7.6588234763750336E+01   3.6627627329071344E-01
    3300.0000000000000000   7.8630081496402525E+01   3.5731872540672027E-01
    3400.0000000000000000   8.0664495991941351E+01   3.4886717456422800E-01
    3500.0000000000000000   8.2691674435677513E+01   3.4089745484904660E-01
    3559.9989999999997963   8.3904550740665826E+01   3.3634781749510434E-01
    3560.0010000000002037   8.3904591185788519E+01   3.3634765279538748E-01
    3600.0000000000000000   8.4712050617356340E+01   3.3332973514977782E-01
    3700.0000000000000000   8.6727163150019436E+01   3.2581636316312923E-01
    3800.0000000000000000   8.8734587224313316E+01   3.1897125726665682E-01
    3856.9989999999997963   8.9875514998275335E+01   3.1533943991818159E-01
    3857.0010000000002037   8.9875555001803988E+01   3.1533931072626026E-01
    3900.0000000000000000   9.0735579332598107E+01   3.1251305420545222E-01
    4000.0000000000000000   9.2731991851188710E+01   3.0603227477749462E-01
    4100.0000000000000000   9.4721413464691835E+01   3.0011143198353629E-01
    4200.0000000000000000   9.6706217665154270E+01   2.9422270856081795E-01
    4300.0000000000000000   9.8684555220124622E+01   2.8881275289088415E-01
    4400.0000000000000000   1.0065905448726537E+02   2.8331728340229045E-01
    4500.0000000000000000   1.0262744982982986E+02   2.7822887725168666E-01
    4600.0000000000000000   1.0459163614647679E+02   2.7319782942975673E-01
    4700.0000000000000000   1.0654927733493076E+02   2.6868695931563252E-01
    4800.0000000000000000   1.0850324922676468E+02   2.6413266458173906E-01
    4900.0000000000000000   1.1045304147684571E+02   2.5966803785811626E-01
    5000.0000000000000000   1.1239821984910762E+02   2.5538375584134010E-01
    5100.0000000000000000   1.1433879887064084E+02   2.5128748751431501E-01
    5200.0000000000000000   1.1627486866515858E+02   2.4737194399781284E-01
    5300.0000000000000000   1.1820656524560657E+02   2.4362096918312420E-01
    5400.0000000000000000   1.2013573909009273E+02   2.3971042792362712E-01
    5500.0000000000000000   1.2206009719394518E+02   2.3609082317152638E-01
    5600.0000000000000000   1.2397958369914711E+02   2.3273671297122239E-01
    5700.0000000000000000   1.2589603282207666E+02   2.2935792411900024E-01
    5800.0000000000000000   1.2780824878817081E+02   2.2617494684407610E-01
    5900.0000000000000000   1.2971793356141953E+02   2.2288527689797510E-01
    6000.0000000000000000   1.3162250075950556E+02   2.1995027801193409E-01
    6100.0000000000000000   1.3352490144055432E+02   2.1689625310530522E-01
    6200.0000000000000000   1.3542340437733083E+02   2.1398017613707918E-01
    6300.0000000000000000   1.3731733568552886E+02   2.1134019538592749E-01
    6400.0000000000000000   1.3920881368471865E+02   2.0865595914366333E-01
    6500.0000000000000000   1.4109820429244226E+02   2.0585757682142461E-01
    6600.0000000000000000   1.4298333063243069E+02   2.0330304059933355E-01
    6700.0000000000000000   1.4486579776311999E+02   2.0073682151573810E-01
    6800.0000000000000000   1.4674456631670930E+02   1.9833776797878536E-01
    6900.0000000000000000   1.4862070685960214E+02   1.9593378161774663E-01
    7000.0000000000000000   1.5049303614416007E+02   1.9372194460173603E-01
    7100.0000000000000000   1.5236308027702694E+02   1.9146156217777471E-01
    7200.0000000000000000   1.5423044431162558E+02   1.8923356299422089E-01
    7300.0000000000000000   1.5609583195495730E+02   1.8696463838844343E-01
    7400.0000000000000000   1.5795749247968706E+02   1.8487436580483615E-01
    7500.0000000000000000   1.5981500789252195E+02   1.8302009985163747E-01
    7600.0000000000000000   1.6167175460113285E+02   1.8094155116363600E-01
    7700.0000000000000000   1.6352635359821559E+02   1.7887199448867727E-01
    7800.0000000000000000   1.6537649135336935E+02   1.7706084714634243E-01
    7900.0000000000000000   1.6722614415057603E+02   1.7505615912146233E-01
    8000.0000000000000000   1.6907094680619559E+02   1.7337762810788246E-01
    8100.0000000000000000   1.7091550478652402E+02   1.7145940718252417E-01
    8200.0000000000000000   1.7275586484915550E+02   1.6978568856638637E-01
    8300.0000000000000000   1.7459522970651389E+02   1.6799852962360540E-01
    8400.0000000000000000   1.7642921895252886E+02   1.6659765577544242E-01
    8500.0000000000000000   1.7826474717338505E+02   1.6477214492947370E-01
    8600.0000000000000000   1.8009630547144087E+02   1.6316757582509375E-01
    8700.0000000000000000   1.8192484907973105E+02   1.6168160762578185E-01
    8800.0000000000000000   1.8375240615685908E+02   1.6010956443104893E-01
    8900.0000000000000000   1.8557814136506119E+02   1.5849512517377112E-01
    9000.0000000000000000   1.8739825316327219E+02   1.5731215722713221E-01
    9100.0000000000000000   1.8921984537332318E+02   1.5574661698044065E-01
    9200.0000000000000000   1.9103891537626598E+02   1.5425377054649861E-01
    9300.0000000000000000   1.9285576756590982E+02   1.5280705809839665E-01
    9400.0000000000000000   1.9467014294306639E+02   1.5142258329632796E-01
    9500.0000000000000000   1.9648077522940665E+02   1.5024708302105666E-01
    9600.0000000000000000   1.9828984190967680E+02   1.4904898103357256E-01
    9700.0000000000000000   2.0009834718435781E+02   1.4772536309179063E-01
    9800.0000000000000000   2.0190528438896123E+02   1.4638531394890716E-01
    9900.0000000000000000   2.0371006762427416E+02   1.4509095939808322E-01
   10000.0000000000000000   2.0551265728279853E+02   1.4384731068322196E-01
   11000.0000000000000000   2.2343498435598278E+02   1.3280092164734900E-01
   12000.0000000000000000   2.4118511338953360E+02   1.2366653577596910E-01
   13000.0000000000000000   2.5878521937923676E+02   1.1560559088001479E-01
   13040.9989999999997963   2.5950800610536845E+02   1.1492663125523998E-01
   13041.0010000000002037   2.5950804119883810E+02   1.1492660855732206E-01
   14000.0000000000000000   2.7624536084034577E+02   1.0866820164494080E-01
   15000.0000000000000000   2.9358149174581729E+02   1.0238844560920590E-01
   15205.9989999999997963   2.9714200870402215E+02   1.0088738540063562E-01
   15206.0010000000002037   2.9714204359783292E+02   1.0088734333120765E-01
   15866.9989999999997963   3.0851699789673324E+02   9.7501389160495000E-02
   15867.0010000000002037   3.0851703286246817E+02   9.7501336878914283E-02
   16000.0000000000000000   3.1079978104050338E+02   9.6890630165989727E-02
   17000.0000000000000000   3.2790745132143820E+02   9.2151080390642043E-02
   18000.0000000000000000   3.4492241342241090E+02   8.7374410211889186E-02
   19000.0000000000000000   3.6183590757774175E+02   8.3612715869165230E-02
   20000.0000000000000000   3.7866456175739512E+02   7.9891024229300583E-02
   21000.0000000000000000   3.9540886023235100E+02   7.6644885812675451E-02
   22000.0000000000000000   4.1206817314457743E+02   7.4094445870818135E-02
   23000.0000000000000000   4.2865844754430231E+02   7.1373094419062352E-02
   24000.0000000000000000   4.4518673393735497E+02   6.8561540859972958E-02
   25000.0000000000000000   4.6164865207310783E+02   6.5873714737177555E-02
   26000.0000000000000000   4.7804115191139647E+02   6.3681116700257473E-02
   27000.0000000000000000   4.9437314187685007E+02   6.1700060831363375E-02
   28000.0000000000000000   5.1064079990082615E+02   5.9997546541516268E-02
   29000.0000000000000000   5.2686163756333963E+02   5.8020119454520583E-02
   30000.0000000000000000   5.4302484202462369E+02   5.6537891824808062E-02
   31000.0000000000000000   5.5912895167650413E+02   5.5336919347595062E-02
   32000.0000000000000000   5.7519817247602759E+02   5.3478834958405275E-02
   33000.0000000000000000   5.9122233888664391E+02   5.1881380162785901E-02
   34000.0000000000000000   6.0719543532063904E+02   5.0529246662848186E-02
   35000.0000000000000000   6.2311135255449835E+02   4.9591898252088318E-02
   36000.0000000000000000   6.3899543295760873E+02   4.8462808283549513E-02
   37000.0000000000000000   6.5485265055945695E+02   4.6988842032469044E-02
   38000.0000000000000000   6.7064735117576220E+02   4.6413733375016676E-02
   39000.0000000000000000   6.8642145243544428E+02   4.4837187820456481E-02
   40000.0000000000000000   7.0215426705047207E+02   4.3836842889900272E-02
   41000.0000000000000000   7.1784463062796294E+02   4.2918410854075051E-02
   42000.0000000000000000   7.3348642450699970E+02   4.2498616865652782E-02
   43000.0000000000000000   7.4911505455609017E+02   4.1172478429647802E-02
   44000.0000000000000000   7.6470256131289284E+02   4.0734339032013296E-02
   45000.0000000000000000   7.8024915955445931E+02   4.0147956940868534E-02
   46000.0000000000000000   7.9577157211516817E+02   3.9097525371120545E-02
   47000.0000000000000000   8.1127384104162377E+02   3.8296753592937403E-02
   48000.0000000000000000   8.2672951888394186E+02   3.8048174860881634E-02
   49000.0000000000000000   8.4217874549981786E+02   3.7056901919548101E-02
   50000.0000000000000000   8.5759814175562065E+02   3.6101567292287105E-02
   88010.9989999999961583   1.4267318001323908E+03   2.1962377449485877E-02
   88011.0010000000038417   1.4267318286056111E+03   2.1962386131765987E-02
