       1.0000000000000000   1.0000000000000000E+30
       2.0000000000000000   1.0000000000000000E+30
       3.0000000000000000   1.0000000000000000E+30
       4.0000000000000000   1.0000000000000000E+30
       5.0000000000000000   1.0000000000000000E+30
       6.0000000000000000   1.0000000000000000E+30
       7.0000000000000000   1.0000000000000000E+30
       8.0000000000000000   1.0000000000000000E+30
       9.0000000000000000   1.0000000000000000E+30
      10.0000000000000000   1.0000000000000000E+30
      11.0000000000000000   1.0000000000000000E+30
      12.0000000000000000   1.0000000000000000E+30
      13.0000000000000000   1.0000000000000000E+30
      14.0000000000000000   1.0000000000000000E+30
      15.0000000000000000   1.0000000000000000E+30
      16.0000000000000000   1.0000000000000000E+30
      17.0000000000000000   1.0000000000000000E+30
      18.0000000000000000   1.0000000000000000E+30
      19.0000000000000000   1.0000000000000000E+30
      20.0000000000000000   1.0000000000000000E+30
      21.0000000000000000   1.0000000000000000E+30
      22.0000000000000000   1.0000000000000000E+30
      23.0000000000000000   1.0000000000000000E+30
      24.0000000000000000   1.0000000000000000E+30
      25.0000000000000000   1.0000000000000000E+30
      26.0000000000000000   1.0000000000000000E+30
      27.0000000000000000   1.0000000000000000E+30
      28.0000000000000000   1.0000000000000000E+30
      29.0000000000000000   1.0000000000000000E+30
      30.0000000000000000   1.0000000000000000E+30
      31.0000000000000000   1.0000000000000000E+30
      32.0000000000000000   1.0000000000000000E+30
      33.0000000000000000   1.0000000000000000E+30
      34.0000000000000000   1.0000000000000000E+30
      35.0000000000000000   1.0000000000000000E+30
      36.0000000000000000   1.0000000000000000E+30
      37.0000000000000000   1.0000000000000000E+30
      38.0000000000000000   1.0000000000000000E+30
      39.0000000000000000   1.0000000000000000E+30
      40.0000000000000000   1.0000000000000000E+30
      41.0000000000000000   1.0000000000000000E+30
      42.0000000000000000   1.0000000000000000E+30
      43.0000000000000000   1.0000000000000000E+30
      44.0000000000000000   1.0000000000000000E+30
      45.0000000000000000   1.0000000000000000E+30
      46.0000000000000000   1.0000000000000000E+30
      47.0000000000000000   1.0000000000000000E+30
      48.0000000000000000   1.0000000000000000E+30
      49.0000000000000000   1.0000000000000000E+30
      50.0000000000000000   1.0000000000000000E+30
      51.0000000000000000   1.0000000000000000E+30
      52.0000000000000000   1.0000000000000000E+30
      53.0000000000000000   1.0000000000000000E+30
      54.0000000000000000   1.0000000000000000E+30
      55.0000000000000000   1.0000000000000000E+30
      56.0000000000000000   1.0000000000000000E+30
      57.0000000000000000   1.0000000000000000E+30
      58.0000000000000000   1.0000000000000000E+30
      59.0000000000000000   1.0000000000000000E+30
      60.0000000000000000   1.0000000000000000E+30
      61.0000000000000000   1.0000000000000000E+30
      62.0000000000000000   1.0000000000000000E+30
      63.0000000000000000   1.0000000000000000E+30
      64.0000000000000000   1.0000000000000000E+30
      65.0000000000000000   1.0000000000000000E+30
      66.0000000000000000   1.0000000000000000E+30
      67.0000000000000000   1.0000000000000000E+30
      68.0000000000000000   1.0000000000000000E+30
      69.0000000000000000   1.0000000000000000E+30
      70.0000000000000000   1.0000000000000000E+30
      71.0000000000000000   1.0000000000000000E+30
      72.0000000000000000   1.0000000000000000E+30
      73.0000000000000000   1.0000000000000000E+30
      74.0000000000000000   1.0000000000000000E+30
      75.0000000000000000   1.0000000000000000E+30
      76.0000000000000000   1.0000000000000000E+30
      77.0000000000000000   1.0000000000000000E+30
      78.0000000000000000   1.0000000000000000E+30
      79.0000000000000000   1.0000000000000000E+30
      80.0000000000000000   1.0000000000000000E+30
      81.0000000000000000   1.0000000000000000E+30
      82.0000000000000000   1.0000000000000000E+30
      83.0000000000000000   1.0000000000000000E+30
      84.0000000000000000   1.0000000000000000E+30
      85.0000000000000000   1.0000000000000000E+30
      86.0000000000000000   1.0000000000000000E+30
      87.0000000000000000   1.0000000000000000E+30
      88.0000000000000000   1.0000000000000000E+30
      89.0000000000000000   1.0000000000000000E+30
      90.0000000000000000   1.0000000000000000E+30
      91.0000000000000000   1.0000000000000000E+30
      92.0000000000000000   1.0000000000000000E+30
      93.0000000000000000   1.0000000000000000E+30
      94.0000000000000000   1.0000000000000000E+30
      95.0000000000000000   1.0000000000000000E+30
      96.0000000000000000   1.0000000000000000E+30
      97.0000000000000000   1.0000000000000000E+30
      98.0000000000000000   1.0000000000000000E+30
      99.0000000000000000   1.0000000000000000E+30
     100.0000000000000000   1.0000000000000000E+30
     110.0000000000000000   1.0000000000000000E+30
     120.0000000000000000   1.0000000000000000E+30
     130.0000000000000000   1.0000000000000000E+30
     140.0000000000000000   1.0000000000000000E+30
     150.0000000000000000   1.0000000000000000E+30
     160.0000000000000000   1.0000000000000000E+30
     170.0000000000000000   1.0000000000000000E+30
     180.0000000000000000   1.0000000000000000E+30
     190.0000000000000000   1.0000000000000000E+30
     200.0000000000000000   1.0000000000000000E+30
     210.0000000000000000   1.0000000000000000E+30
     220.0000000000000000   1.0000000000000000E+30
     230.0000000000000000   1.0000000000000000E+30
     240.0000000000000000   1.0000000000000000E+30
     250.0000000000000000   1.0000000000000000E+30
     260.0000000000000000   1.0000000000000000E+30
     270.0000000000000000   1.0000000000000000E+30
     280.0000000000000000   1.0000000000000000E+30
     290.0000000000000000   1.0000000000000000E+30
     300.0000000000000000   1.0000000000000000E+30
     310.0000000000000000   1.0000000000000000E+30
     320.0000000000000000   1.0000000000000000E+30
     330.0000000000000000   1.0000000000000000E+30
     340.0000000000000000   1.0000000000000000E+30
     350.0000000000000000   1.0000000000000000E+30
     360.0000000000000000   1.0000000000000000E+30
     370.0000000000000000   1.0000000000000000E+30
     380.0000000000000000   1.0000000000000000E+30
     390.0000000000000000   1.0000000000000000E+30
     400.0000000000000000   1.0000000000000000E+30
     410.0000000000000000   1.0000000000000000E+30
     420.0000000000000000   1.0000000000000000E+30
     430.0000000000000000   1.0000000000000000E+30
     440.0000000000000000   1.0000000000000000E+30
     450.0000000000000000   1.0000000000000000E+30
     460.0000000000000000   1.0000000000000000E+30
     470.0000000000000000   1.0000000000000000E+30
     480.0000000000000000   1.0000000000000000E+30
     490.0000000000000000   1.0000000000000000E+30
     500.0000000000000000   1.0000000000000000E+30
     510.0000000000000000   1.0000000000000000E+30
     520.0000000000000000   1.0000000000000000E+30
     530.0000000000000000   1.0000000000000000E+30
     540.0000000000000000   1.0000000000000000E+30
     550.0000000000000000   1.0000000000000000E+30
     560.0000000000000000   1.0000000000000000E+30
     570.0000000000000000   1.0000000000000000E+30
     580.0000000000000000   1.0000000000000000E+30
     590.0000000000000000   1.0000000000000000E+30
     600.0000000000000000   1.0000000000000000E+30
     610.0000000000000000   1.0000000000000000E+30
     620.0000000000000000   1.0000000000000000E+30
     630.0000000000000000   1.0000000000000000E+30
     640.0000000000000000   1.0000000000000000E+30
     650.0000000000000000   1.0000000000000000E+30
     660.0000000000000000   1.0000000000000000E+30
     670.0000000000000000   1.0000000000000000E+30
     680.0000000000000000   1.0000000000000000E+30
     690.0000000000000000   1.0000000000000000E+30
     700.0000000000000000   1.0000000000000000E+30
     710.0000000000000000   1.0000000000000000E+30
     720.0000000000000000   6.8039002276873080E+03
     730.0000000000000000   6.7997538276720297E+03
     740.0000000000000000   6.8058037094984120E+03
     750.0000000000000000   6.8216452776542701E+03
     760.0000000000000000   6.8469003784425095E+03
     770.0000000000000000   6.8812152530797430E+03
     780.0000000000000000   6.9242586733004664E+03
     790.0000000000000000   6.9757202411037597E+03
     800.0000000000000000   7.0353088363321785E+03
     810.0000000000000000   7.1027511975734524E+03
     820.0000000000000000   7.1777906234582097E+03
     830.0000000000000000   7.2601857828200509E+03
     840.0000000000000000   7.3497096234126666E+03
     850.0000000000000000   7.4461483699632381E+03
     860.0000000000000000   7.5493006033006941E+03
     870.0000000000000000   7.6589764131470256E+03
     880.0000000000000000   7.7749966179135099E+03
     890.0000000000000000   7.8971920455131885E+03
     900.0000000000000000   8.0254028697963686E+03
     910.0000000000000000   8.1594779977464441E+03
     920.0000000000000000   8.2992745030463175E+03
     930.0000000000000000   8.4446571020482588E+03
     940.0000000000000000   8.5954976685577985E+03
     950.0000000000000000   8.7516747841804990E+03
     960.0000000000000000   8.9130733212836276E+03
     970.0000000000000000   9.0795840558968976E+03
     980.0000000000000000   9.2511033081207897E+03
     990.0000000000000000   9.4275326078310518E+03
    1000.0000000000000000   9.6087783836658655E+03
    1100.0000000000000000   1.1668534042355410E+04
    1200.0000000000000000   1.4134340085130494E+04
    1300.0000000000000000   1.6961826372588770E+04
    1400.0000000000000000   2.0121878541429709E+04
    1500.0000000000000000   2.3594750516691391E+04
    1600.0000000000000000   2.7366666865553347E+04
    1700.0000000000000000   3.1427780463585372E+04
    1800.0000000000000000   3.5770901058599688E+04
    1900.0000000000000000   4.0390679262683538E+04
    2000.0000000000000000   4.5283068643474449E+04
    2100.0000000000000000   5.0444962644501473E+04
    2200.0000000000000000   5.5873944286281316E+04
    2300.0000000000000000   6.1568110318127830E+04
    2400.0000000000000000   6.7525945546836650E+04
    2500.0000000000000000   7.3746231622174251E+04
    2600.0000000000000000   8.0227979890289891E+04
    2700.0000000000000000   8.6970381321648936E+04
    2800.0000000000000000   9.3972768725815899E+04
    2900.0000000000000000   1.0123458792440036E+05
    3000.0000000000000000   1.0875537553467417E+05
    3100.0000000000000000   1.1653474168641913E+05
    3200.0000000000000000   1.2457235645865960E+05
    3300.0000000000000000   1.3286793914862510E+05
    3400.0000000000000000   1.4142124971666466E+05
    3500.0000000000000000   1.5023208191708682E+05
    3600.0000000000000000   1.5930025774564236E+05
    3700.0000000000000000   1.6862562292293346E+05
    3800.0000000000000000   1.7820804319861456E+05
    3900.0000000000000000   1.8804740131023678E+05
    4000.0000000000000000   1.9814359446749062E+05
    4100.0000000000000000   2.0849653226061276E+05
    4200.0000000000000000   2.1910613491315275E+05
    4300.0000000000000000   2.2997233181579466E+05
    4400.0000000000000000   2.4109506029073024E+05
    4500.0000000000000000   2.5247426454606120E+05
    4600.0000000000000000   2.6410989478755143E+05
    4700.0000000000000000   2.7600190646123682E+05
    4800.0000000000000000   2.8815025960531534E+05
    4900.0000000000000000   3.0055491829366289E+05
    5000.0000000000000000   3.1321585015646357E+05
    5100.0000000000000000   3.2613302596597851E+05
    5200.0000000000000000   3.3930641927753331E+05
    5300.0000000000000000   3.5273600611746492E+05
    5400.0000000000000000   3.6642176471114100E+05
    5500.0000000000000000   3.8036367524527421E+05
    5600.0000000000000000   3.9456171965967794E+05
    5700.0000000000000000   4.0901588146436802E+05
    5800.0000000000000000   4.2372614557854610E+05
    5900.0000000000000000   4.3869249818852037E+05
    6000.0000000000000000   4.5391492662206391E+05
    6100.0000000000000000   4.6939341923706996E+05
    6200.0000000000000000   4.8512796532267641E+05
    6300.0000000000000000   5.0111855501128722E+05
    6400.0000000000000000   5.1736517920014006E+05
    6500.0000000000000000   5.3386782948125619E+05
    6600.0000000000000000   5.5062649807876186E+05
    6700.0000000000000000   5.6764117779270746E+05
    6800.0000000000000000   5.8491186194862949E+05
    6900.0000000000000000   6.0243854435218975E+05
    7000.0000000000000000   6.2022121924831974E+05
    7100.0000000000000000   6.3825988128436136E+05
    7200.0000000000000000   6.5655452547677036E+05
    7300.0000000000000000   6.7510514718098531E+05
    7400.0000000000000000   6.9391174206413201E+05
    7500.0000000000000000   7.1297430608025542E+05
    7600.0000000000000000   7.3229283544781839E+05
    7700.0000000000000000   7.5186732662923296E+05
    7800.0000000000000000   7.7169777631221700E+05
    7900.0000000000000000   7.9178418139279005E+05
    8000.0000000000000000   8.1212653895975067E+05
    8100.0000000000000000   8.3272484628048446E+05
    8200.0000000000000000   8.5357910078797839E+05
    8300.0000000000000000   8.7468930006892048E+05
    8400.0000000000000000   8.9605544185278786E+05
    8500.0000000000000000   9.1767752400182816E+05
    8600.0000000000000000   9.3955554450184945E+05
    8700.0000000000000000   9.6168950145374984E+05
    8800.0000000000000000   9.8407939306571230E+05
    8900.0000000000000000   1.0067252176460165E+06
    9000.0000000000000000   1.0296269735964007E+06
    9100.0000000000000000   1.0527846594059349E+06
    9200.0000000000000000   1.0761982736453558E+06
    9300.0000000000000000   1.0998678149618274E+06
    9400.0000000000000000   1.1237932820740871E+06
    9500.0000000000000000   1.1479746737679513E+06
    9600.0000000000000000   1.1724119888921436E+06
    9700.0000000000000000   1.1971052263544241E+06
    9800.0000000000000000   1.2220543851179944E+06
    9900.0000000000000000   1.2472594641981528E+06
   10000.0000000000000000   1.2727204626591858E+06
   11000.0000000000000000   1.5414058371347503E+06
   12000.0000000000000000   1.8356823937254872E+06
   13000.0000000000000000   2.1555496887300019E+06
   14000.0000000000000000   2.5010074310046616E+06
   15000.0000000000000000   2.8720554230887168E+06
   16000.0000000000000000   3.2686935272278395E+06
   17000.0000000000000000   3.6909216449507843E+06
   18000.0000000000000000   4.1387397043550308E+06
   19000.0000000000000000   4.6121476519466992E+06
   20000.0000000000000000   5.1111454472614666E+06
   21000.0000000000000000   5.6357330592337660E+06
   22000.0000000000000000   6.1859104636938050E+06
   23000.0000000000000000   6.7616776416090745E+06
   24000.0000000000000000   7.3630345778276483E+06
   25000.0000000000000000   7.9899812601660173E+06
   26000.0000000000000000   8.6425176787376422E+06
   27000.0000000000000000   9.3206438254522346E+06
   28000.0000000000000000   1.0024359693637883E+07
   29000.0000000000000000   1.0753665277752811E+07
   30000.0000000000000000   1.1508560573163182E+07
