       0.1000000000000000   1.0000000000000000E+30   0.0000000000000000E+00
       0.2000000000000000   1.0000000000000000E+30   0.0000000000000000E+00
       0.3000000000000000   1.0000000000000000E+30   0.0000000000000000E+00
       0.4000000000000000   1.0000000000000000E+30   0.0000000000000000E+00
       0.5000000000000000   1.0000000000000000E+30   0.0000000000000000E+00
       0.6000000000000000   1.0000000000000000E+30   0.0000000000000000E+00
       0.7000000000000000   1.0000000000000000E+30   0.0000000000000000E+00
       0.7999999999999999   1.0000000000000000E+30   0.0000000000000000E+00
       0.8999999999999999   1.0000000000000000E+30   0.0000000000000000E+00
       0.9999999999999999   1.0000000000000000E+30   0.0000000000000000E+00
       2.0000000000000000   1.0000000000000000E+30   0.0000000000000000E+00
       3.0000000000000000   1.0000000000000000E+30   0.0000000000000000E+00
       4.0000000000000000   1.0000000000000000E+30   0.0000000000000000E+00
       5.0000000000000000   1.0000000000000000E+30   0.0000000000000000E+00
       6.0000000000000000   1.0000000000000000E+30   0.0000000000000000E+00
       7.0000000000000000   1.0000000000000000E+30   0.0000000000000000E+00
       8.0000000000000000   1.0000000000000000E+30   0.0000000000000000E+00
       9.0000000000000000   1.0000000000000000E+30   0.0000000000000000E+00
      10.0000000000000000   1.0000000000000000E+30   0.0000000000000000E+00
      11.0000000000000000   1.0000000000000000E+30   0.0000000000000000E+00
      12.0000000000000000   1.0000000000000000E+30   0.0000000000000000E+00
      13.0000000000000000   1.0000000000000000E+30   0.0000000000000000E+00
      14.0000000000000000   1.0000000000000000E+30   0.0000000000000000E+00
      15.0000000000000000   1.0000000000000000E+30   0.0000000000000000E+00
      16.0000000000000000   1.0000000000000000E+30   0.0000000000000000E+00
      17.0000000000000000   1.0000000000000000E+30   0.0000000000000000E+00
      18.0000000000000000   1.0000000000000000E+30   0.0000000000000000E+00
      19.0000000000000000   1.0000000000000000E+30   0.0000000000000000E+00
      20.0000000000000000   1.0000000000000000E+30   0.0000000000000000E+00
      21.0000000000000000   1.0000000000000000E+30   0.0000000000000000E+00
      22.0000000000000000   1.0000000000000000E+30   0.0000000000000000E+00
      23.0000000000000000   1.0000000000000000E+30   0.0000000000000000E+00
      24.0000000000000000   1.0000000000000000E+30   0.0000000000000000E+00
      25.0000000000000000   1.0000000000000000E+30   0.0000000000000000E+00
      26.0000000000000000   1.0000000000000000E+30   0.0000000000000000E+00
      27.0000000000000000   1.0000000000000000E+30   0.0000000000000000E+00
      27.9989999999999988   1.0000000000000000E+30   0.0000000000000000E+00
      28.0000000000000000   1.0000000000000000E+30   0.0000000000000000E+00
      28.0010000000000012   1.0000000000000000E+30   0.0000000000000000E+00
      28.9989999999999988   1.0000000000000000E+30   0.0000000000000000E+00
      29.0000000000000000   1.0000000000000000E+30   0.0000000000000000E+00
      29.0010000000000012   1.0000000000000000E+30   0.0000000000000000E+00
      30.0000000000000000   1.0000000000000000E+30   0.0000000000000000E+00
      31.0000000000000000   1.0000000000000000E+30   0.0000000000000000E+00
      32.0000000000000000   1.0000000000000000E+30   0.0000000000000000E+00
      33.0000000000000000   1.0000000000000000E+30   0.0000000000000000E+00
      34.0000000000000000   1.0000000000000000E+30   0.0000000000000000E+00
      35.0000000000000000   1.0000000000000000E+30   0.0000000000000000E+00
      36.0000000000000000   1.0000000000000000E+30   0.0000000000000000E+00
      37.0000000000000000   1.0000000000000000E+30   0.0000000000000000E+00
      38.0000000000000000   1.0000000000000000E+30   0.0000000000000000E+00
      39.0000000000000000   1.0000000000000000E+30   0.0000000000000000E+00
      40.0000000000000000   1.0000000000000000E+30   0.0000000000000000E+00
      41.0000000000000000   1.0000000000000000E+30   0.0000000000000000E+00
      42.0000000000000000   1.0000000000000000E+30   0.0000000000000000E+00
      43.0000000000000000   1.0000000000000000E+30   0.0000000000000000E+00
      44.0000000000000000   1.0000000000000000E+30   0.0000000000000000E+00
      45.0000000000000000   1.0000000000000000E+30   0.0000000000000000E+00
      46.0000000000000000   1.0000000000000000E+30   0.0000000000000000E+00
      47.0000000000000000   1.0000000000000000E+30   0.0000000000000000E+00
      48.0000000000000000   1.0000000000000000E+30   0.0000000000000000E+00
      49.0000000000000000   1.0000000000000000E+30   0.0000000000000000E+00
      50.0000000000000000   1.0000000000000000E+30   0.0000000000000000E+00
      51.0000000000000000   1.0000000000000000E+30   0.0000000000000000E+00
      52.0000000000000000   1.0000000000000000E+30   0.0000000000000000E+00
      53.0000000000000000   1.0000000000000000E+30   0.0000000000000000E+00
      54.0000000000000000   1.0000000000000000E+30   0.0000000000000000E+00
      55.0000000000000000   1.0000000000000000E+30   0.0000000000000000E+00
      56.0000000000000000   1.0000000000000000E+30   0.0000000000000000E+00
      57.0000000000000000   1.0000000000000000E+30   0.0000000000000000E+00
      58.0000000000000000   1.0000000000000000E+30   0.0000000000000000E+00
      59.0000000000000000   1.0000000000000000E+30   0.0000000000000000E+00
      60.0000000000000000   1.0000000000000000E+30   0.0000000000000000E+00
      61.0000000000000000   1.0000000000000000E+30   0.0000000000000000E+00
      62.0000000000000000   1.0000000000000000E+30   0.0000000000000000E+00
      63.0000000000000000   1.0000000000000000E+30   0.0000000000000000E+00
      64.0000000000000000   1.0000000000000000E+30   0.0000000000000000E+00
      65.0000000000000000   1.0000000000000000E+30   0.0000000000000000E+00
      66.0000000000000000   1.0000000000000000E+30   0.0000000000000000E+00
      67.0000000000000000   1.0000000000000000E+30   0.0000000000000000E+00
      68.0000000000000000   1.0000000000000000E+30   0.0000000000000000E+00
      69.0000000000000000   1.0000000000000000E+30   0.0000000000000000E+00
      70.0000000000000000   1.0000000000000000E+30   0.0000000000000000E+00
      71.0000000000000000   1.0000000000000000E+30   0.0000000000000000E+00
      72.0000000000000000   1.0000000000000000E+30   0.0000000000000000E+00
      73.0000000000000000   1.0000000000000000E+30   0.0000000000000000E+00
      74.0000000000000000   1.0000000000000000E+30   0.0000000000000000E+00
      75.0000000000000000   1.0000000000000000E+30   0.0000000000000000E+00
      76.0000000000000000   1.0000000000000000E+30   0.0000000000000000E+00
      77.0000000000000000   1.0000000000000000E+30   0.0000000000000000E+00
      78.0000000000000000   1.0000000000000000E+30   0.0000000000000000E+00
      79.0000000000000000   1.0000000000000000E+30   0.0000000000000000E+00
      80.0000000000000000   1.0000000000000000E+30   0.0000000000000000E+00
      81.0000000000000000   1.0000000000000000E+30   0.0000000000000000E+00
      82.0000000000000000   1.0000000000000000E+30   0.0000000000000000E+00
      83.0000000000000000   1.0000000000000000E+30   0.0000000000000000E+00
      84.0000000000000000   1.0000000000000000E+30   0.0000000000000000E+00
      85.0000000000000000   1.0000000000000000E+30   0.0000000000000000E+00
      86.0000000000000000   1.0000000000000000E+30   0.0000000000000000E+00
      87.0000000000000000   1.0000000000000000E+30   0.0000000000000000E+00
      88.0000000000000000   1.0000000000000000E+30   0.0000000000000000E+00
      89.0000000000000000   1.0000000000000000E+30   0.0000000000000000E+00
      90.0000000000000000   1.0000000000000000E+30   0.0000000000000000E+00
      91.0000000000000000   1.0000000000000000E+30   0.0000000000000000E+00
      92.0000000000000000   1.0000000000000000E+30   0.0000000000000000E+00
      92.9989999999999952   1.0000000000000000E+30   0.0000000000000000E+00
      93.0000000000000000   1.0000000000000000E+30   0.0000000000000000E+00
      93.0010000000000048   1.0000000000000000E+30   0.0000000000000000E+00
      94.0000000000000000   1.0000000000000000E+30   0.0000000000000000E+00
      95.0000000000000000   1.0000000000000000E+30   0.0000000000000000E+00
      96.0000000000000000   1.0000000000000000E+30   0.0000000000000000E+00
      97.0000000000000000   1.0000000000000000E+30   0.0000000000000000E+00
      98.0000000000000000   1.0000000000000000E+30   0.0000000000000000E+00
      99.0000000000000000   1.0000000000000000E+30   0.0000000000000000E+00
     100.0000000000000000   1.0000000000000000E+30   0.0000000000000000E+00
     101.9989999999999952   1.0000000000000000E+30   0.0000000000000000E+00
     102.0010000000000048   1.0000000000000000E+30   0.0000000000000000E+00
     110.0000000000000000   1.0000000000000000E+30   0.0000000000000000E+00
     120.0000000000000000   1.0000000000000000E+30   0.0000000000000000E+00
     130.0000000000000000   1.0000000000000000E+30   0.0000000000000000E+00
     140.0000000000000000   1.0000000000000000E+30   0.0000000000000000E+00
     140.9989999999999952   1.0000000000000000E+30   0.0000000000000000E+00
     141.0010000000000048   7.5338847973019897E+10   1.8715444129235222E-09
     150.0000000000000000   2.5178524498194261E+05   5.6821451582553131E-04
     160.0000000000000000   7.9893238928203253E+04   1.8188091961714569E-03
     170.0000000000000000   4.1701941233638478E+04   3.5375872717448727E-03
     180.0000000000000000   2.6546036092909751E+04   5.6402398136026202E-03
     190.0000000000000000   1.8835045616886666E+04   8.0660793009044909E-03
     200.0000000000000000   1.4315576969520731E+04   1.0766327338303147E-02
     210.0000000000000000   1.1411751208546864E+04   1.3699166302533344E-02
     220.0000000000000000   9.4212723461724563E+03   1.6827967884625605E-02
     230.0000000000000000   7.9900793605660974E+03   2.0119013049254390E-02
     240.0000000000000000   6.9224981019426059E+03   2.3541182567258786E-02
     250.0000000000000000   6.1028251239605270E+03   2.7064685150507875E-02
     260.0000000000000000   5.4586806917304148E+03   3.0661296905864836E-02
     270.0000000000000000   4.9428092934250199E+03   3.4303770143522705E-02
     280.0000000000000000   4.5231219118449962E+03   3.7966459153369700E-02
     290.0000000000000000   4.1771869916661490E+03   4.1625095105736636E-02
     300.0000000000000000   3.8888605807364738E+03   4.5257365079018723E-02
     310.0000000000000000   3.6462679301153476E+03   4.8843020854300374E-02
     320.0000000000000000   3.4404877469709982E+03   5.2364141384417591E-02
     330.0000000000000000   3.2647007634715942E+03   5.5805220315144635E-02
     340.0000000000000000   3.1136104123293621E+03   5.9153262398929554E-02
     350.0000000000000000   2.9830478290148776E+03   6.2397681551691120E-02
     360.0000000000000000   2.8696924168320375E+03   6.5530176049841946E-02
     370.0000000000000000   2.7708683231430309E+03   6.8544621406574358E-02
     380.0000000000000000   2.6843993802354862E+03   7.1436851208214636E-02
     390.0000000000000000   2.6085040016563275E+03   7.4204316530355419E-02
     400.0000000000000000   2.5417070505987317E+03   7.6846006000318101E-02
     410.0000000000000000   2.4827831878462821E+03   7.9362100365888158E-02
     420.0000000000000000   2.4307051412176588E+03   8.1753841046618897E-02
     430.0000000000000000   2.3846078617529661E+03   8.4023284653420779E-02
     440.0000000000000000   2.3437589371000759E+03   8.6173139215667521E-02
     450.0000000000000000   2.3075340395380349E+03   8.8206654561530470E-02
     460.0000000000000000   2.2753999106046167E+03   9.0127420437800601E-02
     470.0000000000000000   2.2468972916744165E+03   9.1939343673360957E-02
     480.0000000000000000   2.2216298697365073E+03   9.3646509679994092E-02
     488.9989999999999668   2.2013734963339421E+03   9.5096653256207031E-02
     489.0009999999999195   2.2013692394275131E+03   9.5096966646182418E-02
     490.0000000000000000   2.1992553495800830E+03   9.5253051217931595E-02
     496.9990000000000805   2.1851541204461741E+03   9.6319903697988402E-02
     497.0010000000000332   2.1851502649775057E+03   9.6320201873703160E-02
     500.0000000000000000   2.1794746386509059E+03   9.6763200683376988E-02
     510.0000000000000000   2.1620266997101735E+03   9.8181186135027868E-02
     520.0000000000000000   2.1466833933719408E+03   9.9511150630160014E-02
     530.0000000000000000   2.1332430693231963E+03   1.0075722928463228E-01
     540.0000000000000000   2.1215292966847692E+03   1.0192335644043417E-01
     550.0000000000000000   2.1113846824750344E+03   1.0301343870728288E-01
     560.0000000000000000   2.1026695180399720E+03   1.0403125763528588E-01
     570.0000000000000000   2.0952598670818270E+03   1.0498042657034889E-01
     580.0000000000000000   2.0890461199148731E+03   1.0586433330247225E-01
     590.0000000000000000   2.0839280415104267E+03   1.0668639838228618E-01
     600.0000000000000000   2.0798173642570209E+03   1.0744975476865709E-01
     610.0000000000000000   2.0766338167220674E+03   1.0815747066814752E-01
     620.0000000000000000   2.0743055833909057E+03   1.0881241960995823E-01
     630.0000000000000000   2.0727674211283083E+03   1.0941737446866638E-01
     640.0000000000000000   2.0719605084763339E+03   1.0997494335376068E-01
     650.0000000000000000   2.0718313541839739E+03   1.1048762404510243E-01
     660.0000000000000000   2.0723313772627939E+03   1.1095777405793715E-01
     670.0000000000000000   2.0734162005141143E+03   1.1138764861919863E-01
     680.0000000000000000   2.0750455552925314E+03   1.1177936431045429E-01
     690.0000000000000000   2.0771824078799355E+03   1.1213494577046164E-01
     700.0000000000000000   2.0797929879301491E+03   1.1245630249049987E-01
     710.0000000000000000   2.0828462411519386E+03   1.1274524496495643E-01
     718.9990000000000236   2.0859487525731433E+03   1.1297897258908517E-01
     719.0009999999999764   2.0859494781078506E+03   1.1297902184763116E-01
     720.0000000000000000   2.0863137235732488E+03   1.1300348785790278E-01
     730.0000000000000000   2.0901691870393529E+03   1.1323265684634672E-01
     740.0000000000000000   2.0943884382923043E+03   1.1343429150402662E-01
     750.0000000000000000   2.0989491915984831E+03   1.1360984867782392E-01
     760.0000000000000000   2.1038308692869368E+03   1.1376070581413771E-01
     760.9990000000000236   2.1043354451500750E+03   1.1377446956940647E-01
     761.0009999999999764   2.1043364584370775E+03   1.1377449688275132E-01
     770.0000000000000000   2.1090144082734378E+03   1.1388816868309767E-01
     780.0000000000000000   2.1144820265590183E+03   1.1399348348873223E-01
     790.0000000000000000   2.1202175087018181E+03   1.1407780747490232E-01
     800.0000000000000000   2.1262054777532039E+03   1.1414226238333015E-01
     810.0000000000000000   2.1324318497153167E+03   1.1418789300456317E-01
     820.0000000000000000   2.1388833877300622E+03   1.1421570022066538E-01
     830.0000000000000000   2.1455478880507249E+03   1.1422661890166580E-01
     840.0000000000000000   2.1524137960483222E+03   1.1422155163033486E-01
     850.0000000000000000   2.1594704799708570E+03   1.1420133936830092E-01
     860.0000000000000000   2.1667078512329381E+03   1.1416679050338183E-01
     870.0000000000000000   2.1741165767637808E+03   1.1411866313337971E-01
     880.0000000000000000   2.1816878616322060E+03   1.1405768057835054E-01
     887.9990000000000236   2.1878556059989764E+03   1.1400010729728478E-01
     888.0009999999999764   2.1878571602109164E+03   1.1400009195139114E-01
     890.0000000000000000   2.1894134736713740E+03   1.1398452751860839E-01
     900.0000000000000000   2.1972856886631571E+03   1.1389985321107829E-01
     910.0000000000000000   2.2052972955458722E+03   1.1380426935021384E-01
     920.0000000000000000   2.2134413559145687E+03   1.1369837051423583E-01
     930.0000000000000000   2.2217115480899597E+03   1.1358270287989854E-01
     940.0000000000000000   2.2301018061249174E+03   1.1345779607000675E-01
     950.0000000000000000   2.2386064140231492E+03   1.1332414978123813E-01
     960.0000000000000000   2.2472199977698774E+03   1.1318223897099618E-01
     970.0000000000000000   2.2559375286241270E+03   1.1303251301028504E-01
     980.0000000000000000   2.2647541378911119E+03   1.1287540425220992E-01
     990.0000000000000000   2.2736653663696047E+03   1.1271131569649173E-01
    1000.0000000000000000   2.2826668773399138E+03   1.1254063758426616E-01
    1100.0000000000000000   2.3768535290461336E+03   1.1054391686549110E-01
    1200.0000000000000000   2.4766929921618598E+03   1.0819772033657081E-01
    1300.0000000000000000   2.5802646991727211E+03   1.0567773965029617E-01
    1400.0000000000000000   2.6863425251105673E+03   1.0309219859457946E-01
    1500.0000000000000000   2.7941140239731053E+03   1.0050793512939456E-01
    1600.0000000000000000   2.9030244727163536E+03   9.7965943798741045E-02
    1700.0000000000000000   3.0112793311447667E+03   9.5656328362303353E-02
    1800.0000000000000000   3.1225269171174891E+03   9.3225235376273557E-02
    1900.0000000000000000   3.2331033865410773E+03   9.0973282525235954E-02
    2000.0000000000000000   3.3430531046863384E+03   8.8880213507724765E-02
    2100.0000000000000000   3.4524191034243827E+03   8.6928701507251446E-02
    2200.0000000000000000   3.5640685728366498E+03   8.4842533567770911E-02
    2300.0000000000000000   3.6750147929596342E+03   8.2896440882962316E-02
    2400.0000000000000000   3.7853012657394333E+03   8.1076004125644821E-02
    2500.0000000000000000   3.8949684634418600E+03   7.9368741308915566E-02
    2600.0000000000000000   4.0040539087010102E+03   7.7763794468246300E-02
    2700.0000000000000000   4.1125922631687881E+03   7.6251677658412759E-02
    2800.0000000000000000   4.2230171280015575E+03   7.4625281840398502E-02
    2900.0000000000000000   4.3304827396655583E+03   7.3282810202327200E-02
    3000.0000000000000000   4.4397810084461016E+03   7.1826666843506665E-02
    3100.0000000000000000   4.5485374685598854E+03   7.0448457744689469E-02
    3200.0000000000000000   4.6567775563050836E+03   6.9141800048708735E-02
    3300.0000000000000000   4.7645250818052818E+03   6.7901000176142923E-02
    3400.0000000000000000   4.8718023283041066E+03   6.6720963596194144E-02
    3500.0000000000000000   4.9786301626848690E+03   6.5597117504745409E-02
    3600.0000000000000000   5.0871022909816193E+03   6.4375146697110558E-02
    3700.0000000000000000   5.1930485118270426E+03   6.3356313039715922E-02
    3800.0000000000000000   5.2986007245087003E+03   6.2382226937612216E-02
    3900.0000000000000000   5.4057541710259657E+03   6.1312429439273786E-02
    3932.9989999999997963   5.4403473821710741E+03   6.1016109439872984E-02
    3933.0010000000002037   5.4403495974974621E+03   6.1016083348764030E-02
    4000.0000000000000000   5.5105262088686040E+03   6.0422915741284972E-02
    4100.0000000000000000   5.6168740419616688E+03   5.9439606654785988E-02
    4159.9989999999997963   5.6808793343806201E+03   5.8843760922654240E-02
    4160.0010000000002037   5.6808815299293874E+03   5.8843737039482640E-02
    4200.0000000000000000   5.7228319898685677E+03   5.8497107729595280E-02
    4300.0000000000000000   5.8265215146479022E+03   5.7716391050726415E-02
    4400.0000000000000000   5.9317539907186801E+03   5.6844968753479462E-02
    4468.9989999999997963   6.0048618840265035E+03   5.6218534262396057E-02
    4469.0010000000002037   6.0048640545593880E+03   5.6218512918134837E-02
    4500.0000000000000000   6.0366332389468316E+03   5.6007379911330160E-02
    4600.0000000000000000   6.1411701988628329E+03   5.5201621629598657E-02
    4700.0000000000000000   6.2453753158899508E+03   5.4425847367976059E-02
    4800.0000000000000000   6.3492585637943585E+03   5.3678352279206462E-02
    4900.0000000000000000   6.4528294565651713E+03   5.2957560627789994E-02
    5000.0000000000000000   6.5560970703825215E+03   5.2262013999527270E-02
    5100.0000000000000000   6.6590700842882825E+03   5.1590359675299666E-02
    5200.0000000000000000   6.7617567915910213E+03   5.0941341696284254E-02
    5300.0000000000000000   6.8641651282005450E+03   5.0313791996452292E-02
    5400.0000000000000000   6.9663026936611641E+03   4.9706622671149017E-02
    5500.0000000000000000   7.0681767571017699E+03   4.9118819800498204E-02
    5600.0000000000000000   7.1714530823983396E+03   4.8456735138448392E-02
    5700.0000000000000000   7.2728023226789355E+03   4.7906663242407881E-02
    5800.0000000000000000   7.3739081422983309E+03   4.7373233345711599E-02
    5900.0000000000000000   7.4747766616484232E+03   4.6855675064082024E-02
    6000.0000000000000000   7.5770168216189459E+03   4.6267225082007535E-02
    6100.0000000000000000   7.6774096987944458E+03   4.5780821148488367E-02
    6200.0000000000000000   7.7791661618243679E+03   4.5225104061373318E-02
    6300.0000000000000000   7.8791049096979532E+03   4.4767108974161349E-02
    6400.0000000000000000   7.9788341473699256E+03   4.4321662573473808E-02
    6500.0000000000000000   8.0799032145415977E+03   4.3809298959601332E-02
    6600.0000000000000000   8.1792082641460438E+03   4.3388746371836963E-02
    6700.0000000000000000   8.2798424033094161E+03   4.2902757860386158E-02
    6800.0000000000000000   8.3802646272288566E+03   4.2429746224692040E-02
    6900.0000000000000000   8.4789577503732726E+03   4.2043358099416499E-02
    7000.0000000000000000   8.5789699535415566E+03   4.1593658146404838E-02
    7100.0000000000000000   8.6772822880000895E+03   4.1227407629894769E-02
    7200.0000000000000000   8.7769002308085055E+03   4.0799245067043674E-02
    7300.0000000000000000   8.8763244165527267E+03   4.0381790447003900E-02
    7400.0000000000000000   8.9740853776310705E+03   4.0043376555375598E-02
    7500.0000000000000000   9.0731368567803693E+03   3.9645105397344504E-02
    7600.0000000000000000   9.1720052512575548E+03   3.9256384537816776E-02
    7700.0000000000000000   9.2692458540353527E+03   3.8942772876953843E-02
    7800.0000000000000000   9.3677609129631037E+03   3.8571231436003724E-02
    7900.0000000000000000   9.4661023091548414E+03   3.8208259040325543E-02
    8000.0000000000000000   9.5642737690581962E+03   3.7853516481616570E-02
    8100.0000000000000000   9.6608574019879125E+03   3.7569289590945326E-02
    8200.0000000000000000   9.7586979885111941E+03   3.7229495918102762E-02
    8300.0000000000000000   9.8563765504986550E+03   3.6897144144713380E-02
    8400.0000000000000000   9.9538958284683940E+03   3.6571977480527255E-02
    8500.0000000000000000   1.0051257764931750E+04   3.6253781616297061E-02
    8600.0000000000000000   1.0147077792240732E+04   3.6001109792478767E-02
    8700.0000000000000000   1.0244134617970889E+04   3.5695550743430005E-02
    8800.0000000000000000   1.0341041678732878E+04   3.5396306435302373E-02
    8900.0000000000000000   1.0437801138689458E+04   3.5103180565052051E-02
    9000.0000000000000000   1.0534414888378671E+04   3.4815994056702569E-02
    9100.0000000000000000   1.0630884772219471E+04   3.4534575084691099E-02
    9200.0000000000000000   1.0727212687107145E+04   3.4258754767938451E-02
    9300.0000000000000000   1.0823400607278189E+04   3.3988366094750443E-02
    9400.0000000000000000   1.0919450560415862E+04   3.3723244783495532E-02
    9500.0000000000000000   1.1015364583799277E+04   3.3463230891054081E-02
    9600.0000000000000000   1.1109817399953425E+04   3.3260522911873147E-02
    9700.0000000000000000   1.1205470946618385E+04   3.3009680259921244E-02
    9800.0000000000000000   1.1300994439201255E+04   3.2763515053744724E-02
    9900.0000000000000000   1.1396389585573261E+04   3.2521896315823709E-02
   10000.0000000000000000   1.1491658068960342E+04   3.2284697492504032E-02
   11000.0000000000000000   1.2438983626573165E+04   3.0085428185267295E-02
   12000.0000000000000000   1.3375188486221770E+04   2.8224875455839103E-02
   13000.0000000000000000   1.4302656402079725E+04   2.6591022172222784E-02
   14000.0000000000000000   1.5222288695476651E+04   2.5138284903066754E-02
   15000.0000000000000000   1.6133704752664889E+04   2.3865667796133472E-02
   16000.0000000000000000   1.7038723115758363E+04   2.2710005142998896E-02
   17000.0000000000000000   1.7936761516216102E+04   2.1681786218057157E-02
   18000.0000000000000000   1.8828383990511447E+04   2.0759702868791183E-02
   19000.0000000000000000   1.9715026954395391E+04   1.9903603700191223E-02
   20000.0000000000000000   2.0595076493110031E+04   1.9150881171942049E-02
   21000.0000000000000000   2.1471877594528196E+04   1.8419680278081243E-02
   22000.0000000000000000   2.2342723106430294E+04   1.7772739536607664E-02
   23000.0000000000000000   2.3209921181428195E+04   1.7156769495573383E-02
   24000.0000000000000000   2.4071677885972880E+04   1.6609999242769066E-02
   25000.0000000000000000   2.4930212179005128E+04   1.6085017657258359E-02
   26000.0000000000000000   2.5784772118134832E+04   1.5597685089266015E-02
   27000.0000000000000000   2.6635564255729594E+04   1.5143696378836698E-02
   28000.0000000000000000   2.7483629121155500E+04   1.4703606958780355E-02
   29000.0000000000000000   2.8327271006657327E+04   1.4309299671986792E-02
   29203.9989999999997963   2.8499727947354499E+04   1.4218026831971804E-02
   29204.0010000000002037   2.8499729635402025E+04   1.4218025976892104E-02
   30000.0000000000000000   2.9168561622312322E+04   1.3922617855471942E-02
   31000.0000000000000000   3.0006598608260370E+04   1.3560493294615537E-02
   32000.0000000000000000   3.0840723731438487E+04   1.3234328367189893E-02
   33000.0000000000000000   3.1672788663248390E+04   1.2912243158541153E-02
   34000.0000000000000000   3.2502014679413365E+04   1.2608102720600155E-02
   35000.0000000000000000   3.3329555523175608E+04   1.2303915423663664E-02
   36000.0000000000000000   3.4153286363087282E+04   1.2033491512871312E-02
   37000.0000000000000000   3.4974576117611876E+04   1.1775433474286648E-02
   38000.0000000000000000   3.5793392013159748E+04   1.1530435664976793E-02
   39000.0000000000000000   3.6610912881491626E+04   1.1281747915070590E-02
   40000.0000000000000000   3.7425025522996366E+04   1.1060243435329100E-02
   41000.0000000000000000   3.8237895129699580E+04   1.0835042949427534E-02
   42000.0000000000000000   3.9047539839997880E+04   1.0634427362745121E-02
   43000.0000000000000000   3.9855840354465523E+04   1.0432049198718991E-02
   44000.0000000000000000   4.0662328476096845E+04   1.0235454919428719E-02
   45000.0000000000000000   4.1466041485748436E+04   1.0057740318941088E-02
   46000.0000000000000000   4.2268353928999233E+04   9.8797932681976824E-03
   47000.0000000000000000   4.3068896884544069E+04   9.7078280839458606E-03
   48000.0000000000000000   4.3867996542642279E+04   9.5381528512850436E-03
   49000.0000000000000000   4.4665067377908948E+04   9.3775516614782242E-03
   50000.0000000000000000   4.5460237173551970E+04   9.2247269118074515E-03
