       0.1000000000000000   1.1830346884476106E+02   2.4687237262259736E-04
       0.2000000000000000   1.0283773232349385E+02   4.9060376944382749E-04
       0.3000000000000000   9.6981066464490809E+01   7.4080935510873944E-04
       0.4000000000000000   9.4097531715710673E+01   9.8768481625013515E-04
       0.5000000000000000   9.2134352459544630E+01   1.2393570874889592E-03
       0.6000000000000000   9.0622868456875239E+01   1.4961640896840214E-03
       0.7000000000000000   8.9378970027367345E+01   1.7584609077372414E-03
       0.7999999999999999   8.8301466491697411E+01   2.0264904463568015E-03
       0.8999999999999999   8.7344707217618023E+01   2.2997120273435508E-03
       0.9999999999999999   8.6462485429709844E+01   2.5791560209397963E-03
       2.0000000000000000   7.9458384224864830E+01   5.7099133530914099E-03
       3.0000000000000000   7.3655305916477531E+01   9.4999776898294572E-03
       4.0000000000000000   6.8488572088675326E+01   1.3986719725505605E-02
       5.0000000000000000   6.3872149301367365E+01   1.9182895634838507E-02
       6.0000000000000000   5.9762219581211134E+01   2.5085662667479615E-02
       7.0000000000000000   5.6116573191618258E+01   3.1677226630490420E-02
       8.0000000000000000   5.2883359429672417E+01   3.8934853666435142E-02
       9.0000000000000000   5.0010907125090291E+01   4.6833906907994841E-02
      10.0000000000000000   4.7449651077371584E+01   5.5352056070901795E-02
      11.0000000000000000   4.5156276363355495E+01   6.4469019119304444E-02
      12.0000000000000000   4.3093011170134972E+01   7.4166816608293260E-02
      13.0000000000000000   4.1228085973916713E+01   8.4430502485458442E-02
      14.0000000000000000   3.9533655052458904E+01   9.5249814937295882E-02
      15.0000000000000000   3.7986496405079563E+01   1.0661764983570808E-01
      16.0000000000000000   3.6567381692969647E+01   1.1852848174699383E-01
      17.0000000000000000   3.5259666728659745E+01   1.3098091588489735E-01
      18.0000000000000000   3.4049565758623039E+01   1.4397519401095751E-01
      19.0000000000000000   3.2925270149285332E+01   1.5751385277572172E-01
      20.0000000000000000   3.1876704756697897E+01   1.7160210074739807E-01
      21.0000000000000000   3.0895216594091316E+01   1.8624736015315968E-01
      22.0000000000000000   2.9973485277368024E+01   2.0145825211371007E-01
      23.0000000000000000   2.9105157498733263E+01   2.1724537633853319E-01
      24.0000000000000000   2.8284668538014405E+01   2.3362196243511896E-01
      25.0000000000000000   2.7507213854002774E+01   2.5060273321977311E-01
      26.0000000000000000   2.6768590323600378E+01   2.6820434390425396E-01
      27.0000000000000000   2.6065109378300686E+01   2.8644538533767416E-01
      28.0000000000000000   2.5393533348554257E+01   3.0534630934079188E-01
      29.0000000000000000   2.4750983718487269E+01   3.2492971205182658E-01
      30.0000000000000000   2.4134921837986411E+01   3.4522017833410573E-01
      31.0000000000000000   2.3543074469876348E+01   3.6624458663140208E-01
      32.0000000000000000   2.2973432492756462E+01   3.8803181727896618E-01
      33.0000000000000000   2.2424180038419493E+01   4.1061335298938928E-01
      34.0000000000000000   2.1893695031292104E+01   4.3402307519619654E-01
      35.0000000000000000   2.1380516385087095E+01   4.5829748320790381E-01
      36.0000000000000000   2.0883327077971472E+01   4.8347583429518254E-01
      37.0000000000000000   2.0400936890277489E+01   5.0960030323597105E-01
      38.0000000000000000   1.9932268800874585E+01   5.3671615204110223E-01
      39.0000000000000000   1.9476345081607015E+01   5.6487192240838058E-01
      40.0000000000000000   1.9032280248462875E+01   5.9411958599018422E-01
      41.0000000000000000   1.8599267692424867E+01   6.2451480988244978E-01
      42.0000000000000000   1.8176574375108164E+01   6.5611712667864830E-01
      43.0000000000000000   1.7763533852685658E+01   6.8899017389070349E-01
      44.0000000000000000   1.7359541744415004E+01   7.2320183446359454E-01
      45.0000000000000000   1.6964047421928303E+01   7.5882457844615270E-01
      46.0000000000000000   1.6576552798511365E+01   7.9593557833587347E-01
      47.0000000000000000   1.6196607919434609E+01   8.3461692052739245E-01
      48.0000000000000000   1.5823808214030160E+01   8.7495576333730696E-01
      49.0000000000000000   1.5457792148659113E+01   9.1704445578845595E-01
      50.0000000000000000   1.5098239470382637E+01   9.6098059443332440E-01
      51.0000000000000000   1.4744869586118405E+01   1.0068670083692999E+00
      52.0000000000000000   1.4397441054037568E+01   1.0548116278051396E+00
      53.0000000000000000   1.4055750860951015E+01   1.1049272219892594E+00
      54.0000000000000000   1.3719634344759704E+01   1.1573309611140374E+00
      55.0000000000000000   1.3388965069579893E+01   1.2121437780238935E+00
      56.0000000000000000   1.3063655572216643E+01   1.2694894786550062E+00
      56.9990000000000023   1.2743976647120114E+01   1.3294318093155397E+00
      57.0000000000000000   1.2743659298469112E+01   1.3294931825382110E+00
      57.0009999999999977   1.2743341955119437E+01   1.3295545585444382E+00
      58.0000000000000000   1.2428967765988542E+01   1.3922802659795175E+00
      59.0000000000000000   1.2119613364237580E+01   1.4579740106555550E+00
      60.0000000000000000   1.1815671700517179E+01   1.5266927090287998E+00
      61.0000000000000000   1.1517257400608665E+01   1.5985473037740388E+00
      62.0000000000000000   1.1224526383790787E+01   1.6736373316648765E+00
      63.0000000000000000   1.0937673735050494E+01   1.7520469483092054E+00
      64.0000000000000000   1.0656931085785770E+01   1.8338404054240118E+00
      65.0000000000000000   1.0382562781190099E+01   1.9190572323587147E+00
      66.0000000000000000   1.0114860448089935E+01   2.0077073275349457E+00
      67.0000000000000000   9.8541359348563926E+00   2.0997662341881305E+00
      68.0000000000000000   9.6007126432576424E+00   2.1951709351449629E+00
      69.0000000000000000   9.3549154197287070E+00   2.2938165377182358E+00
      70.0000000000000000   9.1170594050381517E+00   2.3955542172252287E+00
      70.9989999999999952   8.8876637753712480E+00   2.5000847311249070E+00
      71.0000000000000000   8.8874383578161744E+00   2.5001907404251251E+00
      71.0010000000000048   8.8872129487605847E+00   2.5002967523912267E+00
      72.0000000000000000   8.6663131909294400E+00   2.6074897861113850E+00
      73.0000000000000000   8.4539014346335577E+00   2.7171751395122112E+00
      74.0000000000000000   8.2503683788749136E+00   2.8289356657959370E+00
      74.9989999999999952   8.0560104549508313E+00   2.9423175868672047E+00
      75.0000000000000000   8.0558204150644421E+00   2.9424318313153521E+00
      75.0010000000000048   8.0556303842123089E+00   2.9425460771397915E+00
      76.0000000000000000   7.8703014885786011E+00   3.0573031801098347E+00
      77.0000000000000000   7.6937915141644613E+00   3.1731767473056438E+00
      77.9989999999999952   7.5263715548359604E+00   3.2895585693658709E+00
      78.0000000000000000   7.5262083885825213E+00   3.2896752549998967E+00
      78.0010000000000048   7.5260452311200785E+00   3.2897919408843572E+00
      79.0000000000000000   7.3674119306437884E+00   3.4064250840244310E+00
      80.0000000000000000   7.2172097897451737E+00   3.5230634299171779E+00
      81.0000000000000000   7.0753646511523698E+00   3.6392443899394613E+00
      82.0000000000000000   6.9416021571517161E+00   3.7546438197662675E+00
      83.0000000000000000   6.8156190096014990E+00   3.8689629136205919E+00
      84.0000000000000000   6.6970908173232555E+00   3.9819305566758367E+00
      85.0000000000000000   6.5856793763966905E+00   4.0933045661248819E+00
      86.0000000000000000   6.4810391581902680E+00   4.2028719795649438E+00
      87.0000000000000000   6.3828228917788996E+00   4.3104485720416124E+00
      88.0000000000000000   6.2906862594601360E+00   4.4158777484498275E+00
      89.0000000000000000   6.2042915978531621E+00   4.5190290500463632E+00
      90.0000000000000000   6.1233108546885999E+00   4.6197963190488620E+00
      91.0000000000000000   6.0474277576530033E+00   4.7180957171807645E+00
      92.0000000000000000   5.9763393475479756E+00   4.8138636650105235E+00
      93.0000000000000000   5.9097569718973135E+00   4.9070547819074966E+00
      94.0000000000000000   5.8474068357054723E+00   4.9976398818646315E+00
      95.0000000000000000   5.7890301976825009E+00   5.0856040639128004E+00
      96.0000000000000000   5.7343832896404505E+00   5.1709449224113033E+00
      97.0000000000000000   5.6832370253872817E+00   5.2536708919199198E+00
      98.0000000000000000   5.6353765539947531E+00   5.3337997333303919E+00
      99.0000000000000000   5.5906007070047954E+00   5.4113571616919751E+00
     100.0000000000000000   5.5487213658563306E+00   5.4863756128108063E+00
     105.9989999999999952   5.3492368850842622E+00   5.8855186235350185E+00
     106.0010000000000048   5.3491831984383627E+00   5.8856378393459394E+00
     110.0000000000000000   5.2558211131882686E+00   6.1069912216051767E+00
     120.0000000000000000   5.1175141627782637E+00   6.5296947488144879E+00
     130.0000000000000000   5.0693102794884322E+00   6.8057700717285599E+00
     140.0000000000000000   5.0769285209403154E+00   6.9758268958712719E+00
     150.0000000000000000   5.1209690368723670E+00   7.0696095290209469E+00
     160.0000000000000000   5.1897952708134296E+00   7.1084453925522766E+00
     170.0000000000000000   5.2760697659617630E+00   7.1075994056644305E+00
     180.0000000000000000   5.3749673097847879E+00   7.0780573849048736E+00
     190.0000000000000000   5.4832007730262626E+00   7.0277891951812155E+00
     200.0000000000000000   5.5984630929710484E+00   6.9626261070052751E+00
     210.0000000000000000   5.7190935364612283E+00   6.8868691368338721E+00
     220.0000000000000000   5.8365364803012483E+00   6.8301661855961786E+00
     230.0000000000000000   5.9687742118365774E+00   6.7323003988600760E+00
     240.0000000000000000   6.1016066099416060E+00   6.6372932432022491E+00
     250.0000000000000000   6.2274675778851423E+00   6.5691027308147989E+00
     260.0000000000000000   6.3685335474202738E+00   6.4559867582344141E+00
     270.0000000000000000   6.5024327107191873E+00   6.3696426528493344E+00
     280.0000000000000000   6.6365237904467085E+00   6.2860953845595118E+00
     290.0000000000000000   6.7770036181246320E+00   6.1854920365007864E+00
     300.0000000000000000   6.9110433965135787E+00   6.1081586847231524E+00
     310.0000000000000000   7.0509534034385384E+00   6.0151292622552237E+00
     317.9990000000000236   7.1591791225946677E+00   5.9540626467932389E+00
     318.0009999999999764   7.1592104206158931E+00   5.9540343804729625E+00
     320.0000000000000000   7.1904801324233958E+00   5.9259258959735153E+00
     330.0000000000000000   7.3296257717536291E+00   5.8403143536025892E+00
     334.9990000000000236   7.3963347599261784E+00   5.8070702978423112E+00
     335.0009999999999764   7.3963657655448749E+00   5.8070438751127664E+00
     340.0000000000000000   7.4683943078250818E+00   5.7580779443113848E+00
     350.0000000000000000   7.6067910394500720E+00   5.6790162109718834E+00
     360.0000000000000000   7.7448221939494424E+00   5.6029436851474026E+00
     370.0000000000000000   7.8824946294147002E+00   5.5296887270746709E+00
     380.0000000000000000   8.0198156355374355E+00   5.4590923234467343E+00
     390.0000000000000000   8.1614680287142107E+00   5.3772714107475776E+00
     400.0000000000000000   8.2979792823931771E+00   5.3119860637444001E+00
     410.0000000000000000   8.4386467700349677E+00   5.2359845050460114E+00
     420.0000000000000000   8.5743931741938813E+00   5.1754148800059747E+00
     430.0000000000000000   8.7141284515291346E+00   5.1046008917804455E+00
     440.0000000000000000   8.8533853848666837E+00   5.0363314746312904E+00
     450.0000000000000000   8.9880057062304886E+00   4.9820690752428414E+00
     460.0000000000000000   9.1264052301706649E+00   4.9181876239603728E+00
     470.0000000000000000   9.2643635783208929E+00   4.8564717238205937E+00
     480.0000000000000000   9.4018925416813204E+00   4.7968081903346427E+00
     490.0000000000000000   9.5390034978313114E+00   4.7390917365928944E+00
     500.0000000000000000   9.6757074135358980E+00   4.6832242922406584E+00
     510.0000000000000000   9.8120148790130273E+00   4.6291143442595422E+00
     520.0000000000000000   9.9479361138239053E+00   4.5766764027508859E+00
     521.9990000000000236   9.9765548528315016E+00   4.5624819891599193E+00
     522.0009999999999764   9.9765834777871358E+00   4.5624678349412751E+00
     530.0000000000000000   1.0083480965793118E+01   4.5258305391238762E+00
     540.0000000000000000   1.0218658918368602E+01   4.4765019511497162E+00
     550.0000000000000000   1.0353479110504473E+01   4.4286205404405443E+00
     560.0000000000000000   1.0487950337984795E+01   4.3821205686396940E+00
     570.0000000000000000   1.0625570210705158E+01   4.3281156493807886E+00
     580.0000000000000000   1.0759316305941477E+01   4.2843738352792577E+00
     590.0000000000000000   1.0892738647045972E+01   4.2418326506234729E+00
     600.0000000000000000   1.1029219978153547E+01   4.1921140234005358E+00
     610.0000000000000000   1.1161966208124150E+01   4.1519827480480318E+00
     611.9990000000000236   1.1189802203406375E+01   4.1408308033288481E+00
     612.0009999999999764   1.1189830046639967E+01   4.1408196777262019E+00
     620.0000000000000000   1.1294411397267410E+01   4.1129016112707957E+00
     630.0000000000000000   1.1429825669934329E+01   4.0669491056877884E+00
     640.0000000000000000   1.1561638741642902E+01   4.0299872314837781E+00
     650.0000000000000000   1.1693171259113496E+01   3.9939491843289159E+00
     660.0000000000000000   1.1827583062292407E+01   3.9513257297159012E+00
     670.0000000000000000   1.1958523279070633E+01   3.9171618123227447E+00
     680.0000000000000000   1.2092296437099701E+01   3.8765858623398652E+00
     690.0000000000000000   1.2222669084975859E+01   3.8441508442870336E+00
     700.0000000000000000   1.2355827713700432E+01   3.8054705516687899E+00
     710.0000000000000000   1.2488681098770202E+01   3.7677406883201616E+00
     720.0000000000000000   1.2618222940624403E+01   3.7377121321342077E+00
     726.9990000000000236   1.2709936272334337E+01   3.7144129285405283E+00
     727.0009999999999764   1.2709963311393011E+01   3.7144044069502828E+00
     730.0000000000000000   1.2750495291338307E+01   3.7016746273559438E+00
     740.0000000000000000   1.2879525393897527E+01   3.6730691388206251E+00
     750.0000000000000000   1.3011237923264670E+01   3.6386055992578150E+00
     760.0000000000000000   1.3142671583964942E+01   3.6049352314983421E+00
     770.0000000000000000   1.3270948505062071E+01   3.5783261444734866E+00
     780.0000000000000000   1.3401851160038152E+01   3.5460714901318688E+00
     790.0000000000000000   1.3532489873729080E+01   3.5145300656486307E+00
     800.0000000000000000   1.3662869656272166E+01   3.4836762091467608E+00
     810.0000000000000000   1.3790188489534721E+01   3.4594528577798620E+00
     820.0000000000000000   1.3920071395940036E+01   3.4298358433822687E+00
     830.0000000000000000   1.4049707837855705E+01   3.4008418709753458E+00
     840.0000000000000000   1.4179100574902170E+01   3.3724531075039175E+00
     850.0000000000000000   1.4308252224822208E+01   3.3446525979517179E+00
     860.0000000000000000   1.4434456100955819E+01   3.3230047214821035E+00
     870.0000000000000000   1.4563152282359187E+01   3.2962502199579609E+00
     880.0000000000000000   1.4691619465177165E+01   3.2700297887797145E+00
     890.0000000000000000   1.4819860266520516E+01   3.2443287037050417E+00
     900.0000000000000000   1.4947877783689270E+01   3.2191317341627763E+00
     910.0000000000000000   1.5075675615101209E+01   3.1944231153996117E+00
     920.0000000000000000   1.5203257555057293E+01   3.1701871714942502E+00
     930.0000000000000000   1.5328039270326155E+01   3.1515281972197493E+00
     940.0000000000000000   1.5455213750909111E+01   3.1281334227143711E+00
     950.0000000000000000   1.5582181200469092E+01   3.1051732509436039E+00
     960.0000000000000000   1.5708944427266294E+01   3.0826354870134538E+00
     970.0000000000000000   1.5835506303946858E+01   3.0605081521610211E+00
     980.0000000000000000   1.5961869719515910E+01   3.0387795668724569E+00
     990.0000000000000000   1.6088037516066063E+01   3.0174384559137768E+00
    1000.0000000000000000   1.6214012460566281E+01   2.9964739882885625E+00
    1100.0000000000000000   1.7466077500084033E+01   2.8011748818388926E+00
    1200.0000000000000000   1.8701148668591468E+01   2.6350583518786084E+00
    1300.0000000000000000   1.9923276813616653E+01   2.4883161644701532E+00
    1400.0000000000000000   2.1131664658126184E+01   2.3604746232554321E+00
    1500.0000000000000000   2.2329616633373828E+01   2.2449723021272541E+00
    1600.0000000000000000   2.3518016452774447E+01   2.1397499974710983E+00
    1700.0000000000000000   2.4695778249614943E+01   2.0457764426442355E+00
    1800.0000000000000000   2.5863661652634740E+01   1.9613664459845519E+00
    1900.0000000000000000   2.7024284662318628E+01   1.8826243681100918E+00
    2000.0000000000000000   2.8176241396551440E+01   1.8111913995899040E+00
    2100.0000000000000000   2.9320174424733068E+01   1.7459800783640613E+00
    2125.9989999999997963   2.9615109834090365E+01   1.7314264516167779E+00
    2126.0010000000002037   2.9615132789206477E+01   1.7314249979823382E+00
    2200.0000000000000000   3.0456611356867121E+01   1.6861525615489588E+00
    2205.9989999999997963   3.0525001864962910E+01   1.6821939459405644E+00
    2206.0010000000002037   3.0525024656696324E+01   1.6821926347631984E+00
    2300.0000000000000000   3.1585866134952081E+01   1.6311942840919893E+00
    2400.0000000000000000   3.2710129633324897E+01   1.5785130734629622E+00
    2500.0000000000000000   3.3827974301169100E+01   1.5297427015055403E+00
    2600.0000000000000000   3.4939728488573024E+01   1.4844512520906608E+00
    2648.9989999999997963   3.5482313921744662E+01   1.4634505392495956E+00
    2649.0010000000002037   3.5482336175120828E+01   1.4634495557971969E+00
    2700.0000000000000000   3.6045724846088127E+01   1.4422401697665159E+00
    2800.0000000000000000   3.7147658297835463E+01   1.4013498920541463E+00
    2900.0000000000000000   3.8242788598098890E+01   1.3645756735487942E+00
    3000.0000000000000000   3.9334515034052281E+01   1.3285032280493150E+00
    3029.9989999999997963   3.9660898344141536E+01   1.3182752634080850E+00
    3030.0010000000002037   3.9660920172959159E+01   1.3182745059816308E+00
    3100.0000000000000000   4.0420045125332265E+01   1.2958845024105767E+00
    3200.0000000000000000   4.1501988670714439E+01   1.2641746568991459E+00
    3299.9989999999997963   4.2579828719706484E+01   1.2339409178919827E+00
    3300.0000000000000000   4.2579839553657813E+01   1.2339405557251741E+00
    3300.0010000000002037   4.2579850387605603E+01   1.2339401935605283E+00
    3400.0000000000000000   4.3653350417417023E+01   1.2053949014671024E+00
    3500.0000000000000000   4.4722633959395139E+01   1.1784453060727389E+00
    3600.0000000000000000   4.5787836695376910E+01   1.1529613913809555E+00
    3700.0000000000000000   4.6851012991462959E+01   1.1272544196890990E+00
    3800.0000000000000000   4.7908599548401163E+01   1.1043212071291444E+00
    3900.0000000000000000   4.8962918191348081E+01   1.0822581623500473E+00
    4000.0000000000000000   5.0015201659268115E+01   1.0600487078861709E+00
    4100.0000000000000000   5.1062440660700425E+01   1.0401613387165378E+00
    4200.0000000000000000   5.2108032369057405E+01   1.0199094564746320E+00
    4300.0000000000000000   5.3150232635227454E+01   1.0006826834701688E+00
    4400.0000000000000000   5.4187599954675974E+01   9.8356291724450873E-01
    4500.0000000000000000   5.5224352538877355E+01   9.6548170286640012E-01
    4600.0000000000000000   5.6256955808503456E+01   9.4893306334313798E-01
    4700.0000000000000000   5.7288106410907929E+01   9.3215416736137147E-01
    4800.0000000000000000   5.8315799650155391E+01   9.1647213579188747E-01
    4900.0000000000000000   5.9338827952782388E+01   9.0272139813130570E-01
    5000.0000000000000000   6.0360991516469255E+01   8.8831329552462879E-01
    5100.0000000000000000   6.1380743540923049E+01   8.7435199077328984E-01
    5200.0000000000000000   6.2398074640312558E+01   8.6085242022577191E-01
    5300.0000000000000000   6.3414683659435546E+01   8.4672603135843183E-01
    5400.0000000000000000   6.4427804704080287E+01   8.3381591964972812E-01
    5500.0000000000000000   6.5437437465825226E+01   8.2203178740575567E-01
    5600.0000000000000000   6.6444480070245547E+01   8.1081856230609706E-01
    5700.0000000000000000   6.7451358064782468E+01   7.9883015608290286E-01
    5800.0000000000000000   6.8454863326986214E+01   7.8782198564335426E-01
    5900.0000000000000000   6.9457808766064105E+01   7.7635328455344832E-01
    6000.0000000000000000   7.0455442566292774E+01   7.6700814741746870E-01
    6100.0000000000000000   7.1453540032964810E+01   7.5661047478084131E-01
    6200.0000000000000000   7.2450897381364513E+01   7.4578564908014366E-01
    6300.0000000000000000   7.3442929722288255E+01   7.3714276551395574E-01
    6400.0000000000000000   7.4434895945449668E+01   7.2768938444579356E-01
    6500.0000000000000000   7.5424942114833442E+01   7.1863736077105744E-01
    6600.0000000000000000   7.6413952359294157E+01   7.0936378634490538E-01
    6700.0000000000000000   7.7400235723879760E+01   7.0081566681939056E-01
    6800.0000000000000000   7.8385228488912290E+01   6.9228859803890264E-01
    6900.0000000000000000   7.9367619595825090E+01   6.8437198807123789E-01
    7000.0000000000000000   8.0348893994275357E+01   6.7641108130810890E-01
    7100.0000000000000000   8.1327176812794391E+01   6.6926434798565015E-01
    7200.0000000000000000   8.2306148661341581E+01   6.6120699243444558E-01
    7300.0000000000000000   8.3283181381091168E+01   6.5349279694360418E-01
    7400.0000000000000000   8.4258441620634173E+01   6.4607556794424814E-01
    7500.0000000000000000   8.5230486908416054E+01   6.3953202838460632E-01
    7600.0000000000000000   8.6201794137734254E+01   6.3286276988195800E-01
    7700.0000000000000000   8.7173806166497997E+01   6.2533131265631081E-01
    7800.0000000000000000   8.8140587007634878E+01   6.1956429410928315E-01
    7900.0000000000000000   8.9109320391910913E+01   6.1257232264415962E-01
    8000.0000000000000000   9.0074202933015101E+01   6.0672319692468224E-01
    8100.0000000000000000   9.1040129493167356E+01   5.9982610084634747E-01
    8200.0000000000000000   9.2001955189403716E+01   5.9437977469472469E-01
    8300.0000000000000000   9.2964434492077601E+01   5.8822828290160367E-01
    8400.0000000000000000   9.3922381124332745E+01   5.8343980189758715E-01
    8500.0000000000000000   9.4883753088852487E+01   5.7672103416567511E-01
    8600.0000000000000000   9.5840409952001536E+01   5.7164391445903329E-01
    8700.0000000000000000   9.6796871010661476E+01   5.6626822637029028E-01
    8800.0000000000000000   9.7753112357243296E+01   5.6050782085582962E-01
    8900.0000000000000000   9.8705826136964959E+01   5.5573167443471772E-01
    9000.0000000000000000   9.9656198443650581E+01   5.5152226031161655E-01
    9100.0000000000000000   1.0060962219355736E+02   5.4571743390748673E-01
    9200.0000000000000000   1.0156100146156915E+02   5.4038769431315059E-01
    9300.0000000000000000   1.0251117285202398E+02   5.3514987300149586E-01
    9400.0000000000000000   1.0345707468418206E+02   5.3118941177143852E-01
    9500.0000000000000000   1.0440156941532059E+02   5.2737198657438411E-01
    9600.0000000000000000   1.0534756630350383E+02   5.2262205398588313E-01
    9700.0000000000000000   1.0629296234058582E+02   5.1776088992857339E-01
    9800.0000000000000000   1.0723671021331043E+02   5.1318820453375136E-01
    9900.0000000000000000   1.0817898151025044E+02   5.0884326539184932E-01
   10000.0000000000000000   1.0912004181132673E+02   5.0462916028392801E-01
   11000.0000000000000000   1.1847479543115207E+02   4.6582906857522632E-01
   11566.9989999999997963   1.2373523414875804E+02   4.4670584141203823E-01
   11567.0010000000002037   1.2373525216241458E+02   4.4670594425584675E-01
   12000.0000000000000000   1.2772824725644411E+02   4.3456976099235406E-01
   13000.0000000000000000   1.3690242910202278E+02   4.0583151463483369E-01
   13276.9989999999997963   1.3942990533766408E+02   3.9833934622047323E-01
   13277.0010000000002037   1.3942992404383702E+02   3.9833912898773832E-01
   13882.9989999999997963   1.4493514155872222E+02   3.8395021938043433E-01
   13883.0010000000002037   1.4493516020074165E+02   3.8395003913654580E-01
   14000.0000000000000000   1.4599404136944753E+02   3.8143135100914338E-01
   15000.0000000000000000   1.5501531999333855E+02   3.6012541945030418E-01
   16000.0000000000000000   1.6396970754153688E+02   3.4093231966312376E-01
   17000.0000000000000000   1.7286321253851659E+02   3.2446631626440620E-01
   18000.0000000000000000   1.8169424891157666E+02   3.1045044430295204E-01
   19000.0000000000000000   1.9048442151980390E+02   2.9535557043481619E-01
   20000.0000000000000000   1.9921883269964675E+02   2.8273922033079574E-01
   21000.0000000000000000   2.0790262143049725E+02   2.7245027103997366E-01
   22000.0000000000000000   2.1655109991268912E+02   2.6079172177726206E-01
   23000.0000000000000000   2.2516078052861138E+02   2.5097027173169323E-01
   24000.0000000000000000   2.3370910962909582E+02   2.4376014888453454E-01
   25000.0000000000000000   2.4224447981009587E+02   2.3394180028295533E-01
   26000.0000000000000000   2.5073089673983887E+02   2.2728559420245112E-01
   27000.0000000000000000   2.5919176864335657E+02   2.1891026531769031E-01
   28000.0000000000000000   2.6761139426474455E+02   2.1366094095254665E-01
   29000.0000000000000000   2.7601228766186250E+02   2.0710766164177774E-01
   30000.0000000000000000   2.8437036715475898E+02   2.0039011563903192E-01
   31000.0000000000000000   2.9271246510382412E+02   1.9489941899946236E-01
   32000.0000000000000000   3.0102714929434694E+02   1.8935817150004397E-01
   33000.0000000000000000   3.0929710984739609E+02   1.8550869031942471E-01
   34000.0000000000000000   3.1754884090549200E+02   1.8084634918872231E-01
   35000.0000000000000000   3.2578371449562860E+02   1.7628838024879004E-01
   36000.0000000000000000   3.3400262776665602E+02   1.7109903049908057E-01
   37000.0000000000000000   3.4217975615809985E+02   1.6824014327922227E-01
   38000.0000000000000000   3.5033006137887622E+02   1.6441635608062791E-01
   39000.0000000000000000   3.5847938694908436E+02   1.5945888908548894E-01
   40000.0000000000000000   3.6661504165612519E+02   1.5598023200034611E-01
   41000.0000000000000000   3.7469066824829849E+02   1.5266035329586525E-01
   42000.0000000000000000   3.8279964593725521E+02   1.4918542015718381E-01
   43000.0000000000000000   3.9083747593083882E+02   1.4656799677518875E-01
   44000.0000000000000000   3.9886433399216531E+02   1.4611586780952923E-01
   45000.0000000000000000   4.0691253757352291E+02   1.4232029651258368E-01
   46000.0000000000000000   4.1491323094228261E+02   1.3911242074373684E-01
   47000.0000000000000000   4.2289029387187986E+02   1.3567755151126376E-01
   48000.0000000000000000   4.3085671268568677E+02   1.3441550115768547E-01
   49000.0000000000000000   4.3883743571783089E+02   1.3083965994199637E-01
   50000.0000000000000000   4.4678447027602726E+02   1.2871803227620471E-01
   78398.9989999999961583   6.6689490823173173E+02   8.6547056396190022E-02
   78399.0010000000038417   6.6689492521737327E+02   8.6546971988922736E-02
