       0.1000000000000000   1.9530676343653852E+01   1.4925820624189323E-03
       0.2000000000000000   1.7175338450585127E+01   2.9229235526187164E-03
       0.3000000000000000   1.6379995372362163E+01   4.3497456205428822E-03
       0.4000000000000000   1.6064242043866020E+01   5.7184178765368743E-03
       0.5000000000000000   1.5893051058108833E+01   7.0779543380230904E-03
       0.6000000000000000   1.5790671429088412E+01   8.4312928433997302E-03
       0.7000000000000000   1.5727284219381872E+01   9.7811308588714868E-03
       0.7999999999999999   1.5686716544303874E+01   1.1129381485690237E-02
       0.8999999999999999   1.5661497633367281E+01   1.2474435674229527E-02
       0.9999999999999999   1.5644625758122706E+01   1.3821449427428908E-02
       2.0000000000000000   1.5586855202715176E+01   2.7477624316446795E-02
       3.0000000000000000   1.5455912058730187E+01   4.1876920256705676E-02
       4.0000000000000000   1.5223433427225771E+01   5.7355687670258795E-02
       5.0000000000000000   1.4919786775097540E+01   7.4104688842352245E-02
       6.0000000000000000   1.4571931162050712E+01   9.2242713131652138E-02
       7.0000000000000000   1.4199788927266933E+01   1.1183964747819730E-01
       8.0000000000000000   1.3816781207166887E+01   1.3294132333383271E-01
       9.0000000000000000   1.3432001046244551E+01   1.5557759161063578E-01
      10.0000000000000000   1.3051375520751106E+01   1.7977041638057442E-01
      11.0000000000000000   1.2678772021929097E+01   2.0553637243533743E-01
      12.0000000000000000   1.2316563390228273E+01   2.3288964064576831E-01
      13.0000000000000000   1.1966132309481308E+01   2.6184472081031712E-01
      14.0000000000000000   1.1628100414281567E+01   2.9241904743973263E-01
      15.0000000000000000   1.1302649542453764E+01   3.2463245432728782E-01
      16.0000000000000000   1.0989683713795635E+01   3.5850651642833159E-01
      17.0000000000000000   1.0688891707308347E+01   3.9406631264269631E-01
      18.0000000000000000   1.0399876499204815E+01   4.3133825815488541E-01
      19.0000000000000000   1.0122180012828426E+01   4.7034984862283546E-01
      20.0000000000000000   9.8553305582294843E+00   5.1112884218404819E-01
      21.0000000000000000   9.5988653743634398E+00   5.5370165151451678E-01
      22.0000000000000000   9.3523560982420371E+00   5.9809117564159886E-01
      23.0000000000000000   9.1154090369992584E+00   6.4431548352971768E-01
      24.0000000000000000   8.8876693908725173E+00   6.9238618592857015E-01
      25.0000000000000000   8.6688298620685380E+00   7.4230555192304726E-01
      26.0000000000000000   8.4586275311523007E+00   7.9406444388503017E-01
      27.0000000000000000   8.2568419361445358E+00   8.4763992842792468E-01
      28.0000000000000000   8.0632922285697468E+00   9.0299288297824609E-01
      29.0000000000000000   7.8778309878798893E+00   9.6006593886663361E-01
      30.0000000000000000   7.7003405041905086E+00   1.0187814895587883E+00
      31.0000000000000000   7.5307248443482981E+00   1.0790403813437801E+00
      31.9989999999999988   7.3690630730120947E+00   1.1406585604216779E+00
      32.0000000000000000   7.3689051233124374E+00   1.1407209049505704E+00
      32.0009999999999977   7.3687471813376666E+00   1.1407832507588320E+00
      32.9990000000000023   7.2149606772214598E+00   1.2036154348727799E+00
      33.0000000000000000   7.2148104186269748E+00   1.2036789776250025E+00
      33.0009999999999977   7.2146601676895088E+00   1.2037425214906237E+00
      34.0000000000000000   7.0683724139410371E+00   1.2677487687153879E+00
      35.0000000000000000   6.9295182938216140E+00   1.3327444432869970E+00
      36.0000000000000000   6.7981650369602491E+00   1.3984627565596386E+00
      37.0000000000000000   6.6742144492770796E+00   1.4646864662687706E+00
      38.0000000000000000   6.5575494297730055E+00   1.5311884017163315E+00
      39.0000000000000000   6.4480313763181449E+00   1.5977359826578250E+00
      40.0000000000000000   6.3454992230766063E+00   1.6640959091386114E+00
      41.0000000000000000   6.2497693646470447E+00   1.7300388342724196E+00
      42.0000000000000000   6.1606370623342075E+00   1.7953436838031993E+00
      43.0000000000000000   6.0778786714046946E+00   1.8598014947403407E+00
      44.0000000000000000   6.0012546257537505E+00   1.9232185545231855E+00
      45.0000000000000000   5.9305126494714990E+00   1.9854188882617043E+00
      46.0000000000000000   5.8653914798268332E+00   2.0462458863925779E+00
      47.0000000000000000   5.8056243805336658E+00   2.1055632459326139E+00
      48.0000000000000000   5.7509425218161363E+00   2.1632552325038770E+00
      49.0000000000000000   5.7010780485340771E+00   2.2192263706415649E+00
      50.0000000000000000   5.6557667595760579E+00   2.2734006679337080E+00
      51.0000000000000000   5.6147503459384378E+00   2.3257204887928831E+00
      52.0000000000000000   5.5777782372864246E+00   2.3761451748041877E+00
      53.0000000000000000   5.5446089929258848E+00   2.4246495128378114E+00
      54.0000000000000000   5.5150113355051129E+00   2.4712221268665879E+00
      55.0000000000000000   5.4887648206982380E+00   2.5158638657125580E+00
      56.0000000000000000   5.4656602585153493E+00   2.5585862368836092E+00
      57.0000000000000000   5.4454999807155220E+00   2.5994097636400415E+00
      58.0000000000000000   5.4280975431281959E+00   2.6383628186654824E+00
      59.0000000000000000   5.4132776878631921E+00   2.6754802022794606E+00
      60.0000000000000000   5.4008762059051527E+00   2.7108018193920835E+00
      61.0000000000000000   5.3907391935081996E+00   2.7443719229500521E+00
      62.0000000000000000   5.3827228306112378E+00   2.7762379847439869E+00
      63.0000000000000000   5.3766928331545101E+00   2.8064499282539210E+00
      64.0000000000000000   5.3725239280360082E+00   2.8350594190005625E+00
      65.0000000000000000   5.3700993358858407E+00   2.8621192529768256E+00
      66.0000000000000000   5.3693102484559327E+00   2.8876828346420989E+00
      67.0000000000000000   5.3700553177680561E+00   2.9118037351644657E+00
      68.0000000000000000   5.3722401627313801E+00   2.9345353220627861E+00
      69.0000000000000000   5.3757768944071236E+00   2.9559304519842882E+00
      70.0000000000000000   5.3805836652192207E+00   2.9760412184511056E+00
      71.0000000000000000   5.3865842405058624E+00   2.9949187481248729E+00
      72.0000000000000000   5.3937075983457259E+00   3.0126130382431633E+00
      73.0000000000000000   5.4018875523689776E+00   3.0291728300462637E+00
      74.0000000000000000   5.4110623998221703E+00   3.0446455127701721E+00
      75.0000000000000000   5.4211745788242398E+00   3.0590770659971231E+00
      76.0000000000000000   5.4321704239949593E+00   3.0725119621587162E+00
      77.0000000000000000   5.4439997924532753E+00   3.0849932118827619E+00
      78.0000000000000000   5.4566158633204482E+00   3.0965622999084341E+00
      79.0000000000000000   5.4699748798740524E+00   3.1072591965881138E+00
      80.0000000000000000   5.4840359255346867E+00   3.1171223673404707E+00
      81.0000000000000000   5.4987607166290209E+00   3.1261887907116184E+00
      82.0000000000000000   5.5141134120737165E+00   3.1344939833813878E+00
      83.0000000000000000   5.5300604367657584E+00   3.1420720306305285E+00
      84.0000000000000000   5.5465703177786745E+00   3.1489556212045064E+00
      85.0000000000000000   5.5636135354000720E+00   3.1551760853491961E+00
      86.0000000000000000   5.5811623840666522E+00   3.1607634353047249E+00
      87.0000000000000000   5.5991908423499215E+00   3.1657464093390257E+00
      88.0000000000000000   5.6176744649738151E+00   3.1701525074655597E+00
      89.0000000000000000   5.6365902586402061E+00   3.1740080465839724E+00
      90.0000000000000000   5.6559165911075064E+00   3.1773381968577645E+00
      91.0000000000000000   5.6756330964586486E+00   3.1801670273848814E+00
      92.0000000000000000   5.6957205889927707E+00   3.1825175495092775E+00
      93.0000000000000000   5.7161609838579528E+00   3.1844117594402368E+00
      94.0000000000000000   5.7369372236559038E+00   3.1858706800056247E+00
      95.0000000000000000   5.7580332105064942E+00   3.1869144014008510E+00
      96.0000000000000000   5.7794337431735148E+00   3.1875621208281162E+00
      97.0000000000000000   5.8011244588151101E+00   3.1878321809479893E+00
      98.0000000000000000   5.8230917787021079E+00   3.1877421071057865E+00
      99.0000000000000000   5.8453228593631490E+00   3.1873086431926327E+00
     100.0000000000000000   5.8678055441813646E+00   3.1865477863838780E+00
     110.0000000000000000   6.1042102474960398E+00   3.1639809275305515E+00
     120.0000000000000000   6.3561768453165044E+00   3.1218508746784988E+00
     124.9989999999999952   6.4861790056196078E+00   3.0960105352058358E+00
     125.0010000000000048   6.4862314506961418E+00   3.0959997125813143E+00
     129.9989999999999952   6.6182353763829207E+00   3.0679473422633690E+00
     130.0000000000000000   6.6182619639224782E+00   3.0679415464301121E+00
     130.0010000000000048   6.6182885515277610E+00   3.0679357505304998E+00
     140.0000000000000000   6.8870139362915683E+00   3.0072547595489758E+00
     150.0000000000000000   7.1601667771967064E+00   2.9430298405218074E+00
     160.0000000000000000   7.4361899201161021E+00   2.8773751183105980E+00
     170.0000000000000000   7.7140252111994672E+00   2.8116632596220374E+00
     180.0000000000000000   7.9929271719697095E+00   2.7467823952739070E+00
     183.9989999999999952   8.1046337596036970E+00   2.7212039474383731E+00
     184.0010000000000048   8.1046896431853828E+00   2.7211912159303293E+00
     190.0000000000000000   8.2723626419765051E+00   2.6832981103135500E+00
     200.0000000000000000   8.5515785331585921E+00   2.6224680625074495E+00
     210.0000000000000000   8.8299111721612853E+00   2.5662066143737889E+00
     220.0000000000000000   9.1066702864063878E+00   2.5134011729677463E+00
     230.0000000000000000   9.3819553640478741E+00   2.4637195201760083E+00
     240.0000000000000000   9.6609157592384651E+00   2.4103172673944946E+00
     250.0000000000000000   9.9382038402186303E+00   2.3601193576980521E+00
     260.0000000000000000   1.0213913334027039E+01   2.3128278880785866E+00
     270.0000000000000000   1.0488130767395933E+01   2.2681814514649012E+00
     280.0000000000000000   1.0765464704822447E+01   2.2204639825955410E+00
     290.0000000000000000   1.1036789883181294E+01   2.1806674501370509E+00
     300.0000000000000000   1.1311154145475042E+01   2.1378200059410273E+00
     310.0000000000000000   1.1584096453185108E+01   2.0972065723238069E+00
     320.0000000000000000   1.1851536024747118E+01   2.0633584364498194E+00
     330.0000000000000000   1.2121900989748102E+01   2.0265333373964043E+00
     340.0000000000000000   1.2391021520120196E+01   1.9914691926919139E+00
     350.0000000000000000   1.2658949401450622E+01   1.9580360976804578E+00
     360.0000000000000000   1.2925733160015378E+01   1.9261168878067685E+00
     370.0000000000000000   1.3195165272600004E+01   1.8916143176837810E+00
     380.0000000000000000   1.3459717390466507E+01   1.8625354207250726E+00
     390.0000000000000000   1.3723254678957147E+01   1.8346746477733396E+00
     400.0000000000000000   1.3989377101803282E+01   1.8042974769615998E+00
     410.0000000000000000   1.4250920507158364E+01   1.7787456027603643E+00
     420.0000000000000000   1.4515011662028801E+01   1.7507284217169872E+00
     430.0000000000000000   1.4778120549177457E+01   1.7238272909939749E+00
     440.0000000000000000   1.5036888924350441E+01   1.7012645605113108E+00
     450.0000000000000000   1.5298157095206633E+01   1.6763174808487229E+00
     460.0000000000000000   1.5558530723269801E+01   1.6523019470426303E+00
     470.0000000000000000   1.5818036146041884E+01   1.6291646885001436E+00
     480.0000000000000000   1.6076698487913323E+01   1.6068564780747332E+00
     490.0000000000000000   1.6331362131346740E+01   1.5882517429738041E+00
     500.0000000000000000   1.6588443490590592E+01   1.5674042159485861E+00
     510.0000000000000000   1.6844750634489632E+01   1.5472613320466888E+00
     520.0000000000000000   1.7103380595702941E+01   1.5250513247472588E+00
     530.0000000000000000   1.7358166363114762E+01   1.5062674320072147E+00
     540.0000000000000000   1.7612237837641704E+01   1.4880837172978518E+00
     550.0000000000000000   1.7865613357010126E+01   1.4704706999031372E+00
     560.0000000000000000   1.8118310503816634E+01   1.4534008286551183E+00
     570.0000000000000000   1.8370346141900626E+01   1.4368483291171934E+00
     580.0000000000000000   1.8624638340851710E+01   1.4183614794274482E+00
     590.0000000000000000   1.8875363782763362E+01   1.4028185237517146E+00
     600.0000000000000000   1.9125474406371691E+01   1.3877233982589490E+00
     610.0000000000000000   1.9374984623244472E+01   1.3730561783882598E+00
     620.0000000000000000   1.9626703033155053E+01   1.3565409754214817E+00
     630.0000000000000000   1.9875018182196175E+01   1.3427146169863933E+00
     640.0000000000000000   2.0125529721338239E+01   1.3270803611004278E+00
     650.0000000000000000   2.0372701358644072E+01   1.3140233358997837E+00
     660.0000000000000000   2.0622054618304528E+01   1.2991981824980536E+00
     670.0000000000000000   2.0868130664812988E+01   1.2868469868578716E+00
     680.0000000000000000   2.1116371223540224E+01   1.2727666951214451E+00
     690.0000000000000000   2.1361396277275617E+01   1.2610647698278978E+00
     700.0000000000000000   2.1608566821879133E+01   1.2476718089048477E+00
     710.0000000000000000   2.1852582534530782E+01   1.2365685576690830E+00
     720.0000000000000000   2.2098723072094103E+01   1.2238112693920620E+00
     730.0000000000000000   2.2341768327346553E+01   1.2132613463365340E+00
     740.0000000000000000   2.2586916508148171E+01   1.2010931359484767E+00
     750.0000000000000000   2.2831578260767412E+01   1.1892168066393711E+00
     760.0000000000000000   2.3073218786921807E+01   1.1794346321445477E+00
     770.0000000000000000   2.3316939886622094E+01   1.1680853908024307E+00
     780.0000000000000000   2.3560199400219787E+01   1.1569979545855857E+00
     790.0000000000000000   2.3800510120149465E+01   1.1479024678187499E+00
     800.0000000000000000   2.4042876322105553E+01   1.1372886372297504E+00
     810.0000000000000000   2.4284803239712804E+01   1.1269109027700206E+00
     820.0000000000000000   2.4526298700620956E+01   1.1167606955443661E+00
     830.0000000000000000   2.4767369479698360E+01   1.1068304142829630E+00
     840.0000000000000000   2.5005588946341593E+01   1.0987441854040887E+00
     850.0000000000000000   2.5245835467782832E+01   1.0892137345086252E+00
     860.0000000000000000   2.5485676792648707E+01   1.0798827591214346E+00
     870.0000000000000000   2.5725119091121162E+01   1.0707448397824146E+00
     880.0000000000000000   2.5964167988654353E+01   1.0617940835277957E+00
     890.0000000000000000   2.6202828902925823E+01   1.0530248846690464E+00
     900.0000000000000000   2.6438749079073030E+01   1.0459481223045222E+00
     910.0000000000000000   2.6676658733913403E+01   1.0375083681555275E+00
     920.0000000000000000   2.6914197645992875E+01   1.0292340295386135E+00
     930.0000000000000000   2.7151371044406162E+01   1.0211201619633632E+00
     940.0000000000000000   2.7388183945124634E+01   1.0131620733961149E+00
     950.0000000000000000   2.7624641228504110E+01   1.0053552668978023E+00
     960.0000000000000000   2.7860747690703445E+01   9.9769540249148569E-01
     970.0000000000000000   2.8096508049119276E+01   9.9017828763058691E-01
     980.0000000000000000   2.8331926945926316E+01   9.8279987003713754E-01
     990.0000000000000000   2.8567008941160871E+01   9.7555623730407570E-01
    1000.0000000000000000   2.8801758507753316E+01   9.6844361515961219E-01
    1100.0000000000000000   3.1131883712491231E+01   9.0378728637828476E-01
    1200.0000000000000000   3.3435079360972907E+01   8.4784150812362280E-01
    1219.9990000000000236   3.3894136528879002E+01   8.3677593552010343E-01
    1220.0009999999999764   3.3894182588663142E+01   8.3677473765141119E-01
    1250.9990000000000236   3.4600697640779202E+01   8.2181980122747000E-01
    1251.0009999999999764   3.4600743545977046E+01   8.2181864981422326E-01
    1300.0000000000000000   3.5714252880043823E+01   7.9874251107454475E-01
    1400.0000000000000000   3.7971781047608154E+01   7.5513907093856880E-01
    1412.9990000000000236   3.8263440202867720E+01   7.4997084298392669E-01
    1413.0009999999999764   3.8263485343302783E+01   7.4996991254882817E-01
    1500.0000000000000000   4.0207772622160668E+01   7.1689210087448396E-01
    1600.0000000000000000   4.2425932517522725E+01   6.8221992636484796E-01
    1700.0000000000000000   4.4624048183169805E+01   6.5209754631989547E-01
    1800.0000000000000000   4.6808928792650363E+01   6.2360353828842718E-01
    1900.0000000000000000   4.8976303648382384E+01   5.9859264832999948E-01
    2000.0000000000000000   5.1130786519058319E+01   5.7523199942401348E-01
    2100.0000000000000000   5.3271498040760342E+01   5.5394025582822293E-01
    2200.0000000000000000   5.5400991076754124E+01   5.3383024380083011E-01
    2300.0000000000000000   5.7516497120287468E+01   5.1595292624929823E-01
    2400.0000000000000000   5.9622146907295260E+01   4.9889509847246200E-01
    2500.0000000000000000   6.1716818758524099E+01   4.8311154388260202E-01
    2600.0000000000000000   6.3801039530922885E+01   4.6846875313400110E-01
    2700.0000000000000000   6.5875320301800500E+01   4.5484368073589321E-01
    2800.0000000000000000   6.7940132594716673E+01   4.4212941456198518E-01
    2900.0000000000000000   6.9997534460838438E+01   4.2975150538988988E-01
    3000.0000000000000000   7.2044568705504290E+01   4.1863140145417393E-01
    3100.0000000000000000   7.4084897342380742E+01   4.0773301228683595E-01
    3200.0000000000000000   7.6117303733490104E+01   3.9745659284701890E-01
    3300.0000000000000000   7.8142026182963320E+01   3.8776502402372515E-01
    3400.0000000000000000   8.0159290827096072E+01   3.7862451003621150E-01
    3500.0000000000000000   8.2169433511875255E+01   3.6997472369069617E-01
    3600.0000000000000000   8.4172522298554412E+01   3.6181926209769522E-01
    3700.0000000000000000   8.6169210889611378E+01   3.5402553146610594E-01
    3800.0000000000000000   8.8160661364036386E+01   3.4632570353232917E-01
    3900.0000000000000000   9.0144963756914109E+01   3.3922742974941122E-01
    4000.0000000000000000   9.2122943570361144E+01   3.3253407023501341E-01
    4100.0000000000000000   9.4096634901288226E+01   3.2579164119120507E-01
    4200.0000000000000000   9.6064234635031696E+01   3.1944821563765158E-01
    4300.0000000000000000   9.8025194051099021E+01   3.1363424382475430E-01
    4400.0000000000000000   9.9982481348777256E+01   3.0771390824579198E-01
    4500.0000000000000000   1.0193420041843451E+02   3.0212513519487161E-01
    4600.0000000000000000   1.0387976338800185E+02   2.9699551451269901E-01
    4700.0000000000000000   1.0582150475925255E+02   2.9184526766576446E-01
    4800.0000000000000000   1.0775908002342027E+02   2.8678240265366273E-01
    4900.0000000000000000   1.0969175682218656E+02   2.8195624921039292E-01
    5000.0000000000000000   1.1161968836966849E+02   2.7734917595400055E-01
    5100.0000000000000000   1.1354321747649367E+02   2.7290833005995674E-01
    5200.0000000000000000   1.1546246087190266E+02   2.6862286089262805E-01
    5300.0000000000000000   1.1737726513074215E+02   2.6452844354999366E-01
    5400.0000000000000000   1.1928758393804561E+02   2.6063757015687838E-01
    5500.0000000000000000   1.2119424654586187E+02   2.5681567937459771E-01
    5600.0000000000000000   1.2309888660972013E+02   2.5278926991257311E-01
    5700.0000000000000000   1.2499730394835954E+02   2.4929321820987987E-01
    5800.0000000000000000   1.2689354189061486E+02   2.4565723488575697E-01
    5900.0000000000000000   1.2878395988439883E+02   2.4248101229185784E-01
    6000.0000000000000000   1.3067380450397434E+02   2.3890864877478421E-01
    6100.0000000000000000   1.3255806459886199E+02   2.3576665011618472E-01
    6200.0000000000000000   1.3443835550205159E+02   2.3281352988048576E-01
    6300.0000000000000000   1.3631761354516053E+02   2.2956892683588748E-01
    6400.0000000000000000   1.3819246322996537E+02   2.2659004567619453E-01
    6500.0000000000000000   1.4006421157891745E+02   2.2366091414915898E-01
    6600.0000000000000000   1.4193212635210020E+02   2.2091270513803776E-01
    6700.0000000000000000   1.4379732991081698E+02   2.1817269760461550E-01
    6800.0000000000000000   1.4565917752495568E+02   2.1555373489245663E-01
    6900.0000000000000000   1.4751857051470526E+02   2.1291808856788311E-01
    7000.0000000000000000   1.4937458760761547E+02   2.1041462397234750E-01
    7100.0000000000000000   1.5122754121034191E+02   2.0798842334715215E-01
    7200.0000000000000000   1.5307691858287362E+02   2.0572825538189696E-01
    7300.0000000000000000   1.5492398878069267E+02   2.0343566347159875E-01
    7400.0000000000000000   1.5676968301988077E+02   2.0101864870749014E-01
    7500.0000000000000000   1.5861198454492884E+02   1.9876547684127152E-01
    7600.0000000000000000   1.6045042220027645E+02   1.9670169162377182E-01
    7700.0000000000000000   1.6228742330858884E+02   1.9452991792980787E-01
    7800.0000000000000000   1.6412161698833117E+02   1.9245683024767526E-01
    7900.0000000000000000   1.6595175674818631E+02   1.9059445383301279E-01
    8000.0000000000000000   1.6778258942972639E+02   1.8838847660632438E-01
    8100.0000000000000000   1.6960776410974731E+02   1.8660458164385618E-01
    8200.0000000000000000   1.7143301921110313E+02   1.8458073799978256E-01
    8300.0000000000000000   1.7325279448908739E+02   1.8295173764844910E-01
    8400.0000000000000000   1.7507364000849634E+02   1.8095514135759841E-01
    8500.0000000000000000   1.7689079499172797E+02   1.7915118405013211E-01
    8600.0000000000000000   1.7870468305814867E+02   1.7749565246936833E-01
    8700.0000000000000000   1.8051756373596677E+02   1.7575313671085740E-01
    8800.0000000000000000   1.8232783504558537E+02   1.7405939119867284E-01
    8900.0000000000000000   1.8413390506375899E+02   1.7264697026215789E-01
    9000.0000000000000000   1.8594111935926125E+02   1.7087745820680858E-01
    9100.0000000000000000   1.8774530057576570E+02   1.6924583910343122E-01
    9200.0000000000000000   1.8954694722925524E+02   1.6768167447714435E-01
    9300.0000000000000000   1.9134436724802904E+02   1.6638359163608837E-01
    9400.0000000000000000   1.9314170375320103E+02   1.6489770067064527E-01
    9500.0000000000000000   1.9493826005047163E+02   1.6330773417432781E-01
    9600.0000000000000000   1.9673095310984650E+02   1.6196505525186664E-01
    9700.0000000000000000   1.9852245818680359E+02   1.6054019547443354E-01
    9800.0000000000000000   2.0031201204529472E+02   1.5913933314041009E-01
    9900.0000000000000000   2.0209964733721728E+02   1.5776127622861819E-01
   10000.0000000000000000   2.0388525965928551E+02   1.5641957867540174E-01
   11000.0000000000000000   2.2163911837144278E+02   1.4438101309237708E-01
   11106.9989999999997963   2.2352875063674742E+02   1.4318091772286382E-01
   11107.0010000000002037   2.2352878583344915E+02   1.4318090336687603E-01
   12000.0000000000000000   2.3922243546800590E+02   1.3428955623847025E-01
   13000.0000000000000000   2.5665461898006401E+02   1.2552225377415896E-01
   14000.0000000000000000   2.7394885819941413E+02   1.1783532663207520E-01
   15000.0000000000000000   2.9111588701927428E+02   1.1114799440931035E-01
   16000.0000000000000000   3.0816466989882252E+02   1.0531369804290323E-01
   17000.0000000000000000   3.2510756584936593E+02   1.0003280667581022E-01
   18000.0000000000000000   3.4194492455687919E+02   9.5594368899954499E-02
   19000.0000000000000000   3.5869829687027266E+02   9.0989836905150098E-02
   20000.0000000000000000   3.7535842921710093E+02   8.7085605037104968E-02
   21000.0000000000000000   3.9192907930735777E+02   8.3960760276053328E-02
   22000.0000000000000000   4.0843859067869937E+02   8.0222083719370105E-02
   23000.0000000000000000   4.2486650550839397E+02   7.7133181747726640E-02
   24000.0000000000000000   4.4122110142581579E+02   7.4504695586255693E-02
   25000.0000000000000000   4.5750244273277468E+02   7.2289820172261918E-02
   26000.0000000000000000   4.7372841998324577E+02   6.9956760268361756E-02
   27000.0000000000000000   4.8990507793929550E+02   6.7273717946678080E-02
   28000.0000000000000000   5.0601018585012230E+02   6.5396352038149377E-02
   29000.0000000000000000   5.2205520064009170E+02   6.3688527378441634E-02
   30000.0000000000000000   5.3807144606342263E+02   6.1311395446513206E-02
   31000.0000000000000000   5.5401330303855980E+02   5.9767787879200861E-02
   32000.0000000000000000   5.6991559084989854E+02   5.8010111468063189E-02
   33000.0000000000000000   5.8575785791702845E+02   5.7012003344059307E-02
   34000.0000000000000000   6.0156543782649953E+02   5.5590559643036455E-02
   35000.0000000000000000   6.1734245982029734E+02   5.3649096462727898E-02
   36000.0000000000000000   6.3304853097861564E+02   5.2774423886807038E-02
   37000.0000000000000000   6.4872136629906447E+02   5.1865587437876080E-02
   38000.0000000000000000   6.6438766790756426E+02   4.9992321712506511E-02
   39000.0000000000000000   6.7998330834332967E+02   4.9009755808029951E-02
   40000.0000000000000000   6.9554900708881598E+02   4.7799392991141033E-02
   41000.0000000000000000   7.1108621849022290E+02   4.6696034995469239E-02
   42000.0000000000000000   7.2655907702573450E+02   4.6136151896911080E-02
   43000.0000000000000000   7.4203224770260670E+02   4.4844285994646287E-02
   44000.0000000000000000   7.5746581686917295E+02   4.3899651529406156E-02
   45000.0000000000000000   7.7284235631070158E+02   4.3217010164398870E-02
   46000.0000000000000000   7.8820263532004878E+02   4.2379944970887318E-02
   47000.0000000000000000   8.0353156163640278E+02   4.1915887801140611E-02
   48000.0000000000000000   8.1884640488976515E+02   4.0881784171391163E-02
   49000.0000000000000000   8.3411015120313732E+02   4.0408177677476703E-02
   50000.0000000000000000   8.4936192820573865E+02   3.9540433242976805E-02
