       0.1000000000000000   7.7629756832854291E+00   3.7501783309773907E-03
       0.2000000000000000   6.8600797639174740E+00   7.2929370088824870E-03
       0.3000000000000000   6.5743877841537230E+00   1.0775605520190282E-02
       0.4000000000000000   6.4783189753631625E+00   1.4067201925753784E-02
       0.5000000000000000   6.4395443201071538E+00   1.7290385095451603E-02
       0.6000000000000000   6.4280572545143144E+00   2.0453700932640366E-02
       0.7000000000000000   6.4321015626955669E+00   2.3564746406991528E-02
       0.7999999999999999   6.4452660774604409E+00   2.6629114993433300E-02
       0.8999999999999999   6.4645579522463548E+00   2.9643968914430573E-02
       0.9999999999999999   6.4872277535227711E+00   3.2622319129618334E-02
       2.0000000000000000   6.7577356498370840E+00   6.0725859695306819E-02
       3.0000000000000000   6.9920104168478971E+00   8.7012971546325812E-02
       4.0000000000000000   7.1720663467919339E+00   1.1250457041139719E-01
       5.0000000000000000   7.3061714839463487E+00   1.3777461807311625E-01
       6.0000000000000000   7.4031692950198735E+00   1.6318679866892641E-01
       7.0000000000000000   7.4702957695344328E+00   1.8898189512419908E-01
       8.0000000000000000   7.5129369038590488E+00   2.1534044776583228E-01
       9.0000000000000000   7.5352679762085595E+00   2.4240447276275806E-01
      10.0000000000000000   7.5405109558031453E+00   2.7029386782814790E-01
      11.0000000000000000   7.5312655285528729E+00   2.9911136485985240E-01
      12.0000000000000000   7.5096291424116552E+00   3.2894845299962938E-01
      13.0000000000000000   7.4773504040753060E+00   3.5988852445564612E-01
      14.0000000000000000   7.4358574614431250E+00   3.9201142833890207E-01
      15.0000000000000000   7.3863725117568668E+00   4.2539250327864803E-01
      16.0000000000000000   7.3299577522170596E+00   4.6010252800805429E-01
      17.0000000000000000   7.2675232952699922E+00   4.9621044123164298E-01
      18.0000000000000000   7.1998846969804031E+00   5.3378119674585289E-01
      19.0000000000000000   7.1277620557277039E+00   5.7287625727596736E-01
      20.0000000000000000   7.0518088654205853E+00   6.1355318317933727E-01
      21.0000000000000000   6.9726203843710204E+00   6.5586448599443203E-01
      22.0000000000000000   6.8907514969653825E+00   6.9985578878206478E-01
      23.0000000000000000   6.8067197339793797E+00   7.4556500920196023E-01
      24.0000000000000000   6.7210112705276828E+00   7.9302105520942834E-01
      25.0000000000000000   6.6340908167576078E+00   8.4224123689067087E-01
      26.0000000000000000   6.5464040160043853E+00   8.9322950929559208E-01
      27.0000000000000000   6.4583803943000886E+00   9.4597433413045884E-01
      28.0000000000000000   6.3704357204906552E+00   1.0004465087991956E+00
      29.0000000000000000   6.2829714121046720E+00   1.0565973334357326E+00
      30.0000000000000000   6.1963758005627900E+00   1.1143567684185396E+00
      31.0000000000000000   6.1110211419667033E+00   1.1736323030911580E+00
      31.9989999999999988   6.0273461573241747E+00   1.2342467254713023E+00
      32.0000000000000000   6.0272633103194337E+00   1.2343080563008388E+00
      32.0009999999999977   6.0271804652482350E+00   1.2343693883935303E+00
      32.9990000000000023   5.9455177578456615E+00   1.2961825807436387E+00
      33.0000000000000000   5.9454370022779299E+00   1.2962450958993159E+00
      33.0009999999999977   5.9453562489556226E+00   1.2963076121567227E+00
      34.0000000000000000   5.8658539408080239E+00   1.3592821435555336E+00
      35.0000000000000000   5.7887988136132718E+00   1.4232374058817086E+00
      36.0000000000000000   5.7145261853997100E+00   1.4879112310300364E+00
      37.0000000000000000   5.6432575687567788E+00   1.5530895751413956E+00
      38.0000000000000000   5.5751792662197248E+00   1.6185481131413371E+00
      39.0000000000000000   5.5104408319363705E+00   1.6840567923963536E+00
      40.0000000000000000   5.4491548537585208E+00   1.7493845455083656E+00
      41.0000000000000000   5.3913973374295852E+00   1.8143039899964557E+00
      42.0000000000000000   5.3372093202883999E+00   1.8785957635022956E+00
      43.0000000000000000   5.2865992420363348E+00   1.9420523780624646E+00
      44.0000000000000000   5.2395459408817402E+00   2.0044813758911029E+00
      45.0000000000000000   5.1960020189824174E+00   2.0657078331085081E+00
      46.0000000000000000   5.1558976717415756E+00   2.1255760007973348E+00
      47.0000000000000000   5.1191444372563009E+00   2.1839502628406415E+00
      48.0000000000000000   5.0856388956020826E+00   2.2407154130659661E+00
      49.0000000000000000   5.0552661638349816E+00   2.2957763618318525E+00
      50.0000000000000000   5.0279030728848602E+00   2.3490573753652106E+00
      51.0000000000000000   5.0034209841679180E+00   2.4005009654991838E+00
      52.0000000000000000   4.9816882712933630E+00   2.4500665236050572E+00
      53.0000000000000000   4.9625723640058412E+00   2.4977288025636470E+00
      54.0000000000000000   4.9459414682664118E+00   2.5434763211442957E+00
      55.0000000000000000   4.9316659179926372E+00   2.5873097633889861E+00
      56.0000000000000000   4.9196192688462137E+00   2.6292404221700911E+00
      57.0000000000000000   4.9096791874475691E+00   2.6692885662760846E+00
      58.0000000000000000   4.9017278269057520E+00   2.7074822818416902E+00
      59.0000000000000000   4.8956523455268721E+00   2.7438560577567133E+00
      60.0000000000000000   4.8913452948305585E+00   2.7784494680819578E+00
      61.0000000000000000   4.8887044401931368E+00   2.8113064218233252E+00
      62.0000000000000000   4.8876329742751130E+00   2.8424740374750415E+00
      63.0000000000000000   4.8880394169648680E+00   2.8720018796460174E+00
      64.0000000000000000   4.8898374799935462E+00   2.8999412527428321E+00
      65.0000000000000000   4.8929459161301150E+00   2.9263445918247766E+00
      66.0000000000000000   4.8972883238462526E+00   2.9512649427358237E+00
      67.0000000000000000   4.9027929339390255E+00   2.9747555220500690E+00
      68.0000000000000000   4.9093923861809881E+00   2.9968693480390618E+00
      69.0000000000000000   4.9170234979904723E+00   3.0176589345741398E+00
      70.0000000000000000   4.9256270319270561E+00   3.0371760395582550E+00
      71.0000000000000000   4.9351474657418581E+00   3.0554714619588226E+00
      72.0000000000000000   4.9455327706856647E+00   3.0725948795753384E+00
      73.0000000000000000   4.9567341946623067E+00   3.0885947227859769E+00
      74.0000000000000000   4.9687060547694353E+00   3.1035180787172019E+00
      75.0000000000000000   4.9814055266828676E+00   3.1174106337221050E+00
      76.0000000000000000   4.9947925096596668E+00   3.1303165756986777E+00
      77.0000000000000000   5.0088293699555635E+00   3.1422786396653701E+00
      78.0000000000000000   5.0234808275665186E+00   3.1533380433753706E+00
      79.0000000000000000   5.0387137861853306E+00   3.1635344987217175E+00
      80.0000000000000000   5.0544971866397006E+00   3.1729062210148884E+00
      81.0000000000000000   5.0708018692740717E+00   3.1814899468462556E+00
      82.0000000000000000   5.0876004477255945E+00   3.1893209588898213E+00
      83.0000000000000000   5.1048671887108057E+00   3.1964331161036443E+00
      84.0000000000000000   5.1225778995017013E+00   3.2028588884224152E+00
      85.0000000000000000   5.1407098265656730E+00   3.2086293945146092E+00
      86.0000000000000000   5.1592415585241982E+00   3.2137744420493704E+00
      87.0000000000000000   5.1781529356589173E+00   3.2183225714920334E+00
      88.0000000000000000   5.1974249741355774E+00   3.2223010915844266E+00
      89.0000000000000000   5.2170397775649686E+00   3.2257361342511333E+00
      90.0000000000000000   5.2369804718828981E+00   3.2286526907650495E+00
      91.0000000000000000   5.2572311382647161E+00   3.2310746571823259E+00
      92.0000000000000000   5.2777767508028886E+00   3.2330248774429666E+00
      93.0000000000000000   5.2986031190462386E+00   3.2345251857811790E+00
      94.0000000000000000   5.3196968346225768E+00   3.2355964482763517E+00
      95.0000000000000000   5.3410452215807771E+00   3.2362586034065246E+00
      96.0000000000000000   5.3626362902622278E+00   3.2365307014990097E+00
      97.0000000000000000   5.3844586943773116E+00   3.2364309430002289E+00
      98.0000000000000000   5.4065016906443910E+00   3.2359767155387074E+00
      99.0000000000000000   5.4287551033564290E+00   3.2351846295711710E+00
     100.0000000000000000   5.4512092868682629E+00   3.2340705530299139E+00
     110.0000000000000000   5.6849933406003723E+00   3.2082428668755658E+00
     120.0000000000000000   5.9311871279662203E+00   3.1632756463723690E+00
     124.9989999999999952   6.0574710444401587E+00   3.1361500255043762E+00
     125.0010000000000048   6.0575219111130787E+00   3.1361387046819784E+00
     129.9989999999999952   6.1853810778101490E+00   3.1068788483073364E+00
     130.0000000000000000   6.1854067983660963E+00   3.1068728181487315E+00
     130.0010000000000048   6.1854325189735846E+00   3.1068667879265934E+00
     140.0000000000000000   6.4448564137033308E+00   3.0439753515427532E+00
     150.0000000000000000   6.7076943578310235E+00   2.9777754608509963E+00
     160.0000000000000000   6.9726750082451199E+00   2.9103444161612102E+00
     170.0000000000000000   7.2389374932838759E+00   2.8430253193225248E+00
     180.0000000000000000   7.5058764858904663E+00   2.7766824154886516E+00
     183.9989999999999952   7.6127136463725975E+00   2.7505554472625158E+00
     184.0010000000000048   7.6127670840589543E+00   2.7505424462603294E+00
     190.0000000000000000   7.7730605844350373E+00   2.7118617724624885E+00
     200.0000000000000000   8.0397293357223507E+00   2.6498388871680274E+00
     210.0000000000000000   8.3048962328779599E+00   2.5926175432068144E+00
     220.0000000000000000   8.5684957138672555E+00   2.5389240768950065E+00
     230.0000000000000000   8.8306293444046542E+00   2.4884182165419739E+00
     240.0000000000000000   9.0958735800498207E+00   2.4342486991376533E+00
     250.0000000000000000   9.3595031382901457E+00   2.3833345624879279E+00
     260.0000000000000000   9.6216091667570556E+00   2.3353728009733183E+00
     270.0000000000000000   9.8822756113531334E+00   2.2900975744415382E+00
     280.0000000000000000   1.0145602105348042E+01   2.2417889467390988E+00
     290.0000000000000000   1.0403491215350027E+01   2.2014354906090756E+00
     300.0000000000000000   1.0663985440755251E+01   2.1580623655716109E+00
     310.0000000000000000   1.0923126958888059E+01   2.1169518463937336E+00
     320.0000000000000000   1.1177290123597727E+01   2.0826328687212996E+00
     330.0000000000000000   1.1433973793549162E+01   2.0453610754823477E+00
     340.0000000000000000   1.1689473719317123E+01   2.0098725093321721E+00
     350.0000000000000000   1.1943839087922669E+01   1.9760355832762930E+00
     360.0000000000000000   1.2197115969992876E+01   1.9437316186103213E+00
     370.0000000000000000   1.2452684763810467E+01   1.9088620032682215E+00
     380.0000000000000000   1.2703843654704412E+01   1.8794325337454956E+00
     390.0000000000000000   1.2954036617038383E+01   1.8512365385255791E+00
     400.0000000000000000   1.3206474162362680E+01   1.8205384748437234E+00
     410.0000000000000000   1.3454774156282541E+01   1.7946791064036118E+00
     420.0000000000000000   1.3705290474462329E+01   1.7663669792822170E+00
     430.0000000000000000   1.3954878795008728E+01   1.7391826719025731E+00
     440.0000000000000000   1.4200545666335627E+01   1.7163478196913116E+00
     450.0000000000000000   1.4448392604002333E+01   1.6911390164208300E+00
     460.0000000000000000   1.4695394290603069E+01   1.6668715522389543E+00
     470.0000000000000000   1.4941575557620915E+01   1.6434915984990621E+00
     480.0000000000000000   1.5186960088170252E+01   1.6209494123417099E+00
     490.0000000000000000   1.5428732673907223E+01   1.6021189436196506E+00
     500.0000000000000000   1.5672620778324717E+01   1.5810534825491163E+00
     510.0000000000000000   1.5915777056903606E+01   1.5607000533115161E+00
     520.0000000000000000   1.6160967704869353E+01   1.5382865073758611E+00
     530.0000000000000000   1.6402687856247379E+01   1.5193057270290786E+00
     540.0000000000000000   1.6643732625238211E+01   1.5009314441571477E+00
     550.0000000000000000   1.6884119287139058E+01   1.4831338685174407E+00
     560.0000000000000000   1.7123864405086703E+01   1.4658851596506859E+00
     570.0000000000000000   1.7362983864792490E+01   1.4491592724200286E+00
     580.0000000000000000   1.7604085509705641E+01   1.4305042313689469E+00
     590.0000000000000000   1.7841967691045237E+01   1.4147980428302300E+00
     600.0000000000000000   1.8079268181171880E+01   1.3995444196826912E+00
     610.0000000000000000   1.8316000553510644E+01   1.3847232275118844E+00
     620.0000000000000000   1.8554675657285479E+01   1.3680583801764379E+00
     630.0000000000000000   1.8790279128167995E+01   1.3540865193948095E+00
     640.0000000000000000   1.9027816434470157E+01   1.3383107279529118E+00
     650.0000000000000000   1.9262339517411796E+01   1.3251159686696150E+00
     660.0000000000000000   1.9498784772707840E+01   1.3101567265566425E+00
     670.0000000000000000   1.9732272562763097E+01   1.2976749400503278E+00
     680.0000000000000000   1.9967668661741985E+01   1.2834674157551311E+00
     690.0000000000000000   2.0200163131111360E+01   1.2716414841219026E+00
     700.0000000000000000   2.0434550240255763E+01   1.2581276179437275E+00
     710.0000000000000000   2.0666090589360977E+01   1.2469064439002699E+00
     720.0000000000000000   2.0899506349918994E+01   1.2340341027025605E+00
     730.0000000000000000   2.1130129179473663E+01   1.2233718897415387E+00
     740.0000000000000000   2.1362609008008985E+01   1.2110940509213437E+00
     750.0000000000000000   2.1594630276071985E+01   1.1991106581100455E+00
     760.0000000000000000   2.1823925650388354E+01   1.1892238931909935E+00
     770.0000000000000000   2.2055059642804409E+01   1.1777724470575690E+00
     780.0000000000000000   2.2285758439998418E+01   1.1665851083804029E+00
     790.0000000000000000   2.2513796862382296E+01   1.1573919420803678E+00
     800.0000000000000000   2.2743652929424616E+01   1.1466825791517865E+00
     810.0000000000000000   2.2973094796848709E+01   1.1362113872711579E+00
     820.0000000000000000   2.3202129795269560E+01   1.1259697285296857E+00
     830.0000000000000000   2.3430764304231818E+01   1.1159499357215183E+00
     840.0000000000000000   2.3656826729104449E+01   1.1077760722350500E+00
     850.0000000000000000   2.3884683539428018E+01   1.0981598033874551E+00
     860.0000000000000000   2.4112158199394369E+01   1.0887447690165819E+00
     870.0000000000000000   2.4339256514715363E+01   1.0795244944322697E+00
     880.0000000000000000   2.4565983796119589E+01   1.0704930337668948E+00
     890.0000000000000000   2.4792345161201954E+01   1.0616447306318342E+00
     900.0000000000000000   2.5016234490608298E+01   1.0544904155143928E+00
     910.0000000000000000   2.5241886826745603E+01   1.0459746135062817E+00
     920.0000000000000000   2.5467189445460182E+01   1.0376256871749610E+00
     930.0000000000000000   2.5692147269708546E+01   1.0294386490666043E+00
     940.0000000000000000   2.5916765025748436E+01   1.0214087658807496E+00
     950.0000000000000000   2.6141047312733921E+01   1.0135315010243611E+00
     960.0000000000000000   2.6364998648954440E+01   1.0058024764005400E+00
     970.0000000000000000   2.6588623476894906E+01   9.9821746280254597E-01
     980.0000000000000000   2.6811926166590190E+01   9.9077237268212948E-01
     990.0000000000000000   2.7034911009606727E+01   9.8346325968592174E-01
    1000.0000000000000000   2.7257582214760074E+01   9.7628631685763456E-01
    1100.0000000000000000   2.9467903501641324E+01   9.1104416136450173E-01
    1200.0000000000000000   3.1652709688046823E+01   8.5460002955294234E-01
    1219.9990000000000236   3.2088099481776091E+01   8.4344354290966350E-01
    1220.0009999999999764   3.2088143156534130E+01   8.4344233608180341E-01
    1250.9990000000000236   3.2758399194045559E+01   8.2835160962830334E-01
    1251.0009999999999764   3.2758442722898181E+01   8.2835044964729398E-01
    1300.0000000000000000   3.3814749860113587E+01   8.0507147209933039E-01
    1400.0000000000000000   3.5956272509044162E+01   7.6109360998962683E-01
    1412.9990000000000236   3.6232961656064944E+01   7.5588019661973938E-01
    1413.0009999999999764   3.6233004464424319E+01   7.5587925928965971E-01
    1500.0000000000000000   3.8077473157548809E+01   7.2251713243553140E-01
    1600.0000000000000000   4.0181757142535744E+01   6.8755255071800014E-01
    1700.0000000000000000   4.2267210616433850E+01   6.5716878400610301E-01
    1800.0000000000000000   4.4340003438827075E+01   6.2843960532088727E-01
    1900.0000000000000000   4.6396357524694942E+01   6.0321591139697961E-01
    2000.0000000000000000   4.8440459939627608E+01   5.7966170328170163E-01
    2100.0000000000000000   5.0471563314421161E+01   5.5819308541331625E-01
    2200.0000000000000000   5.2491996346712483E+01   5.3792076438002667E-01
    2300.0000000000000000   5.4499306935994753E+01   5.1989393218907076E-01
    2400.0000000000000000   5.6497233483271302E+01   5.0269789259466924E-01
    2500.0000000000000000   5.8484796131070375E+01   4.8678616342827241E-01
    2600.0000000000000000   6.0462492560111791E+01   4.7202415418829230E-01
    2700.0000000000000000   6.2430804176593846E+01   4.5828788999649012E-01
    2800.0000000000000000   6.4390175020021374E+01   4.4546965518607157E-01
    2900.0000000000000000   6.6342472674406352E+01   4.3299430208259942E-01
    3000.0000000000000000   6.8285058214609123E+01   4.2178266879613729E-01
    3100.0000000000000000   7.0221237401164942E+01   4.1079812942513810E-01
    3200.0000000000000000   7.2149932290107145E+01   4.0044046701255087E-01
    3300.0000000000000000   7.4071370847393396E+01   3.9067214483229262E-01
    3400.0000000000000000   7.5985769159309626E+01   3.8145899614068884E-01
    3500.0000000000000000   7.7893441047297074E+01   3.7274036304805158E-01
    3600.0000000000000000   7.9794458931455452E+01   3.6451954687677263E-01
    3700.0000000000000000   8.1689420835111719E+01   3.5666368843409274E-01
    3800.0000000000000000   8.3579381140135396E+01   3.4890472060833938E-01
    3900.0000000000000000   8.5462632614972733E+01   3.4175007929392009E-01
    4000.0000000000000000   8.7339925923712485E+01   3.3500292954745320E-01
    4100.0000000000000000   8.9213097754555051E+01   3.2820911060989943E-01
    4200.0000000000000000   9.1080535235646849E+01   3.2181653457259990E-01
    4300.0000000000000000   9.2941752438822078E+01   3.1595550500163089E-01
    4400.0000000000000000   9.4799424692979969E+01   3.0999007039660131E-01
    4500.0000000000000000   9.6651854152608678E+01   3.0435803439519288E-01
    4600.0000000000000000   9.8498518561204037E+01   2.9918687433595448E-01
    4700.0000000000000000   1.0034152280154194E+02   2.9399670830033980E-01
    4800.0000000000000000   1.0218056294888800E+02   2.8889544910807358E-01
    4900.0000000000000000   1.0401498600413781E+02   2.8403233871435352E-01
    5000.0000000000000000   1.0584493492579168E+02   2.7938966464860077E-01
    5100.0000000000000000   1.0767072293881394E+02   2.7491449905774512E-01
    5200.0000000000000000   1.0949245977325035E+02   2.7059592177784370E-01
    5300.0000000000000000   1.1131001201022482E+02   2.6646954338019269E-01
    5400.0000000000000000   1.1312334233867526E+02   2.6254779601949124E-01
    5500.0000000000000000   1.1493320069224212E+02   2.5869606254534588E-01
    5600.0000000000000000   1.1674106037275585E+02   2.5464078965697806E-01
    5700.0000000000000000   1.1854314774213321E+02   2.5111680526418295E-01
    5800.0000000000000000   1.2034310297518290E+02   2.4745377464931256E-01
    5900.0000000000000000   1.2213765526031527E+02   2.4425134775937277E-01
    6000.0000000000000000   1.2393152699936407E+02   2.4065358323355715E-01
    6100.0000000000000000   1.2572021419905180E+02   2.3748694963070158E-01
    6200.0000000000000000   1.2750517290398410E+02   2.3450992558427330E-01
    6300.0000000000000000   1.2928904747936070E+02   2.3124211704838132E-01
    6400.0000000000000000   1.3106880456253867E+02   2.2824069786048920E-01
    6500.0000000000000000   1.3284562269869124E+02   2.2528966672485179E-01
    6600.0000000000000000   1.3461884591838910E+02   2.2252016916191034E-01
    6700.0000000000000000   1.3638948653528965E+02   2.1975945833060570E-01
    6800.0000000000000000   1.3815696711241108E+02   2.1712035322122639E-01
    6900.0000000000000000   1.3992210099580529E+02   2.1446510239527536E-01
    7000.0000000000000000   1.4168406176580399E+02   2.1194254944511787E-01
    7100.0000000000000000   1.4344313279320224E+02   2.0949775603356066E-01
    7200.0000000000000000   1.4519885499673882E+02   2.0721947136402849E-01
    7300.0000000000000000   1.4695237233296754E+02   2.0490922036563841E-01
    7400.0000000000000000   1.4870452480915139E+02   2.0247498661761082E-01
    7500.0000000000000000   1.5045349992564977E+02   2.0020501925227455E-01
    7600.0000000000000000   1.5219887569361163E+02   1.9812484623716276E-01
    7700.0000000000000000   1.5394283810253333E+02   1.9593707744757627E-01
    7800.0000000000000000   1.5568415553464587E+02   1.9384837310767314E-01
    7900.0000000000000000   1.5742170815546771E+02   1.9197074489949284E-01
    8000.0000000000000000   1.5915976913471388E+02   1.8974986781889516E-01
    8100.0000000000000000   1.6089262532667939E+02   1.8795141262783704E-01
    8200.0000000000000000   1.6262544218670374E+02   1.8591333664069482E-01
    8300.0000000000000000   1.6435321777717468E+02   1.8427042063315555E-01
    8400.0000000000000000   1.6608184806101070E+02   1.8226021468439765E-01
    8500.0000000000000000   1.6780705035153741E+02   1.8044294350993201E-01
    8600.0000000000000000   1.6952920732286478E+02   1.7877438409989435E-01
    8700.0000000000000000   1.7125035388222543E+02   1.7701911722569555E-01
    8800.0000000000000000   1.7296904976330589E+02   1.7531288839281109E-01
    8900.0000000000000000   1.7468386362122448E+02   1.7388824339556369E-01
    9000.0000000000000000   1.7639960775896006E+02   1.7210675836745712E-01
    9100.0000000000000000   1.7811252393620487E+02   1.7046340955110104E-01
    9200.0000000000000000   1.7982306208280124E+02   1.6888775096919509E-01
    9300.0000000000000000   1.8152970049751789E+02   1.6757840273634761E-01
    9400.0000000000000000   1.8323616936705238E+02   1.6608146804244858E-01
    9500.0000000000000000   1.8494184289084029E+02   1.6448067285868381E-01
    9600.0000000000000000   1.8664394730200473E+02   1.6312737393164733E-01
    9700.0000000000000000   1.8834489165538508E+02   1.6169209672542856E-01
    9800.0000000000000000   1.9004399010041908E+02   1.6028101367002362E-01
    9900.0000000000000000   1.9174127311672521E+02   1.5889292710293684E-01
   10000.0000000000000000   1.9343664779243343E+02   1.5754138553530722E-01
   11000.0000000000000000   2.1029375385287565E+02   1.4541353200974236E-01
   11106.9989999999997963   2.1208796238146545E+02   1.4420476677934971E-01
   11107.0010000000002037   2.1208799580606646E+02   1.4420475226275295E-01
   12000.0000000000000000   2.2698962579902451E+02   1.3524665515617862E-01
   13000.0000000000000000   2.4354249513395754E+02   1.2641475029333224E-01
   14000.0000000000000000   2.5996486689748349E+02   1.1867182852709565E-01
   15000.0000000000000000   2.7626693647357700E+02   1.1193546797529449E-01
   16000.0000000000000000   2.9245722825003634E+02   1.0605786391145143E-01
   17000.0000000000000000   3.0854726232867876E+02   1.0073842254128770E-01
   18000.0000000000000000   3.2453769205388051E+02   9.6265435953224621E-02
   19000.0000000000000000   3.4044822681518212E+02   9.1629753491913643E-02
   20000.0000000000000000   3.5627079387779480E+02   8.7697282995466461E-02
   21000.0000000000000000   3.7200901107152049E+02   8.4546714361941264E-02
   22000.0000000000000000   3.8768862305404917E+02   8.0784501284493229E-02
   23000.0000000000000000   4.0329138697471438E+02   7.7673977698890187E-02
   24000.0000000000000000   4.1882493028900501E+02   7.5025556218181716E-02
   25000.0000000000000000   4.3428946478616388E+02   7.2792238480854879E-02
   26000.0000000000000000   4.4970125217092135E+02   7.0442064663859230E-02
   27000.0000000000000000   4.6506586941357403E+02   6.7743095798661307E-02
   28000.0000000000000000   4.8036340151543067E+02   6.5850869133712076E-02
   29000.0000000000000000   4.9560428143282297E+02   6.4129144119128775E-02
   30000.0000000000000000   5.1081684037895803E+02   6.1738980420927195E-02
   31000.0000000000000000   5.2596005774171101E+02   6.0183129307277171E-02
   32000.0000000000000000   5.4106540148467980E+02   5.8413926906725221E-02
   33000.0000000000000000   5.5611451918848070E+02   5.7404947962967447E-02
   34000.0000000000000000   5.7113032021529375E+02   5.5973233316876286E-02
   35000.0000000000000000   5.8611659798746632E+02   5.4022049878190703E-02
   36000.0000000000000000   6.0103700850117366E+02   5.3138163824659419E-02
   37000.0000000000000000   6.1592560974490618E+02   5.2220581360785091E-02
   38000.0000000000000000   6.3080653176175190E+02   5.0339001765698839E-02
   39000.0000000000000000   6.4562202149977622E+02   4.9348522321029258E-02
   40000.0000000000000000   6.6040883777924648E+02   4.8130617553696041E-02
   41000.0000000000000000   6.7516834124396416E+02   4.7020063168551229E-02
   42000.0000000000000000   6.8986824422316408E+02   4.6453305609715674E-02
   43000.0000000000000000   7.0456688899080552E+02   4.5154865670407794E-02
   44000.0000000000000000   7.1922833358014532E+02   4.4203937976157903E-02
   45000.0000000000000000   7.3383690392566359E+02   4.3515266261305016E-02
   46000.0000000000000000   7.4842939499150145E+02   4.2672417176201058E-02
   47000.0000000000000000   7.6299223572704636E+02   4.2202807504042435E-02
   48000.0000000000000000   7.7754103167128358E+02   4.1163368906778998E-02
   49000.0000000000000000   7.9204244181567208E+02   4.0684632220108152E-02
   50000.0000000000000000   8.0653177734554390E+02   3.9811950595112999E-02
