       0.1000000000000000   1.0000000000000000E+30   0.0000000000000000E+00
       0.2000000000000000   1.0000000000000000E+30   0.0000000000000000E+00
       0.3000000000000000   1.0000000000000000E+30   0.0000000000000000E+00
       0.4000000000000000   1.0000000000000000E+30   0.0000000000000000E+00
       0.5000000000000000   1.0000000000000000E+30   0.0000000000000000E+00
       0.6000000000000000   1.0000000000000000E+30   0.0000000000000000E+00
       0.7000000000000000   1.0000000000000000E+30   0.0000000000000000E+00
       0.7999999999999999   1.0000000000000000E+30   0.0000000000000000E+00
       0.8999999999999999   1.0000000000000000E+30   0.0000000000000000E+00
       0.9999999999999999   1.0000000000000000E+30   0.0000000000000000E+00
       2.0000000000000000   1.0000000000000000E+30   0.0000000000000000E+00
       3.0000000000000000   1.0000000000000000E+30   0.0000000000000000E+00
       4.0000000000000000   1.0000000000000000E+30   0.0000000000000000E+00
       5.0000000000000000   1.0000000000000000E+30   0.0000000000000000E+00
       6.0000000000000000   1.0000000000000000E+30   0.0000000000000000E+00
       7.0000000000000000   1.0000000000000000E+30   0.0000000000000000E+00
       8.0000000000000000   1.0000000000000000E+30   0.0000000000000000E+00
       9.0000000000000000   1.0000000000000000E+30   0.0000000000000000E+00
      10.0000000000000000   1.0000000000000000E+30   0.0000000000000000E+00
      11.0000000000000000   1.0000000000000000E+30   0.0000000000000000E+00
      12.0000000000000000   1.0000000000000000E+30   0.0000000000000000E+00
      13.0000000000000000   1.0000000000000000E+30   0.0000000000000000E+00
      14.0000000000000000   1.0000000000000000E+30   0.0000000000000000E+00
      15.0000000000000000   1.0000000000000000E+30   0.0000000000000000E+00
      16.0000000000000000   1.0000000000000000E+30   0.0000000000000000E+00
      17.0000000000000000   1.0000000000000000E+30   0.0000000000000000E+00
      18.0000000000000000   1.0000000000000000E+30   0.0000000000000000E+00
      19.0000000000000000   1.0000000000000000E+30   0.0000000000000000E+00
      20.0000000000000000   1.0000000000000000E+30   0.0000000000000000E+00
      21.0000000000000000   1.0000000000000000E+30   0.0000000000000000E+00
      22.0000000000000000   1.0000000000000000E+30   0.0000000000000000E+00
      23.0000000000000000   1.0000000000000000E+30   0.0000000000000000E+00
      24.0000000000000000   1.0000000000000000E+30   0.0000000000000000E+00
      25.0000000000000000   1.0000000000000000E+30   0.0000000000000000E+00
      26.0000000000000000   1.0000000000000000E+30   0.0000000000000000E+00
      27.0000000000000000   1.0000000000000000E+30   0.0000000000000000E+00
      28.0000000000000000   1.0000000000000000E+30   0.0000000000000000E+00
      28.9989999999999988   1.0000000000000000E+30   0.0000000000000000E+00
      29.0000000000000000   1.0000000000000000E+30   0.0000000000000000E+00
      29.0010000000000012   1.0000000000000000E+30   0.0000000000000000E+00
      29.9989999999999988   1.0000000000000000E+30   0.0000000000000000E+00
      30.0000000000000000   1.0000000000000000E+30   0.0000000000000000E+00
      30.0010000000000012   1.0000000000000000E+30   0.0000000000000000E+00
      31.0000000000000000   1.0000000000000000E+30   0.0000000000000000E+00
      32.0000000000000000   1.0000000000000000E+30   0.0000000000000000E+00
      33.0000000000000000   1.0000000000000000E+30   0.0000000000000000E+00
      34.0000000000000000   1.0000000000000000E+30   0.0000000000000000E+00
      35.0000000000000000   1.0000000000000000E+30   0.0000000000000000E+00
      36.0000000000000000   1.0000000000000000E+30   0.0000000000000000E+00
      37.0000000000000000   1.0000000000000000E+30   0.0000000000000000E+00
      38.0000000000000000   1.0000000000000000E+30   0.0000000000000000E+00
      39.0000000000000000   1.0000000000000000E+30   0.0000000000000000E+00
      40.0000000000000000   1.0000000000000000E+30   0.0000000000000000E+00
      41.0000000000000000   1.0000000000000000E+30   0.0000000000000000E+00
      42.0000000000000000   1.0000000000000000E+30   0.0000000000000000E+00
      43.0000000000000000   1.0000000000000000E+30   0.0000000000000000E+00
      44.0000000000000000   1.0000000000000000E+30   0.0000000000000000E+00
      45.0000000000000000   1.0000000000000000E+30   0.0000000000000000E+00
      46.0000000000000000   1.0000000000000000E+30   0.0000000000000000E+00
      47.0000000000000000   1.0000000000000000E+30   0.0000000000000000E+00
      47.9990000000000023   1.0000000000000000E+30   0.0000000000000000E+00
      48.0000000000000000   1.0000000000000000E+30   0.0000000000000000E+00
      48.0009999999999977   1.0000000000000000E+30   0.0000000000000000E+00
      49.0000000000000000   1.0000000000000000E+30   0.0000000000000000E+00
      50.0000000000000000   1.0000000000000000E+30   0.0000000000000000E+00
      51.0000000000000000   1.0000000000000000E+30   0.0000000000000000E+00
      52.0000000000000000   1.0000000000000000E+30   0.0000000000000000E+00
      53.0000000000000000   1.0000000000000000E+30   0.0000000000000000E+00
      54.0000000000000000   1.0000000000000000E+30   0.0000000000000000E+00
      55.0000000000000000   1.0000000000000000E+30   0.0000000000000000E+00
      56.0000000000000000   1.0000000000000000E+30   0.0000000000000000E+00
      57.0000000000000000   1.0000000000000000E+30   0.0000000000000000E+00
      58.0000000000000000   1.0000000000000000E+30   0.0000000000000000E+00
      59.0000000000000000   1.0000000000000000E+30   0.0000000000000000E+00
      60.0000000000000000   1.0000000000000000E+30   0.0000000000000000E+00
      61.0000000000000000   1.0000000000000000E+30   0.0000000000000000E+00
      62.0000000000000000   1.0000000000000000E+30   0.0000000000000000E+00
      63.0000000000000000   1.0000000000000000E+30   0.0000000000000000E+00
      64.0000000000000000   1.0000000000000000E+30   0.0000000000000000E+00
      65.0000000000000000   1.0000000000000000E+30   0.0000000000000000E+00
      66.0000000000000000   1.0000000000000000E+30   0.0000000000000000E+00
      67.0000000000000000   1.0000000000000000E+30   0.0000000000000000E+00
      68.0000000000000000   1.0000000000000000E+30   0.0000000000000000E+00
      69.0000000000000000   1.0000000000000000E+30   0.0000000000000000E+00
      70.0000000000000000   1.0000000000000000E+30   0.0000000000000000E+00
      71.0000000000000000   1.0000000000000000E+30   0.0000000000000000E+00
      72.0000000000000000   1.0000000000000000E+30   0.0000000000000000E+00
      73.0000000000000000   1.0000000000000000E+30   0.0000000000000000E+00
      74.0000000000000000   1.0000000000000000E+30   0.0000000000000000E+00
      75.0000000000000000   1.0000000000000000E+30   0.0000000000000000E+00
      76.0000000000000000   1.0000000000000000E+30   0.0000000000000000E+00
      77.0000000000000000   1.0000000000000000E+30   0.0000000000000000E+00
      78.0000000000000000   1.0000000000000000E+30   0.0000000000000000E+00
      79.0000000000000000   1.0000000000000000E+30   0.0000000000000000E+00
      80.0000000000000000   1.0000000000000000E+30   0.0000000000000000E+00
      81.0000000000000000   1.0000000000000000E+30   0.0000000000000000E+00
      82.0000000000000000   1.0000000000000000E+30   0.0000000000000000E+00
      83.0000000000000000   1.0000000000000000E+30   0.0000000000000000E+00
      84.0000000000000000   1.0000000000000000E+30   0.0000000000000000E+00
      85.0000000000000000   1.0000000000000000E+30   0.0000000000000000E+00
      86.0000000000000000   1.0000000000000000E+30   0.0000000000000000E+00
      87.0000000000000000   1.0000000000000000E+30   0.0000000000000000E+00
      88.0000000000000000   1.0000000000000000E+30   0.0000000000000000E+00
      89.0000000000000000   1.0000000000000000E+30   0.0000000000000000E+00
      90.0000000000000000   1.0000000000000000E+30   0.0000000000000000E+00
      91.0000000000000000   1.0000000000000000E+30   0.0000000000000000E+00
      92.0000000000000000   1.0000000000000000E+30   0.0000000000000000E+00
      93.0000000000000000   1.0000000000000000E+30   0.0000000000000000E+00
      94.0000000000000000   1.0000000000000000E+30   0.0000000000000000E+00
      95.0000000000000000   1.0000000000000000E+30   0.0000000000000000E+00
      96.0000000000000000   1.0000000000000000E+30   0.0000000000000000E+00
      97.0000000000000000   1.0000000000000000E+30   0.0000000000000000E+00
      98.0000000000000000   1.0000000000000000E+30   0.0000000000000000E+00
      99.0000000000000000   1.0000000000000000E+30   0.0000000000000000E+00
     100.0000000000000000   1.0000000000000000E+30   0.0000000000000000E+00
     110.0000000000000000   1.0000000000000000E+30   0.0000000000000000E+00
     120.0000000000000000   1.0000000000000000E+30   0.0000000000000000E+00
     130.0000000000000000   1.0000000000000000E+30   0.0000000000000000E+00
     140.0000000000000000   1.0000000000000000E+30   0.0000000000000000E+00
     150.0000000000000000   1.0000000000000000E+30   0.0000000000000000E+00
     160.0000000000000000   1.0000000000000000E+30   0.0000000000000000E+00
     160.9989999999999952   1.0000000000000000E+30   0.0000000000000000E+00
     161.0010000000000048   3.1080290561831890E+10   5.1801317519764709E-09
     162.9989999999999952   1.0833856997870302E+06   1.4903801376235995E-04
     163.0010000000000048   1.0817408552384330E+06   1.4926509644646536E-04
     170.0000000000000000   1.1115611890988203E+05   1.4670466479831401E-03
     180.0000000000000000   3.5271202430769459E+04   4.6871134660067988E-03
     190.0000000000000000   1.8377478529737673E+04   9.1165444797848584E-03
     200.0000000000000000   1.1664885848107342E+04   1.4551652619528128E-02
     210.0000000000000000   8.2476927778224763E+03   2.0847304313401833E-02
     220.0000000000000000   6.2446388152332302E+03   2.7886461765287484E-02
     230.0000000000000000   4.9577219903190335E+03   3.5569219685194157E-02
     240.0000000000000000   4.0757002547406610E+03   4.3807811130179626E-02
     250.0000000000000000   3.4415217667570419E+03   5.2522141666083259E-02
     260.0000000000000000   2.9683596662343994E+03   6.1638964839421176E-02
     270.0000000000000000   2.6048980202511380E+03   7.1088041838736293E-02
     280.0000000000000000   2.3189966044830489E+03   8.0804202055370769E-02
     290.0000000000000000   2.0897125588830058E+03   9.0723587344369791E-02
     300.0000000000000000   1.9028354947213031E+03   1.0078562291981533E-01
     303.9990000000000236   1.8376463843840497E+03   1.0483613230779487E-01
     304.0009999999999764   1.8376150421960872E+03   1.0483815764322495E-01
     310.0000000000000000   1.7484412770991696E+03   1.1093189346519444E-01
     314.9990000000000236   1.6811309835145412E+03   1.1601805857397110E-01
     315.0009999999999764   1.6811049545483315E+03   1.1602011109490501E-01
     320.0000000000000000   1.6194053699066544E+03   1.2110687383582049E-01
     330.0000000000000000   1.5104855230397472E+03   1.3125907679706383E-01
     340.0000000000000000   1.4177602399816458E+03   1.4133996776114666E-01
     350.0000000000000000   1.3382331819732747E+03   1.5130558743825770E-01
     360.0000000000000000   1.2695802953624554E+03   1.6111656668513755E-01
     370.0000000000000000   1.2099738144951928E+03   1.7073836783669888E-01
     380.0000000000000000   1.1579598641801438E+03   1.8014097419687050E-01
     390.0000000000000000   1.1123655187922211E+03   1.8929960209962812E-01
     396.9990000000000236   1.0837561372710202E+03   1.9555334528638652E-01
     397.0009999999999764   1.0837483218898694E+03   1.9555511231127079E-01
     400.0000000000000000   1.0722388172612764E+03   1.9819363681877283E-01
     410.0000000000000000   1.0367975567003225E+03   2.0680703160358910E-01
     420.0000000000000000   1.0053948012836412E+03   2.1512775247948121E-01
     430.0000000000000000   9.7749156693380451E+02   2.2314729220833904E-01
     440.0000000000000000   9.5263622250286255E+02   2.3086033467112757E-01
     450.0000000000000000   9.3044668836592166E+02   2.3826459169035652E-01
     460.0000000000000000   9.1059930447940519E+02   2.4536005607650435E-01
     470.0000000000000000   8.9281803394913914E+02   2.5214880809800966E-01
     480.0000000000000000   8.7686638382470881E+02   2.5863456794567447E-01
     490.0000000000000000   8.6254019557168772E+02   2.6482270377157635E-01
     500.0000000000000000   8.4966350295044026E+02   2.7071952187539511E-01
     510.0000000000000000   8.3808353989417685E+02   2.7633222697774379E-01
     520.0000000000000000   8.2766680205661260E+02   2.8166887194592555E-01
     530.0000000000000000   8.1829669726059899E+02   2.8673795919536454E-01
     540.0000000000000000   8.0987153966104052E+02   2.9154808491714523E-01
     550.0000000000000000   8.0230097520799052E+02   2.9610842656076397E-01
     560.0000000000000000   7.9550558905529931E+02   3.0042811901886579E-01
     570.0000000000000000   7.8941498164529753E+02   3.0451634392570098E-01
     580.0000000000000000   7.8396669925812319E+02   3.0838220029203389E-01
     590.0000000000000000   7.7910521620392672E+02   3.1203462509990709E-01
     600.0000000000000000   7.7478075118753486E+02   3.1548250043139181E-01
     610.0000000000000000   7.7094869568610079E+02   3.1873454033417509E-01
     620.0000000000000000   7.6756917525881920E+02   3.2179915393797487E-01
     630.0000000000000000   7.6460654319903017E+02   3.2468435522801986E-01
     640.0000000000000000   7.6202796141992474E+02   3.2739834417454727E-01
     650.0000000000000000   7.5980435359290743E+02   3.2994867863444161E-01
     660.0000000000000000   7.5790954362714956E+02   3.3234251449530705E-01
     670.0000000000000000   7.5631911569052477E+02   3.3458721167428546E-01
     680.0000000000000000   7.5501153116692046E+02   3.3668937973392787E-01
     690.0000000000000000   7.5396666740889975E+02   3.3865571671225725E-01
     700.0000000000000000   7.5316645925047408E+02   3.4049243485476893E-01
     710.0000000000000000   7.5259431599188508E+02   3.4220553374344537E-01
     720.0000000000000000   7.5223504904348522E+02   3.4380076619746952E-01
     730.0000000000000000   7.5207476199464452E+02   3.4528358805007581E-01
     740.0000000000000000   7.5210062002487336E+02   3.4665928613547309E-01
     750.0000000000000000   7.5230092445078685E+02   3.4793280339031457E-01
     760.0000000000000000   7.5266479901093544E+02   3.4910895945214332E-01
     770.0000000000000000   7.5318222267370675E+02   3.5019232255704091E-01
     780.0000000000000000   7.5384400404650330E+02   3.5118720332949116E-01
     790.0000000000000000   7.5464158154692041E+02   3.5209777116363489E-01
     800.0000000000000000   7.5556704600132821E+02   3.5292796597516257E-01
     810.0000000000000000   7.5661302079958682E+02   3.5368158020380175E-01
     820.0000000000000000   7.5777273920433583E+02   3.5436217331235004E-01
     830.0000000000000000   7.5903984005610778E+02   3.5497318393298283E-01
     840.0000000000000000   7.6040843117545342E+02   3.5551786884519609E-01
     850.0000000000000000   7.6187301273367439E+02   3.5599933862175687E-01
     860.0000000000000000   7.6342844902900413E+02   3.5642056070371553E-01
     870.0000000000000000   7.6506997033862672E+02   3.5678434097375439E-01
     880.0000000000000000   7.6679309558872399E+02   3.5709338122101142E-01
     890.0000000000000000   7.6859361728084582E+02   3.5735025375716623E-01
     900.0000000000000000   7.7046765384906416E+02   3.5755737575623431E-01
     910.0000000000000000   7.7241149908538728E+02   3.5771709541148938E-01
     920.0000000000000000   7.7442170513205610E+02   3.5783163555860725E-01
     930.0000000000000000   7.7649505474172793E+02   3.5790309398414166E-01
     940.0000000000000000   7.7862846585039108E+02   3.5793351515533733E-01
     950.0000000000000000   7.8081909055981509E+02   3.5792481095549838E-01
     960.0000000000000000   7.8306424961334085E+02   3.5787880455206722E-01
     970.0000000000000000   7.8536137811370770E+02   3.5779726648446686E-01
     980.0000000000000000   7.8770809407149318E+02   3.5768185301692246E-01
     990.0000000000000000   7.9010212402980858E+02   3.5753416589657366E-01
    1000.0000000000000000   7.9254134718142848E+02   3.5735571382069475E-01
    1100.0000000000000000   8.1902367925737747E+02   3.5416849506340681E-01
    1200.0000000000000000   8.4835294680781624E+02   3.4915231649802836E-01
    1300.0000000000000000   8.7958785508890014E+02   3.4304213436055508E-01
    1400.0000000000000000   9.1213158744878569E+02   3.3631095396733174E-01
    1500.0000000000000000   9.4559013129936761E+02   3.2926615526480824E-01
    1600.0000000000000000   9.7969466430479429E+02   3.2210860718841844E-01
    1700.0000000000000000   1.0142568287396571E+03   3.1496954044705039E-01
    1800.0000000000000000   1.0491416146297729E+03   3.0793411518971314E-01
    1900.0000000000000000   1.0835312587813005E+03   3.0170611664686381E-01
    2000.0000000000000000   1.1185294320982837E+03   2.9545027711653754E-01
    2082.9989999999997963   1.1488374939734319E+03   2.8939310655958328E-01
    2083.0010000000002037   1.1488383086945428E+03   2.8939289177450345E-01
    2100.0000000000000000   1.1545669178480207E+03   2.8858256571095975E-01
    2157.9989999999997963   1.1745816552826334E+03   2.8547100574317502E-01
    2158.0010000000002037   1.1745824639231653E+03   2.8547079999148284E-01
    2200.0000000000000000   1.1892488664706532E+03   2.8311928936368846E-01
    2300.0000000000000000   1.2249008320188452E+03   2.7706963760050834E-01
    2374.9989999999997963   1.2515121847263031E+03   2.7277917162744286E-01
    2375.0010000000002037   1.2515129786065711E+03   2.7277899039135350E-01
    2400.0000000000000000   1.2603598998790103E+03   2.7139279700736096E-01
    2500.0000000000000000   1.2956374647849616E+03   2.6605323937861058E-01
    2600.0000000000000000   1.3317480556386004E+03   2.6023657340249118E-01
    2700.0000000000000000   1.3666624629076202E+03   2.5551576497745948E-01
    2800.0000000000000000   1.4023808224118332E+03   2.5032715364500718E-01
    2900.0000000000000000   1.4369723517956324E+03   2.4611895982028045E-01
    3000.0000000000000000   1.4723375676361507E+03   2.4145587228656498E-01
    3100.0000000000000000   1.5075306483062543E+03   2.3703605442074871E-01
    3200.0000000000000000   1.5425597346453897E+03   2.3283998543801304E-01
    3300.0000000000000000   1.5774324720189793E+03   2.2885020947049098E-01
    3400.0000000000000000   1.6121560304275540E+03   2.2505107376171912E-01
    3500.0000000000000000   1.6467371366800498E+03   2.2142849903107553E-01
    3600.0000000000000000   1.6819972590748534E+03   2.1742709493454918E-01
    3700.0000000000000000   1.7162952423898998E+03   2.1413749221582931E-01
    3800.0000000000000000   1.7504687611959162E+03   2.1098895404106208E-01
    3900.0000000000000000   1.7852983933695516E+03   2.0747596399630222E-01
    4000.0000000000000000   1.8192219624034083E+03   2.0459646833682127E-01
    4100.0000000000000000   1.8537883343682083E+03   2.0136233642665072E-01
    4200.0000000000000000   1.8882265894505563E+03   1.9826064541118707E-01
    4300.0000000000000000   1.9218024204631727E+03   1.9572876834365188E-01
    4400.0000000000000000   1.9560039544303418E+03   1.9285681687817666E-01
    4500.0000000000000000   1.9900895375221955E+03   1.9009493798657864E-01
    4600.0000000000000000   2.0240628139231403E+03   1.8743667559748042E-01
    4700.0000000000000000   2.0579272602900210E+03   1.8487607609194204E-01
    4800.0000000000000000   2.0916861931017702E+03   1.8240764132552989E-01
    4900.0000000000000000   2.1253427803648506E+03   1.8002628444093910E-01
    5000.0000000000000000   2.1589000454700263E+03   1.7772729356380937E-01
    5100.0000000000000000   2.1923608816430051E+03   1.7550629488909728E-01
    5200.0000000000000000   2.2257280537172851E+03   1.7335922498065309E-01
    5300.0000000000000000   2.2590042084372653E+03   1.7128230219196086E-01
    5400.0000000000000000   2.2921918791217850E+03   1.6927200298507705E-01
    5500.0000000000000000   2.3259436196829442E+03   1.6698474952115108E-01
    5600.0000000000000000   2.3589539722999448E+03   1.6510476901615651E-01
    5700.0000000000000000   2.3918828241385968E+03   1.6328194205913069E-01
    5800.0000000000000000   2.4247323172938104E+03   1.6151359189433598E-01
    5900.0000000000000000   2.4581320299315917E+03   1.5948192153340202E-01
    6000.0000000000000000   2.4908212989854401E+03   1.5782099261256285E-01
    6100.0000000000000000   2.5234371460489870E+03   1.5620727337874249E-01
    6200.0000000000000000   2.5565934691917869E+03   1.5433990112221913E-01
    6300.0000000000000000   2.5890602887103100E+03   1.5281978632640489E-01
    6400.0000000000000000   2.6220628963329441E+03   1.5105209551761586E-01
    6500.0000000000000000   2.6543874977317014E+03   1.4961756613273272E-01
    6600.0000000000000000   2.6872427505421238E+03   1.4794138802625781E-01
    6700.0000000000000000   2.7194314395441447E+03   1.4658533883852087E-01
    6800.0000000000000000   2.7521453077315023E+03   1.4499337902088921E-01
    6900.0000000000000000   2.7842039662015291E+03   1.4370947686958838E-01
    7000.0000000000000000   2.8167820201134600E+03   1.4219521842471539E-01
    7100.0000000000000000   2.8487161606489744E+03   1.4097779152514747E-01
    7200.0000000000000000   2.8811636085734408E+03   1.3953539217143696E-01
    7300.0000000000000000   2.9135471926392670E+03   1.3812866603734977E-01
    7400.0000000000000000   2.9453001388393795E+03   1.3700354460410513E-01
    7500.0000000000000000   2.9775602588487982E+03   1.3566090267383299E-01
    7600.0000000000000000   3.0097598691642411E+03   1.3435018540730401E-01
    7700.0000000000000000   3.0418997880936545E+03   1.3307032764649590E-01
    7800.0000000000000000   3.0734248706463554E+03   1.3205396004813408E-01
    7900.0000000000000000   3.1054501122537149E+03   1.3082934297094073E-01
    8000.0000000000000000   3.1374186446534545E+03   1.2963250897076642E-01
    8100.0000000000000000   3.1693313639397566E+03   1.2846251157219737E-01
    8200.0000000000000000   3.2006454315038318E+03   1.2753990071456991E-01
    8300.0000000000000000   3.2324512587021727E+03   1.2641788175229277E-01
    8400.0000000000000000   3.2642039493627390E+03   1.2532014767922053E-01
    8500.0000000000000000   3.2959043651151069E+03   1.2424588709758283E-01
    8600.0000000000000000   3.3275534391520100E+03   1.2319428778882793E-01
    8700.0000000000000000   3.3586224441916725E+03   1.2237253243953351E-01
    8800.0000000000000000   3.3901730622589657E+03   1.2136155816420952E-01
    8900.0000000000000000   3.4216745593785031E+03   1.2037125427733147E-01
    9000.0000000000000000   3.4531276906884100E+03   1.1940096815599981E-01
    9100.0000000000000000   3.4845332285054033E+03   1.1845006109856242E-01
    9200.0000000000000000   3.5158919234302489E+03   1.1751792217320678E-01
    9300.0000000000000000   3.5472044837813146E+03   1.1660397477289963E-01
    9400.0000000000000000   3.5784715757982885E+03   1.1570767510479711E-01
    9500.0000000000000000   3.6096938332051873E+03   1.1482850726281796E-01
    9600.0000000000000000   3.6408718706844102E+03   1.1396597720278152E-01
    9700.0000000000000000   3.6720062894940111E+03   1.1311960980091880E-01
    9800.0000000000000000   3.7030976816262887E+03   1.1228894657696206E-01
    9900.0000000000000000   3.7341466301456899E+03   1.1147354493013652E-01
   10000.0000000000000000   3.7651537084685833E+03   1.1067297777295378E-01
   11000.0000000000000000   4.0730394749286411E+03   1.0339968081181557E-01
   12000.0000000000000000   4.3782177467497140E+03   9.6941235738252127E-02
   13000.0000000000000000   4.6800944401458564E+03   9.1400263883579816E-02
   14000.0000000000000000   4.9790057842883343E+03   8.6589453388642601E-02
   15000.0000000000000000   5.2760857438833455E+03   8.2136429663394156E-02
   16000.0000000000000000   5.5702381760413673E+03   7.8312191032820236E-02
   17000.0000000000000000   5.8625291509184926E+03   7.4800621418791249E-02
   17040.9989999999997963   5.8745704350731421E+03   7.4638885257265489E-02
   17041.0010000000002037   5.8745710223601263E+03   7.4638877391127539E-02
   18000.0000000000000000   6.1526914647273279E+03   7.1653173387126456E-02
   19000.0000000000000000   6.4412868433029680E+03   6.8720131792004244E-02
   20000.0000000000000000   6.7280222851722547E+03   6.6062390213912428E-02
   21000.0000000000000000   7.0130224870252105E+03   6.3640961686973502E-02
   22000.0000000000000000   7.2963873410544447E+03   6.1426181554758909E-02
   23000.0000000000000000   7.5785858784878619E+03   5.9316617913341536E-02
   24000.0000000000000000   7.8593255291440464E+03   5.7371373569663188E-02
   25000.0000000000000000   8.1386835925687501E+03   5.5571352289819062E-02
   26000.0000000000000000   8.4167234973404538E+03   5.3901731990223627E-02
   27000.0000000000000000   8.6935109711600289E+03   5.2348372760743257E-02
   28000.0000000000000000   8.9691100357423420E+03   5.0898125025224124E-02
   29000.0000000000000000   9.2439142407855470E+03   4.9482909103559979E-02
   30000.0000000000000000   9.5172732747228183E+03   4.8214323664051831E-02
   31000.0000000000000000   9.7899245601060575E+03   4.6967773382977064E-02
   32000.0000000000000000   1.0061574451178261E+04   4.5793150936751924E-02
   33000.0000000000000000   1.0332265546032815E+04   4.4684146373288013E-02
   34000.0000000000000000   1.0602010964109066E+04   4.3638233938220847E-02
   35000.0000000000000000   1.0870846793501176E+04   4.2650017868123447E-02
   36000.0000000000000000   1.1138795533528535E+04   4.1716082426440086E-02
   37000.0000000000000000   1.1405944802880378E+04   4.0825282261972996E-02
   38000.0000000000000000   1.1672581701534225E+04   3.9935814186107137E-02
   39000.0000000000000000   1.1938139822951192E+04   3.9130513470836042E-02
   40000.0000000000000000   1.2203279054976401E+04   3.8317346123611422E-02
   41000.0000000000000000   1.2467303660479472E+04   3.7591033636622806E-02
   42000.0000000000000000   1.2730941483081768E+04   3.6854709017601232E-02
   43000.0000000000000000   1.2993527444216959E+04   3.6195975646637908E-02
   44000.0000000000000000   1.3255864122300605E+04   3.5513792293992999E-02
   45000.0000000000000000   1.3517456426458970E+04   3.4869946725335242E-02
   46000.0000000000000000   1.3778501187875148E+04   3.4242340734570706E-02
   47000.0000000000000000   1.4038434569424910E+04   3.3696930650143002E-02
   48000.0000000000000000   1.4298248699050055E+04   3.3118152883426788E-02
   49000.0000000000000000   1.4557450146732403E+04   3.2564053105889890E-02
   50000.0000000000000000   1.4816045995081506E+04   3.2033900683108907E-02
