       0.1000000000000000   2.6203158389858881E+01   1.1142167372677916E-03
       0.2000000000000000   2.2998999529844621E+01   2.1912113917219736E-03
       0.3000000000000000   2.1881885492179137E+01   3.2766004984260064E-03
       0.4000000000000000   2.1404555391334764E+01   4.3290974256153048E-03
       0.5000000000000000   2.1115605846215477E+01   5.3864634874017580E-03
       0.6000000000000000   2.0914593110958748E+01   6.4514173890890501E-03
       0.7000000000000000   2.0761678252976498E+01   7.5264432342999257E-03
       0.7999999999999999   2.0635808917406035E+01   8.6133333122553543E-03
       0.8999999999999999   2.0527367319389722E+01   9.7114823858142577E-03
       0.9999999999999999   2.0427555523048209E+01   1.0824707039172578E-02
       2.0000000000000000   1.9511070879316218E+01   2.2894313892679648E-02
       3.0000000000000000   1.8513427648303328E+01   3.7023559480969429E-02
       4.0000000000000000   1.7487204266935017E+01   5.3456190147190566E-02
       5.0000000000000000   1.6496218191375554E+01   7.2267755904593889E-02
       6.0000000000000000   1.5571126968252280E+01   9.3458023733577714E-02
       7.0000000000000000   1.4722092388198668E+01   1.1699332741673890E-01
       8.0000000000000000   1.3948286194747539E+01   1.4283859737564489E-01
       9.0000000000000000   1.3244103358416544E+01   1.7097034054757557E-01
      10.0000000000000000   1.2602237127113710E+01   2.0138324783919515E-01
      11.0000000000000000   1.2015311514284924E+01   2.3408998096918834E-01
      12.0000000000000000   1.1476531986554674E+01   2.6911886855985945E-01
      13.0000000000000000   1.0979952526070729E+01   3.0651072533244150E-01
      14.0000000000000000   1.0520482559780231E+01   3.4631450156049726E-01
      15.0000000000000000   1.0093871533972218E+01   3.8858111328003775E-01
      16.0000000000000000   9.6966187663466208E+00   4.3335652526432356E-01
      17.0000000000000000   9.3258557799920734E+00   4.8067543768950022E-01
      18.0000000000000000   8.9792707726051173E+00   5.3055241217220450E-01
      19.0000000000000000   8.6550125053295783E+00   5.8297341188498275E-01
      20.0000000000000000   8.3516138596430345E+00   6.3788695057533140E-01
      21.0000000000000000   8.0679201911588621E+00   6.9519530897419457E-01
      22.0000000000000000   7.8030253256196511E+00   7.5474684637196832E-01
      23.0000000000000000   7.5562059164257773E+00   8.1633107763694812E-01
      24.0000000000000000   7.3268629478044298E+00   8.7967706762431430E-01
      25.0000000000000000   7.1144705374831538E+00   9.4445556204657344E-01
      26.0000000000000000   6.9185286463770934E+00   1.0102862480550492E+00
      27.0000000000000000   6.7385255355575513E+00   1.0767493618841346E+00
      28.0000000000000000   6.5739107488467425E+00   1.1434008244301703E+00
      28.9989999999999988   6.4242213907507839E+00   1.2097233778259531E+00
      29.0000000000000000   6.4240787262435184E+00   1.2097894867916734E+00
      29.0010000000000012   6.4239360758584088E+00   1.2098555950515226E+00
      29.9989999999999988   6.2884930586714898E+00   1.2754092970572810E+00
      30.0000000000000000   6.2883641598989666E+00   1.2754744896803942E+00
      30.0010000000000012   6.2882352745264294E+00   1.2755396811818744E+00
      31.0000000000000000   6.1660457220120604E+00   1.3400411762471163E+00
      32.0000000000000000   6.0563576140170996E+00   1.4031139506215731E+00
      33.0000000000000000   5.9585041958347640E+00   1.4643655975099727E+00
      34.0000000000000000   5.8716771215812207E+00   1.5235224915096335E+00
      35.0000000000000000   5.7950714198963285E+00   1.5803662602352351E+00
      36.0000000000000000   5.7278997817544344E+00   1.6347324193593460E+00
      37.0000000000000000   5.6694040646486368E+00   1.6865067760842627E+00
      38.0000000000000000   5.6188638286804675E+00   1.7356203767050526E+00
      39.0000000000000000   5.5756019925696645E+00   1.7820436838054001E+00
      40.0000000000000000   5.5389880741878494E+00   1.8257805137228027E+00
      41.0000000000000000   5.5084392862979579E+00   1.8668621562617944E+00
      42.0000000000000000   5.4834201750236993E+00   1.9053418946012703E+00
      43.0000000000000000   5.4634410896126155E+00   1.9412901024986191E+00
      44.0000000000000000   5.4480559202930356E+00   1.9747899511376039E+00
      45.0000000000000000   5.4368592876230561E+00   2.0059337860653970E+00
      46.0000000000000000   5.4294836010741490E+00   2.0348200652487578E+00
      47.0000000000000000   5.4255959779159904E+00   2.0615508649766912E+00
      47.9990000000000023   5.4248944237861103E+00   2.0862061762071789E+00
      48.0000000000000000   5.4248952219464508E+00   2.0862298649100577E+00
      48.0009999999999977   5.4248960230190706E+00   2.0862535516649303E+00
      49.0000000000000000   5.4271089187249428E+00   2.1089607514676771E+00
      50.0000000000000000   5.4319907005044863E+00   2.1298459752152219E+00
      51.0000000000000000   5.4393176978210782E+00   2.1489858058375431E+00
      52.0000000000000000   5.4488882107627896E+00   2.1664776296391723E+00
      53.0000000000000000   5.4605195740515384E+00   2.1824154472889679E+00
      54.0000000000000000   5.4740462275778512E+00   2.1968895318624790E+00
      55.0000000000000000   5.4893179669612886E+00   2.2099862178868523E+00
      56.0000000000000000   5.5061983847374414E+00   2.2217877948324674E+00
      57.0000000000000000   5.5245635136740194E+00   2.2323724169862595E+00
      58.0000000000000000   5.5443004610331288E+00   2.2418142291751124E+00
      59.0000000000000000   5.5653063477717337E+00   2.2501833863475751E+00
      60.0000000000000000   5.5874873795937257E+00   2.2575460981857121E+00
      61.0000000000000000   5.6107578030419401E+00   2.2639648792208056E+00
      62.0000000000000000   5.6350392054118812E+00   2.2694986140522100E+00
      63.0000000000000000   5.6602597773973136E+00   2.2742027344515527E+00
      64.0000000000000000   5.6863536726396147E+00   2.2781293820932729E+00
      65.0000000000000000   5.7132604395817941E+00   2.2813275734945830E+00
      66.0000000000000000   5.7409245111983251E+00   2.2838433645569092E+00
      67.0000000000000000   5.7692947485558479E+00   2.2857200125728223E+00
      68.0000000000000000   5.7983240322505587E+00   2.2869981341679311E+00
      69.0000000000000000   5.8279688954352311E+00   2.2877158581149373E+00
      70.0000000000000000   5.8581891951354850E+00   2.2879089721472763E+00
      71.0000000000000000   5.8889478155513428E+00   2.2876110635185176E+00
      72.0000000000000000   5.9202104026425131E+00   2.2868536527309269E+00
      73.0000000000000000   5.9519451241821946E+00   2.2856663205301917E+00
      74.0000000000000000   5.9841224535593778E+00   2.2840768280819699E+00
      75.0000000000000000   6.0167149673230966E+00   2.2821112353385571E+00
      76.0000000000000000   6.0496971981251919E+00   2.2797939882477203E+00
      77.0000000000000000   6.0830454307356554E+00   2.2771480490877152E+00
      78.0000000000000000   6.1167375871748737E+00   2.2741949710119558E+00
      79.0000000000000000   6.1507530880193153E+00   2.2709549917463723E+00
      80.0000000000000000   6.1850727332684095E+00   2.2674471167263999E+00
      81.0000000000000000   6.2196785939501229E+00   2.2636891969796178E+00
      82.0000000000000000   6.2545539137294188E+00   2.2596980020430628E+00
      83.0000000000000000   6.2896830191099378E+00   2.2554892881818835E+00
      84.0000000000000000   6.3250512370305652E+00   2.2510778622261736E+00
      85.0000000000000000   6.3606448204760913E+00   2.2464776412379419E+00
      86.0000000000000000   6.3964508798875581E+00   2.2417017083066719E+00
      87.0000000000000000   6.4324573192979377E+00   2.2367623654362250E+00
      88.0000000000000000   6.4686527844008141E+00   2.2316711793353776E+00
      89.0000000000000000   6.5050266017397229E+00   2.2264390314311697E+00
      90.0000000000000000   6.5415687357200030E+00   2.2210761574682802E+00
      91.0000000000000000   6.5782697431073736E+00   2.2155921880580474E+00
      92.0000000000000000   6.6151207321284158E+00   2.2099961858852746E+00
      93.0000000000000000   6.6521133248940636E+00   2.2042966804920039E+00
      94.0000000000000000   6.6892396227740099E+00   2.1985017008017018E+00
      95.0000000000000000   6.7264921744521802E+00   2.1926188055357283E+00
      96.0000000000000000   6.7638639464405408E+00   2.1866551116643191E+00
      97.0000000000000000   6.8013482958290776E+00   2.1806173210246587E+00
      98.0000000000000000   6.8389389449476337E+00   2.1745117452354581E+00
      99.0000000000000000   6.8766299585868680E+00   2.1683443289888480E+00
     100.0000000000000000   6.9144157215148478E+00   2.1621206719138537E+00
     110.0000000000000000   7.2964422119393157E+00   2.0978133634857241E+00
     120.0000000000000000   7.6835272170142419E+00   2.0321256276121749E+00
     130.0000000000000000   8.0731918644024301E+00   1.9672376922766119E+00
     140.0000000000000000   8.4638935741256649E+00   1.9043227210350133E+00
     150.0000000000000000   8.8501534252496192E+00   1.8499901742733356E+00
     160.0000000000000000   9.2425594710531698E+00   1.7922898275546553E+00
     160.9989999999999952   9.2793761848028140E+00   1.7888578570895326E+00
     161.0010000000000048   9.2794608262797595E+00   1.7888407719414903E+00
     162.9989999999999952   9.3584802361928077E+00   1.7769943069723277E+00
     163.0010000000000048   9.3585646898816641E+00   1.7769775132421795E+00
     170.0000000000000000   9.6315849092044434E+00   1.7395422450241316E+00
     180.0000000000000000   1.0017505549225898E+01   1.6910962672695555E+00
     190.0000000000000000   1.0400567186204919E+01   1.6464121313265259E+00
     200.0000000000000000   1.0785556191993804E+01   1.6010794753792563E+00
     210.0000000000000000   1.1167712272856232E+01   1.5591222833149934E+00
     220.0000000000000000   1.1551527589528344E+01   1.5166024640164497E+00
     230.0000000000000000   1.1928417007787072E+01   1.4804797329604389E+00
     240.0000000000000000   1.2307038192150655E+01   1.4435095019231705E+00
     250.0000000000000000   1.2683239527940849E+01   1.4089643051299885E+00
     260.0000000000000000   1.3057156607797188E+01   1.3766016352519332E+00
     270.0000000000000000   1.3428913650660915E+01   1.3462108856377715E+00
     280.0000000000000000   1.3798624604428523E+01   1.3176082593584466E+00
     290.0000000000000000   1.4169974491857715E+01   1.2880349325950888E+00
     300.0000000000000000   1.4539326308789954E+01   1.2601405296025265E+00
     303.9990000000000236   1.4683684216215189E+01   1.2513972001210993E+00
     304.0009999999999764   1.4683759844767359E+01   1.2513904060494103E+00
     310.0000000000000000   1.4903300446720309E+01   1.2361949206517435E+00
     314.9990000000000236   1.5088039190398471E+01   1.2223249450288027E+00
     315.0009999999999764   1.5088114384260303E+01   1.2223185233837566E+00
     320.0000000000000000   1.5268976129645960E+01   1.2111578250698252E+00
     330.0000000000000000   1.5632905956346484E+01   1.1874176961081693E+00
     340.0000000000000000   1.5995162652365355E+01   1.1648722206929703E+00
     350.0000000000000000   1.6355814188681784E+01   1.1434297586340625E+00
     360.0000000000000000   1.6714924170278312E+01   1.1230079799529846E+00
     370.0000000000000000   1.7072552212265002E+01   1.1035326944111381E+00
     380.0000000000000000   1.7431826601701861E+01   1.0830100979049460E+00
     390.0000000000000000   1.7786598742079889E+01   1.0652880541241121E+00
     396.9990000000000236   1.8034412174742190E+01   1.0531569142780368E+00
     397.0009999999999764   1.8034484609666819E+01   1.0531524507762435E+00
     400.0000000000000000   1.8143041871278626E+01   1.0465046019247282E+00
     410.0000000000000000   1.8495156596717017E+01   1.0303037326748927E+00
     420.0000000000000000   1.8848954519588819E+01   1.0130378481898705E+00
     430.0000000000000000   1.9198588824951699E+01   9.9816577466560297E-01
     440.0000000000000000   1.9549908072525042E+01   9.8223268477152625E-01
     450.0000000000000000   1.9900033295107121E+01   9.6692553855081953E-01
     460.0000000000000000   2.0248999464593847E+01   9.5220705644691328E-01
     470.0000000000000000   2.0594076075441784E+01   9.3957286905354498E-01
     480.0000000000000000   2.0940848256970540E+01   9.2589679023840898E-01
     490.0000000000000000   2.1286557596248119E+01   9.1271521242827192E-01
     500.0000000000000000   2.1631233039641291E+01   9.0000092702989376E-01
     510.0000000000000000   2.1974902270481124E+01   8.8772869772065433E-01
     520.0000000000000000   2.2317591766306485E+01   8.7587509324373902E-01
     530.0000000000000000   2.2659326840285996E+01   8.6441834167661002E-01
     540.0000000000000000   2.3000131704253903E+01   8.5333818900143854E-01
     550.0000000000000000   2.3342585517100019E+01   8.4132405399016352E-01
     560.0000000000000000   2.3681571865027010E+01   8.3096660399070355E-01
     570.0000000000000000   2.4019694941804108E+01   8.2093176918136013E-01
     580.0000000000000000   2.4356975334939182E+01   8.1120415350122943E-01
     590.0000000000000000   2.4695908470046366E+01   8.0057096710787623E-01
     600.0000000000000000   2.5031532806517493E+01   7.9143796476201456E-01
     610.0000000000000000   2.5366371742876954E+01   7.8257069851637584E-01
     620.0000000000000000   2.5702864155898915E+01   7.7282007801499386E-01
     630.0000000000000000   2.6036153553646368E+01   7.6447040129375277E-01
     640.0000000000000000   2.6368708957957256E+01   7.5635198964478545E-01
     650.0000000000000000   2.6702909202556192E+01   7.4737420325148785E-01
     660.0000000000000000   2.7034010609703557E+01   7.3970920588833067E-01
     670.0000000000000000   2.7366759514586104E+01   7.3119897567084347E-01
     680.0000000000000000   2.7696465674675117E+01   7.2394987033052649E-01
     690.0000000000000000   2.8027817971930091E+01   7.1587034561953511E-01
     700.0000000000000000   2.8356183727631240E+01   7.0900366777462542E-01
     710.0000000000000000   2.8686190824344077E+01   7.0132177960878517E-01
     720.0000000000000000   2.9015540433654444E+01   6.9383505626933861E-01
     730.0000000000000000   2.9341977313889171E+01   6.8749374183078271E-01
     740.0000000000000000   2.9670055414461153E+01   6.8035970245913280E-01
     750.0000000000000000   2.9995271152524349E+01   6.7433243702514056E-01
     760.0000000000000000   3.0322120649518897E+01   6.6752614727200854E-01
     770.0000000000000000   3.0648367627231476E+01   6.6088183680845602E-01
     780.0000000000000000   3.0974018613947219E+01   6.5439504210968014E-01
     790.0000000000000000   3.1296902356948920E+01   6.4893723810110149E-01
     800.0000000000000000   3.1621410766593733E+01   6.4273141807118239E-01
     810.0000000000000000   3.1945351988314052E+01   6.3666735402124197E-01
     820.0000000000000000   3.2266587090618394E+01   6.3158580352404470E-01
     830.0000000000000000   3.2589440659018408E+01   6.2577460047184352E-01
     840.0000000000000000   3.2911755876343229E+01   6.2009054870964353E-01
     850.0000000000000000   3.3233539046038523E+01   6.1453015381175069E-01
     860.0000000000000000   3.3554799289187400E+01   6.0908892590202490E-01
     870.0000000000000000   3.3875547585474919E+01   6.0376179517935458E-01
     880.0000000000000000   3.4193707863527372E+01   5.9932829657329945E-01
     890.0000000000000000   3.4513464993666922E+01   5.9420798540214825E-01
     900.0000000000000000   3.4832729662035874E+01   5.8919251527998706E-01
     910.0000000000000000   3.5151508761776661E+01   5.8427867812928447E-01
     920.0000000000000000   3.5469809770063385E+01   5.7946312261252697E-01
     930.0000000000000000   3.5787640428316536E+01   5.7474247976784942E-01
     940.0000000000000000   3.6105008119478690E+01   5.7011358537027290E-01
     950.0000000000000000   3.6421919534286673E+01   5.6557358961101367E-01
     960.0000000000000000   3.6738380773873047E+01   5.6111990948500090E-01
     970.0000000000000000   3.7054397607999078E+01   5.5675012924801637E-01
     980.0000000000000000   3.7369975662130898E+01   5.5246193001240240E-01
     990.0000000000000000   3.7685120485000468E+01   5.4825306268930152E-01
    1000.0000000000000000   3.7999837558638539E+01   5.4412134240634524E-01
    1100.0000000000000000   4.1124630566275009E+01   5.0661206751886634E-01
    1200.0000000000000000   4.4213869133230801E+01   4.7430378194152534E-01
    1300.0000000000000000   4.7271320358342685E+01   4.4607568974334161E-01
    1400.0000000000000000   5.0300154923684339E+01   4.2109428185039594E-01
    1500.0000000000000000   5.3301211770854039E+01   3.9921774759138545E-01
    1600.0000000000000000   5.6276807190813720E+01   3.7989605890237554E-01
    1700.0000000000000000   5.9230659452974237E+01   3.6228233465975035E-01
    1800.0000000000000000   6.2162731983457164E+01   3.4649978908459766E-01
    1900.0000000000000000   6.5076197281021365E+01   3.3189867496170838E-01
    2000.0000000000000000   6.7970636463197138E+01   3.1867554471347975E-01
    2082.9989999999997963   7.0359732452589057E+01   3.0854198062182980E-01
    2083.0010000000002037   7.0359790074358258E+01   3.0854170518996576E-01
    2100.0000000000000000   7.0847273425887352E+01   3.0663477786175636E-01
    2157.9989999999997963   7.2507867772695576E+01   3.0015129132928386E-01
    2158.0010000000002037   7.2507925102471120E+01   3.0015103992274939E-01
    2200.0000000000000000   7.3707237051146308E+01   2.9560921342327928E-01
    2300.0000000000000000   7.6552958077683286E+01   2.8517751462720758E-01
    2374.9989999999997963   7.8677111673132757E+01   2.7793851827389010E-01
    2375.0010000000002037   7.8677168251132528E+01   2.7793832254753059E-01
    2400.0000000000000000   7.9383402250794802E+01   2.7561768317497920E-01
    2500.0000000000000000   8.2198529715148936E+01   2.6698793810657628E-01
    2600.0000000000000000   8.5002840213135457E+01   2.5850253229731296E-01
    2700.0000000000000000   8.7792966786968407E+01   2.5083512293667037E-01
    2800.0000000000000000   9.0570972616960290E+01   2.4366358609498528E-01
    2900.0000000000000000   9.3338394477904970E+01   2.3676680753998433E-01
    3000.0000000000000000   9.6093355535481876E+01   2.3049701089384647E-01
    3100.0000000000000000   9.8838746462506379E+01   2.2441775550673568E-01
    3200.0000000000000000   1.0157389455427385E+02   2.1868677231457728E-01
    3300.0000000000000000   1.0429924342720795E+02   2.1325769457790525E-01
    3400.0000000000000000   1.0701486551936979E+02   2.0814822272149611E-01
    3500.0000000000000000   1.0972118049366718E+02   2.0332426771385045E-01
    3600.0000000000000000   1.1241830093939366E+02   1.9878529170961476E-01
    3700.0000000000000000   1.1510782076536553E+02   1.9435149952600950E-01
    3800.0000000000000000   1.1778754654706439E+02   1.9032288525326452E-01
    3900.0000000000000000   1.2046160114120197E+02   1.8618655316383589E-01
    4000.0000000000000000   1.2312671779660096E+02   1.8238875377248506E-01
    4100.0000000000000000   1.2578474831606533E+02   1.7870015205367265E-01
    4200.0000000000000000   1.2843444454008286E+02   1.7529934197351807E-01
    4300.0000000000000000   1.3107773700268049E+02   1.7195193343921425E-01
    4400.0000000000000000   1.3371539714246757E+02   1.6861198687674997E-01
    4500.0000000000000000   1.3634394226939713E+02   1.6567883978046205E-01
    4600.0000000000000000   1.3896848951931810E+02   1.6257844042011371E-01
    4700.0000000000000000   1.4158434013433725E+02   1.5984758464619289E-01
    4800.0000000000000000   1.4419585459349764E+02   1.5703608591874407E-01
    4900.0000000000000000   1.4680112741571187E+02   1.5434876286934432E-01
    5000.0000000000000000   1.4940030858883526E+02   1.5177967824561681E-01
    5100.0000000000000000   1.5199359481159433E+02   1.4931824602417385E-01
    5200.0000000000000000   1.5458111860442585E+02   1.4695882086983444E-01
    5300.0000000000000000   1.5716295831592328E+02   1.4470031418096366E-01
    5400.0000000000000000   1.5973895177462288E+02   1.4256436790790789E-01
    5500.0000000000000000   1.6231224605443202E+02   1.4026804502168308E-01
    5600.0000000000000000   1.6487819307869754E+02   1.3825961276185950E-01
    5700.0000000000000000   1.6743933549720828E+02   1.3627521361441719E-01
    5800.0000000000000000   1.6999710540699215E+02   1.3424130268682852E-01
    5900.0000000000000000   1.7254786828019849E+02   1.3244943799627701E-01
    6000.0000000000000000   1.7509548846773720E+02   1.3059538819946187E-01
    6100.0000000000000000   1.7763960295641292E+02   1.2868836586642149E-01
    6200.0000000000000000   1.8017595398765471E+02   1.2710970539600594E-01
    6300.0000000000000000   1.8271028259795315E+02   1.2537819696950270E-01
    6400.0000000000000000   1.8524022179353014E+02   1.2371620568280155E-01
    6500.0000000000000000   1.8776547006440779E+02   1.2213124435877261E-01
    6600.0000000000000000   1.9028703497581711E+02   1.2054396892653679E-01
    6700.0000000000000000   1.9280409413627251E+02   1.1903479599353241E-01
    6800.0000000000000000   1.9531703767290188E+02   1.1757270302417423E-01
    6900.0000000000000000   1.9782564784275354E+02   1.1618224942610084E-01
    7000.0000000000000000   2.0033073002754321E+02   1.1479166123111662E-01
    7100.0000000000000000   2.0283235162275818E+02   1.1341178870282236E-01
    7200.0000000000000000   2.0532760234096847E+02   1.1227379323903637E-01
    7300.0000000000000000   2.0782330426040642E+02   1.1084628245696139E-01
    7400.0000000000000000   2.1031458738839066E+02   1.0952582762141981E-01
    7500.0000000000000000   2.1280027992551771E+02   1.0836839975692307E-01
    7600.0000000000000000   2.1528168528388630E+02   1.0729897861088365E-01
    7700.0000000000000000   2.1776436390233499E+02   1.0593135957791054E-01
    7800.0000000000000000   2.2023893313271844E+02   1.0491178650259186E-01
    7900.0000000000000000   2.2271388716293205E+02   1.0366590013153995E-01
    8000.0000000000000000   2.2518335763256539E+02   1.0259138056078908E-01
    8100.0000000000000000   2.2764954459752443E+02   1.0154206448633762E-01
    8200.0000000000000000   2.3011204886439333E+02   1.0055653028700169E-01
    8300.0000000000000000   2.3257390282803499E+02   9.9431965087518087E-02
    8400.0000000000000000   2.3502834042776124E+02   9.8598747543212767E-02
    8500.0000000000000000   2.3748349791503620E+02   9.7550160627122739E-02
    8600.0000000000000000   2.3993345780119049E+02   9.6651754244468202E-02
    8700.0000000000000000   2.4238150054724989E+02   9.5717034962279582E-02
    8800.0000000000000000   2.4482788937830722E+02   9.4725526072520008E-02
    8900.0000000000000000   2.4727076352349681E+02   9.3774749142491634E-02
    9000.0000000000000000   2.4970585108194123E+02   9.3152947611188863E-02
    9100.0000000000000000   2.5214600105252302E+02   9.2060317323693949E-02
    9200.0000000000000000   2.5457953902336197E+02   9.1228007055585578E-02
    9300.0000000000000000   2.5701150706020093E+02   9.0342292858597822E-02
    9400.0000000000000000   2.5943942021851927E+02   8.9550279279412295E-02
    9500.0000000000000000   2.6186161371978443E+02   8.8966824417414575E-02
    9600.0000000000000000   2.6428356845953698E+02   8.8250289372830748E-02
    9700.0000000000000000   2.6670491726912775E+02   8.7417132393638269E-02
    9800.0000000000000000   2.6912370770239812E+02   8.6596077923932410E-02
    9900.0000000000000000   2.7153956299976335E+02   8.5816494954094144E-02
   10000.0000000000000000   2.7395255317466774E+02   8.5073472472163111E-02
   11000.0000000000000000   2.9794837269196347E+02   7.8462348781336566E-02
   12000.0000000000000000   3.2171670591762654E+02   7.3137792403625473E-02
   13000.0000000000000000   3.4529176157625790E+02   6.8253898465176377E-02
   14000.0000000000000000   3.6868194395935632E+02   6.4176311718140214E-02
   15000.0000000000000000   3.9191238558475749E+02   6.0334923631819984E-02
   16000.0000000000000000   4.1498379231881705E+02   5.7105301862327817E-02
   17000.0000000000000000   4.3791243638599639E+02   5.4332578160362639E-02
   17040.9989999999997963   4.3885672641796606E+02   5.3998953630737860E-02
   17041.0010000000002037   4.3885677383355267E+02   5.3998888475803662E-02
   18000.0000000000000000   4.6071745460181364E+02   5.1518139267616489E-02
   19000.0000000000000000   4.8339143500352770E+02   4.9328199466647814E-02
   20000.0000000000000000   5.0595852203641857E+02   4.6957231285511956E-02
   21000.0000000000000000   5.2841167913855611E+02   4.5022852512131277E-02
   22000.0000000000000000   5.5074840187566531E+02   4.3741106626295240E-02
   23000.0000000000000000   5.7300754239648552E+02   4.1830980576535594E-02
   24000.0000000000000000   5.9517237324966220E+02   4.0330658056878847E-02
   25000.0000000000000000   6.1725297721007155E+02   3.8767066737907883E-02
   26000.0000000000000000   6.3924183514284641E+02   3.7509841253517237E-02
   27000.0000000000000000   6.6115011785447871E+02   3.6428919706397556E-02
   28000.0000000000000000   6.8297542770063251E+02   3.5377026337750896E-02
   29000.0000000000000000   7.0474375169782718E+02   3.4194008768088119E-02
   30000.0000000000000000   7.2643771279577652E+02   3.3164375020634358E-02
   31000.0000000000000000   7.4805843747910012E+02   3.2503066156595768E-02
   32000.0000000000000000   7.6962364741623617E+02   3.1296063662186041E-02
   33000.0000000000000000   7.9111377803598828E+02   3.0586580169763788E-02
   34000.0000000000000000   8.1255213531248819E+02   2.9796604100293871E-02
   35000.0000000000000000   8.3393130882332866E+02   2.9016962401172110E-02
   36000.0000000000000000   8.5524728288638039E+02   2.8601610143265156E-02
   37000.0000000000000000   8.7654799853635882E+02   2.7642240549408021E-02
   38000.0000000000000000   8.9775838225250948E+02   2.7063143668602786E-02
   39000.0000000000000000   9.1890347687826704E+02   2.6562639148067450E-02
   40000.0000000000000000   9.4006684114195468E+02   2.5624096937893703E-02
   41000.0000000000000000   9.6110439784856715E+02   2.5255778855754585E-02
   42000.0000000000000000   9.8213879500236919E+02   2.4949939983920005E-02
   43000.0000000000000000   1.0031064343040520E+03   2.4147733323970424E-02
   44000.0000000000000000   1.0240461827701570E+03   2.3800331566921101E-02
   45000.0000000000000000   1.0449566203925037E+03   2.3321925359013871E-02
   46000.0000000000000000   1.0657823195490032E+03   2.2922991448829113E-02
   47000.0000000000000000   1.0865894039840728E+03   2.2335327433071844E-02
   48000.0000000000000000   1.1073640429612558E+03   2.1937068628814931E-02
   49000.0000000000000000   1.1280811530315827E+03   2.1915325851500092E-02
   50000.0000000000000000   1.1487907067984058E+03   2.1416977190816852E-02
