       0.1000000000000000   1.0000000000000000E+30   0.0000000000000000E+00
       0.2000000000000000   1.0000000000000000E+30   0.0000000000000000E+00
       0.3000000000000000   1.0000000000000000E+30   0.0000000000000000E+00
       0.4000000000000000   1.0000000000000000E+30   0.0000000000000000E+00
       0.5000000000000000   1.0000000000000000E+30   0.0000000000000000E+00
       0.6000000000000000   1.0000000000000000E+30   0.0000000000000000E+00
       0.7000000000000000   1.0000000000000000E+30   0.0000000000000000E+00
       0.7999999999999999   1.0000000000000000E+30   0.0000000000000000E+00
       0.8999999999999999   1.0000000000000000E+30   0.0000000000000000E+00
       0.9999999999999999   1.0000000000000000E+30   0.0000000000000000E+00
       2.0000000000000000   1.0000000000000000E+30   0.0000000000000000E+00
       3.0000000000000000   1.0000000000000000E+30   0.0000000000000000E+00
       4.0000000000000000   1.0000000000000000E+30   0.0000000000000000E+00
       5.0000000000000000   1.0000000000000000E+30   0.0000000000000000E+00
       6.0000000000000000   1.0000000000000000E+30   0.0000000000000000E+00
       7.0000000000000000   1.0000000000000000E+30   0.0000000000000000E+00
       8.0000000000000000   1.0000000000000000E+30   0.0000000000000000E+00
       9.0000000000000000   1.0000000000000000E+30   0.0000000000000000E+00
      10.0000000000000000   1.0000000000000000E+30   0.0000000000000000E+00
      11.0000000000000000   1.0000000000000000E+30   0.0000000000000000E+00
      12.0000000000000000   1.0000000000000000E+30   0.0000000000000000E+00
      13.0000000000000000   1.0000000000000000E+30   0.0000000000000000E+00
      14.0000000000000000   1.0000000000000000E+30   0.0000000000000000E+00
      15.0000000000000000   1.0000000000000000E+30   0.0000000000000000E+00
      16.0000000000000000   1.0000000000000000E+30   0.0000000000000000E+00
      17.0000000000000000   1.0000000000000000E+30   0.0000000000000000E+00
      18.0000000000000000   1.0000000000000000E+30   0.0000000000000000E+00
      19.0000000000000000   1.0000000000000000E+30   0.0000000000000000E+00
      20.0000000000000000   1.0000000000000000E+30   0.0000000000000000E+00
      21.0000000000000000   1.0000000000000000E+30   0.0000000000000000E+00
      22.0000000000000000   1.0000000000000000E+30   0.0000000000000000E+00
      23.0000000000000000   1.0000000000000000E+30   0.0000000000000000E+00
      24.0000000000000000   1.0000000000000000E+30   0.0000000000000000E+00
      25.0000000000000000   1.0000000000000000E+30   0.0000000000000000E+00
      26.0000000000000000   1.0000000000000000E+30   0.0000000000000000E+00
      27.0000000000000000   1.0000000000000000E+30   0.0000000000000000E+00
      28.0000000000000000   1.0000000000000000E+30   0.0000000000000000E+00
      29.0000000000000000   1.0000000000000000E+30   0.0000000000000000E+00
      30.0000000000000000   1.0000000000000000E+30   0.0000000000000000E+00
      31.0000000000000000   1.0000000000000000E+30   0.0000000000000000E+00
      32.0000000000000000   1.0000000000000000E+30   0.0000000000000000E+00
      33.0000000000000000   1.0000000000000000E+30   0.0000000000000000E+00
      34.0000000000000000   1.0000000000000000E+30   0.0000000000000000E+00
      35.0000000000000000   1.0000000000000000E+30   0.0000000000000000E+00
      36.0000000000000000   1.0000000000000000E+30   0.0000000000000000E+00
      37.0000000000000000   1.0000000000000000E+30   0.0000000000000000E+00
      38.0000000000000000   1.0000000000000000E+30   0.0000000000000000E+00
      39.0000000000000000   1.0000000000000000E+30   0.0000000000000000E+00
      40.0000000000000000   1.0000000000000000E+30   0.0000000000000000E+00
      41.0000000000000000   1.0000000000000000E+30   0.0000000000000000E+00
      42.0000000000000000   1.0000000000000000E+30   0.0000000000000000E+00
      43.0000000000000000   1.0000000000000000E+30   0.0000000000000000E+00
      44.0000000000000000   1.0000000000000000E+30   0.0000000000000000E+00
      45.0000000000000000   1.0000000000000000E+30   0.0000000000000000E+00
      46.0000000000000000   1.0000000000000000E+30   0.0000000000000000E+00
      47.0000000000000000   1.0000000000000000E+30   0.0000000000000000E+00
      48.0000000000000000   1.0000000000000000E+30   0.0000000000000000E+00
      49.0000000000000000   1.0000000000000000E+30   0.0000000000000000E+00
      50.0000000000000000   1.0000000000000000E+30   0.0000000000000000E+00
      51.0000000000000000   1.0000000000000000E+30   0.0000000000000000E+00
      52.0000000000000000   1.0000000000000000E+30   0.0000000000000000E+00
      53.0000000000000000   1.0000000000000000E+30   0.0000000000000000E+00
      54.0000000000000000   1.0000000000000000E+30   0.0000000000000000E+00
      55.0000000000000000   1.0000000000000000E+30   0.0000000000000000E+00
      56.0000000000000000   1.0000000000000000E+30   0.0000000000000000E+00
      57.0000000000000000   1.0000000000000000E+30   0.0000000000000000E+00
      58.0000000000000000   1.0000000000000000E+30   0.0000000000000000E+00
      59.0000000000000000   1.0000000000000000E+30   0.0000000000000000E+00
      60.0000000000000000   1.0000000000000000E+30   0.0000000000000000E+00
      61.0000000000000000   1.0000000000000000E+30   0.0000000000000000E+00
      62.0000000000000000   1.0000000000000000E+30   0.0000000000000000E+00
      63.0000000000000000   1.0000000000000000E+30   0.0000000000000000E+00
      64.0000000000000000   1.0000000000000000E+30   0.0000000000000000E+00
      65.0000000000000000   1.0000000000000000E+30   0.0000000000000000E+00
      66.0000000000000000   1.0000000000000000E+30   0.0000000000000000E+00
      67.0000000000000000   1.0000000000000000E+30   0.0000000000000000E+00
      68.0000000000000000   1.0000000000000000E+30   0.0000000000000000E+00
      69.0000000000000000   1.0000000000000000E+30   0.0000000000000000E+00
      70.0000000000000000   1.0000000000000000E+30   0.0000000000000000E+00
      71.0000000000000000   1.0000000000000000E+30   0.0000000000000000E+00
      72.0000000000000000   1.0000000000000000E+30   0.0000000000000000E+00
      73.0000000000000000   1.0000000000000000E+30   0.0000000000000000E+00
      74.0000000000000000   1.0000000000000000E+30   0.0000000000000000E+00
      75.0000000000000000   1.0000000000000000E+30   0.0000000000000000E+00
      76.0000000000000000   1.0000000000000000E+30   0.0000000000000000E+00
      77.0000000000000000   1.0000000000000000E+30   0.0000000000000000E+00
      78.0000000000000000   1.0000000000000000E+30   0.0000000000000000E+00
      79.0000000000000000   1.0000000000000000E+30   0.0000000000000000E+00
      80.0000000000000000   1.0000000000000000E+30   0.0000000000000000E+00
      81.0000000000000000   1.0000000000000000E+30   0.0000000000000000E+00
      82.0000000000000000   1.0000000000000000E+30   0.0000000000000000E+00
      83.0000000000000000   1.0000000000000000E+30   0.0000000000000000E+00
      84.0000000000000000   1.0000000000000000E+30   0.0000000000000000E+00
      85.0000000000000000   1.0000000000000000E+30   0.0000000000000000E+00
      86.0000000000000000   1.0000000000000000E+30   0.0000000000000000E+00
      87.0000000000000000   1.0000000000000000E+30   0.0000000000000000E+00
      88.0000000000000000   1.0000000000000000E+30   0.0000000000000000E+00
      89.0000000000000000   1.0000000000000000E+30   0.0000000000000000E+00
      90.0000000000000000   1.0000000000000000E+30   0.0000000000000000E+00
      90.9989999999999952   1.0000000000000000E+30   0.0000000000000000E+00
      91.0000000000000000   1.0000000000000000E+30   0.0000000000000000E+00
      91.0010000000000048   1.0000000000000000E+30   0.0000000000000000E+00
      92.0000000000000000   1.0000000000000000E+30   0.0000000000000000E+00
      93.0000000000000000   1.0000000000000000E+30   0.0000000000000000E+00
      93.9989999999999952   1.0000000000000000E+30   0.0000000000000000E+00
      94.0000000000000000   1.0000000000000000E+30   0.0000000000000000E+00
      94.0010000000000048   1.0000000000000000E+30   0.0000000000000000E+00
      95.0000000000000000   1.0000000000000000E+30   0.0000000000000000E+00
      96.0000000000000000   1.0000000000000000E+30   0.0000000000000000E+00
      97.0000000000000000   1.0000000000000000E+30   0.0000000000000000E+00
      98.0000000000000000   1.0000000000000000E+30   0.0000000000000000E+00
      99.0000000000000000   1.0000000000000000E+30   0.0000000000000000E+00
     100.0000000000000000   1.0000000000000000E+30   0.0000000000000000E+00
     110.0000000000000000   1.0000000000000000E+30   0.0000000000000000E+00
     120.0000000000000000   1.0000000000000000E+30   0.0000000000000000E+00
     130.0000000000000000   1.0000000000000000E+30   0.0000000000000000E+00
     140.0000000000000000   1.0000000000000000E+30   0.0000000000000000E+00
     140.9989999999999952   1.0000000000000000E+30   0.0000000000000000E+00
     141.0010000000000048   1.0000000000000000E+30   0.0000000000000000E+00
     150.0000000000000000   1.0000000000000000E+30   0.0000000000000000E+00
     160.0000000000000000   1.0000000000000000E+30   0.0000000000000000E+00
     170.0000000000000000   1.0000000000000000E+30   0.0000000000000000E+00
     180.0000000000000000   1.0000000000000000E+30   0.0000000000000000E+00
     190.0000000000000000   1.0000000000000000E+30   0.0000000000000000E+00
     200.0000000000000000   1.0000000000000000E+30   0.0000000000000000E+00
     210.0000000000000000   1.0000000000000000E+30   0.0000000000000000E+00
     220.0000000000000000   1.0000000000000000E+30   0.0000000000000000E+00
     230.0000000000000000   1.0000000000000000E+30   0.0000000000000000E+00
     240.0000000000000000   1.0000000000000000E+30   0.0000000000000000E+00
     250.0000000000000000   1.0000000000000000E+30   0.0000000000000000E+00
     260.0000000000000000   1.0000000000000000E+30   0.0000000000000000E+00
     270.0000000000000000   1.0000000000000000E+30   0.0000000000000000E+00
     280.0000000000000000   1.0000000000000000E+30   0.0000000000000000E+00
     290.0000000000000000   1.0000000000000000E+30   0.0000000000000000E+00
     300.0000000000000000   1.0000000000000000E+30   0.0000000000000000E+00
     310.0000000000000000   1.0000000000000000E+30   0.0000000000000000E+00
     320.0000000000000000   1.0000000000000000E+30   0.0000000000000000E+00
     330.0000000000000000   1.0000000000000000E+30   0.0000000000000000E+00
     340.0000000000000000   1.0000000000000000E+30   0.0000000000000000E+00
     350.0000000000000000   1.0000000000000000E+30   0.0000000000000000E+00
     360.0000000000000000   1.0000000000000000E+30   0.0000000000000000E+00
     370.0000000000000000   1.0000000000000000E+30   0.0000000000000000E+00
     380.0000000000000000   1.0000000000000000E+30   0.0000000000000000E+00
     390.0000000000000000   1.0000000000000000E+30   0.0000000000000000E+00
     400.0000000000000000   1.0000000000000000E+30   0.0000000000000000E+00
     410.0000000000000000   1.0000000000000000E+30   0.0000000000000000E+00
     420.0000000000000000   1.0000000000000000E+30   0.0000000000000000E+00
     430.0000000000000000   1.0000000000000000E+30   0.0000000000000000E+00
     440.0000000000000000   1.0000000000000000E+30   0.0000000000000000E+00
     450.0000000000000000   1.0000000000000000E+30   0.0000000000000000E+00
     460.0000000000000000   1.0000000000000000E+30   0.0000000000000000E+00
     470.0000000000000000   1.0000000000000000E+30   0.0000000000000000E+00
     480.0000000000000000   1.0000000000000000E+30   0.0000000000000000E+00
     490.0000000000000000   1.0000000000000000E+30   0.0000000000000000E+00
     500.0000000000000000   1.0000000000000000E+30   0.0000000000000000E+00
     510.0000000000000000   1.0000000000000000E+30   0.0000000000000000E+00
     520.0000000000000000   1.0000000000000000E+30   0.0000000000000000E+00
     530.0000000000000000   1.0000000000000000E+30   0.0000000000000000E+00
     540.0000000000000000   1.0000000000000000E+30   0.0000000000000000E+00
     550.0000000000000000   1.0000000000000000E+30   0.0000000000000000E+00
     560.0000000000000000   1.0000000000000000E+30   0.0000000000000000E+00
     570.0000000000000000   1.0000000000000000E+30   0.0000000000000000E+00
     580.0000000000000000   1.0000000000000000E+30   0.0000000000000000E+00
     590.0000000000000000   1.0000000000000000E+30   0.0000000000000000E+00
     600.0000000000000000   1.0000000000000000E+30   0.0000000000000000E+00
     610.0000000000000000   1.0000000000000000E+30   0.0000000000000000E+00
     620.0000000000000000   1.0000000000000000E+30   0.0000000000000000E+00
     630.0000000000000000   1.0000000000000000E+30   0.0000000000000000E+00
     640.0000000000000000   1.0000000000000000E+30   0.0000000000000000E+00
     650.0000000000000000   1.0000000000000000E+30   0.0000000000000000E+00
     660.0000000000000000   1.0000000000000000E+30   0.0000000000000000E+00
     670.0000000000000000   1.0000000000000000E+30   0.0000000000000000E+00
     680.0000000000000000   1.0000000000000000E+30   0.0000000000000000E+00
     690.0000000000000000   1.0000000000000000E+30   0.0000000000000000E+00
     700.0000000000000000   1.0000000000000000E+30   0.0000000000000000E+00
     710.0000000000000000   1.0000000000000000E+30   0.0000000000000000E+00
     720.0000000000000000   1.0000000000000000E+30   0.0000000000000000E+00
     730.0000000000000000   1.0000000000000000E+30   0.0000000000000000E+00
     740.0000000000000000   1.0000000000000000E+30   0.0000000000000000E+00
     750.0000000000000000   1.0000000000000000E+30   0.0000000000000000E+00
     760.0000000000000000   1.0000000000000000E+30   0.0000000000000000E+00
     770.0000000000000000   1.0000000000000000E+30   0.0000000000000000E+00
     780.0000000000000000   1.0000000000000000E+30   0.0000000000000000E+00
     790.0000000000000000   1.0000000000000000E+30   0.0000000000000000E+00
     800.0000000000000000   1.0000000000000000E+30   0.0000000000000000E+00
     810.0000000000000000   1.0000000000000000E+30   0.0000000000000000E+00
     820.0000000000000000   1.0000000000000000E+30   0.0000000000000000E+00
     830.0000000000000000   1.0000000000000000E+30   0.0000000000000000E+00
     840.0000000000000000   1.0000000000000000E+30   0.0000000000000000E+00
     850.0000000000000000   1.0000000000000000E+30   0.0000000000000000E+00
     860.0000000000000000   1.0000000000000000E+30   0.0000000000000000E+00
     870.0000000000000000   1.0000000000000000E+30   0.0000000000000000E+00
     880.0000000000000000   1.0000000000000000E+30   0.0000000000000000E+00
     890.0000000000000000   1.0000000000000000E+30   0.0000000000000000E+00
     900.0000000000000000   1.0000000000000000E+30   0.0000000000000000E+00
     910.0000000000000000   1.0000000000000000E+30   0.0000000000000000E+00
     920.0000000000000000   1.0000000000000000E+30   0.0000000000000000E+00
     930.0000000000000000   1.0000000000000000E+30   0.0000000000000000E+00
     940.0000000000000000   1.0000000000000000E+30   0.0000000000000000E+00
     950.0000000000000000   1.0000000000000000E+30   0.0000000000000000E+00
     960.0000000000000000   1.0000000000000000E+30   0.0000000000000000E+00
     970.0000000000000000   1.0000000000000000E+30   0.0000000000000000E+00
     980.0000000000000000   1.0000000000000000E+30   0.0000000000000000E+00
     990.0000000000000000   1.0000000000000000E+30   0.0000000000000000E+00
    1000.0000000000000000   1.0000000000000000E+30   0.0000000000000000E+00
    1023.9990000000000236   1.0000000000000000E+30   0.0000000000000000E+00
    1024.0009999999999764   1.0000000000000000E+30   0.0000000000000000E+00
    1046.9990000000000236   1.0000000000000000E+30   0.0000000000000000E+00
    1047.0009999999999764   1.0000000000000000E+30   0.0000000000000000E+00
    1100.0000000000000000   1.0000000000000000E+30   0.0000000000000000E+00
    1197.9990000000000236   1.0000000000000000E+30   0.0000000000000000E+00
    1198.0009999999999764   1.0000000000000000E+30   0.0000000000000000E+00
    1200.0000000000000000   1.0000000000000000E+30   0.0000000000000000E+00
    1300.0000000000000000   1.0000000000000000E+30   0.0000000000000000E+00
    1400.0000000000000000   1.0000000000000000E+30   0.0000000000000000E+00
    1500.0000000000000000   1.0000000000000000E+30   0.0000000000000000E+00
    1600.0000000000000000   1.0000000000000000E+30   0.0000000000000000E+00
    1700.0000000000000000   1.0000000000000000E+30   0.0000000000000000E+00
    1800.0000000000000000   1.0000000000000000E+30   0.0000000000000000E+00
    1900.0000000000000000   1.0000000000000000E+30   0.0000000000000000E+00
    2000.0000000000000000   1.0000000000000000E+30   0.0000000000000000E+00
    2100.0000000000000000   1.0000000000000000E+30   0.0000000000000000E+00
    2200.0000000000000000   1.0000000000000000E+30   0.0000000000000000E+00
    2300.0000000000000000   1.0000000000000000E+30   0.0000000000000000E+00
    2400.0000000000000000   1.0000000000000000E+30   0.0000000000000000E+00
    2500.0000000000000000   1.0000000000000000E+30   0.0000000000000000E+00
    2600.0000000000000000   1.0000000000000000E+30   0.0000000000000000E+00
    2700.0000000000000000   1.0000000000000000E+30   0.0000000000000000E+00
    2800.0000000000000000   1.0000000000000000E+30   0.0000000000000000E+00
    2900.0000000000000000   1.0000000000000000E+30   0.0000000000000000E+00
    3000.0000000000000000   1.0000000000000000E+30   0.0000000000000000E+00
    3100.0000000000000000   1.0000000000000000E+30   0.0000000000000000E+00
    3200.0000000000000000   1.0000000000000000E+30   0.0000000000000000E+00
    3300.0000000000000000   1.0000000000000000E+30   0.0000000000000000E+00
    3400.0000000000000000   1.0000000000000000E+30   0.0000000000000000E+00
    3500.0000000000000000   1.0000000000000000E+30   0.0000000000000000E+00
    3600.0000000000000000   1.0000000000000000E+30   0.0000000000000000E+00
    3700.0000000000000000   1.0000000000000000E+30   0.0000000000000000E+00
    3800.0000000000000000   1.0000000000000000E+30   0.0000000000000000E+00
    3900.0000000000000000   1.0000000000000000E+30   0.0000000000000000E+00
    4000.0000000000000000   1.0000000000000000E+30   0.0000000000000000E+00
    4100.0000000000000000   1.0000000000000000E+30   0.0000000000000000E+00
    4200.0000000000000000   1.0000000000000000E+30   0.0000000000000000E+00
    4300.0000000000000000   1.0000000000000000E+30   0.0000000000000000E+00
    4400.0000000000000000   1.0000000000000000E+30   0.0000000000000000E+00
    4500.0000000000000000   1.0000000000000000E+30   0.0000000000000000E+00
    4600.0000000000000000   1.0000000000000000E+30   0.0000000000000000E+00
    4700.0000000000000000   1.0000000000000000E+30   0.0000000000000000E+00
    4800.0000000000000000   1.0000000000000000E+30   0.0000000000000000E+00
    4900.0000000000000000   1.0000000000000000E+30   0.0000000000000000E+00
    5000.0000000000000000   1.0000000000000000E+30   0.0000000000000000E+00
    5100.0000000000000000   1.0000000000000000E+30   0.0000000000000000E+00
    5200.0000000000000000   1.0000000000000000E+30   0.0000000000000000E+00
    5300.0000000000000000   1.0000000000000000E+30   0.0000000000000000E+00
    5400.0000000000000000   1.0000000000000000E+30   0.0000000000000000E+00
    5500.0000000000000000   1.0000000000000000E+30   0.0000000000000000E+00
    5600.0000000000000000   1.0000000000000000E+30   0.0000000000000000E+00
    5700.0000000000000000   1.0000000000000000E+30   0.0000000000000000E+00
    5800.0000000000000000   1.0000000000000000E+30   0.0000000000000000E+00
    5900.0000000000000000   1.0000000000000000E+30   0.0000000000000000E+00
    6000.0000000000000000   1.0000000000000000E+30   0.0000000000000000E+00
    6100.0000000000000000   1.0000000000000000E+30   0.0000000000000000E+00
    6200.0000000000000000   1.0000000000000000E+30   0.0000000000000000E+00
    6300.0000000000000000   1.0000000000000000E+30   0.0000000000000000E+00
    6400.0000000000000000   1.0000000000000000E+30   0.0000000000000000E+00
    6500.0000000000000000   1.0000000000000000E+30   0.0000000000000000E+00
    6600.0000000000000000   1.0000000000000000E+30   0.0000000000000000E+00
    6700.0000000000000000   1.0000000000000000E+30   0.0000000000000000E+00
    6800.0000000000000000   1.0000000000000000E+30   0.0000000000000000E+00
    6900.0000000000000000   1.0000000000000000E+30   0.0000000000000000E+00
    7000.0000000000000000   1.0000000000000000E+30   0.0000000000000000E+00
    7100.0000000000000000   1.0000000000000000E+30   0.0000000000000000E+00
    7200.0000000000000000   1.0000000000000000E+30   0.0000000000000000E+00
    7300.0000000000000000   1.0000000000000000E+30   0.0000000000000000E+00
    7400.0000000000000000   1.0000000000000000E+30   0.0000000000000000E+00
    7500.0000000000000000   1.0000000000000000E+30   0.0000000000000000E+00
    7600.0000000000000000   1.0000000000000000E+30   0.0000000000000000E+00
    7700.0000000000000000   1.0000000000000000E+30   0.0000000000000000E+00
    7800.0000000000000000   1.0000000000000000E+30   0.0000000000000000E+00
    7900.0000000000000000   1.0000000000000000E+30   0.0000000000000000E+00
    8000.0000000000000000   1.0000000000000000E+30   0.0000000000000000E+00
    8100.0000000000000000   1.0000000000000000E+30   0.0000000000000000E+00
    8200.0000000000000000   1.0000000000000000E+30   0.0000000000000000E+00
    8300.0000000000000000   1.0000000000000000E+30   0.0000000000000000E+00
    8400.0000000000000000   1.0000000000000000E+30   0.0000000000000000E+00
    8500.0000000000000000   1.0000000000000000E+30   0.0000000000000000E+00
    8600.0000000000000000   1.0000000000000000E+30   0.0000000000000000E+00
    8700.0000000000000000   1.0000000000000000E+30   0.0000000000000000E+00
    8800.0000000000000000   1.0000000000000000E+30   0.0000000000000000E+00
    8900.0000000000000000   1.0000000000000000E+30   0.0000000000000000E+00
    9000.0000000000000000   1.0000000000000000E+30   0.0000000000000000E+00
    9100.0000000000000000   1.0000000000000000E+30   0.0000000000000000E+00
    9200.0000000000000000   1.0000000000000000E+30   0.0000000000000000E+00
    9300.0000000000000000   1.0000000000000000E+30   0.0000000000000000E+00
    9400.0000000000000000   1.0000000000000000E+30   0.0000000000000000E+00
    9500.0000000000000000   1.0000000000000000E+30   0.0000000000000000E+00
    9600.0000000000000000   1.0000000000000000E+30   0.0000000000000000E+00
    9662.9989999999997963   1.0000000000000000E+30   0.0000000000000000E+00
    9663.0010000000002037   7.9336413516538610E+15   1.2179779210697033E-12
    9700.0000000000000000   2.6490426659642090E+10   3.6509914447560251E-07
    9800.0000000000000000   3.7347912346104312E+09   2.5958254581017011E-06
    9900.0000000000000000   1.6301650308311210E+09   5.9613203141404285E-06
   10000.0000000000000000   9.5425206646759474E+08   1.0207846704872690E-05
   11000.0000000000000000   1.1334074884809950E+08   8.7923362031826140E-05
   12000.0000000000000000   4.7458668193277046E+07   2.1461846707746134E-04
   13000.0000000000000000   2.7484467154963549E+07   3.7857482822768691E-04
   14000.0000000000000000   1.8594925455072369E+07   5.7138032662026536E-04
   15000.0000000000000000   1.3798373547218828E+07   7.8596894525074677E-04
   16000.0000000000000000   1.0890022325760752E+07   1.0160959448146743E-03
   17000.0000000000000000   8.9838548150055874E+06   1.2560837448136132E-03
   18000.0000000000000000   7.6637261122908890E+06   1.5007735044886316E-03
   19000.0000000000000000   6.7115164324424006E+06   1.7455624319211592E-03
   20000.0000000000000000   6.0030688816703549E+06   1.9864989600279132E-03
   21000.0000000000000000   5.4630706044492600E+06   2.2203469220809136E-03
   22000.0000000000000000   5.0434399815871362E+06   2.4446183545240442E-03
   23000.0000000000000000   4.7122082933544302E+06   2.6575348473682125E-03
   24000.0000000000000000   4.4473976411882099E+06   2.8579516213472229E-03
   25000.0000000000000000   4.2334755198254716E+06   3.0452547033374155E-03
   26000.0000000000000000   4.0592066733683143E+06   3.2192516418490364E-03
   27000.0000000000000000   3.9162958074661740E+06   3.3800744738250572E-03
   28000.0000000000000000   3.7985153985299142E+06   3.5280844529188751E-03
   29000.0000000000000000   3.7011168840751448E+06   3.6638004033258433E-03
   30000.0000000000000000   3.6204270845959778E+06   3.7878429183993262E-03
   31000.0000000000000000   3.5535715008958015E+06   3.9008872752577810E-03
   32000.0000000000000000   3.4982722365325950E+06   4.0036345563119902E-03
   33000.0000000000000000   3.4527062803036887E+06   4.0967868253415198E-03
   34000.0000000000000000   3.4154016298798919E+06   4.1810291260610437E-03
   35000.0000000000000000   3.3851569087047749E+06   4.2570226277697841E-03
   36000.0000000000000000   3.3609851141980062E+06   4.3253948028965086E-03
   37000.0000000000000000   3.3420675903544608E+06   4.3867385003908393E-03
   38000.0000000000000000   3.3277216980197076E+06   4.4416077074173332E-03
   39000.0000000000000000   3.3173752805326097E+06   4.4905154158518968E-03
   40000.0000000000000000   3.3105422115220833E+06   4.5339423454468309E-03
   41000.0000000000000000   3.3068098152474570E+06   4.5723317331055223E-03
   42000.0000000000000000   3.3058258813269716E+06   4.6060906759541704E-03
   43000.0000000000000000   3.3072873137544794E+06   4.6355952260020705E-03
   44000.0000000000000000   3.3109325370632228E+06   4.6611906365036943E-03
   45000.0000000000000000   3.3165339300635671E+06   4.6831957469178984E-03
   46000.0000000000000000   3.3238935697498592E+06   4.7019024033355498E-03
   47000.0000000000000000   3.3328385567153282E+06   4.7175779456774293E-03
   48000.0000000000000000   3.3432163206592458E+06   4.7304693342784029E-03
   49000.0000000000000000   3.3548927883322486E+06   4.7408023133949139E-03
   50000.0000000000000000   3.3677493003274822E+06   4.7487843072185551E-03
