       0.1000000000000000   2.7845860087903251E+01   1.0458654481443432E-03
       0.2000000000000000   2.4441075688298969E+01   2.0492067777463955E-03
       0.3000000000000000   2.3275464929473877E+01   3.0495314503949157E-03
       0.4000000000000000   2.2799972911478054E+01   4.0081119591932109E-03
       0.5000000000000000   2.2537936811011740E+01   4.9582526188587514E-03
       0.6000000000000000   2.2379696678555472E+01   5.9013392485669468E-03
       0.7000000000000000   2.2282845005283768E+01   6.8386710728122668E-03
       0.7999999999999999   2.2223751060885931E+01   7.7711177644148293E-03
       0.8999999999999999   2.2191560169834485E+01   8.6965110193029591E-03
       0.9999999999999999   2.2175736518843905E+01   9.6187332698255794E-03
       2.0000000000000000   2.2363263116893563E+01   1.8629462511070959E-02
       3.0000000000000000   2.2663193979452604E+01   2.7404070398275193E-02
       4.0000000000000000   2.2925106877138351E+01   3.6077176649649281E-02
       5.0000000000000000   2.3127581100786017E+01   4.4745898601636622E-02
       6.0000000000000000   2.3271414004791829E+01   5.3485920630727782E-02
       7.0000000000000000   2.3364166744086670E+01   6.2347256705003212E-02
       8.0000000000000000   2.3412158664906244E+01   7.1370701155730271E-02
       9.0000000000000000   2.3421642964007681E+01   8.0588509587396565E-02
      10.0000000000000000   2.3397503475698088E+01   9.0030010219497747E-02
      11.0000000000000000   2.3344438114010064E+01   9.9718593793707178E-02
      12.0000000000000000   2.3266302439400405E+01   1.0967421450833276E-01
      13.0000000000000000   2.3166812228235607E+01   1.1991271435205145E-01
      14.0000000000000000   2.3048568236252660E+01   1.3045163646212887E-01
      15.0000000000000000   2.2913984228474813E+01   1.4130662084489365E-01
      16.0000000000000000   2.2765352276322236E+01   1.5249027722653874E-01
      17.0000000000000000   2.2604369426298767E+01   1.6401704683705554E-01
      18.0000000000000000   2.2432779235874904E+01   1.7589931127108799E-01
      19.0000000000000000   2.2251908452982278E+01   1.8814933700367917E-01
      20.0000000000000000   2.2062992597337541E+01   2.0077986853492905E-01
      21.0000000000000000   2.1867050262915615E+01   2.1380390565119234E-01
      22.0000000000000000   2.1665070439376294E+01   2.2723327543988034E-01
      23.0000000000000000   2.1457898003159304E+01   2.4108016883510835E-01
      24.0000000000000000   2.1246217714804228E+01   2.5535801221189619E-01
      25.0000000000000000   2.1030668540273115E+01   2.7008001862070025E-01
      26.0000000000000000   2.0811811762956438E+01   2.8525988805217006E-01
      27.0000000000000000   2.0590137962941476E+01   3.0091183204063748E-01
      28.0000000000000000   2.0366091917419229E+01   3.1705046976609930E-01
      29.0000000000000000   2.0140041514546930E+01   3.3369129728980285E-01
      30.0000000000000000   1.9912334599779765E+01   3.5085034749778365E-01
      31.0000000000000000   1.9683251446815778E+01   3.6854466293072496E-01
      32.0000000000000000   1.9453069212500523E+01   3.8679174245992720E-01
      33.0000000000000000   1.9222002412214408E+01   4.0561038551898831E-01
      34.0000000000000000   1.8990253836481664E+01   4.2502025522833814E-01
      35.0000000000000000   1.8757995310623446E+01   4.4504210662725707E-01
      36.0000000000000000   1.8525377595397362E+01   4.6569784272747522E-01
      37.0000000000000000   1.8292531262408474E+01   4.8701060406484226E-01
      38.0000000000000000   1.8059571806299260E+01   5.0900485046837607E-01
      39.0000000000000000   1.7826595739631554E+01   5.3170647000603144E-01
      40.0000000000000000   1.7593689889117080E+01   5.5514279334811978E-01
      41.0000000000000000   1.7360926243837607E+01   5.7934280130124871E-01
      42.0000000000000000   1.7128366556209130E+01   6.0433715522762699E-01
      43.0000000000000000   1.6896064802689843E+01   6.3015832987007636E-01
      44.0000000000000000   1.6664067579637202E+01   6.5684061800288218E-01
      45.0000000000000000   1.6432412392625849E+01   6.8442042877727216E-01
      46.0000000000000000   1.6201132383338045E+01   7.1293626731299675E-01
      47.0000000000000000   1.5970255939704225E+01   7.4242889306832305E-01
      48.0000000000000000   1.5739807546717378E+01   7.7294143690097927E-01
      49.0000000000000000   1.5509809011603084E+01   8.0451952966662188E-01
      50.0000000000000000   1.5280279927573062E+01   8.3721142252524505E-01
      51.0000000000000000   1.5051238034629062E+01   8.7106812443218762E-01
      52.0000000000000000   1.4822701129238910E+01   9.0614351311925190E-01
      53.0000000000000000   1.4594686827392207E+01   9.4249445613368033E-01
      54.0000000000000000   1.4367213825214989E+01   9.8018091973928356E-01
      55.0000000000000000   1.4140302038967050E+01   1.0192660917260039E+00
      56.0000000000000000   1.3913974209270140E+01   1.0598165027749959E+00
      57.0000000000000000   1.3688258544734802E+01   1.1019016405994493E+00
      58.0000000000000000   1.3463184103805526E+01   1.1455947721198798E+00
      59.0000000000000000   1.3238785056653901E+01   1.1909725085248262E+00
      60.0000000000000000   1.3015105228192789E+01   1.2381142260344933E+00
      61.0000000000000000   1.2792191485548670E+01   1.2871029300958674E+00
      62.0000000000000000   1.2570099791110565E+01   1.3380243710369952E+00
      63.0000000000000000   1.2348895236565284E+01   1.3909668995546087E+00
      64.0000000000000000   1.2128652625514514E+01   1.4460210404655727E+00
      65.0000000000000000   1.1909457883465508E+01   1.5032789257726187E+00
      66.0000000000000000   1.1691409055807014E+01   1.5628335689854191E+00
      67.0000000000000000   1.1474617351502696E+01   1.6247779554602162E+00
      68.0000000000000000   1.1259208183381164E+01   1.6892039258332758E+00
      69.0000000000000000   1.1045322050929716E+01   1.7562008329581189E+00
      70.0000000000000000   1.0833115257172102E+01   1.8258539533732328E+00
      71.0000000000000000   1.0622760410347128E+01   1.8982426496775726E+00
      72.0000000000000000   1.0414446677566858E+01   1.9734382799122332E+00
      73.0000000000000000   1.0208379599383054E+01   2.0515018753648517E+00
      74.0000000000000000   1.0004780448392969E+01   2.1324816208483202E+00
      75.0000000000000000   9.8038848486332206E+00   2.2164102419748151E+00
      76.0000000000000000   9.6059417341585220E+00   2.3033021048734277E+00
      77.0000000000000000   9.4112096716850768E+00   2.3931508323482369E+00
      78.0000000000000000   9.2199544834394054E+00   2.4859266363515156E+00
      79.0000000000000000   9.0324451898261024E+00   2.5815742152131129E+00
      80.0000000000000000   8.8489495693056242E+00   2.6800110894492297E+00
      81.0000000000000000   8.6697292528090877E+00   2.7811265723404439E+00
      82.0000000000000000   8.4950345790350870E+00   2.8847815032669524E+00
      83.0000000000000000   8.3250993686325518E+00   2.9908088342224670E+00
      84.0000000000000000   8.1601359130300661E+00   3.0990151113549596E+00
      85.0000000000000000   8.0003304817431040E+00   3.2091828308051147E+00
      86.0000000000000000   7.8458395079149916E+00   3.3210735897843984E+00
      87.0000000000000000   7.6967866883687774E+00   3.4344319028455348E+00
      88.0000000000000000   7.5532611891406036E+00   3.5489894585085819E+00
      89.0000000000000000   7.4153167929728960E+00   3.6644697192071360E+00
      90.0000000000000000   7.2829722692805010E+00   3.7805925023983047E+00
      90.9989999999999952   7.1563366538620858E+00   3.8969618757603213E+00
      91.0000000000000000   7.1562126709472258E+00   3.8970784511777623E+00
      91.0010000000000048   7.1560886935731718E+00   3.8971950266832587E+00
      92.0000000000000000   7.0349914681604000E+00   4.0136531756045475E+00
      93.0000000000000000   6.9192333479073289E+00   4.1300509359891704E+00
      93.9989999999999952   6.8089452367916676E+00   4.2459021053467003E+00
      94.0000000000000000   6.8088374801436427E+00   4.2460177758831366E+00
      94.0010000000000048   6.8087297287366111E+00   4.2461334457476294E+00
      95.0000000000000000   6.7036810584192672E+00   4.3613140560479726E+00
      96.0000000000000000   6.6036229406054687E+00   4.4757163799866939E+00
      97.0000000000000000   6.5085072401089308E+00   4.5890189339550131E+00
      98.0000000000000000   6.4181667468596837E+00   4.7010342886093248E+00
      99.0000000000000000   6.3324261087766658E+00   4.8115937243456068E+00
     100.0000000000000000   6.2511046726414916E+00   4.9205471536028798E+00
     110.0000000000000000   5.6414705144104325E+00   5.9006553552777703E+00
     120.0000000000000000   5.2949259139660585E+00   6.6609143556405277E+00
     130.0000000000000000   5.1045759786212637E+00   7.2207621086948865E+00
     140.0000000000000000   5.0094489610200865E+00   7.6197043992539681E+00
     140.9989999999999952   5.0036973075908699E+00   7.6522164784040525E+00
     141.0010000000000048   5.0036863722459017E+00   7.6522803604944754E+00
     150.0000000000000000   4.9749906426433004E+00   7.8951518149568276E+00
     160.0000000000000000   4.9808913731218025E+00   8.0772706154200673E+00
     170.0000000000000000   5.0146707296680475E+00   8.1891295873024372E+00
     180.0000000000000000   5.0683278518803130E+00   8.2480639218940777E+00
     190.0000000000000000   5.1365372735821255E+00   8.2670570320882888E+00
     200.0000000000000000   5.2156368121913541E+00   8.2558598380946968E+00
     210.0000000000000000   5.3030362178166586E+00   8.2218345891383446E+00
     220.0000000000000000   5.3968583252745690E+00   8.1705747256553689E+00
     230.0000000000000000   5.4957137633603752E+00   8.1063567118957689E+00
     240.0000000000000000   5.5985551224975740E+00   8.0324696540298319E+00
     250.0000000000000000   5.6962448980384508E+00   7.9845244577542287E+00
     260.0000000000000000   5.8129634800248562E+00   7.8708368003702729E+00
     270.0000000000000000   5.9218373328138041E+00   7.7914692419095797E+00
     280.0000000000000000   6.0315029101507704E+00   7.7129433855494822E+00
     290.0000000000000000   6.1490685950140227E+00   7.6077082829232738E+00
     300.0000000000000000   6.2596236824129887E+00   7.5326942342928485E+00
     310.0000000000000000   6.3773380386900387E+00   7.4334606812895654E+00
     320.0000000000000000   6.4949583031225018E+00   7.3376181757092596E+00
     330.0000000000000000   6.6124649052545603E+00   7.2450174626520907E+00
     340.0000000000000000   6.7298425823338786E+00   7.1555130238483251E+00
     350.0000000000000000   6.8470795703172156E+00   7.0689640321688030E+00
     360.0000000000000000   6.9641668631243210E+00   6.9852351661785166E+00
     370.0000000000000000   7.0810976371329364E+00   6.9041971098043433E+00
     380.0000000000000000   7.1978668424031875E+00   6.8257266329419855E+00
     390.0000000000000000   7.3197000716987475E+00   6.7306116407975916E+00
     400.0000000000000000   7.4359784763690255E+00   6.6575391159468191E+00
     410.0000000000000000   7.5570832116759137E+00   6.5687030296275628E+00
     420.0000000000000000   7.6728847841039602E+00   6.5004819861377507E+00
     430.0000000000000000   7.7932898384920630E+00   6.4172973828813875E+00
     440.0000000000000000   7.9133178085226152E+00   6.3369534188495900E+00
     450.0000000000000000   8.0283662020453104E+00   6.2753702822801571E+00
     460.0000000000000000   8.1477408102541666E+00   6.1998620395080932E+00
     470.0000000000000000   8.2667637329411274E+00   6.1267955660808457E+00
     480.0000000000000000   8.3854435112692851E+00   6.0560491066604492E+00
     490.0000000000000000   8.5037885188846953E+00   5.9875088552821403E+00
     500.0000000000000000   8.6218068926062070E+00   5.9210684756175436E+00
     510.0000000000000000   8.7395065613069001E+00   5.8566284127551729E+00
     520.0000000000000000   8.8568952337551448E+00   5.7940953780066096E+00
     530.0000000000000000   8.9739803848269766E+00   5.7333818940230907E+00
     540.0000000000000000   9.0907692731631649E+00   5.6744058175666954E+00
     550.0000000000000000   9.2072689157821586E+00   5.6170899986587424E+00
     560.0000000000000000   9.3234861180383710E+00   5.5613618446842841E+00
     570.0000000000000000   9.4432237683004487E+00   5.4950005150502488E+00
     580.0000000000000000   9.5588344727009584E+00   5.4424954378627382E+00
     590.0000000000000000   9.6741828114532815E+00   5.3913754869563997E+00
     600.0000000000000000   9.7892747154512350E+00   5.3415838275396217E+00
     610.0000000000000000   9.9077187813290806E+00   5.2818342022956992E+00
     620.0000000000000000   1.0022256569198831E+01   5.2347567390258716E+00
     630.0000000000000000   1.0140087034291527E+01   5.1780178516548743E+00
     640.0000000000000000   1.0254094913060735E+01   5.1334339115400871E+00
     650.0000000000000000   1.0367875013828201E+01   5.0899234593416089E+00
     660.0000000000000000   1.0484836775063776E+01   5.0371830974994012E+00
     670.0000000000000000   1.0598120094634909E+01   4.9958842025047607E+00
     680.0000000000000000   1.0714526267564953E+01   4.9456172817635871E+00
     690.0000000000000000   1.0827333597964984E+01   4.9063616896904749E+00
     700.0000000000000000   1.0943205010841952E+01   4.8583882277342907E+00
     710.0000000000000000   1.1058809531832749E+01   4.8115725344184295E+00
     720.0000000000000000   1.1170912229161999E+01   4.7751818640104648E+00
     730.0000000000000000   1.1286011224429398E+01   4.7304169720991833E+00
     740.0000000000000000   1.1397684849214086E+01   4.6957143194936179E+00
     750.0000000000000000   1.1512296373670662E+01   4.6528603983521810E+00
     760.0000000000000000   1.1626664067452428E+01   4.6109753865341458E+00
     770.0000000000000000   1.1737698791181005E+01   4.5786582552145587E+00
     780.0000000000000000   1.1851604263016263E+01   4.5384944868834287E+00
     790.0000000000000000   1.1965277812402721E+01   4.4992066803424917E+00
     800.0000000000000000   1.2078722579431128E+01   4.4607672171737667E+00
     810.0000000000000000   1.2188943973038775E+01   4.4313035148211108E+00
     820.0000000000000000   1.2301957808436221E+01   4.3943663871761709E+00
     830.0000000000000000   1.2414753714084254E+01   4.3581997384004634E+00
     840.0000000000000000   1.2527335188400237E+01   4.3227786817898739E+00
     850.0000000000000000   1.2636801050971830E+01   4.2958050915796839E+00
     860.0000000000000000   1.2748979433457500E+01   4.2617041728607079E+00
     870.0000000000000000   1.2860953088640642E+01   4.2282836589963901E+00
     880.0000000000000000   1.2972725322379162E+01   4.1955221533288292E+00
     890.0000000000000000   1.3084299556981392E+01   4.1633986410557462E+00
     900.0000000000000000   1.3195678973504238E+01   4.1318933858175129E+00
     910.0000000000000000   1.3306866409322884E+01   4.1009881429524597E+00
     920.0000000000000000   1.3417864466802607E+01   4.0706658199545114E+00
     930.0000000000000000   1.3525919085462128E+01   4.0479095342674363E+00
     940.0000000000000000   1.3636559969066251E+01   4.0186248031879943E+00
     950.0000000000000000   1.3747019568736709E+01   3.9898757873386721E+00
     960.0000000000000000   1.3857300512944475E+01   3.9616472057015000E+00
     970.0000000000000000   1.3967405297689782E+01   3.9339245408571770E+00
     980.0000000000000000   1.4077336313962201E+01   3.9066939389985791E+00
     990.0000000000000000   1.4187095888657982E+01   3.8799420875296620E+00
    1000.0000000000000000   1.4296686303630613E+01   3.8536561459366210E+00
    1023.9990000000000236   1.4560059443538117E+01   3.7898800290566128E+00
    1024.0009999999999764   1.4560081787097021E+01   3.7898737756770675E+00
    1046.9990000000000236   1.4811354185196038E+01   3.7316971620709993E+00
    1047.0009999999999764   1.4811376448917558E+01   3.7316911335778209E+00
    1100.0000000000000000   1.5386264672068069E+01   3.6080698599816934E+00
    1197.9990000000000236   1.6439091355208149E+01   3.4036366604855997E+00
    1198.0009999999999764   1.6439113146420727E+01   3.4036318149161753E+00
    1200.0000000000000000   1.6460891711544491E+01   3.3987940206712151E+00
    1300.0000000000000000   1.7524530780868364E+01   3.2132461465354063E+00
    1400.0000000000000000   1.8576037396235762E+01   3.0514288712226327E+00
    1500.0000000000000000   1.9618712292999760E+01   2.9047390633005077E+00
    1600.0000000000000000   2.0653293284717602E+01   2.7706963035521581E+00
    1700.0000000000000000   2.1678427961998732E+01   2.6509583828909160E+00
    1800.0000000000000000   2.2694855838818356E+01   2.5432784433830360E+00
    1900.0000000000000000   2.3705153000004284E+01   2.4425938147742605E+00
    2000.0000000000000000   2.4705907071887662E+01   2.3542597485818311E+00
    2100.0000000000000000   2.5703368052078549E+01   2.2676165876365957E+00
    2200.0000000000000000   2.6692227145996416E+01   2.1910621558766961E+00
    2300.0000000000000000   2.7674773554697879E+01   2.1206419918719517E+00
    2400.0000000000000000   2.8653196995687228E+01   2.0529441316350772E+00
    2500.0000000000000000   2.9625920365055432E+01   1.9902678207044526E+00
    2600.0000000000000000   3.0593261450816815E+01   1.9320346736030924E+00
    2700.0000000000000000   3.1555478548173920E+01   1.8777899016100195E+00
    2800.0000000000000000   3.2514409723678213E+01   1.8250176152057482E+00
    2900.0000000000000000   3.3467208917610037E+01   1.7774823034216185E+00
    3000.0000000000000000   3.4416959542298734E+01   1.7311021998431333E+00
    3100.0000000000000000   3.5360991371929060E+01   1.6892626475861385E+00
    3200.0000000000000000   3.6302478551012150E+01   1.6479787814561666E+00
    3300.0000000000000000   3.7239848328221107E+01   1.6092046713380999E+00
    3400.0000000000000000   3.8173523484318174E+01   1.5724347702749639E+00
    3500.0000000000000000   3.9103586047641805E+01   1.5375655544790052E+00
    3600.0000000000000000   4.0030268566426116E+01   1.5043420854873892E+00
    3700.0000000000000000   4.0954858386352932E+01   1.4713406811350760E+00
    3800.0000000000000000   4.1874628369761268E+01   1.4415877454763217E+00
    3900.0000000000000000   4.2791173341485141E+01   1.4133107308358339E+00
    4000.0000000000000000   4.3706344480597316E+01   1.3845852699772112E+00
    4100.0000000000000000   4.4616875627446944E+01   1.3588588437297209E+00
    4200.0000000000000000   4.5526060386058568E+01   1.3327052459348061E+00
    4300.0000000000000000   4.6432328430974749E+01   1.3077863477226124E+00
    4400.0000000000000000   4.7334695844047040E+01   1.2851035307112622E+00
    4500.0000000000000000   4.8235594774337137E+01   1.2622021319359207E+00
    4600.0000000000000000   4.9134030013497700E+01   1.2401282453174995E+00
    4700.0000000000000000   5.0029729825624216E+01   1.2191317990245361E+00
    4800.0000000000000000   5.0921915885901974E+01   1.1999894773722743E+00
    4900.0000000000000000   5.1813079059594550E+01   1.1803239759154491E+00
    5000.0000000000000000   5.2701761852670870E+01   1.1615283929328271E+00
    5100.0000000000000000   5.3588213448991134E+01   1.1434071691309449E+00
    5200.0000000000000000   5.4472552954082111E+01   1.1258719191710784E+00
    5300.0000000000000000   5.5356374118990011E+01   1.1075485017670141E+00
    5400.0000000000000000   5.6236201768484719E+01   1.0914389512801361E+00
    5500.0000000000000000   5.7113551279226400E+01   1.0762074123341985E+00
    5600.0000000000000000   5.7989933175285280E+01   1.0607013153792089E+00
    5700.0000000000000000   5.8863957137383061E+01   1.0460084091847714E+00
    5800.0000000000000000   5.9735682654005338E+01   1.0320583133156205E+00
    5900.0000000000000000   6.0607717977093643E+01   1.0168821785840014E+00
    6000.0000000000000000   6.1475901507962242E+01   1.0037146053729846E+00
    6100.0000000000000000   6.2342012630092292E+01   9.9113411999829071E-01
    6200.0000000000000000   6.3208919636495345E+01   9.7704997767862922E-01
    6300.0000000000000000   6.4071945919725721E+01   9.6498968433242238E-01
    6400.0000000000000000   6.4933955400754627E+01   9.5270167111357584E-01
    6500.0000000000000000   6.5793209568643405E+01   9.4160337311236397E-01
    6600.0000000000000000   6.6651560344752824E+01   9.3036149388036149E-01
    6700.0000000000000000   6.7509296510016114E+01   9.1867146680183087E-01
    6800.0000000000000000   6.8364332317510559E+01   9.0813924337041374E-01
    6900.0000000000000000   6.9218711336533957E+01   8.9724237272924279E-01
    7000.0000000000000000   7.0071591811041856E+01   8.8661171909009528E-01
    7100.0000000000000000   7.0922182913684750E+01   8.7686812664518232E-01
    7200.0000000000000000   7.1773403532065785E+01   8.6595727238353459E-01
    7300.0000000000000000   7.2621089735622689E+01   8.5676235046344473E-01
    7400.0000000000000000   7.3467886527391826E+01   8.4737068641489721E-01
    7500.0000000000000000   7.4312704310420898E+01   8.3854871163637912E-01
    7600.0000000000000000   7.5157624799438565E+01   8.2919933595746242E-01
    7700.0000000000000000   7.6000493479156361E+01   8.2035621708381501E-01
    7800.0000000000000000   7.6841157948742250E+01   8.1228934004327957E-01
    7900.0000000000000000   7.7682221819025614E+01   8.0352232970987902E-01
    8000.0000000000000000   7.8519764550886180E+01   7.9610695010442689E-01
    8100.0000000000000000   7.9359914746510881E+01   7.8668080537942409E-01
    8200.0000000000000000   8.0194591196517564E+01   7.7992754210278292E-01
    8300.0000000000000000   8.1030693975828640E+01   7.7184309756961300E-01
    8400.0000000000000000   8.1863005580865305E+01   7.6530599979313829E-01
    8500.0000000000000000   8.2697852910657076E+01   7.5692266525441754E-01
    8600.0000000000000000   8.3530362653454375E+01   7.4931414601594271E-01
    8700.0000000000000000   8.4359062364130224E+01   7.4330256976350761E-01
    8800.0000000000000000   8.5189944087550117E+01   7.3565985465405570E-01
    8900.0000000000000000   8.6018297750543624E+01   7.2897365529343872E-01
    9000.0000000000000000   8.6843671865962577E+01   7.2340719404819975E-01
    9100.0000000000000000   8.7670694928366487E+01   7.1651385845151994E-01
    9200.0000000000000000   8.8497009068844378E+01   7.0950720630746977E-01
    9300.0000000000000000   8.9322088389123579E+01   7.0270832021542418E-01
    9400.0000000000000000   9.0144963981029520E+01   6.9666025941927512E-01
    9500.0000000000000000   9.0965383108452357E+01   6.9148756152240243E-01
    9600.0000000000000000   9.1785547128884531E+01   6.8604417031842668E-01
    9662.9989999999997963   9.2303726650963199E+01   6.8170569725310237E-01
    9663.0010000000002037   9.2303743219004829E+01   6.8170548737488068E-01
    9700.0000000000000000   9.2605978385328171E+01   6.8008501224392226E-01
    9800.0000000000000000   9.3425726764556629E+01   6.7409255201668405E-01
    9900.0000000000000000   9.4244314006634582E+01   6.6829617034790934E-01
   10000.0000000000000000   9.5061720353333115E+01   6.6270180299691894E-01
   11000.0000000000000000   1.0318406209654512E+02   6.1226308374374860E-01
   12000.0000000000000000   1.1121774797052794E+02   5.7121320172169754E-01
   13000.0000000000000000   1.1917996890487069E+02   5.3377716841845702E-01
   14000.0000000000000000   1.2707298558522677E+02   5.0166402282369726E-01
   15000.0000000000000000   1.3490033053566398E+02   4.7400312485622853E-01
   16000.0000000000000000   1.4267129951435118E+02   4.4939672260581487E-01
   17000.0000000000000000   1.5038879552597237E+02   4.2680706764892423E-01
   18000.0000000000000000   1.5805281412387089E+02   4.0795125271083127E-01
   19000.0000000000000000   1.6567877340387801E+02   3.8862535665847669E-01
   20000.0000000000000000   1.7325642337807218E+02   3.7216392226651823E-01
   21000.0000000000000000   1.8078710856415191E+02   3.5869841946297110E-01
   22000.0000000000000000   1.8829147399106884E+02   3.4359986253179103E-01
   23000.0000000000000000   1.9574985758966963E+02   3.3094092152533167E-01
   24000.0000000000000000   2.0317407378160507E+02   3.2077357565188508E-01
   25000.0000000000000000   2.1057337257333941E+02   3.0812795107457297E-01
   26000.0000000000000000   2.1793049327448693E+02   2.9923709681291261E-01
   27000.0000000000000000   2.2527292252929314E+02   2.8815675056672985E-01
   28000.0000000000000000   2.3257170797863390E+02   2.8139644216849985E-01
   29000.0000000000000000   2.3984307988281552E+02   2.7288113049735663E-01
   30000.0000000000000000   2.4710331381200888E+02   2.6466281409385078E-01
   31000.0000000000000000   2.5432319256800608E+02   2.5698743882687231E-01
   32000.0000000000000000   2.6152545513940572E+02   2.5081054980975753E-01
   33000.0000000000000000   2.6871031861144911E+02   2.4407624796179792E-01
   34000.0000000000000000   2.7586865944035077E+02   2.3778275957694978E-01
   35000.0000000000000000   2.8299770250974268E+02   2.3321092843475316E-01
   36000.0000000000000000   2.9011906694567244E+02   2.2581406337138429E-01
   37000.0000000000000000   2.9719714499536923E+02   2.2192996358983536E-01
   38000.0000000000000000   3.0426986748006715E+02   2.1682250900032482E-01
   39000.0000000000000000   3.1135283645991399E+02   2.0981535185498429E-01
   40000.0000000000000000   3.1837357801330222E+02   2.0608621317739978E-01
   41000.0000000000000000   3.2540216958382479E+02   2.0132690175503667E-01
   42000.0000000000000000   3.3239839565304709E+02   1.9721994060849152E-01
   43000.0000000000000000   3.3939413485577091E+02   1.9371061321043245E-01
   44000.0000000000000000   3.4632810841750381E+02   1.9205107957888307E-01
   45000.0000000000000000   3.5329839937027992E+02   1.8743442255175299E-01
   46000.0000000000000000   3.6024678944610753E+02   1.8431697576273992E-01
   47000.0000000000000000   3.6717668056676450E+02   1.7869032768404644E-01
   48000.0000000000000000   3.7405731068718205E+02   1.7720235892197381E-01
   49000.0000000000000000   3.8095384119425057E+02   1.7321190930170027E-01
   50000.0000000000000000   3.8783583594487311E+02   1.6988196192487034E-01
