       0.1000000000000000   2.3297859876401482E+01   1.2499986334623121E-03
       0.2000000000000000   2.0505163800207530E+01   2.4422048435335676E-03
       0.3000000000000000   1.9577119709441437E+01   3.6246046293359323E-03
       0.4000000000000000   1.9223163141193865E+01   4.7518322566273098E-03
       0.5000000000000000   1.9044946497661048E+01   5.8641434208568334E-03
       0.6000000000000000   1.8951472117499666E+01   6.9636563927800467E-03
       0.7000000000000000   1.8907273811411262E+01   8.0523123047000229E-03
       0.7999999999999999   1.8892797081648300E+01   9.1314748351071680E-03
       0.8999999999999999   1.8898986876674982E+01   1.0199302522607041E-02
       0.9999999999999999   1.8917257024171196E+01   1.1260230305985422E-02
       2.0000000000000000   1.9315935233867652E+01   2.1515993875503434E-02
       3.0000000000000000   1.9710119396697834E+01   3.1420237106066264E-02
       4.0000000000000000   2.0005653172098022E+01   4.1230598741337242E-02
       5.0000000000000000   2.0205475429656676E+01   5.1110228289297281E-02
       6.0000000000000000   2.0323762032281905E+01   6.1172888454281898E-02
       7.0000000000000000   2.0375191903029208E+01   7.1496138970038883E-02
       8.0000000000000000   2.0371251866189731E+01   8.2141337386957683E-02
       9.0000000000000000   2.0321405251095829E+01   9.3158376081317912E-02
      10.0000000000000000   2.0233052749192609E+01   1.0459153410070832E-01
      11.0000000000000000   2.0112389611555013E+01   1.1647959458811756E-01
      12.0000000000000000   1.9964428220094209E+01   1.2885813893642756E-01
      13.0000000000000000   1.9793429645746620E+01   1.4176053339829506E-01
      14.0000000000000000   1.9602728079576845E+01   1.5522104144339699E-01
      15.0000000000000000   1.9395169213411826E+01   1.6927368366146281E-01
      16.0000000000000000   1.9173212210332562E+01   1.8395209057303002E-01
      17.0000000000000000   1.8938841005682526E+01   1.9929215118259663E-01
      18.0000000000000000   1.8693814694198444E+01   2.1533059647697286E-01
      19.0000000000000000   1.8439579399284217E+01   2.3210618314599415E-01
      20.0000000000000000   1.8177383755789638E+01   2.4966033195142270E-01
      21.0000000000000000   1.7908279296000238E+01   2.6803733189327378E-01
      22.0000000000000000   1.7633192474071596E+01   2.8728410827927170E-01
      23.0000000000000000   1.7352910112595715E+01   3.0745124265964369E-01
      24.0000000000000000   1.7068091768791938E+01   3.2859378547245799E-01
      25.0000000000000000   1.6779313651513011E+01   3.5077103251494213E-01
      26.0000000000000000   1.6487070879726993E+01   3.7404729189989450E-01
      27.0000000000000000   1.6191789438152764E+01   3.9849239366477507E-01
      27.9989999999999988   1.5894139563921549E+01   4.2415584802358153E-01
      28.0000000000000000   1.5893840391390210E+01   4.2418218644938455E-01
      28.0010000000000012   1.5893541216971180E+01   4.2420852620185479E-01
      29.0000000000000000   1.5593540922462781E+01   4.5119928568769663E-01
      30.0000000000000000   1.5291173305152160E+01   4.7963356216318204E-01
      31.0000000000000000   1.4986981841845182E+01   5.0958295879291649E-01
      32.0000000000000000   1.4681191781395430E+01   5.4115395746717487E-01
      33.0000000000000000   1.4374003309156473E+01   5.7446258368512104E-01
      34.0000000000000000   1.4065607166767887E+01   6.0963492585477086E-01
      35.0000000000000000   1.3756186886645906E+01   6.4680787074755097E-01
      36.0000000000000000   1.3445926485321694E+01   6.8612970426970921E-01
      37.0000000000000000   1.3135016881259672E+01   7.2776059085872391E-01
      38.0000000000000000   1.2823663389389527E+01   7.7187283878808632E-01
      39.0000000000000000   1.2512092394040076E+01   8.1865085397423132E-01
      40.0000000000000000   1.2200560661924674E+01   8.6829059997380165E-01
      41.0000000000000000   1.1889362958154228E+01   9.2099847689454561E-01
      42.0000000000000000   1.1578841873744196E+01   9.7698927030441640E-01
      43.0000000000000000   1.1269397564988134E+01   1.0364829966716684E+00
      44.0000000000000000   1.0961497347751761E+01   1.0997002643185869E+00
      45.0000000000000000   1.0655684218322763E+01   1.1668559939016723E+00
      45.9990000000000023   1.0352886459103200E+01   1.2380775964176538E+00
      46.0000000000000000   1.0352584945968252E+01   1.2381510203305115E+00
      46.0009999999999977   1.0352283436254773E+01   1.2382244485620049E+00
      47.0000000000000000   1.0052914625472157E+01   1.3137615985871587E+00
      48.0000000000000000   9.7574771518078798E+00   1.3938268054148948E+00
      49.0000000000000000   9.4671597222664783E+00   1.4784342565597495E+00
      50.0000000000000000   9.1829196296726998E+00   1.5676049818566247E+00
      51.0000000000000000   8.9057622543857331E+00   1.6612788132030167E+00
      52.0000000000000000   8.6367102771584854E+00   1.7593020594711177E+00
      53.0000000000000000   8.3767650151466952E+00   1.8614194854972665E+00
      54.0000000000000000   8.1268631947103120E+00   1.9672724322677961E+00
      55.0000000000000000   7.8878332942384581E+00   2.0764043018341867E+00
      56.0000000000000000   7.6603568133266426E+00   2.1882735874727786E+00
      57.0000000000000000   7.4449392128757514E+00   2.3022732421452057E+00
      58.0000000000000000   7.2418929095164986E+00   2.4177549189562222E+00
      59.0000000000000000   7.0513352741574620E+00   2.5340545257741161E+00
      60.0000000000000000   6.8731995734474989E+00   2.6505167780970496E+00
      61.0000000000000000   6.7072550590401470E+00   2.7665170761138125E+00
      62.0000000000000000   6.5531348422906293E+00   2.8814781793955988E+00
      63.0000000000000000   6.4103660075170588E+00   2.9948819903374133E+00
      64.0000000000000000   6.2783995028784059E+00   3.1062762660859455E+00
      65.0000000000000000   6.1566375469943946E+00   3.2152769776655612E+00
      66.0000000000000000   6.0444571446422239E+00   3.3215672266804264E+00
      67.0000000000000000   5.9412292153531645E+00   3.4248936768925358E+00
      68.0000000000000000   5.8463333761903478E+00   3.5250613760942913E+00
      69.0000000000000000   5.7591687702546697E+00   3.6219276942414824E+00
      70.0000000000000000   5.6791615226884025E+00   3.7153959332453641E+00
      71.0000000000000000   5.6057694528524040E+00   3.8054090061980550E+00
      72.0000000000000000   5.5384846485608552E+00   3.8919434455789590E+00
      73.0000000000000000   5.4768344245372358E+00   3.9750038967478423E+00
      74.0000000000000000   5.4203811144702492E+00   4.0546181730823871E+00
      75.0000000000000000   5.3687210344316316E+00   4.1308329101127574E+00
      76.0000000000000000   5.3214830056836178E+00   4.2037097145427271E+00
      77.0000000000000000   5.2783263665571418E+00   4.2733219998359768E+00
      78.0000000000000000   5.2389390047240232E+00   4.3397521572355773E+00
      79.0000000000000000   5.2030352345916810E+00   4.4030892388636644E+00
      80.0000000000000000   5.1703537119970076E+00   4.4634270084274821E+00
      81.0000000000000000   5.1406554170935257E+00   4.5208623245755435E+00
      82.0000000000000000   5.1137217411456524E+00   4.5754938104318441E+00
      83.0000000000000000   5.0893526899771739E+00   4.6274207672469059E+00
      84.0000000000000000   5.0673652156763618E+00   4.6767422953688520E+00
      85.0000000000000000   5.0475916833259262E+00   4.7235565895894247E+00
      86.0000000000000000   5.0298784629450841E+00   4.7679603811137854E+00
      87.0000000000000000   5.0140846444895093E+00   4.8100485041857350E+00
      88.0000000000000000   5.0000808791992162E+00   4.8499135528707171E+00
      89.0000000000000000   4.9877483073113424E+00   4.8876456454519746E+00
      90.0000000000000000   4.9769776071469343E+00   4.9233322349720003E+00
      91.0000000000000000   4.9676681271392997E+00   4.9570579885367847E+00
      92.0000000000000000   4.9597271016580118E+00   4.9889047109197895E+00
      93.0000000000000000   4.9530689431838111E+00   5.0189513060228528E+00
      94.0000000000000000   4.9476146031244719E+00   5.0472737688895020E+00
      95.0000000000000000   4.9432909945353440E+00   5.0739452021746896E+00
      96.0000000000000000   4.9400304707162084E+00   5.0990358520017072E+00
      97.0000000000000000   4.9377703540408255E+00   5.1226131590002399E+00
      98.0000000000000000   4.9364525095633542E+00   5.1447418210791751E+00
      99.0000000000000000   4.9360229614001767E+00   5.1654838648540116E+00
     100.0000000000000000   4.9364315410227473E+00   5.1848987238855218E+00
     110.0000000000000000   4.9777474332778269E+00   5.3174437789976796E+00
     120.0000000000000000   5.0667800543955135E+00   5.3666501568890643E+00
     130.0000000000000000   5.1854778463214490E+00   5.3618428138139560E+00
     140.0000000000000000   5.3235339492613143E+00   5.3219498549827451E+00
     150.0000000000000000   5.4746912019044336E+00   5.2593568110857607E+00
     160.0000000000000000   5.6349597196213539E+00   5.1822875213665665E+00
     170.0000000000000000   5.7996564163991824E+00   5.1049140952587919E+00
     180.0000000000000000   5.9689937663323978E+00   5.0222975669814556E+00
     190.0000000000000000   6.1468164376390044E+00   4.9239283718594153E+00
     200.0000000000000000   6.3181699374678857E+00   4.8468535615798096E+00
     210.0000000000000000   6.4966126939903948E+00   4.7565402967958823E+00
     220.0000000000000000   6.6809442018643637E+00   4.6557897631705769E+00
     230.0000000000000000   6.8588686935274055E+00   4.5746468440262387E+00
     240.0000000000000000   7.0420527333879033E+00   4.4840224611403841E+00
     250.0000000000000000   7.2245482289964347E+00   4.3982277425493459E+00
     260.0000000000000000   7.4063675267018247E+00   4.3168795577954224E+00
     270.0000000000000000   7.5875262061688424E+00   4.2396325131999877E+00
     280.0000000000000000   7.7727637397493057E+00   4.1552176292241381E+00
     290.0000000000000000   7.9524807195691434E+00   4.0857350686697753E+00
     300.0000000000000000   8.1360410995098622E+00   4.0093877177583472E+00
     310.0000000000000000   8.3144184347576804E+00   3.9465208393883002E+00
     320.0000000000000000   8.4964205368982206E+00   3.8770843837304647E+00
     330.0000000000000000   8.6776365267588158E+00   3.8109035497809582E+00
     340.0000000000000000   8.8580955493521039E+00   3.7477443802249484E+00
     348.9990000000000236   9.0186897201512579E+00   3.6958469573720154E+00
     349.0009999999999764   9.0187279614736156E+00   3.6958300288264505E+00
     350.0000000000000000   9.0378254622641574E+00   3.6873950812332312E+00
     352.9990000000000236   9.0911984997294564E+00   3.6706493781744527E+00
     353.0009999999999764   9.0912366651527208E+00   3.6706327341961682E+00
     360.0000000000000000   9.2168528217830428E+00   3.6296634965402279E+00
     370.0000000000000000   9.3989618413500544E+00   3.5664944075440683E+00
     380.0000000000000000   9.5765697010322430E+00   3.5137343603074140E+00
     390.0000000000000000   9.7535491386647841E+00   3.4630991729216745E+00
     400.0000000000000000   9.9334643684811752E+00   3.4072570171822130E+00
     410.0000000000000000   1.0109166340506421E+01   3.3606945266260664E+00
     420.0000000000000000   1.0287721932650568E+01   3.3090742103017128E+00
     430.0000000000000000   1.0462230768936154E+01   3.2660977441460228E+00
     440.0000000000000000   1.0639510196442044E+01   3.2182134969069640E+00
     440.9990000000000236   1.0657848503487706E+01   3.2122425433133350E+00
     441.0009999999999764   1.0657885210555465E+01   3.2122306134136291E+00
     450.0000000000000000   1.0816160616843311E+01   3.1721186216876878E+00
     460.0000000000000000   1.0992200400092669E+01   3.1277106946724578E+00
     470.0000000000000000   1.1167647346635716E+01   3.0848946637528227E+00
     480.0000000000000000   1.1339377177586361E+01   3.0494391256827331E+00
     490.0000000000000000   1.1513726438595082E+01   3.0094182827408122E+00
     500.0000000000000000   1.1687530862915546E+01   2.9707511720912829E+00
     510.0000000000000000   1.1860805203638419E+01   2.9333674613164096E+00
     520.0000000000000000   1.2033563535100473E+01   2.8972018083368352E+00
     530.0000000000000000   1.2205819348777094E+01   2.8621933242178823E+00
     540.0000000000000000   1.2380496033453895E+01   2.8231533690138795E+00
     550.0000000000000000   1.2551747560970860E+01   2.7903969696653590E+00
     560.0000000000000000   1.2722534321983368E+01   2.7586338865439282E+00
     570.0000000000000000   1.2892867853088129E+01   2.7278177038901816E+00
     580.0000000000000000   1.3062759170970169E+01   2.6979050199480681E+00
     590.0000000000000000   1.3234974419970165E+01   2.6642053314179042E+00
     600.0000000000000000   1.3403975000661861E+01   2.6360685480747525E+00
     610.0000000000000000   1.3572564831904186E+01   2.6087162497924914E+00
     620.0000000000000000   1.3743431899965799E+01   2.5777093690333714E+00
     630.0000000000000000   1.3911189280179782E+01   2.5519097213374442E+00
     640.0000000000000000   1.4078563674648377E+01   2.5267961804756012E+00
     650.0000000000000000   1.4248165091502905E+01   2.4981565750938186E+00
     660.0000000000000000   1.4414759842096167E+01   2.4744082448367530E+00
     670.0000000000000000   1.4583557971127684E+01   2.4472122327508870E+00
     680.0000000000000000   1.4749406960926276E+01   2.4247169854438688E+00
     690.0000000000000000   1.4917431564577706E+01   2.3988547834154490E+00
     693.9990000000000236   1.4983005288484462E+01   2.3910376172027119E+00
     694.0009999999999764   1.4983039329680210E+01   2.3910317750220664E+00
     700.0000000000000000   1.5082565400262798E+01   2.3775139983135367E+00
     710.0000000000000000   1.5249846102448842E+01   2.3528844533448359E+00
     720.0000000000000000   1.5416756492499946E+01   2.3288723096664108E+00
     730.0000000000000000   1.5580857604975137E+01   2.3091224122343941E+00
     740.0000000000000000   1.5747064641976264E+01   2.2862087615611362E+00
     750.0000000000000000   1.5912929052810927E+01   2.2638352295122006E+00
     760.0000000000000000   1.6076048367475924E+01   2.2455133980494311E+00
     770.0000000000000000   1.6241243064704882E+01   2.2241283583632505E+00
     780.0000000000000000   1.6406115275678268E+01   2.2032243782262695E+00
     790.0000000000000000   1.6568305637468189E+01   2.1861814325510061E+00
     800.0000000000000000   1.6732539490093526E+01   2.1661702482532239E+00
     810.0000000000000000   1.6896466556843976E+01   2.1465928334713227E+00
     820.0000000000000000   1.7060088333566551E+01   2.1274394617740060E+00
     830.0000000000000000   1.7221099387692060E+01   2.1119243864995658E+00
     840.0000000000000000   1.7384124060317454E+01   2.0935499699202658E+00
     850.0000000000000000   1.7546859801759496E+01   2.0755569093275512E+00
     860.0000000000000000   1.7709307830795183E+01   2.0579373886084493E+00
     870.0000000000000000   1.7871469399832332E+01   2.0406837441130943E+00
     880.0000000000000000   1.8031109685546195E+01   2.0268142024921403E+00
     890.0000000000000000   1.8192723238613667E+01   2.0102180573568269E+00
     900.0000000000000000   1.8354067401288550E+01   1.9939496259745686E+00
     910.0000000000000000   1.8515144550951302E+01   1.9780010102942578E+00
     920.0000000000000000   1.8675957313717291E+01   1.9623641886986138E+00
     930.0000000000000000   1.8836508545505620E+01   1.9470310494845546E+00
     940.0000000000000000   1.8996801614562994E+01   1.9319930461975934E+00
     950.0000000000000000   1.9156840349647851E+01   1.9172412718656722E+00
     960.0000000000000000   1.9316628803036789E+01   1.9027667682367393E+00
     970.0000000000000000   1.9476171026887283E+01   1.8885608106077740E+00
     980.0000000000000000   1.9635470895356260E+01   1.8746151284522141E+00
     990.0000000000000000   1.9794531989055599E+01   1.8609220319003508E+00
    1000.0000000000000000   1.9953357593172257E+01   1.8474743924169841E+00
    1100.0000000000000000   2.1529306057990578E+01   1.7251386462629117E+00
    1200.0000000000000000   2.3086603345803113E+01   1.6191427165690524E+00
    1300.0000000000000000   2.4627258255378909E+01   1.5260242920976459E+00
    1400.0000000000000000   2.6152997936409427E+01   1.4431785665991232E+00
    1500.0000000000000000   2.7663379639027099E+01   1.3705080781428276E+00
    1600.0000000000000000   2.9159724808616737E+01   1.3062153887065406E+00
    1700.0000000000000000   3.0644909333705595E+01   1.2473196279182774E+00
    1800.0000000000000000   3.2119661529653115E+01   1.1931085235969296E+00
    1900.0000000000000000   3.3581764426896250E+01   1.1454033481880703E+00
    2000.0000000000000000   3.5034812586807121E+01   1.1010173782272648E+00
    2100.0000000000000000   3.6478215410248673E+01   1.0604506045908841E+00
    2200.0000000000000000   3.7912645951563199E+01   1.0231482246889858E+00
    2300.0000000000000000   3.9339586751153341E+01   9.8797903605355397E-01
    2400.0000000000000000   4.0758429094267413E+01   9.5545084047265805E-01
    2500.0000000000000000   4.2169540720556014E+01   9.2530969424971865E-01
    2600.0000000000000000   4.3573208437431944E+01   8.9736159613812361E-01
    2700.0000000000000000   4.4969785808454489E+01   8.7137890768606052E-01
    2800.0000000000000000   4.6359655354470718E+01   8.4712794420129578E-01
    2900.0000000000000000   4.7744427147408707E+01   8.2360051846753102E-01
    3000.0000000000000000   4.9121877841813074E+01   8.0228311736436198E-01
    3100.0000000000000000   5.0494973648396211E+01   7.8133468970726894E-01
    3200.0000000000000000   5.1861750699757046E+01   7.6196871724310078E-01
    3300.0000000000000000   5.3223664069037966E+01   7.4339909782676117E-01
    3400.0000000000000000   5.4580327589466783E+01   7.2586411349406565E-01
    3500.0000000000000000   5.5931565474417518E+01   7.0946885902169043E-01
    3600.0000000000000000   5.7278133053520868E+01   6.9383511837832945E-01
    3700.0000000000000000   5.8620617684942793E+01   6.7870278400791839E-01
    3800.0000000000000000   5.9957524207956347E+01   6.6480894686371639E-01
    3900.0000000000000000   6.1291727776213179E+01   6.5074900922098244E-01
    4000.0000000000000000   6.2620850141859059E+01   6.3778826933515287E-01
    4040.9990000000002510   6.3164889943053055E+01   6.3249483180634880E-01
    4041.0010000000006585   6.3164916730780355E+01   6.3249445314311170E-01
    4100.0000000000000000   6.3946864093353682E+01   6.2489194257458458E-01
    4200.0000000000000000   6.5267227538503406E+01   6.1338929286358901E-01
    4300.0000000000000000   6.6584852358788325E+01   6.0181457405727956E-01
    4400.0000000000000000   6.7900611511344039E+01   5.8993919068927458E-01
    4500.0000000000000000   6.9208879062524360E+01   5.8022133919709906E-01
    4600.0000000000000000   7.0516878483564213E+01   5.6949339792812359E-01
    4700.0000000000000000   7.1819009416105914E+01   5.6018264589103794E-01
    4800.0000000000000000   7.3120036393183383E+01   5.5032019867075521E-01
    4900.0000000000000000   7.4417631679195196E+01   5.4087108312113985E-01
    5000.0000000000000000   7.5711654324184906E+01   5.3192895098663973E-01
    5100.0000000000000000   7.7002318770399512E+01   5.2341860429638354E-01
    5200.0000000000000000   7.8289686269921020E+01   5.1531773537908931E-01
    5300.0000000000000000   7.9573714106480708E+01   5.0764623470380854E-01
    5400.0000000000000000   8.0854267699569547E+01   5.0044543152280063E-01
    5500.0000000000000000   8.2133780454063782E+01   4.9282176790646620E-01
    5600.0000000000000000   8.3411515528214423E+01   4.8509398218122746E-01
    5700.0000000000000000   8.4683324735170046E+01   4.7876218305082074E-01
    5800.0000000000000000   8.5956649849002872E+01   4.7121021636920063E-01
    5900.0000000000000000   8.7222063168406322E+01   4.6574048753057407E-01
    6000.0000000000000000   8.8490240721875153E+01   4.5855721319525528E-01
    6100.0000000000000000   8.9753660695756608E+01   4.5235449859009685E-01
    6200.0000000000000000   9.1012396427210334E+01   4.4720274336458693E-01
    6300.0000000000000000   9.2273094406387798E+01   4.4068350274425327E-01
    6400.0000000000000000   9.3529783255896447E+01   4.3485210920673195E-01
    6500.0000000000000000   9.4784727637027487E+01   4.2910861098636355E-01
    6600.0000000000000000   9.6036394307113355E+01   4.2377581495160377E-01
    6700.0000000000000000   9.7284737602867423E+01   4.1898807751261979E-01
    6800.0000000000000000   9.8533390551847589E+01   4.1355823141794290E-01
    6900.0000000000000000   9.9778857141701721E+01   4.0851506266382243E-01
    7000.0000000000000000   1.0102250494136871E+02   4.0367059648475856E-01
    7100.0000000000000000   1.0226235698768861E+02   3.9933816072774109E-01
    7200.0000000000000000   1.0350111837568994E+02   3.9496213324981594E-01
    7300.0000000000000000   1.0473688169425529E+02   3.9087325419927355E-01
    7400.0000000000000000   1.0597372152382117E+02   3.8604812727556370E-01
    7500.0000000000000000   1.0720864127517291E+02   3.8143422954672851E-01
    7600.0000000000000000   1.0843847719448485E+02   3.7766955985944989E-01
    7700.0000000000000000   1.0966800717315154E+02   3.7372412876886246E-01
    7800.0000000000000000   1.1089685410102862E+02   3.6948208814219069E-01
    7900.0000000000000000   1.1211981987433163E+02   3.6637523621867824E-01
    8000.0000000000000000   1.1334815386380431E+02   3.6159124438704315E-01
    8100.0000000000000000   1.1456697667494973E+02   3.5891990868127388E-01
    8200.0000000000000000   1.1579138162939493E+02   3.5420994918719173E-01
    8300.0000000000000000   1.1700650592170288E+02   3.5179339788676145E-01
    8400.0000000000000000   1.1822728722076594E+02   3.4755737178752666E-01
    8500.0000000000000000   1.1944284059669076E+02   3.4417131726945965E-01
    8600.0000000000000000   1.2065537864889627E+02   3.4121371562812497E-01
    8700.0000000000000000   1.2187034336097841E+02   3.3738864999966384E-01
    8800.0000000000000000   1.2308050310392856E+02   3.3449666926510202E-01
    8900.0000000000000000   1.2428937111775856E+02   3.3164010270943367E-01
    9000.0000000000000000   1.2549875858624358E+02   3.2818502391093013E-01
    9100.0000000000000000   1.2670617665732428E+02   3.2487213655712477E-01
    9200.0000000000000000   1.2791008822890568E+02   3.2212987160749096E-01
    9300.0000000000000000   1.2911030575221315E+02   3.2007828424691398E-01
    9400.0000000000000000   1.3031328952464852E+02   3.1709996472015944E-01
    9500.0000000000000000   1.3151660175488809E+02   3.1377646700208905E-01
    9600.0000000000000000   1.3271608118173219E+02   3.1107943391914250E-01
    9700.0000000000000000   1.3391454830345799E+02   3.0829087564910584E-01
    9800.0000000000000000   1.3511213013819309E+02   3.0540739401334460E-01
    9900.0000000000000000   1.3630799047202052E+02   3.0264292712728491E-01
   10000.0000000000000000   1.3750203674299257E+02   3.0003382570147685E-01
   11000.0000000000000000   1.4936708052580641E+02   2.7779678967485061E-01
   12000.0000000000000000   1.6111730780160605E+02   2.5814219907552732E-01
   13000.0000000000000000   1.7275991231522983E+02   2.4116463600929813E-01
   14000.0000000000000000   1.8430820097357230E+02   2.2674466199270088E-01
   15000.0000000000000000   1.9576547745864906E+02   2.1396622080688227E-01
   16000.0000000000000000   2.0714422332463394E+02   2.0249278523667485E-01
   17000.0000000000000000   2.1844856265041631E+02   1.9211564070931719E-01
   18000.0000000000000000   2.2967876567760470E+02   1.8343156741710409E-01
   19000.0000000000000000   2.4083448871267612E+02   1.7591903663488709E-01
   20000.0000000000000000   2.5195575957809109E+02   1.6717561796201294E-01
   21000.0000000000000000   2.6300337915990252E+02   1.6047693075180638E-01
   22000.0000000000000000   2.7399081765598481E+02   1.5441193201986636E-01
   23000.0000000000000000   2.8493193870718920E+02   1.4906996334201389E-01
   24000.0000000000000000   2.9581994023273285E+02   1.4402914823127436E-01
   25000.0000000000000000   3.0668802778618948E+02   1.3784496871194363E-01
   26000.0000000000000000   3.1748565995202466E+02   1.3399318120415529E-01
   27000.0000000000000000   3.2824730497925196E+02   1.2927622515223294E-01
   28000.0000000000000000   3.3895124184115053E+02   1.2604768583381937E-01
   29000.0000000000000000   3.4965807531126683E+02   1.2211868403297331E-01
   30000.0000000000000000   3.6027389280712254E+02   1.1958723729103121E-01
   31000.0000000000000000   3.7092575432661931E+02   1.1451355063902340E-01
   32000.0000000000000000   3.8148898665598512E+02   1.1275675418385833E-01
   33000.0000000000000000   3.9202635156754980E+02   1.0920078190083378E-01
   34000.0000000000000000   4.0253511669176288E+02   1.0631615842171538E-01
   35000.0000000000000000   4.1300985499947086E+02   1.0454426751975934E-01
   36000.0000000000000000   4.2349880612211888E+02   1.0040900855454278E-01
   37000.0000000000000000   4.3393573587230441E+02   9.8077127612868312E-02
   38000.0000000000000000   4.4431070089157555E+02   9.6350248084979051E-02
   39000.0000000000000000   4.5466307626435997E+02   9.4053406357446495E-02
   40000.0000000000000000   4.6504148878689614E+02   9.2357453398341408E-02
   41000.0000000000000000   4.7532821249130672E+02   8.9823413358007129E-02
   42000.0000000000000000   4.8566400134688041E+02   8.8259894982437359E-02
   43000.0000000000000000   4.9587485415346714E+02   8.7599227661495360E-02
   44000.0000000000000000   5.0615163439579584E+02   8.5725620275320893E-02
   45000.0000000000000000   5.1641796641453209E+02   8.2946205578705065E-02
   46000.0000000000000000   5.2657980419622197E+02   8.2533318313555287E-02
   47000.0000000000000000   5.3674457793486567E+02   8.0147041101284539E-02
   48000.0000000000000000   5.4693124921896788E+02   7.8300730148924760E-02
   49000.0000000000000000   5.5708137275555112E+02   7.7428301781337111E-02
   50000.0000000000000000   5.6722629228559015E+02   7.5456347621245909E-02
