       0.1000000000000000   5.2780566474446387E+03
       0.2000000000000000   2.6662164516458811E+03
       0.3000000000000000   1.7915071191059023E+03
       0.4000000000000000   1.3525697989462212E+03
       0.5000000000000000   1.0884020812691449E+03
       0.6000000000000000   9.1181581530745370E+02
       0.7000000000000000   7.8537608138990129E+02
       0.7999999999999999   6.9033485301354335E+02
       0.8999999999999999   6.1626105806516489E+02
       0.9999999999999999   5.5688743211737494E+02
       2.0000000000000000   2.8781020318073917E+02
       3.0000000000000000   1.9692777549231124E+02
       4.0000000000000000   1.5105196142944621E+02
       5.0000000000000000   1.2331847770448643E+02
       6.0000000000000000   1.0471495427262722E+02
       7.0000000000000000   9.1358035979336051E+01
       8.0000000000000000   8.1296799868382593E+01
       9.0000000000000000   7.3442748933192661E+01
      10.0000000000000000   6.7140219599721007E+01
      11.0000000000000000   6.1970454710736298E+01
      12.0000000000000000   5.7653336069377112E+01
      13.0000000000000000   5.3994318257598060E+01
      14.0000000000000000   5.0854022824541168E+01
      15.0000000000000000   4.8129948016531628E+01
      16.0000000000000000   4.5745009538153880E+01
      17.0000000000000000   4.3640108536221575E+01
      18.0000000000000000   4.1769165929232734E+01
      19.0000000000000000   4.0095717610365142E+01
      20.0000000000000000   3.8590526208064240E+01
      21.0000000000000000   3.7229871839936422E+01
      22.0000000000000000   3.5994306655618267E+01
      23.0000000000000000   3.4867732589390762E+01
      24.0000000000000000   3.3836708439290611E+01
      25.0000000000000000   3.2889922341351500E+01
      26.0000000000000000   3.2017785296193985E+01
      27.0000000000000000   3.1212114510435814E+01
      27.9989999999999988   3.0466602828681825E+01
      28.0000000000000000   3.0465884198376045E+01
      28.0010000000000012   3.0465165621279571E+01
      29.0000000000000000   2.9773027636637600E+01
      30.0000000000000000   2.9128278571317534E+01
      31.0000000000000000   2.8527043131112453E+01
      32.0000000000000000   2.7965295610083814E+01
      33.0000000000000000   2.7439493078619570E+01
      34.0000000000000000   2.6946504967410682E+01
      35.0000000000000000   2.6483554645500973E+01
      36.0000000000000000   2.6048170671551869E+01
      37.0000000000000000   2.5638145898073216E+01
      38.0000000000000000   2.5251502990193778E+01
      39.0000000000000000   2.4886465213817861E+01
      40.0000000000000000   2.4541431575161166E+01
      41.0000000000000000   2.4214955574248993E+01
      42.0000000000000000   2.3905726972063839E+01
      43.0000000000000000   2.3612556084724687E+01
      44.0000000000000000   2.3334360203723783E+01
      45.0000000000000000   2.3070151814707575E+01
      45.9990000000000023   2.2819273210097283E+01
      46.0000000000000000   2.2819028341498271E+01
      46.0009999999999977   2.2818783485148401E+01
      47.0000000000000000   2.2580163190302851E+01
      48.0000000000000000   2.2352797905234326E+01
      49.0000000000000000   2.2136235277534819E+01
      50.0000000000000000   2.1929833275722178E+01
      51.0000000000000000   2.1732999684228204E+01
      52.0000000000000000   2.1545187356788464E+01
      53.0000000000000000   2.1365890002662223E+01
      54.0000000000000000   2.1194638437890980E+01
      55.0000000000000000   2.1030997242296543E+01
      56.0000000000000000   2.0874561772098662E+01
      57.0000000000000000   2.0724955484505749E+01
      58.0000000000000000   2.0581827537283019E+01
      59.0000000000000000   2.0444850630277426E+01
      60.0000000000000000   2.0313719061354000E+01
      61.0000000000000000   2.0188146971973381E+01
      62.0000000000000000   2.0067866761384000E+01
      63.0000000000000000   1.9952627650663864E+01
      64.0000000000000000   1.9842194380243498E+01
      65.0000000000000000   1.9736346026995868E+01
      66.0000000000000000   1.9634874927731634E+01
      67.0000000000000000   1.9537585698622074E+01
      68.0000000000000000   1.9444294340324181E+01
      69.0000000000000000   1.9354827420411645E+01
      70.0000000000000000   1.9269021325167266E+01
      71.0000000000000000   1.9186721574478515E+01
      72.0000000000000000   1.9107782193037025E+01
      73.0000000000000000   1.9032065132961709E+01
      74.0000000000000000   1.8959439742876025E+01
      75.0000000000000000   1.8889782279144637E+01
      76.0000000000000000   1.8822975455386320E+01
      77.0000000000000000   1.8758908026729742E+01
      78.0000000000000000   1.8697474406027162E+01
      79.0000000000000000   1.8638574308759662E+01
      80.0000000000000000   1.8582112424472172E+01
      81.0000000000000000   1.8527998112386722E+01
      82.0000000000000000   1.8476145119067315E+01
      83.0000000000000000   1.8426471316380983E+01
      84.0000000000000000   1.8378898457895687E+01
      85.0000000000000000   1.8333351952620049E+01
      86.0000000000000000   1.8289760654147717E+01
      87.0000000000000000   1.8248056664333262E+01
      88.0000000000000000   1.8208175150256565E+01
      89.0000000000000000   1.8170054173449930E+01
      90.0000000000000000   1.8133634530301087E+01
      91.0000000000000000   1.8098859603126598E+01
      92.0000000000000000   1.8065675220689393E+01
      93.0000000000000000   1.8034029527696646E+01
      94.0000000000000000   1.8003872862617836E+01
      95.0000000000000000   1.7975157643105156E+01
      96.0000000000000000   1.7947838258545964E+01
      97.0000000000000000   1.7921870969189662E+01
      98.0000000000000000   1.7897213811467378E+01
      99.0000000000000000   1.7873826508923408E+01
     100.0000000000000000   1.7851670388519576E+01
     110.0000000000000000   1.7690317649905584E+01
     120.0000000000000000   1.7618915979728079E+01
     130.0000000000000000   1.7616218317513358E+01
     140.0000000000000000   1.7667046346860747E+01
     150.0000000000000000   1.7760276618654917E+01
     160.0000000000000000   1.7887578036627300E+01
     170.0000000000000000   1.8042592821272812E+01
     180.0000000000000000   1.8220389301561099E+01
     190.0000000000000000   1.8417086841617483E+01
     200.0000000000000000   1.8629592914608256E+01
     210.0000000000000000   1.8855415092612414E+01
     220.0000000000000000   1.9092524204535184E+01
     230.0000000000000000   1.9339253142057885E+01
     240.0000000000000000   1.9594220947608285E+01
     250.0000000000000000   1.9856275123810054E+01
     260.0000000000000000   2.0124447269256894E+01
     270.0000000000000000   2.0397918591443148E+01
     280.0000000000000000   2.0675992830507955E+01
     290.0000000000000000   2.0958074806132657E+01
     300.0000000000000000   2.1243653275651255E+01
     310.0000000000000000   2.1532287129391673E+01
     320.0000000000000000   2.1823594192420334E+01
     330.0000000000000000   2.2117242078853621E+01
     340.0000000000000000   2.2412940675120822E+01
     348.9990000000000236   2.2680582316554407E+01
     349.0009999999999764   2.2680641948287398E+01
     350.0000000000000000   2.2710435925394094E+01
     352.9990000000000236   2.2799970877010072E+01
     353.0009999999999764   2.2800030632798777E+01
     360.0000000000000000   2.3009504664991617E+01
     370.0000000000000000   2.3309950302620223E+01
     380.0000000000000000   2.3611599194217749E+01
     390.0000000000000000   2.3914297583545764E+01
     400.0000000000000000   2.4217909009619447E+01
     410.0000000000000000   2.4522312100694823E+01
     420.0000000000000000   2.4827398689789877E+01
     430.0000000000000000   2.5133072198932577E+01
     440.0000000000000000   2.5439246248910898E+01
     440.9990000000000236   2.5469857488410700E+01
     441.0009999999999764   2.5469918776353456E+01
     450.0000000000000000   2.5745843459064723E+01
     460.0000000000000000   2.6052794407839240E+01
     470.0000000000000000   2.6360036729826476E+01
     480.0000000000000000   2.6667514329130348E+01
     490.0000000000000000   2.6975176692146025E+01
     500.0000000000000000   2.7282978285648351E+01
     510.0000000000000000   2.7590878028234055E+01
     520.0000000000000000   2.7898838825098768E+01
     530.0000000000000000   2.8206827157574669E+01
     540.0000000000000000   2.8514812720233166E+01
     550.0000000000000000   2.8822768099311901E+01
     560.0000000000000000   2.9130668487223446E+01
     570.0000000000000000   2.9438491428573354E+01
     580.0000000000000000   2.9746216593818222E+01
     590.0000000000000000   3.0053825577152068E+01
     600.0000000000000000   3.0361301715767176E+01
     610.0000000000000000   3.0668629927914154E+01
     620.0000000000000000   3.0975796567608775E+01
     630.0000000000000000   3.1282789294042527E+01
     640.0000000000000000   3.1589596954076384E+01
     650.0000000000000000   3.1896209476314816E+01
     660.0000000000000000   3.2202617775503228E+01
     670.0000000000000000   3.2508813666159426E+01
     680.0000000000000000   3.2814789784377510E+01
     690.0000000000000000   3.3120539517029627E+01
     693.9990000000000236   3.3242744118757358E+01
     694.0009999999999764   3.3242805226980821E+01
     700.0000000000000000   3.3426056937511987E+01
     710.0000000000000000   3.3731336747430227E+01
     720.0000000000000000   3.4036374223550844E+01
     730.0000000000000000   3.4341165169565933E+01
     740.0000000000000000   3.4645705872111385E+01
     750.0000000000000000   3.4949993060700685E+01
     760.0000000000000000   3.5254023871120005E+01
     770.0000000000000000   3.5557795812018895E+01
     780.0000000000000000   3.5861306734334576E+01
     790.0000000000000000   3.6164554803333743E+01
     800.0000000000000000   3.6467538472987734E+01
     810.0000000000000000   3.6770256462503546E+01
     820.0000000000000000   3.7072707734770844E+01
     830.0000000000000000   3.7374891476607822E+01
     840.0000000000000000   3.7676807080583380E+01
     850.0000000000000000   3.7978454128333610E+01
     860.0000000000000000   3.8279832375205345E+01
     870.0000000000000000   3.8580941736109239E+01
     880.0000000000000000   3.8881782272526209E+01
     890.0000000000000000   3.9182354180492176E+01
     900.0000000000000000   3.9482657779559418E+01
     910.0000000000000000   3.9782693502582696E+01
     920.0000000000000000   4.0082461886320239E+01
     930.0000000000000000   4.0381963562729119E+01
     940.0000000000000000   4.0681199250957341E+01
     950.0000000000000000   4.0980169749902203E+01
     960.0000000000000000   4.1278875931378785E+01
     970.0000000000000000   4.1577318733757622E+01
     980.0000000000000000   4.1875499156114657E+01
     990.0000000000000000   4.2173418252788309E+01
    1000.0000000000000000   4.2471077128371185E+01
    1100.0000000000000000   4.5433624294292876E+01
    1200.0000000000000000   4.8371595029556190E+01
    1300.0000000000000000   5.1286433202548857E+01
    1400.0000000000000000   5.4179582260395556E+01
    1500.0000000000000000   5.7052417999532530E+01
    1600.0000000000000000   5.9906221027512771E+01
    1700.0000000000000000   6.2742168804102789E+01
    1800.0000000000000000   6.5561337220982239E+01
    1900.0000000000000000   6.8364706598713866E+01
    2000.0000000000000000   7.1153169463914651E+01
    2100.0000000000000000   7.3927538756095856E+01
    2200.0000000000000000   7.6688555791677416E+01
    2300.0000000000000000   7.9436897673194707E+01
    2400.0000000000000000   8.2173184023154974E+01
    2500.0000000000000000   8.4897983021999622E+01
    2600.0000000000000000   8.7611816779911678E+01
    2700.0000000000000000   9.0315166095109632E+01
    2800.0000000000000000   9.3008474659645145E+01
    2900.0000000000000000   9.5692152774253813E+01
    3000.0000000000000000   9.8366580630367409E+01
    3100.0000000000000000   1.0103211121245478E+02
    3200.0000000000000000   1.0368907286805349E+02
    3300.0000000000000000   1.0633777158734611E+02
    3400.0000000000000000   1.0897849302883006E+02
    3500.0000000000000000   1.1161150432295119E+02
    3600.0000000000000000   1.1423705568134331E+02
    3700.0000000000000000   1.1685538183559392E+02
    3800.0000000000000000   1.1946670332632580E+02
    3900.0000000000000000   1.2207122766056781E+02
    4000.0000000000000000   1.2466915035302972E+02
    4040.9990000000002510   1.2573240772247382E+02
    4041.0010000000006585   1.2573245956384359E+02
    4100.0000000000000000   1.2726065586482802E+02
    4200.0000000000000000   1.2984591845142683E+02
    4300.0000000000000000   1.3242510293011205E+02
    4400.0000000000000000   1.3499836537591727E+02
    4500.0000000000000000   1.3756585375385666E+02
    4600.0000000000000000   1.4012770849430655E+02
    4700.0000000000000000   1.4268406301760510E+02
    4800.0000000000000000   1.4523504421311378E+02
    4900.0000000000000000   1.4778077287746893E+02
    5000.0000000000000000   1.5032136411607922E+02
    5100.0000000000000000   1.5285692771157420E+02
    5200.0000000000000000   1.5538756846241048E+02
    5300.0000000000000000   1.5791338649450890E+02
    5400.0000000000000000   1.6043447754848185E+02
    5500.0000000000000000   1.6295093324470349E+02
    5600.0000000000000000   1.6546284132829641E+02
    5700.0000000000000000   1.6797028589581592E+02
    5800.0000000000000000   1.7047334760529554E+02
    5900.0000000000000000   1.7297210387105068E+02
    6000.0000000000000000   1.7546662904464196E+02
    6100.0000000000000000   1.7795699458310827E+02
    6200.0000000000000000   1.8044326920557768E+02
    6300.0000000000000000   1.8292551903918658E+02
    6400.0000000000000000   1.8540380775522482E+02
    6500.0000000000000000   1.8787819669622857E+02
    6600.0000000000000000   1.9034874499480480E+02
    6700.0000000000000000   1.9281550968479360E+02
    6800.0000000000000000   1.9527854580536336E+02
    6900.0000000000000000   1.9773790649859828E+02
    7000.0000000000000000   2.0019364310104422E+02
    7100.0000000000000000   2.0264580522968268E+02
    7200.0000000000000000   2.0509444086270400E+02
    7300.0000000000000000   2.0753959641550125E+02
    7400.0000000000000000   2.0998131681221426E+02
    7500.0000000000000000   2.1241964555310855E+02
    7600.0000000000000000   2.1485462477808997E+02
    7700.0000000000000000   2.1728629532667563E+02
    7800.0000000000000000   2.1971469679456493E+02
    7900.0000000000000000   2.2213986758712849E+02
    8000.0000000000000000   2.2456184496996181E+02
    8100.0000000000000000   2.2698066511672116E+02
    8200.0000000000000000   2.2939636315441996E+02
    8300.0000000000000000   2.3180897320632772E+02
    8400.0000000000000000   2.3421852843266331E+02
    8500.0000000000000000   2.3662506106915549E+02
    8600.0000000000000000   2.3902860246367760E+02
    8700.0000000000000000   2.4142918311102753E+02
    8800.0000000000000000   2.4382683268598032E+02
    8900.0000000000000000   2.4622158007468420E+02
    9000.0000000000000000   2.4861345340458712E+02
    9100.0000000000000000   2.5100248007287468E+02
    9200.0000000000000000   2.5338868677355501E+02
    9300.0000000000000000   2.5577209952329011E+02
    9400.0000000000000000   2.5815274368601052E+02
    9500.0000000000000000   2.6053064399636816E+02
    9600.0000000000000000   2.6290582458217045E+02
    9700.0000000000000000   2.6527830898571682E+02
    9800.0000000000000000   2.6764812018428154E+02
    9900.0000000000000000   2.7001528060958674E+02
   10000.0000000000000000   2.7237981216649234E+02
   11000.0000000000000000   2.9588501587440010E+02
   12000.0000000000000000   3.1914811616740769E+02
   13000.0000000000000000   3.4218453290712040E+02
   14000.0000000000000000   3.6500699448250850E+02
   15000.0000000000000000   3.8762618598709651E+02
   16000.0000000000000000   4.1005120902992019E+02
   17000.0000000000000000   4.3228991603573877E+02
   18000.0000000000000000   4.5434915852279977E+02
   19000.0000000000000000   4.7623497495890621E+02
   20000.0000000000000000   4.9795273525514210E+02
   21000.0000000000000000   5.1950725354147357E+02
   22000.0000000000000000   5.4090287734525305E+02
   23000.0000000000000000   5.6214355894525238E+02
   24000.0000000000000000   5.8323291307556485E+02
   25000.0000000000000000   6.0417426404538480E+02
   26000.0000000000000000   6.2497068455877229E+02
   27000.0000000000000000   6.4562502795730586E+02
   28000.0000000000000000   6.6613995520167816E+02
   29000.0000000000000000   6.8651795760722098E+02
   30000.0000000000000000   7.0676137612541288E+02
   31000.0000000000000000   7.2687241779347301E+02
   32000.0000000000000000   7.4685316984736403E+02
   33000.0000000000000000   7.6670561189220155E+02
   34000.0000000000000000   7.8643162644940446E+02
   35000.0000000000000000   8.0603300813989460E+02
   36000.0000000000000000   8.2551147171240291E+02
   37000.0000000000000000   8.4486865909324285E+02
   38000.0000000000000000   8.6410614559888518E+02
   39000.0000000000000000   8.8322544543123149E+02
   40000.0000000000000000   9.0222801655628700E+02
   41000.0000000000000000   9.2111526504841277E+02
   42000.0000000000000000   9.3988854897140845E+02
   43000.0000000000000000   9.5854918185627935E+02
   44000.0000000000000000   9.7709843582635244E+02
   45000.0000000000000000   9.9553754441351714E+02
   46000.0000000000000000   1.0138677051024532E+03
   47000.0000000000000000   1.0320900816340011E+03
   48000.0000000000000000   1.0502058060985726E+03
   49000.0000000000000000   1.0682159808384940E+03
   50000.0000000000000000   1.0861216801850983E+03
