       0.1000000000000000   1.1572719738287486E+01   2.5166123244846554E-03
       0.2000000000000000   1.0202579021613753E+01   4.9088402782814086E-03
       0.3000000000000000   9.7554908168057093E+00   7.2747332702103812E-03
       0.4000000000000000   9.5922420688485950E+00   9.5242798265227774E-03
       0.5000000000000000   9.5150884359600756E+00   1.1739378031490253E-02
       0.6000000000000000   9.4791065162043662E+00   1.3925054594428068E-02
       0.7000000000000000   9.4667028471004429E+00   1.6085850168678417E-02
       0.7999999999999999   9.4682586194763960E+00   1.8225031022107117E-02
       0.8999999999999999   9.4793040570892657E+00   2.0339906584253588E-02
       0.9999999999999999   9.4956704512465837E+00   2.2439217293813846E-02
       2.0000000000000000   9.7373470921399363E+00   4.2718534819844126E-02
       3.0000000000000000   9.9412851740132879E+00   6.2410436175314603E-02
       4.0000000000000000   1.0075909993786254E+01   8.2112826518929774E-02
       5.0000000000000000   1.0151393919426845E+01   1.0217422825010868E-01
       6.0000000000000000   1.0179889474522671E+01   1.2282217640162867E-01
       7.0000000000000000   1.0171703723570106E+01   1.4420727928125687E-01
       8.0000000000000000   1.0134574578773600E+01   1.6644360707638839E-01
       9.0000000000000000   1.0074528980329738E+01   1.8962071789393686E-01
      10.0000000000000000   9.9961913489326477E+00   2.1381453128555955E-01
      11.0000000000000000   9.9032671292325283E+00   2.3908938070510175E-01
      12.0000000000000000   9.7986991634398173E+00   2.6550181376521226E-01
      13.0000000000000000   9.6848945192179734E+00   2.9310290326538108E-01
      14.0000000000000000   9.5637530609668833E+00   3.2194211338816442E-01
      15.0000000000000000   9.4368498071624689E+00   3.5206615407010577E-01
      16.0000000000000000   9.3055057303850308E+00   3.8351867855819277E-01
      17.0000000000000000   9.1707941620758824E+00   4.1634330669276354E-01
      18.0000000000000000   9.0336349635410986E+00   4.5058156159396057E-01
      19.0000000000000000   8.8947925350803505E+00   4.8627374186209610E-01
      20.0000000000000000   8.7549200095079911E+00   5.2345905109613655E-01
      21.0000000000000000   8.6145741068168320E+00   5.6217497496454238E-01
      22.0000000000000000   8.4742442335573056E+00   6.0245601272127725E-01
      23.0000000000000000   8.3343568212258248E+00   6.4433368892961163E-01
      24.0000000000000000   8.1952854251611260E+00   6.8783618205935981E-01
      25.0000000000000000   8.0573677920511724E+00   7.3298647358378977E-01
      26.0000000000000000   7.9209106151125255E+00   7.7980152468043284E-01
      27.0000000000000000   7.7861959339160505E+00   8.2829097193561108E-01
      28.0000000000000000   7.6534870529884431E+00   8.7845565885701782E-01
      29.0000000000000000   7.5230303277755679E+00   9.3028633350828183E-01
      30.0000000000000000   7.3950604769284300E+00   9.8376199613052262E-01
      31.0000000000000000   7.2697998341146945E+00   1.0388486036952576E+00
      32.0000000000000000   7.1474621126321214E+00   1.0954974658530838E+00
      33.0000000000000000   7.0282494095446104E+00   1.1536444183641139E+00
      34.0000000000000000   6.9123538355687755E+00   1.2132087335074109E+00
      35.0000000000000000   6.7999553718120964E+00   1.2740926763891591E+00
      36.0000000000000000   6.6912205243667184E+00   1.3361814426795986E+00
      37.0000000000000000   6.5863003378642668E+00   1.3993436177838494E+00
      38.0000000000000000   6.4853284392022852E+00   1.4634321842042157E+00
      39.0000000000000000   6.3884188137203326E+00   1.5282860937498579E+00
      40.0000000000000000   6.2956642912584808E+00   1.5937323319705607E+00
      41.0000000000000000   6.2071347868344269E+00   1.6595885062028326E+00
      42.0000000000000000   6.1228764635138253E+00   1.7256657250143441E+00
      43.0000000000000000   6.0429113178935019E+00   1.7917717419493873E+00
      44.0000000000000000   5.9672373592460284E+00   1.8577141302022264E+00
      45.0000000000000000   5.8958291788685306E+00   1.9233035096760580E+00
      46.0000000000000000   5.8286394248554814E+00   1.9883564564940996E+00
      47.0000000000000000   5.7656004927576445E+00   2.0526981692550867E+00
      48.0000000000000000   5.7066266425928980E+00   2.1161647250624744E+00
      49.0000000000000000   5.6516163713527456E+00   2.1786048890056979E+00
      50.0000000000000000   5.6004549034479396E+00   2.2398814491433034E+00
      51.0000000000000000   5.5530166978769637E+00   2.2998720903817937E+00
      52.0000000000000000   5.5091679545748251E+00   2.3584698237011401E+00
      53.0000000000000000   5.4687689103240178E+00   2.4155830282016799E+00
      54.0000000000000000   5.4316759938119885E+00   2.4711351571459637E+00
      55.0000000000000000   5.3977437119503691E+00   2.5250641803181342E+00
      56.0000000000000000   5.3668263530748224E+00   2.5773218249742484E+00
      57.0000000000000000   5.3387795393513713E+00   2.6278724702792258E+00
      58.0000000000000000   5.3134610883589195E+00   2.6766924286638476E+00
      59.0000000000000000   5.2907321619006034E+00   2.7237686972245863E+00
      60.0000000000000000   5.2704582329447867E+00   2.7690976629426625E+00
      61.0000000000000000   5.2525092130716651E+00   2.8126843960197307E+00
      62.0000000000000000   5.2367601521794533E+00   2.8545413427155015E+00
      63.0000000000000000   5.2230914437605316E+00   2.8946873918356864E+00
      64.0000000000000000   5.2113889583832478E+00   2.9331469423597012E+00
      65.0000000000000000   5.2015441136480671E+00   2.9699490420890129E+00
      66.0000000000000000   5.1934538507756738E+00   3.0051266017053520E+00
      67.0000000000000000   5.1870205526847624E+00   3.0387156843208349E+00
      68.0000000000000000   5.1821519172955739E+00   3.0707548689546469E+00
      69.0000000000000000   5.1787607927209756E+00   3.1012846851379434E+00
      70.0000000000000000   5.1767649871582240E+00   3.1303471139087407E+00
      71.0000000000000000   5.1760870601272231E+00   3.1579851517777486E+00
      72.0000000000000000   5.1766541066490426E+00   3.1842424311312105E+00
      73.0000000000000000   5.1783975325927338E+00   3.2091628930693754E+00
      74.0000000000000000   5.1812528293740270E+00   3.2327905071970453E+00
      75.0000000000000000   5.1851593326233569E+00   3.2551690496730390E+00
      76.0000000000000000   5.1900600765410267E+00   3.2763418379956444E+00
      77.0000000000000000   5.1959014704655395E+00   3.2963516614644366E+00
      78.0000000000000000   5.2026331685747884E+00   3.3152405778052363E+00
      79.0000000000000000   5.2102078546242003E+00   3.3330498174597976E+00
      80.0000000000000000   5.2185810547306106E+00   3.3498196938341800E+00
      81.0000000000000000   5.2277109589685651E+00   3.3655895330290928E+00
      82.0000000000000000   5.2375582548497128E+00   3.3803976204345552E+00
      83.0000000000000000   5.2480859676619529E+00   3.3942811617220623E+00
      84.0000000000000000   5.2592593093511057E+00   3.4072762564598635E+00
      85.0000000000000000   5.2710455403123539E+00   3.4194178821042538E+00
      86.0000000000000000   5.2834138367463535E+00   3.4307398870667094E+00
      87.0000000000000000   5.2963351653784194E+00   3.4412749937619176E+00
      88.0000000000000000   5.3097821788295150E+00   3.4510547956824591E+00
      89.0000000000000000   5.3237290913039788E+00   3.4601097843993744E+00
      90.0000000000000000   5.3381515879252630E+00   3.4684693561259325E+00
      91.0000000000000000   5.3530267294591622E+00   3.4761618341743072E+00
      92.0000000000000000   5.3683328641737065E+00   3.4832144917549619E+00
      93.0000000000000000   5.3840495461119229E+00   3.4896535769754280E+00
      94.0000000000000000   5.4001574589155501E+00   3.4955043395318555E+00
      95.0000000000000000   5.4166383447694733E+00   3.5007910586536219E+00
      96.0000000000000000   5.4334749382101046E+00   3.5055370719267724E+00
      97.0000000000000000   5.4506509044029219E+00   3.5097648046787469E+00
      98.0000000000000000   5.4681507811343231E+00   3.5134957996876093E+00
      99.0000000000000000   5.4859599270776265E+00   3.5167507468030856E+00
     100.0000000000000000   5.5040644685971980E+00   3.5195495127631191E+00
     110.0000000000000000   5.6987700594647004E+00   3.5262865464414817E+00
     120.0000000000000000   5.9120094867184250E+00   3.5042014162661563E+00
     130.0000000000000000   6.1375085108586003E+00   3.4635672197523975E+00
     140.0000000000000000   6.3712726133629936E+00   3.4112024567680099E+00
     150.0000000000000000   6.6106698575351519E+00   3.3516626379886842E+00
     160.0000000000000000   6.8539151545823662E+00   3.2880118381871788E+00
     170.0000000000000000   7.0997680748705090E+00   3.2223211216681440E+00
     180.0000000000000000   7.3473490666644681E+00   3.1559929592076528E+00
     190.0000000000000000   7.5960239371934630E+00   3.0899748018259521E+00
     200.0000000000000000   7.8453290850203912E+00   3.0249014503620035E+00
     210.0000000000000000   8.0949218729122467E+00   2.9611911304628218E+00
     220.0000000000000000   8.3431913445587025E+00   2.9015473513767813E+00
     230.0000000000000000   8.5889941419880103E+00   2.8485878259131625E+00
     240.0000000000000000   8.8389454264564051E+00   2.7903311495331247E+00
     250.0000000000000000   9.0874595042570583E+00   2.7354245876992898E+00
     260.0000000000000000   9.3346163609578490E+00   2.6835681312568185E+00
     270.0000000000000000   9.5804901010365917E+00   2.6344971077270487E+00
     280.0000000000000000   9.8251492231590252E+00   2.5879772674522599E+00
     287.9990000000000236   1.0025485024400817E+01   2.5446089779509840E+00
     288.0009999999999764   1.0025537296833235E+01   2.5445950970853226E+00
     290.0000000000000000   1.0073176192217538E+01   2.5373102888393917E+00
     300.0000000000000000   1.0319874758374301E+01   2.4893046807681638E+00
     310.0000000000000000   1.0560962058521461E+01   2.4497638265840695E+00
     320.0000000000000000   1.0805268681738170E+01   2.4062441014615410E+00
     330.0000000000000000   1.1048416430048738E+01   2.3648186495422614E+00
     340.0000000000000000   1.1290454866403099E+01   2.3253314912017036E+00
     350.0000000000000000   1.1531430448018277E+01   2.2876420713274985E+00
     360.0000000000000000   1.1771386715931609E+01   2.2516234142119038E+00
     370.0000000000000000   1.2010364538049103E+01   2.2171604838190717E+00
     380.0000000000000000   1.2252151847959080E+01   2.1793877512051489E+00
     390.0000000000000000   1.2489204783530401E+01   2.1478742064481549E+00
     400.0000000000000000   1.2729023587874785E+01   2.1131286588360019E+00
     410.0000000000000000   1.2964290924176492E+01   2.0841886305343151E+00
     420.0000000000000000   1.3202273266520816E+01   2.0521005008365738E+00
     430.0000000000000000   1.3435879313455159E+01   2.0254203260263779E+00
     440.0000000000000000   1.3672143790923322E+01   1.9956789563628334E+00
     450.0000000000000000   1.3907572377889371E+01   1.9670588789198631E+00
     460.0000000000000000   1.4142190268953529E+01   1.9394952144908473E+00
     470.0000000000000000   1.4372720189247842E+01   1.9166801380215210E+00
     480.0000000000000000   1.4605823589626590E+01   1.8909680268046460E+00
     490.0000000000000000   1.4838185229251344E+01   1.8661493625067311E+00
     500.0000000000000000   1.5069825941904872E+01   1.8421763986992883E+00
     510.0000000000000000   1.5300765642594742E+01   1.8190047892501084E+00
     520.0000000000000000   1.5531023372437369E+01   1.7965932935783426E+00
     530.0000000000000000   1.5760617338192009E+01   1.7749035163262448E+00
     540.0000000000000000   1.5989564987401799E+01   1.7538996393462916E+00
     550.0000000000000000   1.6220894077525905E+01   1.7303964528138587E+00
     560.0000000000000000   1.6448562231787410E+01   1.7107289811106339E+00
     570.0000000000000000   1.6675632226235329E+01   1.6916512061374118E+00
     580.0000000000000000   1.6902118808112334E+01   1.6731358426377112E+00
     590.0000000000000000   1.7130936622174691E+01   1.6522389451454822E+00
     600.0000000000000000   1.7356261956343758E+01   1.6348276675944549E+00
     610.0000000000000000   1.7581044893106331E+01   1.6179047081434983E+00
     620.0000000000000000   1.7808122923322145E+01   1.5986845075709002E+00
     630.0000000000000000   1.8031821952433138E+01   1.5827253078477808E+00
     640.0000000000000000   1.8255015139995109E+01   1.5671929054347709E+00
     650.0000000000000000   1.8480462221838248E+01   1.5494447811474128E+00
     660.0000000000000000   1.8702640729089602E+01   1.5347589452887587E+00
     670.0000000000000000   1.8927054039002094E+01   1.5179081933210237E+00
     680.0000000000000000   1.9148260089577448E+01   1.5040004275083001E+00
     690.0000000000000000   1.9371679867614716E+01   1.4879772632752108E+00
     700.0000000000000000   1.9591952877744458E+01   1.4747863441592364E+00
     710.0000000000000000   1.9814416812827261E+01   1.4595281660340620E+00
     720.0000000000000000   2.0036413025712672E+01   1.4446484849112591E+00
     730.0000000000000000   2.0255337051348718E+01   1.4324497073687417E+00
     740.0000000000000000   2.0476429503385120E+01   1.4182516195501198E+00
     750.0000000000000000   2.0694508226320721E+01   1.4066417580146062E+00
     760.0000000000000000   2.0914729197371873E+01   1.3930769612861156E+00
     770.0000000000000000   2.1134522022070946E+01   1.3798275962430822E+00
     780.0000000000000000   2.1353894067649506E+01   1.3668823047878200E+00
     790.0000000000000000   2.1570339736009892E+01   1.3563577343147868E+00
     800.0000000000000000   2.1788898843895918E+01   1.3439608959405243E+00
     810.0000000000000000   2.2007057651385846E+01   1.3318383653028920E+00
     820.0000000000000000   2.2222361104229687E+01   1.3220241412835558E+00
     830.0000000000000000   2.2439747042962939E+01   1.3103963418454456E+00
     840.0000000000000000   2.2656751378310098E+01   1.2990170428701004E+00
     850.0000000000000000   2.2873380283721033E+01   1.2878779152204280E+00
     860.0000000000000000   2.3089639820746342E+01   1.2769709586530038E+00
     870.0000000000000000   2.3305535675364538E+01   1.2662886982149559E+00
     880.0000000000000000   2.3518687718274428E+01   1.2577195943767554E+00
     890.0000000000000000   2.3733879984670310E+01   1.2474442091812250E+00
     900.0000000000000000   2.3948724264585699E+01   1.2373739240988171E+00
     910.0000000000000000   2.4163225789417833E+01   1.2275023396208533E+00
     920.0000000000000000   2.4377389574170884E+01   1.2178233867660966E+00
     930.0000000000000000   2.4591220433920721E+01   1.2083313045088815E+00
     940.0000000000000000   2.4804723005772196E+01   1.1990206080737023E+00
     950.0000000000000000   2.5017901801980507E+01   1.1898860410627374E+00
     960.0000000000000000   2.5230761240933472E+01   1.1809225429447061E+00
     970.0000000000000000   2.5443305652735493E+01   1.1721252373750768E+00
     980.0000000000000000   2.5655539289277822E+01   1.1634894190729252E+00
     990.0000000000000000   2.5867466319731363E+01   1.1550105505314880E+00
    1000.0000000000000000   2.6079090827257957E+01   1.1466842587869739E+00
    1100.0000000000000000   2.8179532317377792E+01   1.0709591594507595E+00
    1200.0000000000000000   3.0255672754179024E+01   1.0053296607821081E+00
    1300.0000000000000000   3.2310141198346152E+01   9.4764786889594810E-01
    1400.0000000000000000   3.4345090738060570E+01   8.9635130527578333E-01
    1500.0000000000000000   3.6360440279282820E+01   8.5133456844519473E-01
    1600.0000000000000000   3.8357878838899261E+01   8.1147980457896673E-01
    1700.0000000000000000   4.0340613808302351E+01   7.7499730904488739E-01
    1800.0000000000000000   4.2308026645049218E+01   7.4224671911167894E-01
    1900.0000000000000000   4.4262884176602654E+01   7.1185105997400477E-01
    2000.0000000000000000   4.6204404733013426E+01   6.8425685851940887E-01
    2100.0000000000000000   4.8133393119470959E+01   6.5910235236990611E-01
    2200.0000000000000000   5.0050607090673928E+01   6.3607094593810964E-01
    2300.0000000000000000   5.1958393922597217E+01   6.1418593329073268E-01
    2400.0000000000000000   5.3855638595364766E+01   5.9400220735736764E-01
    2500.0000000000000000   5.5741241023672700E+01   5.7598992948259164E-01
    2600.0000000000000000   5.7620662462777737E+01   5.5798838803622930E-01
    2700.0000000000000000   5.9489381296906373E+01   5.4185764375801171E-01
    2800.0000000000000000   6.1349509443931225E+01   5.2679761526602442E-01
    2900.0000000000000000   6.3202977107940519E+01   5.1214030117507692E-01
    3000.0000000000000000   6.5046982819125674E+01   4.9895072508352833E-01
    3100.0000000000000000   6.6884967909734613E+01   4.8602881058174091E-01
    3200.0000000000000000   6.8715735248609832E+01   4.7384953634191596E-01
    3300.0000000000000000   7.0539390310433390E+01   4.6240214979126937E-01
    3400.0000000000000000   7.2356384033280406E+01   4.5156861607934029E-01
    3500.0000000000000000   7.4166988305265775E+01   4.4129015865628024E-01
    3600.0000000000000000   7.5971393688682284E+01   4.3153489997584993E-01
    3700.0000000000000000   7.7769505549930685E+01   4.2234949342763417E-01
    3800.0000000000000000   7.9562059956886600E+01   4.1354594485398016E-01
    3900.0000000000000000   8.1350294113065715E+01   4.0477221465747887E-01
    4000.0000000000000000   8.3131514458767739E+01   3.9685599748348638E-01
    4100.0000000000000000   8.4908981775876683E+01   3.8886873206561190E-01
    4200.0000000000000000   8.6679947151453504E+01   3.8162085108094385E-01
    4300.0000000000000000   8.8447445491230724E+01   3.7427596681594644E-01
    4400.0000000000000000   9.0209529010567451E+01   3.6738872649188337E-01
    4500.0000000000000000   9.1966149141852867E+01   3.6099899970109234E-01
    4600.0000000000000000   9.3719169342747307E+01   3.5460896244144108E-01
    4700.0000000000000000   9.5468231628000822E+01   3.4835700437147726E-01
    4800.0000000000000000   9.7212429155600717E+01   3.4246935473196538E-01
    4900.0000000000000000   9.8952295841716122E+01   3.3683302884534555E-01
    5000.0000000000000000   1.0068821227347111E+02   3.3137080160586713E-01
    5100.0000000000000000   1.0242016914107435E+02   3.2609529740696641E-01
    5200.0000000000000000   1.0414825503056466E+02   3.2099767129573969E-01
    5300.0000000000000000   1.0587272537719385E+02   3.1603473378971897E-01
    5400.0000000000000000   1.0759353538764742E+02   3.1122957178341915E-01
    5500.0000000000000000   1.0931000697496570E+02   3.0673090982979795E-01
    5600.0000000000000000   1.1102286068511661E+02   3.0238821792479770E-01
    5700.0000000000000000   1.1273425123262059E+02   2.9775944563168721E-01
    5800.0000000000000000   1.1444007871306685E+02   2.9371810295639578E-01
    5900.0000000000000000   1.1614381586915697E+02   2.8956704978479919E-01
    6000.0000000000000000   1.1784276889157539E+02   2.8583542710172322E-01
    6100.0000000000000000   1.1954049392626672E+02   2.8181779276889657E-01
    6200.0000000000000000   1.2123451080513172E+02   2.7804476852700466E-01
    6300.0000000000000000   1.2292543689748310E+02   2.7436483947881657E-01
    6400.0000000000000000   1.2461226140869701E+02   2.7100741576572390E-01
    6500.0000000000000000   1.2629625018165746E+02   2.6773397590426179E-01
    6600.0000000000000000   1.2797886535783422E+02   2.6424815942191104E-01
    6700.0000000000000000   1.2965736563031697E+02   2.6110714311595185E-01
    6800.0000000000000000   1.3133412231666631E+02   2.5784155116570895E-01
    6900.0000000000000000   1.3300681225761616E+02   2.5491465278485481E-01
    7000.0000000000000000   1.3467804984128696E+02   2.5182469734545998E-01
    7100.0000000000000000   1.3634683067871333E+02   2.4878556388583140E-01
    7200.0000000000000000   1.3801273583237617E+02   2.4588704877571352E-01
    7300.0000000000000000   1.3967582781954147E+02   2.4309597167287489E-01
    7400.0000000000000000   1.4133519665390713E+02   2.4057736996485521E-01
    7500.0000000000000000   1.4299315316076556E+02   2.3792416330402269E-01
    7600.0000000000000000   1.4465011093928274E+02   2.3511851192079194E-01
    7700.0000000000000000   1.4630206745660229E+02   2.3280400613837735E-01
    7800.0000000000000000   1.4795305426391400E+02   2.3029722797920454E-01
    7900.0000000000000000   1.4960233491110259E+02   2.2777260040461203E-01
    8000.0000000000000000   1.5124778636155000E+02   2.2552259984983547E-01
    8100.0000000000000000   1.5289251773195150E+02   2.2312353166021712E-01
    8200.0000000000000000   1.5453304820908633E+02   2.2104668777239470E-01
    8300.0000000000000000   1.5617384720190816E+02   2.1866306542858419E-01
    8400.0000000000000000   1.5781112275711527E+02   2.1652001731964879E-01
    8500.0000000000000000   1.5944545506787364E+02   2.1457224377939241E-01
    8600.0000000000000000   1.6108021184161933E+02   2.1227011589719627E-01
    8700.0000000000000000   1.6270992956407702E+02   2.1044654695076442E-01
    8800.0000000000000000   1.6433955255761171E+02   2.0839600287687179E-01
    8900.0000000000000000   1.6596748101984480E+02   2.0634125088536556E-01
    9000.0000000000000000   1.6759280988286318E+02   2.0440529202193522E-01
    9100.0000000000000000   1.6921453809101098E+02   2.0273569007632652E-01
    9200.0000000000000000   1.7083672690715852E+02   2.0077607272868903E-01
    9300.0000000000000000   1.7245587329079515E+02   1.9903480917521882E-01
    9400.0000000000000000   1.7407401497474839E+02   1.9718085094757179E-01
    9500.0000000000000000   1.7569014561671599E+02   1.9538157922145524E-01
    9600.0000000000000000   1.7730354386819116E+02   1.9374052821873433E-01
    9700.0000000000000000   1.7891462950495608E+02   1.9220174597305828E-01
    9800.0000000000000000   1.8052415833918735E+02   1.9066368869651062E-01
    9900.0000000000000000   1.8213233154958698E+02   1.8910078636704403E-01
   10000.0000000000000000   1.8373898940231788E+02   1.8753633479706225E-01
   11000.0000000000000000   1.9971710515083694E+02   1.7295655440235358E-01
   12000.0000000000000000   2.1554075564483415E+02   1.6071582898227454E-01
   13000.0000000000000000   2.3122318445584813E+02   1.5050229413063776E-01
   14000.0000000000000000   2.4678407207062065E+02   1.4123445890521349E-01
   15000.0000000000000000   2.6223033006864773E+02   1.3309127830130218E-01
   16000.0000000000000000   2.7756898694928992E+02   1.2604178163338350E-01
   17000.0000000000000000   2.9280498252516799E+02   1.2018021818668721E-01
   18000.0000000000000000   3.0795870718232516E+02   1.1421867895629799E-01
   19000.0000000000000000   3.2302595161824092E+02   1.0895909268740572E-01
   20000.0000000000000000   3.3801206050741189E+02   1.0425037770142466E-01
   21000.0000000000000000   3.5291955045563265E+02   1.0025304229108260E-01
   22000.0000000000000000   3.6776237191774351E+02   9.6219257323568577E-02
   23000.0000000000000000   3.8253839145277766E+02   9.2496574817917843E-02
   24000.0000000000000000   3.9724758060024908E+02   8.9300160153768834E-02
   25000.0000000000000000   4.1189577389472163E+02   8.6285100764961847E-02
   26000.0000000000000000   4.2648694024747761E+02   8.3533728139012803E-02
   27000.0000000000000000   4.4101996516910293E+02   8.1204200068414556E-02
   28000.0000000000000000   4.5551496605256762E+02   7.8258745800171406E-02
   29000.0000000000000000   4.6994597931228407E+02   7.6075404880379033E-02
   30000.0000000000000000   4.8434180487221556E+02   7.3631183101796560E-02
   31000.0000000000000000   4.9867924202004474E+02   7.1640845214948498E-02
   32000.0000000000000000   5.1297700495791412E+02   6.9694085342968171E-02
   33000.0000000000000000   5.2722790437514857E+02   6.8100075862385478E-02
   34000.0000000000000000   5.4144149895304258E+02   6.6383598698317017E-02
   35000.0000000000000000   5.5562215130094035E+02   6.4432690916788063E-02
   36000.0000000000000000   5.6974320981148674E+02   6.3430798171295405E-02
   37000.0000000000000000   5.8384004715278161E+02   6.1837098602738991E-02
   38000.0000000000000000   5.9791725025002984E+02   5.9974690035407424E-02
   39000.0000000000000000   6.1193049647209045E+02   5.9283216424388559E-02
   40000.0000000000000000   6.2592797513188896E+02   5.7618403886472908E-02
   41000.0000000000000000   6.3988726421243973E+02   5.6711279259878039E-02
   42000.0000000000000000   6.5380294674866138E+02   5.5778844102941948E-02
   43000.0000000000000000   6.6772590875326432E+02   5.3872661703226410E-02
   44000.0000000000000000   6.8159439606873639E+02   5.2818188066597695E-02
   45000.0000000000000000   6.9542362532824848E+02   5.1797443121760801E-02
   46000.0000000000000000   7.0923902384310429E+02   5.0823418867306881E-02
   47000.0000000000000000   7.2302665137455040E+02   4.9903425887309227E-02
   48000.0000000000000000   7.3678458841978954E+02   4.8882621303315735E-02
   49000.0000000000000000   7.5049205059363180E+02   4.8723028633129634E-02
   50000.0000000000000000   7.6419103357422534E+02   4.7896759460908087E-02
