       0.0010000000000000   1.0000000000000000E+30   0.0000000000000000E+00
       0.1000000000000000   5.4443051841152317E+02   5.8556621739980226E-05
       0.2000000000000000   3.4440311034276129E+02   1.7463257210514833E-04
       0.3000000000000000   2.5140297185439618E+02   3.5949079050773053E-04
       0.4000000000000000   1.9966904813011536E+02   6.0369042199961271E-04
       0.5000000000000000   1.6604629498015115E+02   9.0822287600588446E-04
       0.6000000000000000   1.4253573877573967E+02   1.2700994540301371E-03
       0.7000000000000000   1.2519901122046379E+02   1.6869139828643738E-03
       0.7999999999999999   1.1189425978861711E+02   2.1564189353418120E-03
       0.8999999999999999   1.0138519501471330E+02   2.6758490580531076E-03
       0.9999999999999999   9.2850537912120359E+01   3.2442017788780150E-03
       2.0000000000000000   5.2989138652558225E+01   1.1262993493422772E-02
       3.0000000000000000   3.8887121517842047E+01   2.2810907897250553E-02
       4.0000000000000000   3.1508696510202441E+01   3.7233807239970024E-02
       5.0000000000000000   2.6893810049359775E+01   5.4139767703289418E-02
       6.0000000000000000   2.3693557933287959E+01   7.3278030242849776E-02
       7.0000000000000000   2.1320287444959657E+01   9.4476563985548601E-02
       8.0000000000000000   1.9474693573582964E+01   1.1761964469893611E-01
       9.0000000000000000   1.7987772580392640E+01   1.4263067099984805E-01
      10.0000000000000000   1.6756444944273351E+01   1.6946329828579271E-01
      11.0000000000000000   1.5714240695722896E+01   1.9809337906132818E-01
      12.0000000000000000   1.4816242213399281E+01   2.2851371650573984E-01
      13.0000000000000000   1.4031003040495131E+01   2.6073119390605670E-01
      14.0000000000000000   1.3335754931298760E+01   2.9476446088155800E-01
      15.0000000000000000   1.2713666230806917E+01   3.3064052561583440E-01
      16.0000000000000000   1.2152040143476166E+01   3.6839153345983167E-01
      17.0000000000000000   1.1641093570654453E+01   4.0805387649468022E-01
      18.0000000000000000   1.1173212494081948E+01   4.4966443451182403E-01
      19.0000000000000000   1.0742385396372452E+01   4.9325831095123651E-01
      20.0000000000000000   1.0343819825675787E+01   5.3886616348399208E-01
      21.0000000000000000   9.9736663261832970E+00   5.8651080022829749E-01
      22.0000000000000000   9.6288199789416655E+00   6.3620330399599001E-01
      23.0000000000000000   9.3067581730563269E+00   6.8793974265345514E-01
      24.0000000000000000   9.0054224471482325E+00   7.4169769651808937E-01
      25.0000000000000000   8.7231307212911595E+00   7.9743198683347427E-01
      26.0000000000000000   8.4585012701082274E+00   8.5507139495406914E-01
      27.0000000000000000   8.2103926457483389E+00   9.1451570674457616E-01
      28.0000000000000000   7.9778537862494501E+00   9.7563356052487393E-01
      29.0000000000000000   7.7600805104883852E+00   1.0382615710114733E+00
      30.0000000000000000   7.5563804739201617E+00   1.1022046873447684E+00
      31.0000000000000000   7.3661415033836892E+00   1.1672382997341575E+00
      32.0000000000000000   7.1888070326814733E+00   1.2331117426217657E+00
      33.0000000000000000   7.0238539388468348E+00   1.2995536295067878E+00
      34.0000000000000000   6.8707771813515510E+00   1.3662781086013553E+00
      35.0000000000000000   6.7290777793295700E+00   1.4329920809829404E+00
      36.0000000000000000   6.5982553216146496E+00   1.4994026975937920E+00
      37.0000000000000000   6.4778040792133513E+00   1.5652246538491392E+00
      38.0000000000000000   6.3672122202653689E+00   1.6301868129087316E+00
      39.0000000000000000   6.2659633364831144E+00   1.6940377966893345E+00
      40.0000000000000000   6.1735397186785068E+00   1.7565502920994662E+00
      41.0000000000000000   6.0894263158317496E+00   1.8175240316058929E+00
      42.0000000000000000   6.0131152545868547E+00   1.8767874107964977E+00
      43.0000000000000000   5.9441101339782225E+00   1.9341979256001876E+00
      44.0000000000000000   5.8819299378014120E+00   1.9896415638150047E+00
      44.9990000000000023   5.8261649087773240E+00   2.0429791266508284E+00
      45.0000000000000000   5.8261121201765924E+00   2.0430314681989921E+00
      45.0009999999999977   5.8260593374948551E+00   2.0430838076298317E+00
      45.9990000000000023   5.7762622777002202E+00   2.0942557515302767E+00
      46.0000000000000000   5.7762151969433297E+00   2.0943059546627274E+00
      46.0009999999999977   5.7761681216866414E+00   2.0943561556392369E+00
      47.0000000000000000   5.7318204594925559E+00   2.1434261956226295E+00
      48.0000000000000000   5.6925330443322544E+00   2.1903736982342110E+00
      49.0000000000000000   5.6579823847274779E+00   2.2351477270952995E+00
      50.0000000000000000   5.6278221684708498E+00   2.2777627770138076E+00
      51.0000000000000000   5.6017298726275131E+00   2.3182461754319470E+00
      52.0000000000000000   5.5794060174420803E+00   2.3566358587357312E+00
      53.0000000000000000   5.5605731786109551E+00   2.3929783561260485E+00
      54.0000000000000000   5.5449748553686922E+00   2.4273269907141768E+00
      55.0000000000000000   5.5323742350346006E+00   2.4597403037016203E+00
      56.0000000000000000   5.5225529409522238E+00   2.4902806941104778E+00
      57.0000000000000000   5.5153098479686173E+00   2.5190131434930065E+00
      58.0000000000000000   5.5104596376413024E+00   2.5460043974779714E+00
      59.0000000000000000   5.5078317066026825E+00   2.5713220376554777E+00
      59.9990000000000023   5.5072687241379512E+00   2.5950107485700329E+00
      60.0000000000000000   5.5072691441164858E+00   2.5950336804830574E+00
      60.0009999999999977   5.5072695660148714E+00   2.5950566108574606E+00
      60.9990000000000023   5.5086251128734949E+00   2.6171852000596214E+00
      61.0000000000000000   5.5086273853628080E+00   2.6172066266140033E+00
      61.0009999999999977   5.5086296596389852E+00   2.6172280516961761E+00
      62.0000000000000000   5.5117733675241212E+00   2.6379072580599625E+00
      63.0000000000000000   5.5165845388195622E+00   2.6572007103170914E+00
      64.0000000000000000   5.5229479764679539E+00   2.6751505878752138E+00
      65.0000000000000000   5.5307595778060561E+00   2.6918187471163670E+00
      66.0000000000000000   5.5399233139262103E+00   2.7072651360581292E+00
      67.0000000000000000   5.5503505454546840E+00   2.7215476814782371E+00
      68.0000000000000000   5.5619593967057597E+00   2.7347222153132935E+00
      69.0000000000000000   5.5746741826157056E+00   2.7468424334142343E+00
      70.0000000000000000   5.5884248878790279E+00   2.7579598805220806E+00
      71.0000000000000000   5.6031466885473282E+00   2.7681239568147658E+00
      72.0000000000000000   5.6187795192271546E+00   2.7773819412338629E+00
      73.0000000000000000   5.6352676771782608E+00   2.7857790283813166E+00
      74.0000000000000000   5.6525594620269057E+00   2.7933583758221152E+00
      75.0000000000000000   5.6706068358209292E+00   2.8001611682341343E+00
      76.0000000000000000   5.6893651716508051E+00   2.8062266425652553E+00
      77.0000000000000000   5.7087929094411010E+00   2.8115922073984168E+00
      78.0000000000000000   5.7288513560066914E+00   2.8162934745101595E+00
      79.0000000000000000   5.7495044465499205E+00   2.8203643374636815E+00
      80.0000000000000000   5.7707185381939787E+00   2.8238370416869794E+00
      81.0000000000000000   5.7924622214967743E+00   2.8267422544261387E+00
      82.0000000000000000   5.8147061483188676E+00   2.8291091339814267E+00
      83.0000000000000000   5.8374228749741510E+00   2.8309653977342593E+00
      84.0000000000000000   5.8605867175639590E+00   2.8323373886619376E+00
      85.0000000000000000   5.8841736209652913E+00   2.8332501399870660E+00
      86.0000000000000000   5.9081610380958738E+00   2.8337274378200492E+00
      87.0000000000000000   5.9325278172993450E+00   2.8337918829786415E+00
      88.0000000000000000   5.9572541098259748E+00   2.8334649437676713E+00
      89.0000000000000000   5.9823212635972487E+00   2.8327670200555621E+00
      90.0000000000000000   6.0077117464154464E+00   2.8317174913506702E+00
      91.0000000000000000   6.0334090654446211E+00   2.8303347694026018E+00
      92.0000000000000000   6.0593976948610493E+00   2.8286363471230573E+00
      93.0000000000000000   6.0856630093112507E+00   2.8266388452402067E+00
      94.0000000000000000   6.1121912225936628E+00   2.8243580567406914E+00
      95.0000000000000000   6.1389693311053675E+00   2.8218089891616005E+00
      96.0000000000000000   6.1659850616475147E+00   2.8190059048017551E+00
      97.0000000000000000   6.1932268232120160E+00   2.8159623589261500E+00
      98.0000000000000000   6.2206836622121955E+00   2.8126912360507332E+00
      99.0000000000000000   6.2483452220575160E+00   2.8092047843248222E+00
     100.0000000000000000   6.2762017037426956E+00   2.8055146482446740E+00
     110.0000000000000000   6.5636668678610457E+00   2.7595981902518045E+00
     120.0000000000000000   6.8629000371629019E+00   2.7026485894179442E+00
     130.0000000000000000   7.1695315399449093E+00   2.6399647613362003E+00
     140.0000000000000000   7.4807996228816682E+00   2.5748096705296564E+00
     144.9989999999999952   7.6375508860302785E+00   2.5419763989122965E+00
     145.0010000000000048   7.6376137159856174E+00   2.5419632668259888E+00
     150.0000000000000000   7.7948999167218282E+00   2.5091996330026354E+00
     150.9989999999999952   7.8263837653388828E+00   2.5026728507199500E+00
     151.0010000000000048   7.8264468113473038E+00   2.5026597929637795E+00
     160.0000000000000000   8.1106220479548377E+00   2.4443749880426915E+00
     165.9989999999999952   8.3004457279876220E+00   2.4061902086243903E+00
     166.0010000000000048   8.3005090444191190E+00   2.4061775838398791E+00
     170.0000000000000000   8.4271371316488750E+00   2.3810861243389780E+00
     172.9989999999999952   8.5221233702679768E+00   2.3624765580087628E+00
     173.0010000000000048   8.5221867188716676E+00   2.3624642089694596E+00
     180.0000000000000000   8.7381952110340606E+00   2.3274887600920482E+00
     190.0000000000000000   9.0574748526773252E+00   2.2677767691393669E+00
     200.0000000000000000   9.3744928081211132E+00   2.2123378400866756E+00
     207.9989999999999952   9.6265482389159711E+00   2.1707516071924422E+00
     208.0010000000000048   9.6266164807381180E+00   2.1707354602003788E+00
     210.0000000000000000   9.6894025755205853E+00   2.1606996896771267E+00
     220.0000000000000000   1.0002344445730730E+01   2.1124581765838930E+00
     230.0000000000000000   1.0318389714336275E+01   2.0619071900560679E+00
     233.9989999999999952   1.0442225650216129E+01   2.0447323024641779E+00
     234.0010000000000048   1.0442292412040423E+01   2.0447185618858028E+00
     240.0000000000000000   1.0632367944467193E+01   2.0146278050692352E+00
     250.0000000000000000   1.0939730848095872E+01   1.9751641020409374E+00
     260.0000000000000000   1.1250058164111143E+01   1.9332781798980190E+00
     270.0000000000000000   1.1563046722590361E+01   1.8893714432588293E+00
     280.0000000000000000   1.1869858273452101E+01   1.8523176149443599E+00
     290.0000000000000000   1.2179309513977429E+01   1.8131668084013477E+00
     300.0000000000000000   1.2482956547388300E+01   1.7801221944810262E+00
     310.0000000000000000   1.2789199325124848E+01   1.7449531907629852E+00
     320.0000000000000000   1.3093910530921978E+01   1.7116038099207169E+00
     330.0000000000000000   1.3397156500943151E+01   1.6799298021598796E+00
     340.0000000000000000   1.3698999237984067E+01   1.6498020534648641E+00
     350.0000000000000000   1.3999496755551689E+01   1.6211046349258258E+00
     360.0000000000000000   1.4298703392113994E+01   1.5937331500115255E+00
     370.0000000000000000   1.4596670072536629E+01   1.5675933424593997E+00
     380.0000000000000000   1.4893444592077543E+01   1.5425998688024012E+00
     390.0000000000000000   1.5192543212242029E+01   1.5157350258426272E+00
     400.0000000000000000   1.5486995489804164E+01   1.4928925719521111E+00
     410.0000000000000000   1.5783756079402780E+01   1.4681982292275855E+00
     420.0000000000000000   1.6076047503435721E+01   1.4472328166494626E+00
     430.0000000000000000   1.6370622298132655E+01   1.4244433460468191E+00
     440.0000000000000000   1.6664141335064180E+01   1.4025526968107656E+00
     450.0000000000000000   1.6953422824247468E+01   1.3840185179889706E+00
     460.0000000000000000   1.7244955830411264E+01   1.3637084315598120E+00
     470.0000000000000000   1.7535525106329459E+01   1.3441499757281310E+00
     480.0000000000000000   1.7825158333778088E+01   1.3253006353466110E+00
     490.0000000000000000   1.8113881918912746E+01   1.3071210939933946E+00
     500.0000000000000000   1.8401721058879197E+01   1.2895749459470116E+00
     510.0000000000000000   1.8688699817831228E+01   1.2726284250465323E+00
     520.0000000000000000   1.8974841206614688E+01   1.2562501609663348E+00
     530.0000000000000000   1.9260167238383346E+01   1.2404109710518161E+00
     540.0000000000000000   1.9544698986700617E+01   1.2250836717332576E+00
     550.0000000000000000   1.9828456630979623E+01   1.2102429124051426E+00
     560.0000000000000000   2.0111459530179268E+01   1.1958650074544994E+00
     570.0000000000000000   2.0396556180529647E+01   1.1799870200048879E+00
     580.0000000000000000   2.0678072017452799E+01   1.1665064739026627E+00
     590.0000000000000000   2.0958886525567053E+01   1.1534252682577895E+00
     600.0000000000000000   2.1239016115733151E+01   1.1407252685867499E+00
     610.0000000000000000   2.1521207633062204E+01   1.1265857562653760E+00
     620.0000000000000000   2.1799981936253022E+01   1.1146297194890393E+00
     630.0000000000000000   2.2080812281512603E+01   1.1012635094188277E+00
     640.0000000000000000   2.2358289782669193E+01   1.0899870301998189E+00
     650.0000000000000000   2.2635155839916493E+01   1.0790141084160771E+00
     660.0000000000000000   2.2914049904818469E+01   1.0666753613861186E+00
     670.0000000000000000   2.3189699691756399E+01   1.0562994470680755E+00
     680.0000000000000000   2.3467365126874881E+01   1.0445862830796298E+00
     690.0000000000000000   2.3741847552584144E+01   1.0347593431198243E+00
     700.0000000000000000   2.4018331303174488E+01   1.0236230959002555E+00
     710.0000000000000000   2.4294239608284993E+01   1.0127693686829737E+00
     720.0000000000000000   2.4567038155291794E+01   1.0036991535824817E+00
     730.0000000000000000   2.4841829002514469E+01   9.9335818718811009E-01
     740.0000000000000000   2.5113569881706301E+01   9.8473652943665513E-01
     750.0000000000000000   2.5387282816483619E+01   9.7487132685188149E-01
     760.0000000000000000   2.5660470149965928E+01   9.6523990815983784E-01
     770.0000000000000000   2.5930678346882640E+01   9.5724176490399282E-01
     780.0000000000000000   2.6202842302443582E+01   9.4803679242045691E-01
     790.0000000000000000   2.6474506808985225E+01   9.3904177971588776E-01
     800.0000000000000000   2.6745678659300232E+01   9.3025015272206568E-01
     810.0000000000000000   2.7013954518132568E+01   9.2299005138893431E-01
     820.0000000000000000   2.7284169936600726E+01   9.1456831765610347E-01
     830.0000000000000000   2.7553916802825920E+01   9.0632983444574711E-01
     840.0000000000000000   2.7823201026900485E+01   8.9826924877516900E-01
     850.0000000000000000   2.8089672737554128E+01   8.9164933841509719E-01
     860.0000000000000000   2.8358059626393633E+01   8.8391214671357821E-01
     870.0000000000000000   2.8626006184930841E+01   8.7633565789257650E-01
     880.0000000000000000   2.8893518277334778E+01   8.6891512596995846E-01
     890.0000000000000000   2.9160601564540013E+01   8.6164602728564799E-01
     900.0000000000000000   2.9427261849174460E+01   8.5452387460503210E-01
     910.0000000000000000   2.9693505167959657E+01   8.4754416969494861E-01
     920.0000000000000000   2.9957060866483552E+01   8.4186921367431766E-01
     930.0000000000000000   3.0222498571663490E+01   8.3514721536595582E-01
     940.0000000000000000   3.0487537976876173E+01   8.2855488647378661E-01
     950.0000000000000000   3.0752184361320261E+01   8.2208851539430861E-01
     960.0000000000000000   3.1016442931704422E+01   8.1574450916642338E-01
     970.0000000000000000   3.1280318839185007E+01   8.0951938135895396E-01
     980.0000000000000000   3.1543817169148685E+01   8.0340975311053020E-01
     990.0000000000000000   3.1806942930019876E+01   7.9741235538906041E-01
    1000.0000000000000000   3.2069701037930727E+01   7.9152403258950743E-01
    1100.0000000000000000   3.4680170851864901E+01   7.3706183508807377E-01
    1200.0000000000000000   3.7258383511050916E+01   6.9093692212168678E-01
    1300.0000000000000000   3.9809762165388065E+01   6.5052425278900194E-01
    1326.9990000000000236   4.0494344611720095E+01   6.4044518221623559E-01
    1327.0009999999999764   4.0494395549854914E+01   6.4044433024468339E-01
    1400.0000000000000000   4.2335059090869734E+01   6.1542865123517809E-01
    1500.0000000000000000   4.4838491148172118E+01   5.8395543743706413E-01
    1600.0000000000000000   4.7321936131445099E+01   5.5547125903676886E-01
    1700.0000000000000000   4.9785243868810021E+01   5.3008961946498212E-01
    1800.0000000000000000   5.2229862266310491E+01   5.0733539598124278E-01
    1900.0000000000000000   5.4658907747584678E+01   4.8624074312199228E-01
    2000.0000000000000000   5.7069906022755546E+01   4.6765867164646596E-01
    2100.0000000000000000   5.9469183300793055E+01   4.4969301629933023E-01
    2200.0000000000000000   6.1852323043824526E+01   4.3375734146529343E-01
    2300.0000000000000000   6.4221940159691385E+01   4.1911799837893882E-01
    2400.0000000000000000   6.6580480463001109E+01   4.0515662403046226E-01
    2500.0000000000000000   6.8926790490000997E+01   3.9225848623312276E-01
    2600.0000000000000000   7.1261573300689051E+01   3.8028478586689357E-01
    2700.0000000000000000   7.3585387555585996E+01   3.6913644759401615E-01
    2800.0000000000000000   7.5900196070520892E+01   3.5837123132395871E-01
    2900.0000000000000000   7.8203405681437232E+01   3.4867002016831733E-01
    3000.0000000000000000   8.0498636424221132E+01   3.3920380063255595E-01
    3100.0000000000000000   8.2783136013960700E+01   3.3065389827010766E-01
    3200.0000000000000000   8.5060114248383954E+01   3.2231014292395488E-01
    3300.0000000000000000   8.7328702030020750E+01   3.1441961576288696E-01
    3400.0000000000000000   8.9589118014868561E+01   3.0696188106470285E-01
    3500.0000000000000000   9.1841537412433865E+01   2.9992430100333556E-01
    3600.0000000000000000   9.4086585036503493E+01   2.9321056723444483E-01
    3700.0000000000000000   9.6325386702292079E+01   2.8661448696422415E-01
    3800.0000000000000000   9.8556148754264242E+01   2.8052515738297013E-01
    3900.0000000000000000   1.0077927143669096E+02   2.7486833314988940E-01
    4000.0000000000000000   1.0299747565161623E+02   2.6915596848647128E-01
    4100.0000000000000000   1.0520788417768998E+02   2.6395201875957103E-01
    4200.0000000000000000   1.0741348312430790E+02   2.5871751443476698E-01
    4300.0000000000000000   1.0961312114408771E+02   2.5369762812449625E-01
    4400.0000000000000000   1.1180537346679480E+02   2.4914251803771459E-01
    4500.0000000000000000   1.1399288567904200E+02   2.4459838587579802E-01
    4600.0000000000000000   1.1617505946951110E+02   2.4021190369878107E-01
    4700.0000000000000000   1.1835197156754802E+02   2.3596565819202969E-01
    4800.0000000000000000   1.2052160164609887E+02   2.3219938144419999E-01
    4900.0000000000000000   1.2268776687743160E+02   2.2831460123023883E-01
    5000.0000000000000000   1.2484910748331046E+02   2.2454560050406838E-01
    5100.0000000000000000   1.2700537754598068E+02   2.2093760021362546E-01
    5200.0000000000000000   1.2915666932687651E+02   2.1748545853548523E-01
    5300.0000000000000000   1.3130346492936553E+02   2.1413025618669027E-01
    5400.0000000000000000   1.3344760406460563E+02   2.1061653101569078E-01
    5500.0000000000000000   1.3558531746320156E+02   2.0750287827210517E-01
    5600.0000000000000000   1.3771798353632042E+02   2.0457298987911293E-01
    5700.0000000000000000   1.3984845736136234E+02   2.0147554724049521E-01
    5800.0000000000000000   1.4197206461981384E+02   1.9882602884986142E-01
    5900.0000000000000000   1.4409499250051724E+02   1.9581297553280347E-01
    6000.0000000000000000   1.4621071424470367E+02   1.9329812307137328E-01
    6100.0000000000000000   1.4832444762389881E+02   1.9063500131704822E-01
    6200.0000000000000000   1.5043493023700876E+02   1.8795969194657461E-01
    6300.0000000000000000   1.5253970196685444E+02   1.8560111871235446E-01
    6400.0000000000000000   1.5464153294684488E+02   1.8321688094123650E-01
    6500.0000000000000000   1.5673977790266875E+02   1.8091380913126603E-01
    6600.0000000000000000   1.5883441166745510E+02   1.7868127408157486E-01
    6700.0000000000000000   1.6092653668688823E+02   1.7637905402516968E-01
    6800.0000000000000000   1.6301392805841181E+02   1.7430498752363491E-01
    6900.0000000000000000   1.6509886395011381E+02   1.7216566243769793E-01
    7000.0000000000000000   1.6718024048907688E+02   1.7010982758387602E-01
    7100.0000000000000000   1.6925753535506712E+02   1.6821550076383610E-01
    7200.0000000000000000   1.7133407619396718E+02   1.6609889352797449E-01
    7300.0000000000000000   1.7340612941900352E+02   1.6418529018500566E-01
    7400.0000000000000000   1.7547419634365212E+02   1.6240698375089954E-01
    7500.0000000000000000   1.7753887362181081E+02   1.6069959671633971E-01
    7600.0000000000000000   1.7960346840485104E+02   1.5875120203323914E-01
    7700.0000000000000000   1.8166242261444293E+02   1.5712281601042721E-01
    7800.0000000000000000   1.8371828649178076E+02   1.5553873214645336E-01
    7900.0000000000000000   1.8577364960704958E+02   1.5377914391786038E-01
    8000.0000000000000000   1.8782293866432926E+02   1.5236766921925560E-01
    8100.0000000000000000   1.8987370378004684E+02   1.5057839542305892E-01
    8200.0000000000000000   1.9191744080614029E+02   1.4922959698709240E-01
    8300.0000000000000000   1.9396208511096535E+02   1.4759838869221617E-01
    8400.0000000000000000   1.9600163365133483E+02   1.4620963508364077E-01
    8500.0000000000000000   1.9804012896409611E+02   1.4471598696357357E-01
    8600.0000000000000000   2.0007659803954152E+02   1.4320369838081429E-01
    8700.0000000000000000   2.0210684955805505E+02   1.4205038706111078E-01
    8800.0000000000000000   2.0413928565380257E+02   1.4050664733702206E-01
    8900.0000000000000000   2.0616710894145831E+02   1.3919941533933122E-01
    9000.0000000000000000   2.0819257084602953E+02   1.3789047726844594E-01
    9100.0000000000000000   2.1021282482787933E+02   1.3687559089392265E-01
    9200.0000000000000000   2.1223516021516966E+02   1.3547673168835114E-01
    9300.0000000000000000   2.1425414928213644E+02   1.3419895594537593E-01
    9400.0000000000000000   2.1627076169377537E+02   1.3295835542612935E-01
    9500.0000000000000000   2.1828515245109637E+02   1.3172969845339511E-01
    9600.0000000000000000   2.2029600682007671E+02   1.3063201562933460E-01
    9700.0000000000000000   2.2230365940020258E+02   1.2964157159314302E-01
    9800.0000000000000000   2.2430972273628853E+02   1.2862105509018448E-01
    9900.0000000000000000   2.2631443830981297E+02   1.2755228649045225E-01
   10000.0000000000000000   2.2831732060260566E+02   1.2647820085827824E-01
   11000.0000000000000000   2.4823579792342335E+02   1.1659528827582250E-01
   12000.0000000000000000   2.6796653509739912E+02   1.0817870567023424E-01
   13000.0000000000000000   2.8752252846527847E+02   1.0131300965194047E-01
   14000.0000000000000000   3.0692997091903163E+02   9.4980531914783811E-02
   15000.0000000000000000   3.2619537884265230E+02   8.9526850247154427E-02
   16000.0000000000000000   3.4533035153387482E+02   8.4689130096833265E-02
   17000.0000000000000000   3.6434017098993934E+02   8.0712958563842419E-02
   18000.0000000000000000   3.8324493162151674E+02   7.6750335026285005E-02
   19000.0000000000000000   4.0204654795709814E+02   7.3204284455844718E-02
   20000.0000000000000000   4.2074600148604605E+02   7.0084183514331252E-02
   21000.0000000000000000   4.3935299304661277E+02   6.7315676739976557E-02
   22000.0000000000000000   4.5788112773431794E+02   6.4481865217693168E-02
   23000.0000000000000000   4.7632023174162237E+02   6.2079354001357348E-02
   24000.0000000000000000   4.9468528340224208E+02   5.9844539559621227E-02
   25000.0000000000000000   5.1296484392503521E+02   5.8059014192096296E-02
   26000.0000000000000000   5.3118479153770875E+02   5.6050606307985112E-02
   27000.0000000000000000   5.4932801264139766E+02   5.4630953460080144E-02
   28000.0000000000000000   5.6742979790370634E+02   5.2381403325891376E-02
   29000.0000000000000000   5.8544623898723103E+02   5.0965406487146106E-02
   30000.0000000000000000   6.0341782700799081E+02   4.9487348115473291E-02
   31000.0000000000000000   6.2133081241096318E+02   4.7928688574898640E-02
   32000.0000000000000000   6.3917969819659163E+02   4.6697106927922158E-02
   33000.0000000000000000   6.5697614004582977E+02   4.5587923696648200E-02
   34000.0000000000000000   6.7472727192254149E+02   4.4443481871880804E-02
   35000.0000000000000000   6.9243792417493887E+02   4.3140417169848268E-02
   36000.0000000000000000   7.1008507497723349E+02   4.2232405812651919E-02
   37000.0000000000000000   7.2769732697313748E+02   4.1313813718710991E-02
   38000.0000000000000000   7.4527556539517082E+02   4.0185575160523297E-02
   39000.0000000000000000   7.6276550511176902E+02   3.9929788497867116E-02
   40000.0000000000000000   7.8025808294335036E+02   3.8874928337468098E-02
   41000.0000000000000000   7.9769647541888105E+02   3.8058861807467780E-02
   42000.0000000000000000   8.1511796930370542E+02   3.6854918049335370E-02
   43000.0000000000000000   8.3247116958384447E+02   3.6098646302054095E-02
   44000.0000000000000000   8.4981742420062926E+02   3.5289574384995859E-02
   45000.0000000000000000   8.6709641253279142E+02   3.4683660386190418E-02
   46000.0000000000000000   8.8433452858303679E+02   3.4180707149808094E-02
   47000.0000000000000000   9.0155350376258207E+02   3.3617956317268889E-02
   48000.0000000000000000   9.1875361554288884E+02   3.2922041177535791E-02
   49000.0000000000000000   9.3591596248537587E+02   3.2265911140365630E-02
   50000.0000000000000000   9.5302523936786167E+02   3.2124291339160276E-02
