       0.1000000000000000   9.0210294360208906E+01
       0.2000000000000000   4.7880761287726649E+01
       0.3000000000000000   3.3389088220030622E+01
       0.4000000000000000   2.5996804955930113E+01
       0.5000000000000000   2.1487515346638375E+01
       0.6000000000000000   1.8438152061848427E+01
       0.7000000000000000   1.6232391542708932E+01
       0.7999999999999999   1.4559204466603639E+01
       0.8999999999999999   1.3244343496134743E+01
       0.9999999999999999   1.2182452629313557E+01
       2.0000000000000000   7.2456052483586371E+00
       3.0000000000000000   5.5105501410618061E+00
       4.0000000000000000   4.6179275308824845E+00
       5.0000000000000000   4.0749042042099974E+00
       6.0000000000000000   3.7119199010408055E+00
       7.0000000000000000   3.4544043061881768E+00
       8.0000000000000000   3.2642384320791926E+00
       9.0000000000000000   3.1198291128056783E+00
      10.0000000000000000   3.0079929737566822E+00
      11.0000000000000000   2.9202072788194982E+00
      12.0000000000000000   2.8507077270130869E+00
      13.0000000000000000   2.7954503526592238E+00
      14.0000000000000000   2.7515109143126386E+00
      15.0000000000000000   2.7167203345690814E+00
      16.0000000000000000   2.6894343669578618E+00
      17.0000000000000000   2.6683830285580981E+00
      18.0000000000000000   2.6525692498314131E+00
      19.0000000000000000   2.6411988935676400E+00
      20.0000000000000000   2.6336313410966552E+00
      21.0000000000000000   2.6293439038033650E+00
      22.0000000000000000   2.6279057354936119E+00
      23.0000000000000000   2.6289584042153309E+00
      24.0000000000000000   2.6322012153702921E+00
      25.0000000000000000   2.6373799797380144E+00
      26.0000000000000000   2.6442783156897676E+00
      27.0000000000000000   2.6527108408198581E+00
      28.0000000000000000   2.6625177894104635E+00
      29.0000000000000000   2.6735607180775101E+00
      30.0000000000000000   2.6857190505609525E+00
      31.0000000000000000   2.6988872757794038E+00
      32.0000000000000000   2.7129726590772809E+00
      33.0000000000000000   2.7278933598903454E+00
      34.0000000000000000   2.7435768738253894E+00
      35.0000000000000000   2.7599587355574244E+00
      36.0000000000000000   2.7769814328315077E+00
      37.0000000000000000   2.7945934924329650E+00
      38.0000000000000000   2.8127487070870836E+00
      39.0000000000000000   2.8314054785009328E+00
      40.0000000000000000   2.8505262566304728E+00
      41.0000000000000000   2.8700770590828162E+00
      42.0000000000000000   2.8900270575647902E+00
      43.0000000000000000   2.9103482206873563E+00
      44.0000000000000000   2.9310150043427212E+00
      45.0000000000000000   2.9520040824031768E+00
      46.0000000000000000   2.9732941117331184E+00
      47.0000000000000000   2.9948655265061555E+00
      48.0000000000000000   3.0167003576420819E+00
      49.0000000000000000   3.0387820738469253E+00
      50.0000000000000000   3.0610954412928337E+00
      51.0000000000000000   3.0836263994377386E+00
      52.0000000000000000   3.1063619508423956E+00
      53.0000000000000000   3.1292900631889906E+00
      54.0000000000000000   3.1523995819403008E+00
      55.0000000000000000   3.1756801523196239E+00
      56.0000000000000000   3.1991221494649129E+00
      57.0000000000000000   3.2227166157785203E+00
      58.0000000000000000   3.2464552046112041E+00
      58.9990000000000023   3.2703061889946050E+00
      59.0000000000000000   3.2703301295582805E+00
      59.0009999999999977   3.2703540702507303E+00
      60.0000000000000000   3.2943341187139961E+00
      60.9990000000000023   3.3184361881611588E+00
      61.0000000000000000   3.3184603733348141E+00
      61.0009999999999977   3.3184845586247427E+00
      62.0000000000000000   3.3427025304163718E+00
      63.0000000000000000   3.3670546287618066E+00
      64.0000000000000000   3.3915110781709470E+00
      65.0000000000000000   3.4160666314064354E+00
      66.0000000000000000   3.4407163586698379E+00
      67.0000000000000000   3.4654556243079049E+00
      68.0000000000000000   3.4902800655406967E+00
      69.0000000000000000   3.5151855729999699E+00
      70.0000000000000000   3.5401682729134918E+00
      71.0000000000000000   3.5652245107478802E+00
      72.0000000000000000   3.5903508362074317E+00
      73.0000000000000000   3.6155439894366768E+00
      74.0000000000000000   3.6408008883216016E+00
      75.0000000000000000   3.6661186167878905E+00
      76.0000000000000000   3.6914944140076802E+00
      77.0000000000000000   3.7169256644396742E+00
      78.0000000000000000   3.7424098886066890E+00
      79.0000000000000000   3.7679447345785113E+00
      80.0000000000000000   3.7935279700763620E+00
      81.0000000000000000   3.8191574751505515E+00
      82.0000000000000000   3.8448312353894578E+00
      83.0000000000000000   3.8705473356083298E+00
      84.0000000000000000   3.8963039539948254E+00
      85.0000000000000000   3.9220993566364726E+00
      86.0000000000000000   3.9479318924479401E+00
      87.0000000000000000   3.9737999884345365E+00
      88.0000000000000000   3.9997021452737358E+00
      89.0000000000000000   4.0256369331885073E+00
      90.0000000000000000   4.0516029881059552E+00
      91.0000000000000000   4.0775990080409752E+00
      92.0000000000000000   4.1036237497341750E+00
      93.0000000000000000   4.1296760254992959E+00
      94.0000000000000000   4.1557547002630848E+00
      95.0000000000000000   4.1818586887968365E+00
      96.0000000000000000   4.2079869531162366E+00
      97.0000000000000000   4.2341385000434899E+00
      97.9989999999999952   4.2602861941818997E+00
      98.0000000000000000   4.2603123789084929E+00
      98.0010000000000048   4.2603385636576681E+00
      99.0000000000000000   4.2865076793996195E+00
     100.0000000000000000   4.3127235295326791E+00
     110.0000000000000000   4.5758443219572786E+00
     120.0000000000000000   4.8402841901348950E+00
     130.0000000000000000   5.1055849908858351E+00
     140.0000000000000000   5.3714307779561246E+00
     150.0000000000000000   5.6375992993183894E+00
     160.0000000000000000   5.9039317582349593E+00
     170.0000000000000000   6.1703133408102353E+00
     180.0000000000000000   6.4366603249891572E+00
     190.0000000000000000   6.7029113402169616E+00
     200.0000000000000000   6.9690213168886599E+00
     210.0000000000000000   7.2349572207332509E+00
     220.0000000000000000   7.5006949969474048E+00
     230.0000000000000000   7.7662173496176008E+00
     240.0000000000000000   8.0315121076291280E+00
     250.0000000000000000   8.2965710086183080E+00
     260.0000000000000000   8.5613887848664483E+00
     270.0000000000000000   8.8259624700898200E+00
     280.0000000000000000   9.0902908695054609E+00
     290.0000000000000000   9.3543741519329568E+00
     300.0000000000000000   9.6182135338250863E+00
     310.0000000000000000   9.8818110332564491E+00
     320.0000000000000000   1.0145169277449936E+01
     330.0000000000000000   1.0408291351646275E+01
     340.0000000000000000   1.0671180680022985E+01
     350.0000000000000000   1.0933840931715965E+01
     360.0000000000000000   1.1196275946439929E+01
     370.0000000000000000   1.1458489675693958E+01
     380.0000000000000000   1.1720486136180128E+01
     390.0000000000000000   1.1982269373060465E+01
     400.0000000000000000   1.2243843430943267E+01
     410.0000000000000000   1.2505212331164675E+01
     420.0000000000000000   1.2766380054021766E+01
     430.0000000000000000   1.3027350525062989E+01
     440.0000000000000000   1.3288127604586689E+01
     450.0000000000000000   1.3548715079759836E+01
     460.0000000000000000   1.3809116658839109E+01
     470.0000000000000000   1.4069335967066078E+01
     480.0000000000000000   1.4329376543955940E+01
     490.0000000000000000   1.4589241841642497E+01
     500.0000000000000000   1.4848935224141288E+01
     510.0000000000000000   1.5108459967277494E+01
     520.0000000000000000   1.5367819259206227E+01
     530.0000000000000000   1.5627016201331479E+01
     537.9990000000000236   1.5834232993706298E+01
     538.0009999999999764   1.5834284791757760E+01
     540.0000000000000000   1.5886053809615744E+01
     550.0000000000000000   1.6144935016112431E+01
     560.0000000000000000   1.6403662670730537E+01
     570.0000000000000000   1.6662239543125597E+01
     580.0000000000000000   1.6920668324725924E+01
     590.0000000000000000   1.7178951630790699E+01
     600.0000000000000000   1.7437092002556909E+01
     610.0000000000000000   1.7695091909372763E+01
     620.0000000000000000   1.7952953750858956E+01
     630.0000000000000000   1.8210679859030115E+01
     640.0000000000000000   1.8468272500430604E+01
     650.0000000000000000   1.8725733878208139E+01
     660.0000000000000000   1.8983066134145556E+01
     670.0000000000000000   1.9240271350688605E+01
     680.0000000000000000   1.9497351552859730E+01
     690.0000000000000000   1.9754308710185931E+01
     700.0000000000000000   2.0011144738518333E+01
     710.0000000000000000   2.0267861501843228E+01
     712.9990000000000236   2.0344827884353677E+01
     713.0009999999999764   2.0344879208869685E+01
     720.0000000000000000   2.0524460813986643E+01
     725.9990000000000236   2.0678339113858829E+01
     726.0009999999999764   2.0678390408273998E+01
     730.0000000000000000   2.0780944440318706E+01
     740.0000000000000000   2.1037314099345945E+01
     750.0000000000000000   2.1293571464301682E+01
     760.0000000000000000   2.1549718164632967E+01
     770.0000000000000000   2.1805755787477885E+01
     780.0000000000000000   2.2061685879052824E+01
     790.0000000000000000   2.2317509946019804E+01
     800.0000000000000000   2.2573229456780510E+01
     810.0000000000000000   2.2828845842746105E+01
     820.0000000000000000   2.3084360499529044E+01
     830.0000000000000000   2.3339774788129841E+01
     840.0000000000000000   2.3595090036038954E+01
     850.0000000000000000   2.3850307538331240E+01
     850.9990000000000236   2.3875798445529757E+01
     851.0009999999999764   2.3875849477412000E+01
     860.0000000000000000   2.4105428558705661E+01
     870.0000000000000000   2.4360454330468833E+01
     880.0000000000000000   2.4615386057527392E+01
     890.0000000000000000   2.4870224915287555E+01
     900.0000000000000000   2.5124972051571909E+01
     910.0000000000000000   2.5379628587460495E+01
     920.0000000000000000   2.5634195618135781E+01
     930.0000000000000000   2.5888674213662803E+01
     940.0000000000000000   2.6143065419780267E+01
     950.0000000000000000   2.6397370258611449E+01
     960.0000000000000000   2.6651589729407956E+01
     970.0000000000000000   2.6905724809211140E+01
     980.0000000000000000   2.7159776453533027E+01
     990.0000000000000000   2.7413745596977034E+01
    1000.0000000000000000   2.7667633153872384E+01
    1100.0000000000000000   3.0202209237148498E+01
    1200.0000000000000000   3.2729502189160783E+01
    1300.0000000000000000   3.5250167714149462E+01
    1400.0000000000000000   3.7764749619569358E+01
    1500.0000000000000000   4.0273704579439297E+01
    1600.0000000000000000   4.2777420358683855E+01
    1700.0000000000000000   4.5276229462044178E+01
    1800.0000000000000000   4.7770419521832487E+01
    1900.0000000000000000   5.0260241320288465E+01
    2000.0000000000000000   5.2745915068291488E+01
    2100.0000000000000000   5.5227635379358439E+01
    2200.0000000000000000   5.7705575253912613E+01
    2300.0000000000000000   6.0179889303213855E+01
    2400.0000000000000000   6.2650716382354560E+01
    2500.0000000000000000   6.5118181759030605E+01
    2600.0000000000000000   6.7582398914072300E+01
    2700.0000000000000000   7.0043471047119041E+01
    2800.0000000000000000   7.2501492344241967E+01
    2900.0000000000000000   7.4956549051868635E+01
    3000.0000000000000000   7.7408720391857258E+01
    3100.0000000000000000   7.9858079345548319E+01
    3200.0000000000000000   8.2304693328908527E+01
    3300.0000000000000000   8.4748624776721840E+01
    3400.0000000000000000   8.7189931650297908E+01
    3500.0000000000000000   8.9628667880606685E+01
    3600.0000000000000000   9.2064883756592280E+01
    3700.0000000000000000   9.4498626266692540E+01
    3800.0000000000000000   9.6929939400286656E+01
    3900.0000000000000000   9.9358864414676702E+01
    4000.0000000000000000   1.0178544007226940E+02
    4100.0000000000000000   1.0420970285196296E+02
    4200.0000000000000000   1.0663168713800765E+02
    4300.0000000000000000   1.0905142538929971E+02
    4400.0000000000000000   1.1146894829146024E+02
    4500.0000000000000000   1.1388428489381901E+02
    4600.0000000000000000   1.1629746273306441E+02
    4700.0000000000000000   1.1870850794517098E+02
    4800.0000000000000000   1.2111744536684891E+02
    4900.0000000000000000   1.2352429862779394E+02
    5000.0000000000000000   1.2592909023461274E+02
    5100.0000000000000000   1.2833184164744199E+02
    5200.0000000000000000   1.3073257334994216E+02
    5300.0000000000000000   1.3313130491339567E+02
    5400.0000000000000000   1.3552805505548838E+02
    5500.0000000000000000   1.3792284169429408E+02
    5600.0000000000000000   1.4031568199794336E+02
    5700.0000000000000000   1.4270659243041919E+02
    5800.0000000000000000   1.4509558879379068E+02
    5900.0000000000000000   1.4748268626722268E+02
    6000.0000000000000000   1.4986789944312130E+02
    6100.0000000000000000   1.5225124236057923E+02
    6200.0000000000000000   1.5463272853643849E+02
    6300.0000000000000000   1.5701237099410258E+02
    6400.0000000000000000   1.5939018229039726E+02
    6500.0000000000000000   1.6176617454048707E+02
    6600.0000000000000000   1.6414035944120337E+02
    6700.0000000000000000   1.6651274829271267E+02
    6800.0000000000000000   1.6888335201883800E+02
    6900.0000000000000000   1.7125218118601174E+02
    7000.0000000000000000   1.7361924602101868E+02
    7100.0000000000000000   1.7598455642764628E+02
    7116.9989999999997963   1.7638646177224018E+02
    7117.0010000000002037   1.7638650905504107E+02
    7200.0000000000000000   1.7834812200226904E+02
    7300.0000000000000000   1.8070995204849177E+02
    7400.0000000000000000   1.8307005559089410E+02
    7500.0000000000000000   1.8542844138795292E+02
    7600.0000000000000000   1.8778511794423810E+02
    7700.0000000000000000   1.9014009352183820E+02
    7800.0000000000000000   1.9249337615115576E+02
    7900.0000000000000000   1.9484497364113602E+02
    8000.0000000000000000   1.9719489358882936E+02
    8100.0000000000000000   1.9954314338849397E+02
    8200.0000000000000000   2.0188973024018620E+02
    8300.0000000000000000   2.0423466115789211E+02
    8400.0000000000000000   2.0657794297718641E+02
    8500.0000000000000000   2.0891958236252276E+02
    8600.0000000000000000   2.1125958581414193E+02
    8700.0000000000000000   2.1359795967463205E+02
    8800.0000000000000000   2.1593471013511470E+02
    8900.0000000000000000   2.1826984324114707E+02
    9000.0000000000000000   2.2060336489835134E+02
    9100.0000000000000000   2.2293528087771364E+02
    9200.0000000000000000   2.2526559682066906E+02
    9300.0000000000000000   2.2759431824392004E+02
    9400.0000000000000000   2.2992145054403113E+02
    9500.0000000000000000   2.3224699900182313E+02
    9600.0000000000000000   2.3457096878651944E+02
    9700.0000000000000000   2.3689336495972958E+02
    9800.0000000000000000   2.3921419247926607E+02
    9900.0000000000000000   2.4153345620275786E+02
   10000.0000000000000000   2.4385116089108706E+02
   11000.0000000000000000   2.6694344529496414E+02
   12000.0000000000000000   2.8988445599995748E+02
   13000.0000000000000000   3.1267776575410841E+02
   14000.0000000000000000   3.3532645462391457E+02
   15000.0000000000000000   3.5783322820499330E+02
   16000.0000000000000000   3.8020050110235246E+02
   17000.0000000000000000   4.0243045740474815E+02
   18000.0000000000000000   4.2452509546817856E+02
   19000.0000000000000000   4.4648626172301073E+02
   20000.0000000000000000   4.6831567663195574E+02
   21000.0000000000000000   4.9001495492310102E+02
   22000.0000000000000000   5.1158562157587909E+02
   23000.0000000000000000   5.3302912460518803E+02
   24000.0000000000000000   5.5434684539935824E+02
   25000.0000000000000000   5.7554010716363086E+02
   26000.0000000000000000   5.9661018188160494E+02
   27000.0000000000000000   6.1755829610226806E+02
   28000.0000000000000000   6.3838563579030972E+02
   29000.0000000000000000   6.5909335041962811E+02
   30000.0000000000000000   6.7968255645300087E+02
   31000.0000000000000000   7.0015434031864788E+02
   32000.0000000000000000   7.2050976097057469E+02
   33000.0000000000000000   7.4074985210473710E+02
   34000.0000000000000000   7.6087562408775591E+02
   35000.0000000000000000   7.8088806564149968E+02
   36000.0000000000000000   8.0078814532516162E+02
   37000.0000000000000000   8.2057681284194871E+02
   38000.0000000000000000   8.4025500019747756E+02
   39000.0000000000000000   8.5982362273178353E+02
   40000.0000000000000000   8.7928358004066274E+02
   41000.0000000000000000   8.9863575680221697E+02
   42000.0000000000000000   9.1788102352199871E+02
   43000.0000000000000000   9.3702023720499824E+02
   44000.0000000000000000   9.5605424196546653E+02
   45000.0000000000000000   9.7498386958215463E+02
   46000.0000000000000000   9.9380994000369412E+02
   47000.0000000000000000   1.0125332618120882E+03
   48000.0000000000000000   1.0311546326485536E+03
   49000.0000000000000000   1.0496748396031815E+03
   50000.0000000000000000   1.0680946595779849E+03
