       0.1000000000000000   1.0000000000000000E+30  -1.1012890353247461E+02
       0.2000000000000000   1.0000000000000000E+30  -3.3201862989012092E+01
       0.3000000000000000   1.0000000000000000E+30  -1.3585188107618150E+01
       0.4000000000000000   1.0000000000000000E+30  -6.1661929051444471E+00
       0.5000000000000000   1.0000000000000000E+30  -2.8758225401888566E+00
       0.6000000000000000   1.0000000000000000E+30  -1.3065305731456591E+00
       0.7000000000000000   1.0000000000000000E+30  -5.4300440702352659E-01
       0.7999999999999999   1.0000000000000000E+30  -1.8384687218315310E-01
       0.8999999999999999   1.0000000000000000E+30  -3.5873570780863819E-02
       0.9999999999999999   1.0000000000000000E+30   0.0000000000000000E+00
       2.0000000000000000   1.0000000000000000E+30  -5.5004950475742787E-01
       3.0000000000000000   1.0000000000000000E+30  -7.5038130888457655E-01
       4.0000000000000000   1.0000000000000000E+30  -7.5288246660711333E-01
       5.0000000000000000   1.0000000000000000E+30  -6.9930637731607503E-01
       6.0000000000000000   1.0000000000000000E+30  -6.3421482116246697E-01
       7.0000000000000000   1.0000000000000000E+30  -5.7144114862508200E-01
       7.4189999999999996   1.0000000000000000E+30  -5.4691956455096280E-01
       7.4210000000000003   1.0000000000000000E+30  -5.4680536708115934E-01
       8.0000000000000000   1.0000000000000000E+30  -5.1490956831208534E-01
       9.0000000000000000   1.0000000000000000E+30  -4.6522125950490151E-01
      10.0000000000000000   1.0000000000000000E+30  -4.2188767676336530E-01
      11.0000000000000000   1.0000000000000000E+30  -3.8412410546539266E-01
      12.0000000000000000   1.0000000000000000E+30  -3.5113278058173031E-01
      13.0000000000000000   1.0000000000000000E+30  -3.2219649532927186E-01
      14.0000000000000000   1.0000000000000000E+30  -2.9670073038862421E-01
      15.0000000000000000   1.0000000000000000E+30  -2.7412964758701036E-01
      16.0000000000000000   1.0000000000000000E+30  -2.5405374218126120E-01
      17.0000000000000000   1.0000000000000000E+30  -2.3611607177362831E-01
      18.0000000000000000   1.0000000000000000E+30  -2.2001958302794375E-01
      19.0000000000000000   1.0000000000000000E+30  -2.0551627577753540E-01
      20.0000000000000000   1.0000000000000000E+30  -1.9239824459386273E-01
      21.0000000000000000   1.0000000000000000E+30  -1.8049039003419270E-01
      22.0000000000000000   1.0000000000000000E+30  -1.6964452990399759E-01
      23.0000000000000000   1.0000000000000000E+30  -1.5973465153214655E-01
      24.0000000000000000   1.0000000000000000E+30  -1.5065308101205294E-01
      24.9989999999999988   1.0000000000000000E+30  -1.4231539027550663E-01
      25.0000000000000000   1.0000000000000000E+30  -1.4230738466795215E-01
      25.0010000000000012   1.0000000000000000E+30  -1.4229937971567769E-01
      26.0000000000000000   1.0000000000000000E+30  -1.3461785405431750E-01
      26.9989999999999988   1.0000000000000000E+30  -1.2752228605819457E-01
      27.0000000000000000   1.0000000000000000E+30  -1.2751545627541153E-01
      27.0010000000000012   1.0000000000000000E+30  -1.2750862701909407E-01
      28.0000000000000000   1.0000000000000000E+30  -1.2094015618164300E-01
      29.0000000000000000   1.0000000000000000E+30  -1.1483953671686874E-01
      30.0000000000000000   1.0000000000000000E+30  -1.0916765921776118E-01
      31.0000000000000000   1.0000000000000000E+30  -1.0388411763076764E-01
      32.0000000000000000   1.0000000000000000E+30  -9.8953250126015857E-02
      33.0000000000000000   1.0000000000000000E+30  -9.4343479031752539E-02
      34.0000000000000000   1.0000000000000000E+30  -9.0026755848578527E-02
      35.0000000000000000   1.0000000000000000E+30  -8.5978092690100510E-02
      36.0000000000000000   1.0000000000000000E+30  -8.2175165114768300E-02
      37.0000000000000000   1.0000000000000000E+30  -7.8597974178034602E-02
      38.0000000000000000   1.0000000000000000E+30  -7.5228557810565783E-02
      39.0000000000000000   1.0000000000000000E+30  -7.2050743445037438E-02
      40.0000000000000000   1.0000000000000000E+30  -6.9049935269933568E-02
      41.0000000000000000   1.0000000000000000E+30  -6.6212930660254909E-02
      42.0000000000000000   1.0000000000000000E+30  -6.3527761281552519E-02
      43.0000000000000000   1.0000000000000000E+30  -6.0983555131548357E-02
      44.0000000000000000   1.0000000000000000E+30  -5.8570416408977435E-02
      45.0000000000000000   1.0000000000000000E+30  -5.6279320610610972E-02
      46.0000000000000000   1.0000000000000000E+30  -5.4102022677072349E-02
      47.0000000000000000   1.0000000000000000E+30  -5.2030976353758973E-02
      48.0000000000000000   1.0000000000000000E+30  -5.0059263218977607E-02
      49.0000000000000000   1.0000000000000000E+30  -4.8180530068501821E-02
      50.0000000000000000   1.0000000000000000E+30  -4.6388933543133351E-02
      51.0000000000000000   1.0000000000000000E+30  -4.4679091050683718E-02
      52.0000000000000000   1.0000000000000000E+30  -4.3046037171904590E-02
      53.0000000000000000   1.0000000000000000E+30  -4.1485184855963253E-02
      54.0000000000000000   1.0000000000000000E+30  -3.9992290808906622E-02
      55.0000000000000000   1.0000000000000000E+30  -3.8563424561275823E-02
      55.9990000000000023   1.0000000000000000E+30  -3.7196280241100839E-02
      56.0000000000000000   1.0000000000000000E+30  -3.7194940771162130E-02
      56.0009999999999977   1.0000000000000000E+30  -3.7193601358200941E-02
      57.0000000000000000   1.0000000000000000E+30  -3.5883454378618375E-02
      57.9990000000000023   1.0000000000000000E+30  -3.4627050008200100E-02
      58.0000000000000000   1.0000000000000000E+30  -3.4625818278158513E-02
      58.0009999999999977   1.0000000000000000E+30  -3.4624586599021408E-02
      59.0000000000000000   1.0000000000000000E+30  -3.3419103219508917E-02
      60.0000000000000000   1.0000000000000000E+30  -3.2260579683983992E-02
      61.0000000000000000   1.0000000000000000E+30  -3.1147701515815866E-02
      62.0000000000000000   1.0000000000000000E+30  -3.0078091115273580E-02
      63.0000000000000000   1.0000000000000000E+30  -2.9049526024145900E-02
      64.0000000000000000   1.0000000000000000E+30  -2.8059926754684585E-02
      65.0000000000000000   1.0000000000000000E+30  -2.7107345730892494E-02
      66.0000000000000000   1.0000000000000000E+30  -2.6189957226487589E-02
      67.0000000000000000   1.0000000000000000E+30  -2.5306048197316831E-02
      68.0000000000000000   1.0000000000000000E+30  -2.4454009917712665E-02
      69.0000000000000000   1.0000000000000000E+30  -2.3632330340526024E-02
      70.0000000000000000   1.0000000000000000E+30  -2.2839587109530640E-02
      71.0000000000000000   1.0000000000000000E+30  -2.2074441160752859E-02
      72.0000000000000000   1.0000000000000000E+30  -2.1335630856184080E-02
      73.0000000000000000   1.0000000000000000E+30  -2.0621966599408036E-02
      74.0000000000000000   1.0000000000000000E+30  -1.9932325888028929E-02
      75.0000000000000000   1.0000000000000000E+30  -1.9265648762514603E-02
      76.0000000000000000   1.0000000000000000E+30  -1.8620933615249663E-02
      77.0000000000000000   1.0000000000000000E+30  -1.7997233327295536E-02
      78.0000000000000000   1.0000000000000000E+30  -1.7393651703639264E-02
      79.0000000000000000   1.0000000000000000E+30  -1.6809340180632553E-02
      80.0000000000000000   1.0000000000000000E+30  -1.6243494781915120E-02
      81.0000000000000000   1.0000000000000000E+30  -1.5695353301433471E-02
      82.0000000000000000   1.0000000000000000E+30  -1.5164192694226645E-02
      83.0000000000000000   1.0000000000000000E+30  -1.4649326657495668E-02
      84.0000000000000000   1.0000000000000000E+30  -1.4150103386122216E-02
      85.0000000000000000   1.0000000000000000E+30  -1.3665903488279212E-02
      86.0000000000000000   1.0000000000000000E+30  -1.3196138048100636E-02
      87.0000000000000000   1.0000000000000000E+30  -1.2740246823568361E-02
      88.0000000000000000   1.0000000000000000E+30  -1.2297696568842288E-02
      89.0000000000000000   1.0000000000000000E+30  -1.1867979471223625E-02
      89.9989999999999952   1.0000000000000000E+30  -1.1451023048428814E-02
      90.0000000000000000   1.0000000000000000E+30  -1.1450611693808205E-02
      90.0010000000000048   1.0000000000000000E+30  -1.1450200351073933E-02
      91.0000000000000000   1.0000000000000000E+30  -1.1045132015669902E-02
      92.0000000000000000   1.0000000000000000E+30  -1.0651100562120529E-02
      93.0000000000000000   1.0000000000000000E+30  -1.0268097618232034E-02
      94.0000000000000000   1.0000000000000000E+30  -9.8957225193855303E-03
      95.0000000000000000   1.0000000000000000E+30  -9.5335926131352514E-03
      96.0000000000000000   1.0000000000000000E+30  -9.1813422871513343E-03
      97.0000000000000000   1.0000000000000000E+30  -8.8386220584367441E-03
      98.0000000000000000   1.0000000000000000E+30  -8.5050977194058158E-03
      99.0000000000000000   1.0000000000000000E+30  -8.1804495367685717E-03
     100.0000000000000000   1.0000000000000000E+30  -7.8643714994901526E-03
     110.0000000000000000   1.0000000000000000E+30  -5.1161420674117903E-03
     110.9989999999999952   1.0000000000000000E+30  -4.8776691547262139E-03
     111.0010000000000048   1.0000000000000000E+30  -4.8771975466213357E-03
     120.0000000000000000   1.0000000000000000E+30  -2.9676204530319746E-03
     130.0000000000000000   1.0000000000000000E+30  -1.2589845121676951E-03
     130.9989999999999952   1.0000000000000000E+30  -1.1078888067584107E-03
     131.0010000000000048   1.0000000000000000E+30  -1.1075895237558945E-03
     140.0000000000000000   1.0000000000000000E+30   1.2027299253466060E-04
     140.9989999999999952   1.0000000000000000E+30   2.4319285222276166E-04
     141.0010000000000048   1.0000000000000000E+30   2.4343648650155484E-04
     150.0000000000000000   1.0000000000000000E+30   1.2485476476460666E-03
     160.0000000000000000   1.0000000000000000E+30   2.1826838754882383E-03
     170.0000000000000000   1.0000000000000000E+30   2.9646823485976730E-03
     180.0000000000000000   1.0000000000000000E+30   3.6260873440494617E-03
     190.0000000000000000   1.0000000000000000E+30   4.1909310933961330E-03
     200.0000000000000000   5.5158180001626583E+05   4.6777547975250192E-03
     210.0000000000000000   2.2129539062350377E+05   5.1010238414672358E-03
     220.0000000000000000   1.3713157809347694E+05   5.4721365927345202E-03
     230.0000000000000000   9.9219290303482732E+04   5.8001550572823078E-03
     240.0000000000000000   7.7878455546134559E+04   6.0923417376111677E-03
     250.0000000000000000   6.4299898577018146E+04   6.3545592540909072E-03
     260.0000000000000000   5.4956246454553053E+04   6.5915713417337282E-03
     270.0000000000000000   4.8165256967783498E+04   6.8072720132756736E-03
     280.0000000000000000   4.3025687979612812E+04   7.0048617553909957E-03
     290.0000000000000000   3.9012625352613984E+04   7.1869842268686476E-03
     300.0000000000000000   3.5800392655695148E+04   7.3558331954056300E-03
     310.0000000000000000   3.3176649343856094E+04   7.5132368336804341E-03
     320.0000000000000000   3.0997290729982113E+04   7.6607246383779337E-03
     330.0000000000000000   2.9161231974369806E+04   7.7995809020463148E-03
     340.0000000000000000   2.7595566818401123E+04   7.9308876991421723E-03
     350.0000000000000000   2.6246451013701488E+04   8.0555596371280902E-03
     360.0000000000000000   2.5073295868071062E+04   8.1743720973003458E-03
     370.0000000000000000   2.4044953346276397E+04   8.2879842968452463E-03
     380.0000000000000000   2.3137141102763937E+04   8.3969582073654455E-03
     390.0000000000000000   2.2330662825669850E+04   8.5017741401322532E-03
     400.0000000000000000   2.1610152235556870E+04   8.6028436361941900E-03
     410.0000000000000000   2.0963169966024663E+04   8.7005201668675213E-03
     420.0000000000000000   2.0379543222845175E+04   8.7951080473045676E-03
     430.0000000000000000   1.9850875610191579E+04   8.8868698855995194E-03
     440.0000000000000000   1.9370178253110033E+04   8.9760328269156558E-03
     450.0000000000000000   1.8931588712302997E+04   9.0627938024159076E-03
     460.0000000000000000   1.8530154334104733E+04   9.1473239533447701E-03
     470.0000000000000000   1.8161663501095085E+04   9.2297723691656813E-03
     480.0000000000000000   1.7822512912916907E+04   9.3102692534674462E-03
     490.0000000000000000   1.7509602264349065E+04   9.3889286110805780E-03
     500.0000000000000000   1.7220249966691888E+04   9.4658505334581072E-03
     510.0000000000000000   1.6952125183783730E+04   9.5411231460797441E-03
     520.0000000000000000   1.6703192627066786E+04   9.6148242708045933E-03
     530.0000000000000000   1.6471667410399183E+04   9.6870228472396101E-03
     540.0000000000000000   1.6255977896904027E+04   9.7577801499223408E-03
     550.0000000000000000   1.6054734940588989E+04   9.8271508321309715E-03
     560.0000000000000000   1.5866706279107138E+04   9.8951838221912562E-03
     570.0000000000000000   1.5690795102160018E+04   9.9619230940534795E-03
     580.0000000000000000   1.5526022024996622E+04   1.0027408330508629E-02
     590.0000000000000000   1.5371509854324147E+04   1.0091675494576251E-02
     600.0000000000000000   1.5226470656417687E+04   1.0154757322225986E-02
     610.0000000000000000   1.5090194732882126E+04   1.0216683747609394E-02
     620.0000000000000000   1.4962041184730873E+04   1.0277482270310747E-02
     630.0000000000000000   1.4841429804941296E+04   1.0337178272721797E-02
     640.0000000000000000   1.4727834086984112E+04   1.0395795294461409E-02
     650.0000000000000000   1.4620775174697972E+04   1.0453355269759506E-02
     660.0000000000000000   1.4519816609343205E+04   1.0509878732875828E-02
     670.0000000000000000   1.4424559754294380E+04   1.0565384995904890E-02
     680.0000000000000000   1.4334639797834438E+04   1.0619892302704888E-02
     690.0000000000000000   1.4249722250835915E+04   1.0673417962166511E-02
     700.0000000000000000   1.4169499869493708E+04   1.0725978463592811E-02
     710.0000000000000000   1.4093689944285747E+04   1.0777589576579202E-02
     720.0000000000000000   1.4022031905438093E+04   1.0828266437457022E-02
     730.0000000000000000   1.3954285202721452E+04   1.0878023624084784E-02
     740.0000000000000000   1.3890227423692470E+04   1.0926875220529429E-02
     750.0000000000000000   1.3829652619748036E+04   1.0974834872974982E-02
     760.0000000000000000   1.3772369813766261E+04   1.1021915838016599E-02
     770.0000000000000000   1.3718201666815181E+04   1.1068131024345231E-02
     780.0000000000000000   1.3666983284539287E+04   1.1113493028695099E-02
     790.0000000000000000   1.3618561146483093E+04   1.1158014166812414E-02
     800.0000000000000000   1.3572792143860506E+04   1.1201706500103331E-02
     810.0000000000000000   1.3529542713194880E+04   1.1244581858534455E-02
     820.0000000000000000   1.3488688054890283E+04   1.1286651860284460E-02
     830.0000000000000000   1.3450111427195647E+04   1.1327927928580228E-02
     840.0000000000000000   1.3413703507225950E+04   1.1368421306095385E-02
     850.0000000000000000   1.3379361811739533E+04   1.1408143067240150E-02
     860.0000000000000000   1.3346990171263582E+04   1.1447104128628979E-02
     870.0000000000000000   1.3316498251931849E+04   1.1485315257975349E-02
     880.0000000000000000   1.3287801120067812E+04   1.1522787081631224E-02
     890.0000000000000000   1.3260818845127846E+04   1.1559530090960191E-02
     900.0000000000000000   1.3235476137124693E+04   1.1595554647709456E-02
     910.0000000000000000   1.3211702015093086E+04   1.1630870988523698E-02
     920.0000000000000000   1.3189429503544834E+04   1.1665489228726048E-02
     930.0000000000000000   1.3168595354198778E+04   1.1699419365474341E-02
     940.0000000000000000   1.3149139790567022E+04   1.1732671280387288E-02
     950.0000000000000000   1.3131006273239715E+04   1.1765254741722362E-02
     960.0000000000000000   1.3114141283939800E+04   1.1797179406176486E-02
     970.0000000000000000   1.3098494126621707E+04   1.1828454820371025E-02
     980.0000000000000000   1.3084016744066637E+04   1.1859090422074638E-02
     990.0000000000000000   1.3070663548585497E+04   1.1889095541209684E-02
    1000.0000000000000000   1.3058391265580678E+04   1.1918479400682368E-02
    1100.0000000000000000   1.2986991678595939E+04   1.2180102350663044E-02
    1200.0000000000000000   1.2988807093138208E+04   1.2388968260208862E-02
    1300.0000000000000000   1.3043308589117931E+04   1.2552602722838046E-02
    1400.0000000000000000   1.3136886454679761E+04   1.2677564982787439E-02
    1500.0000000000000000   1.3260165631257079E+04   1.2769524470837262E-02
    1600.0000000000000000   1.3406480890263159E+04   1.2833353163683465E-02
    1700.0000000000000000   1.3570966503207675E+04   1.2873222443175573E-02
    1800.0000000000000000   1.3749989667581940E+04   1.2892696531384456E-02
    1900.0000000000000000   1.3940785203404648E+04   1.2894818177219063E-02
    2000.0000000000000000   1.4141212762887712E+04   1.2882184792792999E-02
    2100.0000000000000000   1.4349591155246630E+04   1.2857014752446928E-02
    2200.0000000000000000   1.4564582650158345E+04   1.2821204380046998E-02
    2300.0000000000000000   1.4785110515720280E+04   1.2776376527150825E-02
    2400.0000000000000000   1.5010299165702547E+04   1.2723921769868297E-02
    2500.0000000000000000   1.5239430003767900E+04   1.2665033241532902E-02
    2600.0000000000000000   1.5471908366486447E+04   1.2600736040705730E-02
    2700.0000000000000000   1.5707238444427672E+04   1.2531912049042077E-02
    2800.0000000000000000   1.5945004024561682E+04   1.2459320882724535E-02
    2900.0000000000000000   1.6184853538603880E+04   1.2383617595551316E-02
    3000.0000000000000000   1.6426488336430546E+04   1.2305367656384065E-02
    3100.0000000000000000   1.6669653402882257E+04   1.2225059640208589E-02
    3200.0000000000000000   1.6914129945414228E+04   1.2143116000489455E-02
    3300.0000000000000000   1.7159729428287861E+04   1.2059902229897288E-02
    3400.0000000000000000   1.7406288735418460E+04   1.1975734665608922E-02
    3500.0000000000000000   1.7653666221308002E+04   1.1890887152890552E-02
    3600.0000000000000000   1.7901738466282855E+04   1.1805596745314178E-02
    3700.0000000000000000   1.8150397594405025E+04   1.1720068590583478E-02
    3800.0000000000000000   1.8399549044007865E+04   1.1634480126567197E-02
    3900.0000000000000000   1.8649109704687417E+04   1.1548984691906711E-02
    4000.0000000000000000   1.8899006352789449E+04   1.1463714638765601E-02
    4100.0000000000000000   1.9149174331427916E+04   1.1378784021329826E-02
    4200.0000000000000000   1.9399556431908182E+04   1.1294290922049741E-02
    4300.0000000000000000   1.9650101941880705E+04   1.1210319467936006E-02
    4400.0000000000000000   1.9900765832186280E+04   1.1126941581141438E-02
    4500.0000000000000000   2.0151508059596596E+04   1.1044218501304640E-02
    4600.0000000000000000   2.0402292966820576E+04   1.0962202111471723E-02
    4700.0000000000000000   2.0653088764477794E+04   1.0880936094661675E-02
    4800.0000000000000000   2.0903867082416851E+04   1.0800456944146037E-02
    4900.0000000000000000   2.1154602579919087E+04   1.0720794847146536E-02
    5000.0000000000000000   2.1405272606083025E+04   1.0641974458812185E-02
    5100.0000000000000000   2.1655856903116884E+04   1.0564015580931828E-02
    5200.0000000000000000   2.1906337346438882E+04   1.0486933757799861E-02
    5300.0000000000000000   2.2156697716450195E+04   1.0410740799920789E-02
    5400.0000000000000000   2.2406923497642339E+04   1.0335445244764863E-02
    5500.0000000000000000   2.2657001701361707E+04   1.0261052762530209E-02
    5600.0000000000000000   2.2906920709104386E+04   1.0187566513793548E-02
    5700.0000000000000000   2.3156670133673775E+04   1.0114987465012923E-02
    5800.0000000000000000   2.3406240695919285E+04   1.0043314667057933E-02
    5900.0000000000000000   2.3655624115097773E+04   9.9725455012666612E-03
    6000.0000000000000000   2.3904813011173745E+04   9.9026758969460622E-03
    6100.0000000000000000   2.4153800817604963E+04   9.8337005237310784E-03
    6200.0000000000000000   2.4402581703357089E+04   9.7656129617844905E-03
    6300.0000000000000000   2.4651150503057903E+04   9.6984058524447990E-03
    6400.0000000000000000   2.4899502654344611E+04   9.6320710316052903E-03
    6500.0000000000000000   2.5147634141579758E+04   9.5665996478257707E-03
    6600.0000000000000000   2.5395541445216168E+04   9.5019822669342724E-03
    6700.0000000000000000   2.5643221496181504E+04   9.4382089646628895E-03
    6800.0000000000000000   2.5890671634730716E+04   9.3752694086771358E-03
    6900.0000000000000000   2.6137889573281867E+04   9.3131529311960646E-03
    7000.0000000000000000   2.6384873362809078E+04   9.2518485932593549E-03
    7100.0000000000000000   2.6631621362416703E+04   9.1913452415738218E-03
    7200.0000000000000000   2.6878132211762786E+04   9.1316315587638471E-03
    7300.0000000000000000   2.7124404806038401E+04   9.0726961077547460E-03
    7400.0000000000000000   2.7370438273242387E+04   9.0145273709353029E-03
    7500.0000000000000000   2.7616231953520888E+04   8.9571137846718892E-03
    7600.0000000000000000   2.7861785380366084E+04   8.9004437696823119E-03
    7700.0000000000000000   2.8107098263491589E+04   8.8445057577206335E-03
    7800.0000000000000000   2.8352170473221438E+04   8.7892882149738540E-03
    7900.0000000000000000   2.8597002026247021E+04   8.7347796625274182E-03
    8000.0000000000000000   2.8841593072622123E+04   8.6809686942167508E-03
    8100.0000000000000000   2.9085943883879263E+04   8.6278439921481029E-03
    8200.0000000000000000   2.9330054842162972E+04   8.5753943401404853E-03
    8300.0000000000000000   2.9573926430286276E+04   8.5236086353139111E-03
    8400.0000000000000000   2.9817559222626052E+04   8.4724758980246548E-03
    8500.0000000000000000   3.0060953876781339E+04   8.4219852803267305E-03
    8600.0000000000000000   3.0304111125926280E+04   8.3721260731200037E-03
    8700.0000000000000000   3.0547031771796122E+04   8.3228877121280676E-03
    8800.0000000000000000   3.0789716678250483E+04   8.2742597828340519E-03
    8900.0000000000000000   3.1032166765363578E+04   8.2262320244890722E-03
    9000.0000000000000000   3.1274383003995954E+04   8.1787943332959148E-03
    9100.0000000000000000   3.1516366410806302E+04   8.1319367648598623E-03
    9200.0000000000000000   3.1758118043666112E+04   8.0856495359891579E-03
    9300.0000000000000000   3.1999638997443093E+04   8.0399230259185928E-03
    9400.0000000000000000   3.2240930400122521E+04   7.9947477770226979E-03
    9500.0000000000000000   3.2481993409238505E+04   7.9501144950775877E-03
    9600.0000000000000000   3.2722829208589665E+04   7.9060140491245788E-03
    9700.0000000000000000   3.2963439005215725E+04   7.8624374709834900E-03
    9800.0000000000000000   3.3203824026614231E+04   7.8193759544579484E-03
    9900.0000000000000000   3.3443985518177607E+04   7.7768208542714126E-03
   10000.0000000000000000   3.3683924740833201E+04   7.7347636847679355E-03
   11000.0000000000000000   3.6071376811129630E+04   7.3398219983776937E-03
   12000.0000000000000000   3.8438038919394858E+04   6.9864505199359094E-03
   13000.0000000000000000   4.0785206317939424E+04   6.6684699996477853E-03
   14000.0000000000000000   4.3114108119038763E+04   6.3808073406476946E-03
   15000.0000000000000000   4.5425884103088123E+04   6.1192840389667942E-03
   16000.0000000000000000   4.7721579440827860E+04   5.8804402905296531E-03
   17000.0000000000000000   5.0002147621276192E+04   5.6613937313464121E-03
   18000.0000000000000000   5.2268456885808380E+04   5.4597275479397432E-03
   19000.0000000000000000   5.4521297870345792E+04   5.2734022074066335E-03
   20000.0000000000000000   5.6761391343574920E+04   5.1006857530537441E-03
   21000.0000000000000000   5.8989395526181281E+04   4.9400985604387835E-03
   22000.0000000000000000   6.1205912779065729E+04   4.7903693324168849E-03
   23000.0000000000000000   6.3411495601231894E+04   4.6503998439495686E-03
   24000.0000000000000000   6.5606651952802786E+04   4.5192365244995508E-03
   25000.0000000000000000   6.7791849952674587E+04   4.3960474102181443E-03
   26000.0000000000000000   6.9967522013185357E+04   4.2801033367845720E-03
   27000.0000000000000000   7.2134068476245258E+04   4.1707625009035354E-03
   28000.0000000000000000   7.4291860812191517E+04   4.0674577137785129E-03
   29000.0000000000000000   7.6441244437158748E+04   3.9696858186049908E-03
   30000.0000000000000000   7.8582541198545630E+04   3.8769988578283886E-03
   31000.0000000000000000   8.0716051572010634E+04   3.7889966632491420E-03
   32000.0000000000000000   8.2842056607714883E+04   3.7053206094957948E-03
   33000.0000000000000000   8.4960819658402979E+04   3.6256483237454180E-03
   34000.0000000000000000   8.7072587917407451E+04   3.5496891854471359E-03
   35000.0000000000000000   8.9177593790753264E+04   3.4771804818952323E-03
   36000.0000000000000000   9.1276056124171795E+04   3.4078841108295638E-03
   37000.0000000000000000   9.3368181302949670E+04   3.3415837413449663E-03
   38000.0000000000000000   9.5454164240071623E+04   3.2780823604302281E-03
   39000.0000000000000000   9.7534189266010973E+04   3.2172001453186078E-03
   40000.0000000000000000   9.9608430931724361E+04   3.1587726121961239E-03
   41000.0000000000000000   1.0167705473487108E+05   3.1026490002059510E-03
   42000.0000000000000000   1.0374021777796598E+05   3.0486908565138427E-03
   43000.0000000000000000   1.0579806936604869E+05   2.9967707937771032E-03
   44000.0000000000000000   1.0785075155048951E+05   2.9467713959369338E-03
   45000.0000000000000000   1.0989839962472215E+05   2.8985842520253186E-03
   46000.0000000000000000   1.1194114257698038E+05   2.8521091007977779E-03
   47000.0000000000000000   1.1397910350450028E+05   2.8072530715943897E-03
   48000.0000000000000000   1.1601239999311588E+05   2.7639300089914677E-03
   49000.0000000000000000   1.1804114446571669E+05   2.7220598706129283E-03
   50000.0000000000000000   1.2006544450263248E+05   2.6815681889872170E-03
