       0.1000000000000000   2.3944769244172257E+01   1.2185087003366455E-03
       0.2000000000000000   2.1033579178472809E+01   2.3920571866828614E-03
       0.3000000000000000   2.0032161212274364E+01   3.5696450717002826E-03
       0.4000000000000000   1.9616978727950904E+01   4.7063129529968089E-03
       0.5000000000000000   1.9376200225030086E+01   5.8427808359334853E-03
       0.6000000000000000   1.9217527479599351E+01   6.9817520618828581E-03
       0.7000000000000000   1.9104436112781222E+01   8.1257066952312232E-03
       0.7999999999999999   1.9017398779351140E+01   9.2764204632473680E-03
       0.8999999999999999   1.8947443283027155E+01   1.0432944548779138E-02
       0.9999999999999999   1.8886263493745830E+01   1.1599458507062526E-02
       2.0000000000000000   1.8366492064000990E+01   2.3908847275306396E-02
       3.0000000000000000   1.7747888622443512E+01   3.7757611165644668E-02
       4.0000000000000000   1.7046825107270692E+01   5.3429013964511628E-02
       5.0000000000000000   1.6318824380178871E+01   7.1053747726262023E-02
       6.0000000000000000   1.5599704593320725E+01   9.0687085072682749E-02
       7.0000000000000000   1.4909363963697556E+01   1.1233940418300428E-01
       8.0000000000000000   1.4257001472000136E+01   1.3600408114742221E-01
       9.0000000000000000   1.3645749460880159E+01   1.6166979960874658E-01
      10.0000000000000000   1.3075283490981249E+01   1.8932977972422702E-01
      11.0000000000000000   1.2543577964638315E+01   2.1898484170602991E-01
      12.0000000000000000   1.2047812381487555E+01   2.5064490256757338E-01
      13.0000000000000000   1.1584942704000714E+01   2.8432955904663215E-01
      14.0000000000000000   1.1151948623481093E+01   3.2006752330151828E-01
      15.0000000000000000   1.0746042619181074E+01   3.5789383513018802E-01
      16.0000000000000000   1.0364737757486942E+01   3.9784657165555315E-01
      17.0000000000000000   1.0005837762556769E+01   4.3996492274873650E-01
      18.0000000000000000   9.6674595433029094E+00   4.8428442944318417E-01
      19.0000000000000000   9.3479984571991501E+00   5.3083314968465989E-01
      20.0000000000000000   9.0461067230396903E+00   5.7962719808398366E-01
      21.0000000000000000   8.7606653300034480E+00   6.3066552655768515E-01
      22.0000000000000000   8.4907598928693684E+00   6.8392428110771275E-01
      23.0000000000000000   8.2356469733749780E+00   7.3935182779107966E-01
      24.0000000000000000   7.9947253479233034E+00   7.9686405771326785E-01
      24.9989999999999988   7.7677318129099051E+00   8.5627936591885678E-01
      25.0000000000000000   7.7675113083211613E+00   8.5633977220679591E-01
      25.0010000000000012   7.7672908170397177E+00   8.5640018030062892E-01
      26.0000000000000000   7.5536097329062786E+00   9.1761794296488486E-01
      26.9989999999999988   7.3528821189312570E+00   9.8043296909746092E-01
      27.0000000000000000   7.3526875797714464E+00   9.8049656980349853E-01
      27.0010000000000012   7.3524930532939203E+00   9.8056017187111255E-01
      28.0000000000000000   7.1644490084838921E+00   1.0447336952205712E+00
      29.0000000000000000   6.9886117648945456E+00   1.1100509531362883E+00
      30.0000000000000000   6.8248883080056979E+00   1.1761393944113241E+00
      31.0000000000000000   6.6729694490758842E+00   1.2426675693238296E+00
      32.0000000000000000   6.5325142784409227E+00   1.3092909748573838E+00
      33.0000000000000000   6.4031431830454375E+00   1.3756625508373150E+00
      34.0000000000000000   6.2844371624810025E+00   1.4414428628893141E+00
      35.0000000000000000   6.1759402971651287E+00   1.5063095506099211E+00
      36.0000000000000000   6.0771656373008964E+00   1.5699652544646234E+00
      37.0000000000000000   5.9876030677629055E+00   1.6321436479851883E+00
      38.0000000000000000   5.9067281991305585E+00   1.6926134162439863E+00
      39.0000000000000000   5.8340112869678000E+00   1.7511802471887552E+00
      40.0000000000000000   5.7689256603553822E+00   1.8076870457896761E+00
      41.0000000000000000   5.7109548926989966E+00   1.8620127378531390E+00
      42.0000000000000000   5.6595988137191497E+00   1.9140699705976409E+00
      43.0000000000000000   5.6143780734369377E+00   1.9638021063981232E+00
      44.0000000000000000   5.5748374222157002E+00   2.0111797778902205E+00
      45.0000000000000000   5.5405476877852182E+00   2.0561973379014304E+00
      46.0000000000000000   5.5111069132311350E+00   2.0988692889806209E+00
      47.0000000000000000   5.4861405863937316E+00   2.1392269152322441E+00
      48.0000000000000000   5.4653012691442431E+00   2.1773151686110128E+00
      49.0000000000000000   5.4482677603666039E+00   2.2131898659430971E+00
      50.0000000000000000   5.4347439375014357E+00   2.2469152148192038E+00
      51.0000000000000000   5.4244573787294241E+00   2.2785616696601783E+00
      52.0000000000000000   5.4171578866967742E+00   2.3082040979884528E+00
      53.0000000000000000   5.4126159429915806E+00   2.3359202371100722E+00
      54.0000000000000000   5.4106211725533679E+00   2.3617894108208066E+00
      55.0000000000000000   5.4109808315317522E+00   2.3858914807603879E+00
      55.9990000000000023   5.4135148075224695E+00   2.4082844055948902E+00
      56.0000000000000000   5.4135183779798819E+00   2.4083060034027497E+00
      56.0009999999999977   5.4135219504523944E+00   2.4083275996017064E+00
      57.0000000000000000   5.4180721739127682E+00   2.4291114709253119E+00
      57.9990000000000023   5.4244867499377607E+00   2.4483663877599220E+00
      58.0000000000000000   5.4244940587765642E+00   2.4483849211322455E+00
      58.0009999999999977   5.4245013693467534E+00   2.4484034530478160E+00
      59.0000000000000000   5.4326482510544052E+00   2.4662014544708679E+00
      60.0000000000000000   5.4424103551224086E+00   2.4826338419296481E+00
      61.0000000000000000   5.4536661528337467E+00   2.4977524783578557E+00
      62.0000000000000000   5.4663108200695749E+00   2.5116251178425397E+00
      63.0000000000000000   5.4802480556967010E+00   2.5243168114362007E+00
      64.0000000000000000   5.4953893135276575E+00   2.5358898621732853E+00
      65.0000000000000000   5.5116531111563702E+00   2.5464038169385734E+00
      66.0000000000000000   5.5289643994610671E+00   2.5559154876551267E+00
      67.0000000000000000   5.5472539915140597E+00   2.5644789952338387E+00
      68.0000000000000000   5.5664580457365709E+00   2.5721458309441276E+00
      69.0000000000000000   5.5865175969891432E+00   2.5789649308712788E+00
      70.0000000000000000   5.6073781328253682E+00   2.5849827596924220E+00
      71.0000000000000000   5.6289892081512320E+00   2.5902434012079056E+00
      72.0000000000000000   5.6513040981352214E+00   2.5947886528264159E+00
      73.0000000000000000   5.6742794825017198E+00   2.5986581224379197E+00
      74.0000000000000000   5.6978751595625443E+00   2.6018893260403737E+00
      75.0000000000000000   5.7220537773160149E+00   2.6045177920413964E+00
      76.0000000000000000   5.7467806364898992E+00   2.6065771286458137E+00
      77.0000000000000000   5.7720234186146646E+00   2.6080991607156534E+00
      78.0000000000000000   5.7977520307303418E+00   2.6091139922159861E+00
      79.0000000000000000   5.8239384187755361E+00   2.6096501018134899E+00
      80.0000000000000000   5.8505564066767004E+00   2.6097344280023029E+00
      81.0000000000000000   5.8775815496093582E+00   2.6093924508379227E+00
      82.0000000000000000   5.9049910006294173E+00   2.6086482701829699E+00
      83.0000000000000000   5.9327633886390956E+00   2.6075246803978915E+00
      84.0000000000000000   5.9608787063121165E+00   2.6060432415486696E+00
      85.0000000000000000   5.9893182088202401E+00   2.6042243470846032E+00
      86.0000000000000000   6.0180643203211801E+00   2.6020872881240589E+00
      87.0000000000000000   6.0471005469826729E+00   2.5996503154785309E+00
      88.0000000000000000   6.0764114055620260E+00   2.5969306931005263E+00
      89.0000000000000000   6.1059823411287057E+00   2.5939447591915901E+00
      89.9989999999999952   6.1357697317330038E+00   2.5907113306841403E+00
      90.0000000000000000   6.1357996677811348E+00   2.5907079735344669E+00
      90.0010000000000048   6.1358296040626996E+00   2.5907046161486478E+00
      91.0000000000000000   6.1658505066116849E+00   2.5872349673933415E+00
      92.0000000000000000   6.1961227297811057E+00   2.5835395896133715E+00
      93.0000000000000000   6.2266049091392368E+00   2.5796349501316427E+00
      94.0000000000000000   6.2572862688790121E+00   2.5755334610299294E+00
      95.0000000000000000   6.2881566418561894E+00   2.5712468752555813E+00
      96.0000000000000000   6.3192064292749910E+00   2.5667863231337296E+00
      97.0000000000000000   6.3504265634359580E+00   2.5621623467899362E+00
      98.0000000000000000   6.3818084731102198E+00   2.5573849326067641E+00
      99.0000000000000000   6.4133440523877683E+00   2.5524635417719681E+00
     100.0000000000000000   6.4450256299922053E+00   2.5474071391554407E+00
     110.0000000000000000   6.7684455455255197E+00   2.4910848370065986E+00
     110.9989999999999952   6.8012945110259775E+00   2.4850234479658155E+00
     111.0010000000000048   6.8013603557731077E+00   2.4850112537981439E+00
     120.0000000000000000   7.1004142856647059E+00   2.4283097312123521E+00
     130.0000000000000000   7.4375102534949438E+00   2.3629568203774638E+00
     130.9989999999999952   7.4713771757744736E+00   2.3563844188938852E+00
     131.0010000000000048   7.4714450054451689E+00   2.3563712599826849E+00
     140.0000000000000000   7.7775772364529612E+00   2.2973215393731610E+00
     140.9989999999999952   7.8116545432200013E+00   2.2908068917289697E+00
     141.0010000000000048   7.8117227806661012E+00   2.2907938612026606E+00
     143.9989999999999952   7.9140700644843838E+00   2.2713196554265451E+00
     144.0010000000000048   7.9141383780972978E+00   2.2713067056229184E+00
     147.9989999999999952   8.0507772462916432E+00   2.2455457317070460E+00
     148.0010000000000048   8.0508456352258175E+00   2.2455329114350557E+00
     150.0000000000000000   8.1192147307016533E+00   2.2327549812183309E+00
     152.9989999999999952   8.2218298387062010E+00   2.2137266142411800E+00
     153.0010000000000048   8.2218982857489458E+00   2.2137139838185607E+00
     160.0000000000000000   8.4614918457096397E+00   2.1700343341414294E+00
     170.0000000000000000   8.8014329167030532E+00   2.1138442848577670E+00
     180.0000000000000000   9.1413615367781187E+00   2.0598970850395428E+00
     190.0000000000000000   9.4843165162221847E+00   2.0042640836974894E+00
     192.9989999999999952   9.5840339667386605E+00   1.9911617289651942E+00
     193.0010000000000048   9.5841073907895389E+00   1.9911457461268010E+00
     200.0000000000000000   9.8196162087665098E+00   1.9580385157249669E+00
     210.0000000000000000   1.0162700833765028E+01   1.9049289100520537E+00
     220.0000000000000000   1.0498471022433082E+01   1.8603520256939861E+00
     230.0000000000000000   1.0832160398408147E+01   1.8186910480913174E+00
     240.0000000000000000   1.1168297726027944E+01   1.7753902818885461E+00
     250.0000000000000000   1.1502312565401780E+01   1.7348513046886676E+00
     260.0000000000000000   1.1834324442050821E+01   1.6968039920962792E+00
     270.0000000000000000   1.2164443061804471E+01   1.6610130266990775E+00
     280.0000000000000000   1.2496749674563658E+01   1.6236964410550441E+00
     290.0000000000000000   1.2823262244430738E+01   1.5919681310484111E+00
     300.0000000000000000   1.3151965446668125E+01   1.5586324550066033E+00
     310.0000000000000000   1.3475221226244482E+01   1.5302871597292205E+00
     320.0000000000000000   1.3800647016696844E+01   1.5002951298335578E+00
     330.0000000000000000   1.4124510171469257E+01   1.4718303688231824E+00
     340.0000000000000000   1.4446876392283233E+01   1.4447739473457972E+00
     350.0000000000000000   1.4767807104023429E+01   1.4190192076362524E+00
     360.0000000000000000   1.5087359805086928E+01   1.3944702072608643E+00
     370.0000000000000000   1.5408939530621188E+01   1.3684242651033707E+00
     380.0000000000000000   1.5725830869349851E+01   1.3461128168956040E+00
     390.0000000000000000   1.6041496652671636E+01   1.3247671301141937E+00
     400.0000000000000000   1.6359181075830943E+01   1.3019234211797388E+00
     410.0000000000000000   1.6672464321287876E+01   1.2823884232184972E+00
     418.9990000000000236   1.6955624968236503E+01   1.2638874109925788E+00
     419.0009999999999764   1.6955689185025577E+01   1.2638823619466690E+00
     420.0000000000000000   1.6987759907026614E+01   1.2613657611820104E+00
     430.0000000000000000   1.7301905735889864E+01   1.2411972926304449E+00
     440.0000000000000000   1.7611879769636555E+01   1.2239932085823377E+00
     440.9990000000000236   1.7643701885677519E+01   1.2216644356585435E+00
     441.0009999999999764   1.7643765583221974E+01   1.2216597829325835E+00
     450.0000000000000000   1.7923858063555919E+01   1.2053272663921502E+00
     460.0000000000000000   1.8234788325513144E+01   1.1873718170731307E+00
     470.0000000000000000   1.8544701053240665E+01   1.1700856261553685E+00
     480.0000000000000000   1.8853625278774569E+01   1.1534306603868045E+00
     490.0000000000000000   1.9158705375197858E+01   1.1392948981027557E+00
     500.0000000000000000   1.9465763084219198E+01   1.1237578685953997E+00
     510.0000000000000000   1.9771911975639075E+01   1.1087557607262370E+00
     520.0000000000000000   2.0077176170239721E+01   1.0942604385322388E+00
     530.0000000000000000   2.0384346316204692E+01   1.0784794903488781E+00
     540.0000000000000000   2.0687880056587144E+01   1.0649565502936518E+00
     550.0000000000000000   2.0990595355249255E+01   1.0518658086645474E+00
     560.0000000000000000   2.1292512496411632E+01   1.0391861408243481E+00
     570.0000000000000000   2.1593650902140791E+01   1.0268978210517770E+00
     580.0000000000000000   2.1894029200375311E+01   1.0149823961456850E+00
     590.0000000000000000   2.2196285307168200E+01   1.0018492511059058E+00
     600.0000000000000000   2.2495167219718695E+01   9.9065694006058380E-01
     610.0000000000000000   2.2793340766990770E+01   9.7978776231897047E-01
     620.0000000000000000   2.3093379993470492E+01   9.6773594885896019E-01
     625.9990000000000236   2.3272006066642625E+01   9.6126383812359661E-01
     626.0009999999999764   2.3272066430657453E+01   9.6126120645423740E-01
     630.0000000000000000   2.3390154657556021E+01   9.5749645839735431E-01
     637.9990000000000236   2.3628582125065996E+01   9.4864197104868508E-01
     638.0009999999999764   2.3628642318293451E+01   9.4863942035447824E-01
     640.0000000000000000   2.3688792683329350E+01   9.4609705522270970E-01
     650.0000000000000000   2.3984226810369197E+01   9.3643378786413245E-01
     650.9990000000000236   2.4014206843332261E+01   9.3519989436982132E-01
     651.0009999999999764   2.4014266857202728E+01   9.3519742746129519E-01
     660.0000000000000000   2.4281520580289953E+01   9.2563249090497157E-01
     670.0000000000000000   2.4575669059196635E+01   9.1649765640922431E-01
     680.0000000000000000   2.4871670824241257E+01   9.0624658185882678E-01
     690.0000000000000000   2.5164585250263006E+01   8.9759738168419723E-01
     700.0000000000000000   2.5459343704036328E+01   8.8785380723550844E-01
     710.0000000000000000   2.5751072411025362E+01   8.7965191574419666E-01
     720.0000000000000000   2.6044633056420832E+01   8.7037757987742870E-01
     730.0000000000000000   2.6335221704295613E+01   8.6258840488742716E-01
     740.0000000000000000   2.6627626864104645E+01   8.5374908109852143E-01
     750.0000000000000000   2.6919469774145593E+01   8.4512254977174106E-01
     760.0000000000000000   2.7208408543341847E+01   8.3790588389704357E-01
     768.9990000000000236   2.7469842644948120E+01   8.3060311236333839E-01
     769.0009999999999764   2.7469901217035464E+01   8.3060124237865940E-01
     770.0000000000000000   2.7499155582591371E+01   8.2966820199644742E-01
     780.0000000000000000   2.7789367704843247E+01   8.2162172548985513E-01
     790.0000000000000000   2.8076744106609329E+01   8.1491617650061321E-01
     800.0000000000000000   2.8365914528950039E+01   8.0721895902379603E-01
     810.0000000000000000   2.8654576309093923E+01   7.9969366904733130E-01
     820.0000000000000000   2.8942734964939067E+01   7.9233567904194024E-01
     830.0000000000000000   2.9228139348825113E+01   7.8623639550721258E-01
     840.0000000000000000   2.9515323282558150E+01   7.7918189828077022E-01
     850.0000000000000000   2.9802029321105092E+01   7.7227783993142107E-01
     860.0000000000000000   3.0088263086676147E+01   7.6552008313027542E-01
     870.0000000000000000   3.0374030588197293E+01   7.5890440426805406E-01
     880.0000000000000000   3.0659338714834519E+01   7.5242627087334268E-01
     880.9990000000000236   3.0685834731293856E+01   7.5271361153388494E-01
     881.0009999999999764   3.0685892179048000E+01   7.5271212328598702E-01
     890.0000000000000000   3.0942003874403056E+01   7.4709894355398665E-01
     898.9990000000000236   3.1197757125696750E+01   7.4158780717970030E-01
     899.0009999999999764   3.1197814411080792E+01   7.4158636870512762E-01
     900.0000000000000000   3.1226426487024938E+01   7.4086850918915836E-01
     910.0000000000000000   3.1510411212171284E+01   7.3476267680718643E-01
     920.0000000000000000   3.1793963718005724E+01   7.2877789058459541E-01
     930.0000000000000000   3.2077089761942950E+01   7.2291063316113757E-01
     936.9990000000000236   3.2274354430784250E+01   7.1916254388856471E-01
     937.0009999999999764   3.2274411386194117E+01   7.1916120287895469E-01
     940.0000000000000000   3.2359795187070823E+01   7.1715742680812544E-01
     950.0000000000000000   3.2642085869197878E+01   7.1151485613998044E-01
     960.0000000000000000   3.2923967638671925E+01   7.0597960021009354E-01
     970.0000000000000000   3.3205446212342018E+01   7.0054845929372755E-01
     980.0000000000000000   3.3486527146902205E+01   6.9521837141979381E-01
     990.0000000000000000   3.3767215815543956E+01   6.8998641703768715E-01
    1000.0000000000000000   3.4047517419479775E+01   6.8484980956445207E-01
    1077.9990000000000236   3.6220702443745665E+01   6.4794094598413099E-01
    1078.0009999999999764   3.6220758301230767E+01   6.4793989213732117E-01
    1100.0000000000000000   3.6830301286742056E+01   6.3818743622494856E-01
    1200.0000000000000000   3.9581174944971714E+01   5.9793124811971621E-01
    1300.0000000000000000   4.2303549325865212E+01   5.6270176529370775E-01
    1400.0000000000000000   4.5000224085191178E+01   5.3149829433436802E-01
    1500.0000000000000000   4.7671809044412335E+01   5.0414555491647373E-01
    1600.0000000000000000   5.0322189669553097E+01   4.7939986100828452E-01
    1700.0000000000000000   5.2949525617622058E+01   4.5790425400947632E-01
    1800.0000000000000000   5.5560697570154858E+01   4.3762072050329948E-01
    1900.0000000000000000   5.8151769534316550E+01   4.1981663368840499E-01
    2000.0000000000000000   6.0727443006889686E+01   4.0321114704538219E-01
    2100.0000000000000000   6.3287003520704353E+01   3.8809149692913680E-01
    2200.0000000000000000   6.5833060667047420E+01   3.7384618505729966E-01
    2300.0000000000000000   6.8363205153095933E+01   3.6115566873281973E-01
    2400.0000000000000000   7.0881497251387898E+01   3.4906507143779864E-01
    2489.9989999999997963   7.3136172673839042E+01   3.3914004221014749E-01
    2490.0010000000002037   7.3136222782319422E+01   3.3913980155155049E-01
    2500.0000000000000000   7.3386870047435650E+01   3.3790123169573560E-01
    2591.9989999999997963   7.5680445891768471E+01   3.2847017177040483E-01
    2592.0010000000002037   7.5680495793507134E+01   3.2846994000261659E-01
    2600.0000000000000000   7.5880100053267697E+01   3.2753324085300761E-01
    2700.0000000000000000   7.8361665646249278E+01   3.1789804418520878E-01
    2800.0000000000000000   8.0832164664164168E+01   3.0890845753746521E-01
    2900.0000000000000000   8.3293574830849195E+01   3.0018771838679886E-01
    3000.0000000000000000   8.5743388189330389E+01   2.9231042888361503E-01
    3071.9989999999997963   8.7502561447694291E+01   2.8666230399993720E-01
    3072.0010000000002037   8.7502610382015959E+01   2.8666212377966960E-01
    3100.0000000000000000   8.8184906342667333E+01   2.8462595777621108E-01
    3200.0000000000000000   9.0617147003556425E+01   2.7738055388318761E-01
    3300.0000000000000000   9.3040074906326836E+01   2.7060681299742023E-01
    3400.0000000000000000   9.5454557259206254E+01   2.6417362546655820E-01
    3500.0000000000000000   9.7860886513300500E+01   2.5805502300080740E-01
    3559.9989999999997963   9.9300517031068139E+01   2.5458959040645207E-01
    3560.0010000000002037   9.9300565222687212E+01   2.5458943391442362E-01
    3600.0000000000000000   1.0025937690636738E+02   2.5222506472651018E-01
    3700.0000000000000000   1.0264923795921355E+02   2.4682922212821695E-01
    3800.0000000000000000   1.0503370810379425E+02   2.4135309712055414E-01
    3856.9989999999997963   1.0638856889999855E+02   2.3851546995919604E-01
    3857.0010000000002037   1.0638861655655093E+02   2.3851534529992199E-01
    3900.0000000000000000   1.0740945271361691E+02   2.3637320156800290E-01
    4000.0000000000000000   1.0977764420761807E+02   2.3171342385752874E-01
    4100.0000000000000000   1.1214081792549362E+02   2.2697879971672164E-01
    4200.0000000000000000   1.1449730768145547E+02   2.2247088916630336E-01
    4300.0000000000000000   1.1684641185494492E+02   2.1830980218274076E-01
    4400.0000000000000000   1.1918936929436080E+02   2.1429650871062669E-01
    4500.0000000000000000   1.2152750512600612E+02   2.1028195850198111E-01
    4562.9989999999997963   1.2299655914081536E+02   2.0797052704653812E-01
    4563.0010000000002037   1.2299660595996748E+02   2.0797042292504009E-01
    4600.0000000000000000   1.2385743166348149E+02   2.0675583892765007E-01
    4700.0000000000000000   1.2618428996501700E+02   2.0300115284779105E-01
    4800.0000000000000000   1.2850468889251164E+02   1.9950126013193090E-01
    4857.9989999999997963   1.2984728807354492E+02   1.9762616737641242E-01
    4858.0010000000002037   1.2984733455933625E+02   1.9762607617650724E-01
    4900.0000000000000000   1.3081895126448003E+02   1.9622536394632784E-01
    5000.0000000000000000   1.3312825590350857E+02   1.9302895509286414E-01
    5100.0000000000000000   1.3543262568089600E+02   1.8991822798535110E-01
    5194.9989999999997963   1.3761812166399559E+02   1.8693939596308903E-01
    5195.0010000000002037   1.3761816745848947E+02   1.8693935305070469E-01
    5200.0000000000000000   1.3773222290665777E+02   1.8688330694842803E-01
    5300.0000000000000000   1.4002738619590249E+02   1.8389541685592115E-01
    5400.0000000000000000   1.4231701102869604E+02   1.8109849287281593E-01
    5500.0000000000000000   1.4460081902835176E+02   1.7852189430284926E-01
    5600.0000000000000000   1.4688223126840688E+02   1.7575719926836528E-01
    5700.0000000000000000   1.4915831959926467E+02   1.7319757140059314E-01
    5800.0000000000000000   1.5142883627047678E+02   1.7083617665097814E-01
    5900.0000000000000000   1.5369662715270385E+02   1.6838769436454068E-01
    6000.0000000000000000   1.5596025409839922E+02   1.6598406134474167E-01
    6100.0000000000000000   1.5821783546697608E+02   1.6387296225317996E-01
    6200.0000000000000000   1.6047339227566727E+02   1.6161393986868469E-01
    6300.0000000000000000   1.6272512991495915E+02   1.5938742949971146E-01
    6400.0000000000000000   1.6497152060604847E+02   1.5737617393410236E-01
    6500.0000000000000000   1.6721397061585827E+02   1.5543474122169085E-01
    6600.0000000000000000   1.6945263888777433E+02   1.5355776467182486E-01
    6700.0000000000000000   1.7168882745086589E+02   1.5159956572095393E-01
    6800.0000000000000000   1.7392039944153962E+02   1.4980701339893146E-01
    6900.0000000000000000   1.7614939841166046E+02   1.4795139200891505E-01
    7000.0000000000000000   1.7837484046127139E+02   1.4616077815155534E-01
    7100.0000000000000000   1.8059792104563599E+02   1.4431317245576403E-01
    7200.0000000000000000   1.8281598364271503E+02   1.4266720598942775E-01
    7300.0000000000000000   1.8503042460200777E+02   1.4108602964976735E-01
    7400.0000000000000000   1.8724106794968117E+02   1.3958289839295313E-01
    7500.0000000000000000   1.8945103409538243E+02   1.3790346333793541E-01
    7600.0000000000000000   1.9165627173221174E+02   1.3640526424925950E-01
    7700.0000000000000000   1.9385717267391027E+02   1.3503409760993668E-01
    7800.0000000000000000   1.9605856131837672E+02   1.3340226971834146E-01
    7900.0000000000000000   1.9825339738936566E+02   1.3211055505525254E-01
    8000.0000000000000000   2.0044729510215038E+02   1.3066732890443813E-01
    8100.0000000000000000   2.0263792313306712E+02   1.2928982546577897E-01
    8200.0000000000000000   2.0482531651549274E+02   1.2797554123721874E-01
    8300.0000000000000000   2.0700869779431662E+02   1.2678943032089338E-01
    8400.0000000000000000   2.0919206273446048E+02   1.2539981955539498E-01
    8500.0000000000000000   2.1136813134688649E+02   1.2440137834894675E-01
    8600.0000000000000000   2.1354735427224847E+02   1.2295819352890255E-01
    8700.0000000000000000   2.1572151048501965E+02   1.2173333281169826E-01
    8800.0000000000000000   2.1788876378483914E+02   1.2088154554554366E-01
    8900.0000000000000000   2.2005946256500391E+02   1.1955599774630569E-01
    9000.0000000000000000   2.2222610735534943E+02   1.1838965773673081E-01
    9100.0000000000000000   2.2438991692782415E+02   1.1725610770744206E-01
    9200.0000000000000000   2.2654735258085645E+02   1.1644546257779476E-01
    9300.0000000000000000   2.2870737234371509E+02   1.1526741971006135E-01
    9400.0000000000000000   2.3086489884224176E+02   1.1411461065186883E-01
    9500.0000000000000000   2.3301733767423707E+02   1.1319806867394210E-01
    9600.0000000000000000   2.3516915648048564E+02   1.1215197669297690E-01
    9700.0000000000000000   2.3731889306564361E+02   1.1110559369542330E-01
    9800.0000000000000000   2.3946571765188844E+02   1.1012454466691579E-01
    9900.0000000000000000   2.4160975206412226E+02   1.0920050635064109E-01
   10000.0000000000000000   2.4375145874165298E+02   1.0829958440224526E-01
   11000.0000000000000000   2.6504783570755853E+02   1.0026120257126107E-01
   12000.0000000000000000   2.8615352438965880E+02   9.2920819694957857E-02
   13000.0000000000000000   3.0707672769270329E+02   8.6775979850560681E-02
   13040.9989999999997963   3.0793122564128169E+02   8.6536308863513531E-02
   13041.0010000000002037   3.0793126770153913E+02   8.6536275487672731E-02
   14000.0000000000000000   3.2783517188109641E+02   8.1516405684208856E-02
   15000.0000000000000000   3.4844445031050412E+02   7.6904815880056279E-02
   15205.9989999999997963   3.5267081609015059E+02   7.6115077151046054E-02
   15206.0010000000002037   3.5267085807600540E+02   7.6115019909625936E-02
   15866.9989999999997963   3.6620549297930603E+02   7.3148233503874824E-02
   15867.0010000000002037   3.6620553384230305E+02   7.3148219429988975E-02
   16000.0000000000000000   3.6891819858572603E+02   7.2781690115948899E-02
   17000.0000000000000000   3.8926468942559785E+02   6.9038475175742867E-02
   18000.0000000000000000   4.0948595519969257E+02   6.6015820595484748E-02
   19000.0000000000000000   4.2959809753442420E+02   6.3186501217355806E-02
   20000.0000000000000000   4.4962355649348217E+02   6.0020529492846225E-02
   21000.0000000000000000   4.6953632503823314E+02   5.7674454928613297E-02
   22000.0000000000000000   4.8935632630200206E+02   5.5473270179911702E-02
   23000.0000000000000000   5.0909204986291013E+02   5.3463558347254719E-02
   24000.0000000000000000   5.2873856971631551E+02   5.1748434872526589E-02
   25000.0000000000000000   5.4832844740774806E+02   4.9540492543892950E-02
   26000.0000000000000000   5.6781907578195217E+02   4.8214046043982793E-02
   27000.0000000000000000   5.8725850020484540E+02   4.6279916756381302E-02
   28000.0000000000000000   6.0660719559521817E+02   4.5314095989747089E-02
   29000.0000000000000000   6.2590713601307482E+02   4.3932679863465537E-02
   30000.0000000000000000   6.4513728528679292E+02   4.2617982310827023E-02
   31000.0000000000000000   6.6431370679548093E+02   4.1357873610642637E-02
   32000.0000000000000000   6.8344029720675121E+02   4.0094597678283758E-02
   33000.0000000000000000   7.0248983102365082E+02   3.9304559907607090E-02
   33175.9990000000034343   7.0584298310984491E+02   3.8805084071116873E-02
   33176.0009999999965657   7.0584302287388653E+02   3.8805042529658759E-02
   34000.0000000000000000   7.2149517153389979E+02   3.8301443215650231E-02
   35000.0000000000000000   7.4045585509396903E+02   3.7232977748965619E-02
   36000.0000000000000000   7.5937313948491976E+02   3.6029899547817310E-02
   37000.0000000000000000   7.7820778377810859E+02   3.5498779285249513E-02
   38000.0000000000000000   7.9700803864570821E+02   3.4677187068990110E-02
   39000.0000000000000000   8.1579613170709570E+02   3.3646422908296413E-02
   40000.0000000000000000   8.3450395142070829E+02   3.2906515480982189E-02
   41000.0000000000000000   8.5318652074842089E+02   3.2223072858504571E-02
   42000.0000000000000000   8.7181236281990971E+02   3.1570754739061097E-02
   43000.0000000000000000   8.9041614694930695E+02   3.0994955081120414E-02
   44000.0000000000000000   9.0893933240316096E+02   3.0698867628834021E-02
   45000.0000000000000000   9.2746574244975920E+02   2.9933835708031001E-02
   46000.0000000000000000   9.4596624617987038E+02   2.9210602120282331E-02
   47000.0000000000000000   9.6442338297790559E+02   2.8465519750114073E-02
   48000.0000000000000000   9.8279817113377237E+02   2.8331332719937798E-02
   49000.0000000000000000   1.0011797216892467E+03   2.7511734597460334E-02
   50000.0000000000000000   1.0195088480931139E+03   2.7072853320288713E-02
   88010.9989999999961583   1.6972567343757928E+03   1.6638260946059132E-02
   88011.0010000000038417   1.6972567735444343E+03   1.6638225752278985E-02
