       0.1000000000000000   1.0000000000000000E+30
       0.2000000000000000   1.0000000000000000E+30
       0.3000000000000000   1.0000000000000000E+30
       0.4000000000000000   1.0000000000000000E+30
       0.5000000000000000   1.0000000000000000E+30
       0.6000000000000000   1.0000000000000000E+30
       0.7000000000000000   1.0000000000000000E+30
       0.7999999999999999   1.0000000000000000E+30
       0.8999999999999999   1.0000000000000000E+30
       0.9999999999999999   1.0000000000000000E+30
       2.0000000000000000   1.0000000000000000E+30
       3.0000000000000000   1.0000000000000000E+30
       4.0000000000000000   1.0000000000000000E+30
       5.0000000000000000   1.0000000000000000E+30
       6.0000000000000000   1.0000000000000000E+30
       7.0000000000000000   1.0000000000000000E+30
       8.0000000000000000   1.0000000000000000E+30
       9.0000000000000000   1.0000000000000000E+30
      10.0000000000000000   1.0000000000000000E+30
      11.0000000000000000   1.0000000000000000E+30
      12.0000000000000000   1.0000000000000000E+30
      13.0000000000000000   1.0000000000000000E+30
      14.0000000000000000   1.0000000000000000E+30
      15.0000000000000000   1.0000000000000000E+30
      16.0000000000000000   1.0000000000000000E+30
      17.0000000000000000   1.0000000000000000E+30
      18.0000000000000000   1.0000000000000000E+30
      19.0000000000000000   1.0000000000000000E+30
      20.0000000000000000   1.0000000000000000E+30
      21.0000000000000000   1.0000000000000000E+30
      22.0000000000000000   1.0000000000000000E+30
      23.0000000000000000   1.0000000000000000E+30
      24.0000000000000000   1.0000000000000000E+30
      24.9989999999999988   1.0000000000000000E+30
      25.0000000000000000   1.0000000000000000E+30
      25.0010000000000012   1.0000000000000000E+30
      26.0000000000000000   1.0000000000000000E+30
      26.9989999999999988   1.0000000000000000E+30
      27.0000000000000000   1.0000000000000000E+30
      27.0010000000000012   1.0000000000000000E+30
      28.0000000000000000   1.0000000000000000E+30
      29.0000000000000000   1.0000000000000000E+30
      30.0000000000000000   1.0000000000000000E+30
      31.0000000000000000   1.0000000000000000E+30
      32.0000000000000000   1.0000000000000000E+30
      33.0000000000000000   1.0000000000000000E+30
      34.0000000000000000   1.0000000000000000E+30
      35.0000000000000000   1.0000000000000000E+30
      36.0000000000000000   1.0000000000000000E+30
      37.0000000000000000   1.0000000000000000E+30
      38.0000000000000000   1.0000000000000000E+30
      39.0000000000000000   1.0000000000000000E+30
      40.0000000000000000   1.0000000000000000E+30
      41.0000000000000000   1.0000000000000000E+30
      42.0000000000000000   1.0000000000000000E+30
      43.0000000000000000   1.0000000000000000E+30
      44.0000000000000000   1.0000000000000000E+30
      45.0000000000000000   1.0000000000000000E+30
      46.0000000000000000   1.0000000000000000E+30
      47.0000000000000000   1.0000000000000000E+30
      48.0000000000000000   1.0000000000000000E+30
      49.0000000000000000   1.0000000000000000E+30
      50.0000000000000000   1.0000000000000000E+30
      51.0000000000000000   1.0000000000000000E+30
      52.0000000000000000   1.0000000000000000E+30
      53.0000000000000000   1.0000000000000000E+30
      54.0000000000000000   1.0000000000000000E+30
      55.0000000000000000   1.0000000000000000E+30
      55.9990000000000023   1.0000000000000000E+30
      56.0000000000000000   1.0000000000000000E+30
      56.0009999999999977   1.0000000000000000E+30
      57.0000000000000000   1.0000000000000000E+30
      57.9990000000000023   1.0000000000000000E+30
      58.0000000000000000   1.0000000000000000E+30
      58.0009999999999977   1.0000000000000000E+30
      59.0000000000000000   1.0000000000000000E+30
      60.0000000000000000   1.0000000000000000E+30
      61.0000000000000000   1.0000000000000000E+30
      62.0000000000000000   1.0000000000000000E+30
      63.0000000000000000   1.0000000000000000E+30
      64.0000000000000000   1.0000000000000000E+30
      65.0000000000000000   1.0000000000000000E+30
      66.0000000000000000   1.0000000000000000E+30
      67.0000000000000000   1.0000000000000000E+30
      68.0000000000000000   1.0000000000000000E+30
      69.0000000000000000   1.0000000000000000E+30
      70.0000000000000000   1.0000000000000000E+30
      71.0000000000000000   1.0000000000000000E+30
      72.0000000000000000   1.0000000000000000E+30
      73.0000000000000000   1.0000000000000000E+30
      74.0000000000000000   1.0000000000000000E+30
      75.0000000000000000   1.0000000000000000E+30
      76.0000000000000000   1.0000000000000000E+30
      77.0000000000000000   1.0000000000000000E+30
      78.0000000000000000   1.0000000000000000E+30
      79.0000000000000000   1.0000000000000000E+30
      80.0000000000000000   1.0000000000000000E+30
      81.0000000000000000   1.0000000000000000E+30
      82.0000000000000000   1.0000000000000000E+30
      83.0000000000000000   1.0000000000000000E+30
      84.0000000000000000   1.0000000000000000E+30
      85.0000000000000000   1.0000000000000000E+30
      86.0000000000000000   1.0000000000000000E+30
      87.0000000000000000   1.0000000000000000E+30
      88.0000000000000000   1.0000000000000000E+30
      89.0000000000000000   1.0000000000000000E+30
      89.9989999999999952   1.0000000000000000E+30
      90.0000000000000000   1.0000000000000000E+30
      90.0010000000000048   1.0000000000000000E+30
      91.0000000000000000   1.0000000000000000E+30
      92.0000000000000000   1.0000000000000000E+30
      93.0000000000000000   1.0000000000000000E+30
      94.0000000000000000   1.0000000000000000E+30
      95.0000000000000000   1.0000000000000000E+30
      96.0000000000000000   1.0000000000000000E+30
      97.0000000000000000   1.0000000000000000E+30
      98.0000000000000000   1.0000000000000000E+30
      99.0000000000000000   1.0000000000000000E+30
     100.0000000000000000   1.0000000000000000E+30
     110.0000000000000000   1.0000000000000000E+30
     110.9989999999999952   1.0000000000000000E+30
     111.0010000000000048   1.0000000000000000E+30
     120.0000000000000000   1.0000000000000000E+30
     130.0000000000000000   1.0000000000000000E+30
     130.9989999999999952   1.0000000000000000E+30
     131.0010000000000048   1.0000000000000000E+30
     140.0000000000000000   1.0000000000000000E+30
     140.9989999999999952   1.0000000000000000E+30
     141.0010000000000048   1.0000000000000000E+30
     143.9989999999999952   1.0000000000000000E+30
     144.0010000000000048   1.0000000000000000E+30
     147.9989999999999952   1.0000000000000000E+30
     148.0010000000000048   1.0000000000000000E+30
     150.0000000000000000   1.0000000000000000E+30
     152.9989999999999952   1.0000000000000000E+30
     153.0010000000000048   1.0000000000000000E+30
     160.0000000000000000   1.0000000000000000E+30
     170.0000000000000000   1.0000000000000000E+30
     180.0000000000000000   1.0000000000000000E+30
     190.0000000000000000   1.0000000000000000E+30
     192.9989999999999952   1.0000000000000000E+30
     193.0010000000000048   1.0000000000000000E+30
     200.0000000000000000   1.0000000000000000E+30
     210.0000000000000000   1.0000000000000000E+30
     220.0000000000000000   1.0000000000000000E+30
     230.0000000000000000   1.0000000000000000E+30
     240.0000000000000000   1.0000000000000000E+30
     250.0000000000000000   1.0000000000000000E+30
     260.0000000000000000   1.0000000000000000E+30
     270.0000000000000000   1.0000000000000000E+30
     280.0000000000000000   1.0000000000000000E+30
     290.0000000000000000   1.0000000000000000E+30
     300.0000000000000000   1.0000000000000000E+30
     310.0000000000000000   1.0000000000000000E+30
     320.0000000000000000   1.0000000000000000E+30
     330.0000000000000000   1.0000000000000000E+30
     340.0000000000000000   1.0000000000000000E+30
     350.0000000000000000   1.0000000000000000E+30
     360.0000000000000000   1.0000000000000000E+30
     370.0000000000000000   1.0000000000000000E+30
     380.0000000000000000   1.0000000000000000E+30
     390.0000000000000000   1.0000000000000000E+30
     400.0000000000000000   1.0000000000000000E+30
     410.0000000000000000   1.0000000000000000E+30
     418.9990000000000236   1.0000000000000000E+30
     419.0009999999999764   1.0000000000000000E+30
     420.0000000000000000   1.0000000000000000E+30
     430.0000000000000000   1.0000000000000000E+30
     440.0000000000000000   1.0000000000000000E+30
     440.9990000000000236   1.0000000000000000E+30
     441.0009999999999764   1.0000000000000000E+30
     450.0000000000000000   1.0000000000000000E+30
     460.0000000000000000   1.0000000000000000E+30
     470.0000000000000000   1.0000000000000000E+30
     480.0000000000000000   1.0000000000000000E+30
     490.0000000000000000   1.0000000000000000E+30
     500.0000000000000000   1.0000000000000000E+30
     510.0000000000000000   1.0000000000000000E+30
     520.0000000000000000   1.0000000000000000E+30
     530.0000000000000000   1.0000000000000000E+30
     540.0000000000000000   1.0000000000000000E+30
     550.0000000000000000   1.0000000000000000E+30
     560.0000000000000000   1.0000000000000000E+30
     570.0000000000000000   1.0000000000000000E+30
     580.0000000000000000   1.0000000000000000E+30
     590.0000000000000000   1.0000000000000000E+30
     600.0000000000000000   1.0000000000000000E+30
     610.0000000000000000   1.0000000000000000E+30
     620.0000000000000000   1.0000000000000000E+30
     625.9990000000000236   1.0000000000000000E+30
     626.0009999999999764   1.0000000000000000E+30
     630.0000000000000000   1.0000000000000000E+30
     637.9990000000000236   1.0000000000000000E+30
     638.0009999999999764   1.0000000000000000E+30
     640.0000000000000000   1.0000000000000000E+30
     650.0000000000000000   1.0000000000000000E+30
     650.9990000000000236   1.0000000000000000E+30
     651.0009999999999764   1.0000000000000000E+30
     660.0000000000000000   1.0000000000000000E+30
     670.0000000000000000   1.0000000000000000E+30
     680.0000000000000000   1.0000000000000000E+30
     690.0000000000000000   1.0000000000000000E+30
     700.0000000000000000   1.0000000000000000E+30
     710.0000000000000000   1.0000000000000000E+30
     720.0000000000000000   1.0000000000000000E+30
     730.0000000000000000   1.0000000000000000E+30
     740.0000000000000000   1.0000000000000000E+30
     750.0000000000000000   1.0000000000000000E+30
     760.0000000000000000   1.0000000000000000E+30
     768.9990000000000236   1.0000000000000000E+30
     769.0009999999999764   1.0000000000000000E+30
     770.0000000000000000   1.0000000000000000E+30
     780.0000000000000000   1.0000000000000000E+30
     790.0000000000000000   1.0000000000000000E+30
     800.0000000000000000   1.0000000000000000E+30
     810.0000000000000000   1.0000000000000000E+30
     820.0000000000000000   1.0000000000000000E+30
     830.0000000000000000   1.0000000000000000E+30
     840.0000000000000000   1.0000000000000000E+30
     850.0000000000000000   1.0000000000000000E+30
     860.0000000000000000   1.0000000000000000E+30
     870.0000000000000000   1.0000000000000000E+30
     880.0000000000000000   1.0000000000000000E+30
     880.9990000000000236   1.0000000000000000E+30
     881.0009999999999764   1.0000000000000000E+30
     890.0000000000000000   1.0000000000000000E+30
     898.9990000000000236   1.0000000000000000E+30
     899.0009999999999764   1.0000000000000000E+30
     900.0000000000000000   1.0000000000000000E+30
     910.0000000000000000   1.0000000000000000E+30
     920.0000000000000000   1.0000000000000000E+30
     930.0000000000000000   1.0000000000000000E+30
     936.9990000000000236   1.0000000000000000E+30
     937.0009999999999764   1.0000000000000000E+30
     940.0000000000000000   1.0000000000000000E+30
     950.0000000000000000   1.0000000000000000E+30
     960.0000000000000000   1.0000000000000000E+30
     970.0000000000000000   1.0000000000000000E+30
     980.0000000000000000   1.0000000000000000E+30
     990.0000000000000000   1.0000000000000000E+30
    1000.0000000000000000   1.0000000000000000E+30
    1077.9990000000000236   1.0000000000000000E+30
    1078.0009999999999764   1.0000000000000000E+30
    1100.0000000000000000   1.0000000000000000E+30
    1200.0000000000000000   1.0000000000000000E+30
    1300.0000000000000000   1.0000000000000000E+30
    1400.0000000000000000   1.0000000000000000E+30
    1500.0000000000000000   1.0000000000000000E+30
    1600.0000000000000000   1.0000000000000000E+30
    1700.0000000000000000   1.0000000000000000E+30
    1800.0000000000000000   1.0000000000000000E+30
    1900.0000000000000000   1.0000000000000000E+30
    2000.0000000000000000   1.0000000000000000E+30
    2100.0000000000000000   1.0000000000000000E+30
    2200.0000000000000000   1.0000000000000000E+30
    2300.0000000000000000   1.0000000000000000E+30
    2400.0000000000000000   1.0000000000000000E+30
    2489.9989999999997963   1.0000000000000000E+30
    2490.0010000000002037   1.0000000000000000E+30
    2500.0000000000000000   1.0000000000000000E+30
    2591.9989999999997963   1.0000000000000000E+30
    2592.0010000000002037   1.0000000000000000E+30
    2600.0000000000000000   1.0000000000000000E+30
    2700.0000000000000000   1.0000000000000000E+30
    2800.0000000000000000   1.0000000000000000E+30
    2900.0000000000000000   1.0000000000000000E+30
    3000.0000000000000000   1.0000000000000000E+30
    3071.9989999999997963   1.0000000000000000E+30
    3072.0010000000002037   1.0000000000000000E+30
    3100.0000000000000000   1.0000000000000000E+30
    3200.0000000000000000   1.0000000000000000E+30
    3300.0000000000000000   1.0000000000000000E+30
    3400.0000000000000000   1.0000000000000000E+30
    3500.0000000000000000   1.0000000000000000E+30
    3559.9989999999997963   1.0000000000000000E+30
    3560.0010000000002037   1.0000000000000000E+30
    3600.0000000000000000   1.0000000000000000E+30
    3700.0000000000000000   1.0000000000000000E+30
    3800.0000000000000000   1.0000000000000000E+30
    3856.9989999999997963   1.0000000000000000E+30
    3857.0010000000002037   7.0327854732017638E+05
    3900.0000000000000000   7.1256462485695397E+05
    4000.0000000000000000   7.3513901637376717E+05
    4100.0000000000000000   7.5919053938529000E+05
    4200.0000000000000000   7.8076791141592688E+05
    4300.0000000000000000   8.0776912133049127E+05
    4400.0000000000000000   8.3598706061397167E+05
    4500.0000000000000000   8.6137533512176480E+05
    4562.9989999999997963   8.7990558704314916E+05
    4563.0010000000002037   8.7990618796999159E+05
    4600.0000000000000000   8.8455519247400190E+05
    4700.0000000000000000   9.1219746644893719E+05
    4800.0000000000000000   9.3629648302610440E+05
    4857.9989999999997963   9.5265498783868295E+05
    4858.0010000000002037   9.5265556179073313E+05
    4900.0000000000000000   9.6547512224006990E+05
    5000.0000000000000000   9.9626559821064305E+05
    5100.0000000000000000   1.0238173541349627E+06
    5194.9989999999997963   1.0528573512736608E+06
    5195.0010000000002037   1.0528579958001545E+06
    5200.0000000000000000   1.0544714595443252E+06
    5300.0000000000000000   1.0878189292128116E+06
    5400.0000000000000000   1.1174551925659496E+06
    5500.0000000000000000   1.1480893064644628E+06
    5600.0000000000000000   1.1825818387383800E+06
    5700.0000000000000000   1.2114491108823749E+06
    5800.0000000000000000   1.2468489983400721E+06
    5900.0000000000000000   1.2764541017734285E+06
    6000.0000000000000000   1.3084181335957502E+06
    6100.0000000000000000   1.3436186257899394E+06
    6200.0000000000000000   1.3747471714532615E+06
    6300.0000000000000000   1.4108779878137864E+06
    6400.0000000000000000   1.4419348332419987E+06
    6500.0000000000000000   1.4783461120880928E+06
    6600.0000000000000000   1.5166439210077121E+06
    6700.0000000000000000   1.5539730201327035E+06
    6800.0000000000000000   1.5952910018922549E+06
    6900.0000000000000000   1.6388661745821573E+06
    7000.0000000000000000   1.6691740263226293E+06
    7100.0000000000000000   1.7077454006580594E+06
    7200.0000000000000000   1.7502327705156277E+06
    7300.0000000000000000   1.7892006723485598E+06
    7400.0000000000000000   1.8330597543609068E+06
    7500.0000000000000000   1.8791231258780893E+06
    7600.0000000000000000   1.9143002300114892E+06
    7700.0000000000000000   1.9607147683991767E+06
    7800.0000000000000000   1.9977979448971534E+06
    7900.0000000000000000   2.0440751940417523E+06
    8000.0000000000000000   2.0925472277900227E+06
    8100.0000000000000000   2.1265068680098937E+06
    8200.0000000000000000   2.1742296145969075E+06
    8300.0000000000000000   2.2241435079396991E+06
    8400.0000000000000000   2.2764030005959151E+06
    8500.0000000000000000   2.3056702309718807E+06
    8600.0000000000000000   2.3557854140926348E+06
    8700.0000000000000000   2.4010504099068828E+06
    8800.0000000000000000   2.4528693917246941E+06
    8900.0000000000000000   2.4981776827360010E+06
    9000.0000000000000000   2.5502879834163105E+06
    9100.0000000000000000   2.6046185691606477E+06
    9200.0000000000000000   2.6471518875266076E+06
    9300.0000000000000000   2.7012431518560606E+06
    9400.0000000000000000   2.7575911045564557E+06
    9500.0000000000000000   2.7993106580081927E+06
    9600.0000000000000000   2.8543408292892794E+06
    9700.0000000000000000   2.9115780051137223E+06
    9800.0000000000000000   2.9711576713870270E+06
    9900.0000000000000000   3.0149558095194711E+06
   10000.0000000000000000   3.0741603654592470E+06
   11000.0000000000000000   3.6402092672124957E+06
   12000.0000000000000000   4.2770069034248991E+06
   13000.0000000000000000   4.9547605947235459E+06
   13040.9989999999997963   4.9859548127606874E+06
   13041.0010000000002037   4.9859563440478146E+06
   14000.0000000000000000   5.7265672558370670E+06
   15000.0000000000000000   6.5125425420072647E+06
   15205.9989999999997963   6.7042451428806363E+06
   15206.0010000000002037   6.7042470588666108E+06
   15866.9989999999997963   7.2588031018433273E+06
   15867.0010000000002037   7.2588049994188724E+06
   16000.0000000000000000   7.3872253304363331E+06
   17000.0000000000000000   8.2886918334544105E+06
   18000.0000000000000000   9.3059571916342657E+06
   19000.0000000000000000   1.0359843789044864E+07
   20000.0000000000000000   1.1485798946921900E+07
   21000.0000000000000000   1.2678098475650359E+07
   22000.0000000000000000   1.3935217655805482E+07
   23000.0000000000000000   1.5252615629285736E+07
   24000.0000000000000000   1.6614909488275858E+07
   25000.0000000000000000   1.8097497539099429E+07
   26000.0000000000000000   1.9662943743991408E+07
   27000.0000000000000000   2.1261722824525367E+07
   28000.0000000000000000   2.2969971076314211E+07
   29000.0000000000000000   2.4754643431497760E+07
   30000.0000000000000000   2.6600460415496856E+07
   31000.0000000000000000   2.8549955249929674E+07
   32000.0000000000000000   3.0589689183512468E+07
   33000.0000000000000000   3.2595418305752747E+07
   33175.9990000000034343   3.2991105989425108E+07
   33176.0009999999965657   3.2991110540486593E+07
   34000.0000000000000000   3.4755733782400467E+07
   35000.0000000000000000   3.7078284433896810E+07
   36000.0000000000000000   3.9514390702883147E+07
   37000.0000000000000000   4.1965434730841190E+07
   38000.0000000000000000   4.4347787636764802E+07
   39000.0000000000000000   4.6950457872305386E+07
   40000.0000000000000000   4.9621325717860781E+07
   41000.0000000000000000   5.2470646842912778E+07
   42000.0000000000000000   5.5424406069624081E+07
   43000.0000000000000000   5.8370929645589419E+07
   44000.0000000000000000   6.1428275090771221E+07
   45000.0000000000000000   6.4626192356597871E+07
   46000.0000000000000000   6.7855840633098841E+07
   47000.0000000000000000   7.1144419947481707E+07
   48000.0000000000000000   7.4664094082693726E+07
   49000.0000000000000000   7.8601711680810824E+07
   50000.0000000000000000   8.2113252042830259E+07
   88010.9989999999961583   3.0837322408999556E+08
   88011.0010000000038417   3.0837324149948049E+08
