       1.0000000000000000   1.0000000000000000E+30   0.0000000000000000E+00
       2.0000000000000000   1.0000000000000000E+30   0.0000000000000000E+00
       3.0000000000000000   1.9215501643027048E+02   1.2280165661463904E-02
       4.0000000000000000   8.4010908702541457E+01   3.0943242931397739E-02
       5.0000000000000000   5.6831524529396425E+01   5.0062340798810154E-02
       6.0000000000000000   4.3961293452782762E+01   7.0666076671379988E-02
       7.0000000000000000   3.7038354800720555E+01   9.0669591011830031E-02
       8.0000000000000000   3.2424986001104195E+01   1.1143053791560543E-01
       9.0000000000000000   2.9167585872534318E+01   1.3255386097214439E-01
      10.0000000000000000   2.6396664077906088E+01   1.5690273375643513E-01
      11.0000000000000000   2.4688228976414962E+01   1.7732237380113725E-01
      12.0000000000000000   2.2797593911344045E+01   2.0455437893444095E-01
      13.0000000000000000   2.1661945200977790E+01   2.2611710467702206E-01
      14.0000000000000000   2.0311378483054320E+01   2.5524682715454183E-01
      15.0000000000000000   1.9300513285287366E+01   2.8230357499439174E-01
      16.0000000000000000   1.8569886867592999E+01   3.0612357262882384E-01
      17.0000000000000000   1.7635926362439939E+01   3.3889427292935620E-01
      18.0000000000000000   1.6952501472400552E+01   3.6793339475039921E-01
      19.0000000000000000   1.6485583314213759E+01   3.9189436554388690E-01
      20.0000000000000000   1.5829695827412728E+01   4.2600530810106507E-01
      21.0000000000000000   1.5374600485831989E+01   4.5435558170436585E-01
      22.0000000000000000   1.4750160938646081E+01   4.9440567216537867E-01
      23.0000000000000000   1.4311191122382196E+01   5.2790651479620054E-01
      24.0000000000000000   1.3878366548932357E+01   5.6397504685466537E-01
      25.0000000000000000   1.3606592317354432E+01   5.9135156428854496E-01
      26.0000000000000000   1.3182061460907239E+01   6.3240591804062396E-01
      27.0000000000000000   1.2765924361633209E+01   6.7658385139138955E-01
      28.0000000000000000   1.2497106603187717E+01   7.1050706252640117E-01
      29.0000000000000000   1.2228325821583280E+01   7.4646773673858835E-01
      30.0000000000000000   1.1960106353464811E+01   7.8458668529801068E-01
      31.0000000000000000   1.1692978996122916E+01   8.2498675350878925E-01
      32.0000000000000000   1.1427392471008584E+01   8.6780011015968894E-01
      33.0000000000000000   1.1163774519396084E+01   9.1316417175659159E-01
      34.0000000000000000   1.0902519051265569E+01   9.6122262060411223E-01
      35.0000000000000000   1.0643991499428859E+01   1.0121246258940444E+00
      36.0000000000000000   1.0502067783742218E+01   1.0461524383722636E+00
      37.0000000000000000   1.0246596922498780E+01   1.1022170596674687E+00
      38.0000000000000000   9.9948269384903945E+00   1.1615583273926722E+00
      39.0000000000000000   9.8524719088997763E+00   1.2016343593182770E+00
      40.0000000000000000   9.7096014096120911E+00   1.2433705794096734E+00
      41.0000000000000000   9.4637976493602647E+00   1.3112255228614105E+00
      42.0000000000000000   9.3219872933251047E+00   1.3573480861706255E+00
      43.0000000000000000   9.1803135420577746E+00   1.4053376065330596E+00
      44.0000000000000000   8.9427786116240782E+00   1.4827170682503621E+00
      45.0000000000000000   8.8035132484823624E+00   1.5355918927202292E+00
      46.0000000000000000   8.6649789090599203E+00   1.5905321055472474E+00
      47.0000000000000000   8.5273567570457569E+00   1.6475890053159492E+00
      48.0000000000000000   8.3908264257440397E+00   1.7068094091692312E+00
      49.0000000000000000   8.2555587881870043E+00   1.7682373240709850E+00
      50.0000000000000000   8.1217260951555339E+00   1.8319094213372515E+00
      51.0000000000000000   7.9894947521910371E+00   1.8978566425851162E+00
      52.0000000000000000   7.8590307235659971E+00   1.9661012628937853E+00
      53.0000000000000000   7.8112785378978611E+00   1.9997135750592721E+00
      54.0000000000000000   7.6829698964504942E+00   2.0714691000191463E+00
      55.0000000000000000   7.5568695674725141E+00   2.1455355335417705E+00
      56.0000000000000000   7.4331234439471974E+00   2.2219002373833421E+00
      57.0000000000000000   7.3866809991347839E+00   2.2595266877549807E+00
      58.0000000000000000   7.2661074239285375E+00   2.3393048806113654E+00
      59.0000000000000000   7.1482704331608611E+00   2.4212874513930633E+00
      60.0000000000000000   7.1037146270009863E+00   2.4615481028360322E+00
      61.0000000000000000   6.9896997621553298E+00   2.5467111802026978E+00
      62.0000000000000000   6.8787409073552990E+00   2.6338964358058989E+00
      63.0000000000000000   6.8367849222785360E+00   2.6764755360595931E+00
      64.0000000000000000   6.7301794016862146E+00   2.7664678324441083E+00
      65.0000000000000000   6.6900779846170035E+00   2.8101635398577196E+00
      66.0000000000000000   6.5881027288798606E+00   2.9026635976071073E+00
      67.0000000000000000   6.5500459760145571E+00   2.9472827119295326E+00
      68.0000000000000000   6.4529180448046590E+00   3.0419491373418834E+00
      69.0000000000000000   6.4170598169518778E+00   3.0872778995026473E+00
      70.0000000000000000   6.3819847340157443E+00   3.1326646876709869E+00
      71.0000000000000000   6.2913935458160113E+00   3.2295439970506434E+00
      72.0000000000000000   6.2586679790326860E+00   3.2753292752402978E+00
      73.0000000000000000   6.2267681049741679E+00   3.3210614785441734E+00
      74.0000000000000000   6.1429127490379525E+00   3.4193893969162823E+00
      75.0000000000000000   6.1134464603057230E+00   3.4651991632277781E+00
      76.0000000000000000   6.0848235834015849E+00   3.5108471576496623E+00
      77.0000000000000000   6.0077521075152269E+00   3.6098448931149432E+00
      78.0000000000000000   5.9815839603904761E+00   3.6552568707657791E+00
      79.0000000000000000   5.9562577643133512E+00   3.7004036588314189E+00
      80.0000000000000000   5.9317680960185912E+00   3.7452628356281772E+00
      81.0000000000000000   5.8629784081045644E+00   3.8439347414721041E+00
      82.0000000000000000   5.8408954163777036E+00   3.8881971389422172E+00
      83.0000000000000000   5.8196260855742183E+00   3.9320833040570875E+00
      84.0000000000000000   5.7991610668144356E+00   3.9755749782961494E+00
      85.0000000000000000   5.7794904828443210E+00   4.0186549007834582E+00
      86.0000000000000000   5.7606037716444201E+00   4.0613068942537884E+00
      87.0000000000000000   5.7027626993982290E+00   4.1575462445904439E+00
      88.0000000000000000   5.6861132522672309E+00   4.1991928814363302E+00
      89.0000000000000000   5.6702053703788566E+00   4.2403500711040278E+00
      90.0000000000000000   5.6550265057728089E+00   4.2810065454835531E+00
      91.0000000000000000   5.6405636604157570E+00   4.3211522702732550E+00
      92.0000000000000000   5.6268037123413093E+00   4.3607781396442773E+00
      93.0000000000000000   5.6137330239943459E+00   4.3998764934960573E+00
      94.0000000000000000   5.6013386549375070E+00   4.4384395779267987E+00
      95.0000000000000000   5.5896070302885841E+00   4.4764612233553605E+00
      96.0000000000000000   5.5785242312349030E+00   4.5139365767584927E+00
      97.0000000000000000   5.5680771345986280E+00   4.5508606187152711E+00
      98.0000000000000000   5.5582522183911323E+00   4.5872296252296927E+00
      99.0000000000000000   5.5490360347432865E+00   4.6230406633602552E+00
     100.0000000000000000   5.5404152436882077E+00   4.6582914719735609E+00
     110.0000000000000000   5.4841204532317969E+00   4.9799389312585465E+00
     120.0000000000000000   5.5176736845666472E+00   5.1580418557099748E+00
     130.0000000000000000   5.5746087145039418E+00   5.3004454488296062E+00
     140.0000000000000000   5.6675271772543763E+00   5.3740259758538862E+00
     150.0000000000000000   5.7716713164794600E+00   5.4276523478554006E+00
     160.0000000000000000   5.8850069602054349E+00   5.4648128632948128E+00
     170.0000000000000000   6.0187676587055403E+00   5.4576156576054977E+00
     180.0000000000000000   6.1686571025784565E+00   5.4145309774302444E+00
     190.0000000000000000   6.3090332751837916E+00   5.3965979014928660E+00
     200.0000000000000000   6.4628542338543591E+00   5.3486142471360179E+00
     210.0000000000000000   6.6178564751661266E+00   5.2999593856781182E+00
     220.0000000000000000   6.7832417217727805E+00   5.2282746008136582E+00
     230.0000000000000000   6.9395348885777084E+00   5.1805574105704677E+00
     240.0000000000000000   7.1050571719179025E+00   5.1125090628267431E+00
     250.0000000000000000   7.2703928507282063E+00   5.0467858916929469E+00
     260.0000000000000000   7.4355242142648175E+00   4.9832984477548141E+00
     270.0000000000000000   7.6004398883287676E+00   4.9219535937692855E+00
     280.0000000000000000   7.7724016659717527E+00   4.8456413581496536E+00
     290.0000000000000000   7.9365707114849666E+00   4.7890324368851314E+00
     300.0000000000000000   8.1073149586820250E+00   4.7185808442744719E+00
     310.0000000000000000   8.2707786711325380E+00   4.6661650280164304E+00
     320.0000000000000000   8.4403836905636940E+00   4.6008927307845315E+00
     330.0000000000000000   8.6093648515766414E+00   4.5382439736406601E+00
     340.0000000000000000   8.7777457383408173E+00   4.4780531984161671E+00
     350.0000000000000000   8.9455490476327331E+00   4.4201685105200550E+00
     360.0000000000000000   9.1185834214324260E+00   4.3518315823652207E+00
     370.0000000000000000   9.2851431419056976E+00   4.2985627009742293E+00
     380.0000000000000000   9.4511915691596275E+00   4.2471915360750350E+00
     390.0000000000000000   9.6221634970683017E+00   4.1861262286367706E+00
     400.0000000000000000   9.7871009001065996E+00   4.1385871602819462E+00
     410.0000000000000000   9.9567883937650770E+00   4.0817978959057362E+00
     420.0000000000000000   1.0120694718204094E+01   4.0376550732701553E+00
     430.0000000000000000   1.0289180440608298E+01   3.9846763810641890E+00
     440.0000000000000000   1.0457060533818524E+01   3.9335807438866564E+00
     450.0000000000000000   1.0619487280752322E+01   3.8939918039652537E+00
     460.0000000000000000   1.0786276997322702E+01   3.8461182381018011E+00
     470.0000000000000000   1.0952514042585941E+01   3.7998479307828386E+00
     480.0000000000000000   1.1118214700562289E+01   3.7550971377362985E+00
     490.0000000000000000   1.1283394536007290E+01   3.7117880203396489E+00
     500.0000000000000000   1.1448068515662033E+01   3.6698479897058016E+00
     510.0000000000000000   1.1612250947215431E+01   3.6292094063437834E+00
     520.0000000000000000   1.1775955562382663E+01   3.5898090812852979E+00
     530.0000000000000000   1.1939195518824622E+01   3.5515879524954617E+00
     540.0000000000000000   1.2101983426181917E+01   3.5144907514103472E+00
     550.0000000000000000   1.2264331388690781E+01   3.4784656767667150E+00
     560.0000000000000000   1.2426251009607578E+01   3.4434641525944754E+00
     570.0000000000000000   1.2591855514962974E+01   3.4020290748654700E+00
     580.0000000000000000   1.2752891300097266E+01   3.3690893794727379E+00
     590.0000000000000000   1.2913531450803234E+01   3.3370391731496079E+00
     600.0000000000000000   1.3073785818709625E+01   3.3058407431662209E+00
     610.0000000000000000   1.3237578549607854E+01   3.2685974059653500E+00
     620.0000000000000000   1.3397030980430840E+01   3.2391275757138258E+00
     630.0000000000000000   1.3559972102733328E+01   3.2037849406525569E+00
     640.0000000000000000   1.3718659424093065E+01   3.1759003344220065E+00
     650.0000000000000000   1.3877006147804870E+01   3.1487005379421009E+00
     660.0000000000000000   1.4038740834978201E+01   3.1158806506291854E+00
     670.0000000000000000   1.4196372751005594E+01   3.0900831585131585E+00
     680.0000000000000000   1.4357340321149874E+01   3.0588195589577034E+00
     690.0000000000000000   1.4514288327060447E+01   3.0343159512727960E+00
     700.0000000000000000   1.4674518792237473E+01   3.0044936764909136E+00
     710.0000000000000000   1.4834385438971044E+01   2.9753964102082087E+00
     720.0000000000000000   1.4990333290415760E+01   2.9527019806898318E+00
     730.0000000000000000   1.5149504283788351E+01   2.9248919216828950E+00
     740.0000000000000000   1.5304837276590108E+01   2.9032630837751490E+00
     750.0000000000000000   1.5463338321471564E+01   2.8766512442381340E+00
     760.0000000000000000   1.5621507186569856E+01   2.8506458859615367E+00
     770.0000000000000000   1.5775936221413982E+01   2.8305184644031565E+00
     780.0000000000000000   1.5933470785892739E+01   2.8055909611937380E+00
     790.0000000000000000   1.6090690013671288E+01   2.7812109520884878E+00
     800.0000000000000000   1.6247599135221527E+01   2.7573599594555507E+00
     810.0000000000000000   1.6400883750114733E+01   2.7390257189872655E+00
     820.0000000000000000   1.6557201508087999E+01   2.7161152006863509E+00
     830.0000000000000000   1.6713224236113199E+01   2.6936846146646851E+00
     840.0000000000000000   1.6868956630062840E+01   2.6717185023620638E+00
     850.0000000000000000   1.7024403268101274E+01   2.6502020672534856E+00
     860.0000000000000000   1.7176357559853056E+01   2.6338073374617168E+00
     870.0000000000000000   1.7331260232764837E+01   2.6130903496882376E+00
     880.0000000000000000   1.7485890353755682E+01   2.5927835964842223E+00
     890.0000000000000000   1.7640252054566982E+01   2.5728745711619672E+00
     900.0000000000000000   1.7794349372617678E+01   2.5533512689711313E+00
     910.0000000000000000   1.7948186251439839E+01   2.5342021648285020E+00
     920.0000000000000000   1.8101766538139483E+01   2.5154161975408531E+00
     930.0000000000000000   1.8255093984761949E+01   2.4969827480319382E+00
     940.0000000000000000   1.8405114193674759E+01   2.4831427538462596E+00
     950.0000000000000000   1.8557961662622283E+01   2.4653357781067262E+00
     960.0000000000000000   1.8710567080378780E+01   2.4478529305802290E+00
     970.0000000000000000   1.8862933855754846E+01   2.4306851093912440E+00
     980.0000000000000000   1.9015065313691437E+01   2.4138235618678494E+00
     990.0000000000000000   1.9166964710330092E+01   2.3972598539865295E+00
    1000.0000000000000000   1.9318635220954494E+01   2.3809858722458608E+00
    1100.0000000000000000   2.0826216951164664E+01   2.2290074154200799E+00
    1200.0000000000000000   2.2313655379035307E+01   2.0995670738355727E+00
    1300.0000000000000000   2.3785785433012474E+01   1.9848681365175793E+00
    1400.0000000000000000   2.5244154290729654E+01   1.8820853629268384E+00
    1500.0000000000000000   2.6687611561502692E+01   1.7916555272513237E+00
    1600.0000000000000000   2.8117462691473591E+01   1.7114247564790057E+00
    1700.0000000000000000   2.9537133879929847E+01   1.6374580387610571E+00
    1800.0000000000000000   3.0945150023894318E+01   1.5709556033620520E+00
    1900.0000000000000000   3.2344564577400590E+01   1.5088007540255446E+00
    2000.0000000000000000   3.3733804150699690E+01   1.4523300177705103E+00
    2100.0000000000000000   3.5113534826498800E+01   1.4007725497597212E+00
    2200.0000000000000000   3.6484344450274421E+01   1.3534972062434021E+00
    2300.0000000000000000   3.7848777341226615E+01   1.3083538948285403E+00
    2400.0000000000000000   3.9203225674470609E+01   1.2682196582777789E+00
    2500.0000000000000000   4.0552128101249920E+01   1.2295278632297473E+00
    2600.0000000000000000   4.1893844211345801E+01   1.1935760958854418E+00
    2700.0000000000000000   4.3230631300936771E+01   1.1586995361537145E+00
    2800.0000000000000000   4.4558965133355628E+01   1.1274627477079098E+00
    2900.0000000000000000   4.5881124540325509E+01   1.0981860600955504E+00
    3000.0000000000000000   4.7199135192790656E+01   1.0694978635543342E+00
    3100.0000000000000000   4.8511458813114437E+01   1.0424957267369233E+00
    3200.0000000000000000   4.9818285083069632E+01   1.0170575437902731E+00
    3300.0000000000000000   5.1118006044499772E+01   9.9420069395434207E-01
    3400.0000000000000000   5.2414470766946714E+01   9.7147991746693863E-01
    3500.0000000000000000   5.3707838951184378E+01   9.4887550149938071E-01
    3600.0000000000000000   5.4994684391507036E+01   9.2849915377697834E-01
    3700.0000000000000000   5.6276974018756754E+01   9.0915053581505023E-01
    3800.0000000000000000   5.7554863978379963E+01   8.9075257107176176E-01
    3900.0000000000000000   5.8830269828230257E+01   8.7223670012595111E-01
    4000.0000000000000000   6.0099779173285810E+01   8.5555873775133662E-01
    4100.0000000000000000   6.1367054676920930E+01   8.3868659965108405E-01
    4200.0000000000000000   6.2628689409435218E+01   8.2350358216993402E-01
    4300.0000000000000000   6.3888310473202232E+01   8.0806643530730449E-01
    4400.0000000000000000   6.5144296787176032E+01   7.9327483842097168E-01
    4500.0000000000000000   6.6394961552398470E+01   7.7999519632116876E-01
    4600.0000000000000000   6.7643945421364080E+01   7.6637575124687773E-01
    4700.0000000000000000   6.8889490835213579E+01   7.5333269016987492E-01
    4800.0000000000000000   7.0131824447974267E+01   7.4077183823290238E-01
    4900.0000000000000000   7.1370987671127992E+01   7.2868348930591909E-01
    5000.0000000000000000   7.2607014890430023E+01   7.1706082860697240E-01
    5100.0000000000000000   7.3840002851563312E+01   7.0586964492595705E-01
    5200.0000000000000000   7.5070030040109799E+01   6.9508445463115109E-01
    5300.0000000000000000   7.6297134576441351E+01   6.8469717548858910E-01
    5400.0000000000000000   7.7521377384213039E+01   6.7468951402809185E-01
    5500.0000000000000000   7.8742966710277159E+01   6.6498405174576436E-01
    5600.0000000000000000   7.9961923810172863E+01   6.5558234706401952E-01
    5700.0000000000000000   8.1179537542587596E+01   6.4592393732008024E-01
    5800.0000000000000000   8.2393483245601047E+01   6.3705297614393142E-01
    5900.0000000000000000   8.3604430084729671E+01   6.2865438855095668E-01
    6000.0000000000000000   8.4813273925019587E+01   6.2038346406876677E-01
    6100.0000000000000000   8.6021022813506278E+01   6.1181081336254206E-01
    6200.0000000000000000   8.7224826520622642E+01   6.0413993214154171E-01
    6300.0000000000000000   8.8426548259584877E+01   5.9661340365963000E-01
    6400.0000000000000000   8.9627526431464204E+01   5.8869465567630741E-01
    6500.0000000000000000   9.0824497740464452E+01   5.8169765179414612E-01
    6600.0000000000000000   9.2020900344237347E+01   5.7426935339989282E-01
    6700.0000000000000000   9.3213544046423081E+01   5.6766957583613598E-01
    6800.0000000000000000   9.4405737461452887E+01   5.6062360986574489E-01
    6900.0000000000000000   9.5594296966985709E+01   5.5435984455537934E-01
    7000.0000000000000000   9.6782503818119878E+01   5.4764018480296317E-01
    7100.0000000000000000   9.7967005755220555E+01   5.4172776202152118E-01
    7200.0000000000000000   9.9151033849459509E+01   5.3542003388570170E-01
    7300.0000000000000000   1.0033276120355593E+02   5.2940185081726343E-01
    7400.0000000000000000   1.0151160209930889E+02   5.2389834331423479E-01
    7500.0000000000000000   1.0269041612188003E+02   5.1789713535081716E-01
    7600.0000000000000000   1.0386646948140144E+02   5.1235047874470230E-01
    7700.0000000000000000   1.0503965399916878E+02   5.0730295791461077E-01
    7800.0000000000000000   1.0621316075956037E+02   5.0168387342297260E-01
    7900.0000000000000000   1.0738367450661431E+02   4.9658796757474921E-01
    8000.0000000000000000   1.0855216033813262E+02   4.9174663563688775E-01
    8100.0000000000000000   1.0971958697973147E+02   4.8678061582220433E-01
    8200.0000000000000000   1.1088615928724661E+02   4.8167933938142671E-01
    8300.0000000000000000   1.1204990489061700E+02   4.7705536458489767E-01
    8400.0000000000000000   1.1321310963210486E+02   4.7221898651889599E-01
    8500.0000000000000000   1.1437254564491867E+02   4.6815022277730739E-01
    8600.0000000000000000   1.1553252523110474E+02   4.6352831450485898E-01
    8700.0000000000000000   1.1669100964988208E+02   4.5898207104465216E-01
    8800.0000000000000000   1.1784680366547025E+02   4.5486734152184216E-01
    8900.0000000000000000   1.1900187692696724E+02   4.5062867277219981E-01
    9000.0000000000000000   1.2015574830093156E+02   4.4639393699757524E-01
    9100.0000000000000000   1.2130776755161305E+02   4.4234239096697248E-01
    9200.0000000000000000   1.2245663830804008E+02   4.3888368230667407E-01
    9300.0000000000000000   1.2360580062197602E+02   4.3499414187976870E-01
    9400.0000000000000000   1.2475397083942204E+02   4.3106897542745587E-01
    9500.0000000000000000   1.2590072755218428E+02   4.2722517658328329E-01
    9600.0000000000000000   1.2704597681437288E+02   4.2349052352023669E-01
    9700.0000000000000000   1.2818969164291954E+02   4.1987510323332206E-01
    9800.0000000000000000   1.2933192072492150E+02   4.1636841134434416E-01
    9900.0000000000000000   1.3047277764540834E+02   4.1294251492506551E-01
   10000.0000000000000000   1.3161236108049218E+02   4.0957370005173582E-01
   11000.0000000000000000   1.4293972596796249E+02   3.7909471794928362E-01
   12000.0000000000000000   1.5415679792347075E+02   3.5233259347664503E-01
   13000.0000000000000000   1.6526913612517603E+02   3.2973372388729738E-01
   14000.0000000000000000   1.7628858226515081E+02   3.1001313807697739E-01
   15000.0000000000000000   1.8722273762115771E+02   2.9270748822823051E-01
   16000.0000000000000000   1.9807860168189592E+02   2.7735448747328639E-01
   17000.0000000000000000   2.0886086242752725E+02   2.6381463708345071E-01
   18000.0000000000000000   2.1957710945182416E+02   2.5144737762404828E-01
   19000.0000000000000000   2.3023095352832195E+02   2.4018783935749247E-01
   20000.0000000000000000   2.4082555773008417E+02   2.3000369959986064E-01
   21000.0000000000000000   2.5136408352476982E+02   2.2079283001169528E-01
   22000.0000000000000000   2.6185114178653873E+02   2.1225578154332855E-01
   23000.0000000000000000   2.7228954977399934E+02   2.0430120688447612E-01
   24000.0000000000000000   2.8267830908782952E+02   1.9730759413910368E-01
   25000.0000000000000000   2.9302467497445201E+02   1.9057055571148701E-01
   26000.0000000000000000   3.0332789314265057E+02   1.8440074659994132E-01
   27000.0000000000000000   3.1358682231662351E+02   1.7911270569217705E-01
   28000.0000000000000000   3.2381730710368521E+02   1.7302363687445074E-01
   29000.0000000000000000   3.3400379784140495E+02   1.6807579202519055E-01
   30000.0000000000000000   3.4415766303832652E+02   1.6311179600327777E-01
