       1.0000000000000000   1.0000000000000000E+30   0.0000000000000000E+00
       2.0000000000000000   1.0000000000000000E+30  -3.6859851773390271E+00
       3.0000000000000000   1.0000000000000000E+30  -5.1116278740034371E+00
       4.0000000000000000   1.0000000000000000E+30  -5.1997199538401269E+00
       5.0000000000000000   1.0000000000000000E+30  -4.8889968531275274E+00
       6.0000000000000000   1.0000000000000000E+30  -4.4837335806365495E+00
       7.0000000000000000   1.0000000000000000E+30  -4.0823153122769167E+00
       8.0000000000000000   1.0000000000000000E+30  -3.7150002488010618E+00
       9.0000000000000000   1.0000000000000000E+30  -3.3884090032733893E+00
      10.0000000000000000   1.0000000000000000E+30  -3.1009555038769272E+00
      11.0000000000000000   1.0000000000000000E+30  -2.8484926536908790E+00
      12.0000000000000000   1.0000000000000000E+30  -2.6264178618225942E+00
      13.0000000000000000   1.0000000000000000E+30  -2.4304301383907481E+00
      14.0000000000000000   1.0000000000000000E+30  -2.2567597657460805E+00
      15.0000000000000000   1.0000000000000000E+30  -2.1021932234787779E+00
      16.0000000000000000   1.0000000000000000E+30  -1.9640239573234259E+00
      17.0000000000000000   1.0000000000000000E+30  -1.8399821773736416E+00
      18.0000000000000000   1.0000000000000000E+30  -1.7281647297200198E+00
      19.0000000000000000   1.0000000000000000E+30  -1.6269725588332991E+00
      20.0000000000000000   1.0000000000000000E+30  -1.5350576373077380E+00
      21.0000000000000000   1.0000000000000000E+30  -1.4512789978335234E+00
      22.0000000000000000   1.0000000000000000E+30  -1.3746667276078164E+00
      23.0000000000000000   1.0000000000000000E+30  -1.3043926299679636E+00
      24.0000000000000000   1.0000000000000000E+30  -1.2397463469159877E+00
      25.0000000000000000   1.0000000000000000E+30  -1.1801159050047016E+00
      26.0000000000000000   1.0000000000000000E+30  -1.1249718261448409E+00
      27.0000000000000000   1.0000000000000000E+30  -1.0738541072900529E+00
      28.0000000000000000   1.0000000000000000E+30  -1.0263615105457953E+00
      29.0000000000000000   1.0000000000000000E+30  -9.8214271787168739E-01
      30.0000000000000000   1.0000000000000000E+30  -9.4088899504239509E-01
      31.0000000000000000   1.0000000000000000E+30  -9.0232808152908539E-01
      32.0000000000000000   1.0000000000000000E+30  -8.6621907996524217E-01
      33.0000000000000000   1.0000000000000000E+30  -8.3234816391106914E-01
      34.0000000000000000   1.0000000000000000E+30  -8.0052495824450820E-01
      35.0000000000000000   1.0000000000000000E+30  -7.7057947470446397E-01
      36.0000000000000000   1.0000000000000000E+30  -7.4235950749141022E-01
      37.0000000000000000   1.0000000000000000E+30  -7.1572841164591505E-01
      38.0000000000000000   1.0000000000000000E+30  -6.9056320115495662E-01
      39.0000000000000000   1.0000000000000000E+30  -6.6675291514223678E-01
      40.0000000000000000   1.0000000000000000E+30  -6.4419720967595295E-01
      41.0000000000000000   1.0000000000000000E+30  -6.2280514013950306E-01
      42.0000000000000000   1.0000000000000000E+30  -6.0249410511969159E-01
      43.0000000000000000   1.0000000000000000E+30  -5.8318892765731822E-01
      44.0000000000000000   1.0000000000000000E+30  -5.6482105369972180E-01
      45.0000000000000000   1.0000000000000000E+30  -5.4732785087019398E-01
      46.0000000000000000   1.0000000000000000E+30  -5.3065199336428726E-01
      47.0000000000000000   1.0000000000000000E+30  -5.1474092100873736E-01
      48.0000000000000000   1.0000000000000000E+30  -4.9954636236305255E-01
      49.0000000000000000   1.0000000000000000E+30  -4.8502391327730709E-01
      50.0000000000000000   1.0000000000000000E+30  -4.7113266359896516E-01
      51.0000000000000000   1.0000000000000000E+30  -4.5783486579211014E-01
      52.0000000000000000   1.0000000000000000E+30  -4.4509564013120473E-01
      53.0000000000000000   1.0000000000000000E+30  -4.3288271188823879E-01
      54.0000000000000000   1.0000000000000000E+30  -4.2116617657118222E-01
      55.0000000000000000   1.0000000000000000E+30  -4.0991828981289141E-01
      56.0000000000000000   1.0000000000000000E+30  -3.9911327896922838E-01
      57.0000000000000000   1.0000000000000000E+30  -3.8872717387653988E-01
      58.0000000000000000   1.0000000000000000E+30  -3.7873765455278929E-01
      59.0000000000000000   1.0000000000000000E+30  -3.6912391391261279E-01
      60.0000000000000000   1.0000000000000000E+30  -3.5986653381197725E-01
      61.0000000000000000   1.0000000000000000E+30  -3.5094737294914696E-01
      62.0000000000000000   1.0000000000000000E+30  -3.4234946533062144E-01
      63.0000000000000000   1.0000000000000000E+30  -3.3405692816788962E-01
      64.0000000000000000   1.0000000000000000E+30  -3.2605487820696843E-01
      65.0000000000000000   1.0000000000000000E+30  -3.1832935561081055E-01
      66.0000000000000000   1.0000000000000000E+30  -3.1086725461736248E-01
      67.0000000000000000   1.0000000000000000E+30  -3.0365626028556530E-01
      68.0000000000000000   1.0000000000000000E+30  -2.9668479071968445E-01
      69.0000000000000000   1.0000000000000000E+30  -2.8994194423071873E-01
      70.0000000000000000   1.0000000000000000E+30  -2.8341745095350107E-01
      71.0000000000000000   1.0000000000000000E+30  -2.7710162849068470E-01
      72.0000000000000000   1.0000000000000000E+30  -2.7098534120102868E-01
      73.0000000000000000   1.0000000000000000E+30  -2.6505996279013827E-01
      74.0000000000000000   1.0000000000000000E+30  -2.5931734189774208E-01
      75.0000000000000000   1.0000000000000000E+30  -2.5374977040736013E-01
      76.0000000000000000   1.0000000000000000E+30  -2.4834995423233733E-01
      77.0000000000000000   1.0000000000000000E+30  -2.4311098635714296E-01
      78.0000000000000000   1.0000000000000000E+30  -2.3802632193499024E-01
      79.0000000000000000   1.0000000000000000E+30  -2.3308975526249812E-01
      80.0000000000000000   1.0000000000000000E+30  -2.2829539846967650E-01
      81.0000000000000000   1.0000000000000000E+30  -2.2363766177913194E-01
      82.0000000000000000   1.0000000000000000E+30  -2.1911123520236706E-01
      83.0000000000000000   1.0000000000000000E+30  -2.1471107155353297E-01
      84.0000000000000000   1.0000000000000000E+30  -2.1043237067217743E-01
      85.0000000000000000   1.0000000000000000E+30  -2.0627056475655367E-01
      86.0000000000000000   1.0000000000000000E+30  -2.0222130471805452E-01
      87.0000000000000000   1.0000000000000000E+30  -1.9828044747543283E-01
      88.0000000000000000   1.0000000000000000E+30  -1.9444404411473656E-01
      89.0000000000000000   1.0000000000000000E+30  -1.9070832884745481E-01
      90.0000000000000000   1.0000000000000000E+30  -1.8706970870527906E-01
      91.0000000000000000   1.0000000000000000E+30  -1.8352475391522946E-01
      92.0000000000000000   1.0000000000000000E+30  -1.8007018890371904E-01
      93.0000000000000000   1.0000000000000000E+30  -1.7670288388250038E-01
      94.0000000000000000   1.0000000000000000E+30  -1.7341984697339816E-01
      95.0000000000000000   1.0000000000000000E+30  -1.7021821683231603E-01
      96.0000000000000000   1.0000000000000000E+30  -1.6709525573626480E-01
      97.0000000000000000   1.0000000000000000E+30  -1.6404834310012148E-01
      98.0000000000000000   1.0000000000000000E+30  -1.6107496939251861E-01
      99.0000000000000000   1.0000000000000000E+30  -1.5817273042271163E-01
     100.0000000000000000   1.0000000000000000E+30  -1.5533932197250996E-01
     110.0000000000000000   1.0000000000000000E+30  -1.3034619760849178E-01
     120.0000000000000000   1.0000000000000000E+30  -1.1028203408978489E-01
     130.0000000000000000   1.0000000000000000E+30  -9.3916514840886464E-02
     140.0000000000000000   1.0000000000000000E+30  -8.0386313171806681E-02
     150.0000000000000000   1.0000000000000000E+30  -6.9069565591644136E-02
     160.0000000000000000   1.0000000000000000E+30  -5.9508169051429000E-02
     170.0000000000000000   1.0000000000000000E+30  -5.1358021918879913E-02
     180.0000000000000000   1.0000000000000000E+30  -4.4356210385785591E-02
     190.0000000000000000   1.0000000000000000E+30  -3.8298807385040524E-02
     200.0000000000000000   1.0000000000000000E+30  -3.3025508264136756E-02
     210.0000000000000000   1.0000000000000000E+30  -2.8408782144260073E-02
     220.0000000000000000   1.0000000000000000E+30  -2.4346072935713187E-02
     230.0000000000000000   1.0000000000000000E+30  -2.0754101375132651E-02
     240.0000000000000000   1.0000000000000000E+30  -1.7564640768508621E-02
     250.0000000000000000   1.0000000000000000E+30  -1.4721343390172989E-02
     260.0000000000000000   1.0000000000000000E+30  -1.2177327116194948E-02
     270.0000000000000000   1.0000000000000000E+30  -9.8933196557370266E-03
     280.0000000000000000   1.0000000000000000E+30  -7.8362168764667620E-03
     290.0000000000000000   1.0000000000000000E+30  -5.9779521982351530E-03
     300.0000000000000000   1.0000000000000000E+30  -4.2946021512012354E-03
     310.0000000000000000   1.0000000000000000E+30  -2.7656730012146028E-03
     320.0000000000000000   1.0000000000000000E+30  -1.3735274731900848E-03
     330.0000000000000000   1.0000000000000000E+30  -1.0292079987074627E-04
     340.0000000000000000   1.0000000000000000E+30   1.0593772361552228E-03
     350.0000000000000000   1.0000000000000000E+30   2.1248921141505490E-03
     360.0000000000000000   1.0000000000000000E+30   3.1037000049454816E-03
     370.0000000000000000   1.0000000000000000E+30   4.0046395167838327E-03
     380.0000000000000000   1.0000000000000000E+30   4.8354881330455457E-03
     390.0000000000000000   1.0000000000000000E+30   5.6031099445697317E-03
     400.0000000000000000   1.0000000000000000E+30   6.3135799154695801E-03
     410.0000000000000000   1.0000000000000000E+30   6.9722888647816752E-03
     420.0000000000000000   1.0000000000000000E+30   7.5840325222809781E-03
     430.0000000000000000   1.0000000000000000E+30   8.1530873700312572E-03
     440.0000000000000000   1.0000000000000000E+30   8.6832754705299924E-03
     450.0000000000000000   1.0000000000000000E+30   9.1780200766990797E-03
     460.0000000000000000   1.0234492512680823E+07   9.6403934950784701E-03
     470.0000000000000000   9.1653329438624112E+05   1.0073158413581916E-02
     480.0000000000000000   4.7418747297663166E+05   1.0478803695431820E-02
     490.0000000000000000   3.1800358547946846E+05   1.0859575470880680E-02
     500.0000000000000000   2.3850576362125014E+05   1.1217504219903626E-02
     510.0000000000000000   1.9052689425733325E+05   1.1554428425842244E-02
     520.0000000000000000   1.5852660272328075E+05   1.1872015287023883E-02
     530.0000000000000000   1.3572564460619871E+05   1.2171778896739160E-02
     540.0000000000000000   1.1869668524896384E+05   1.2455096238531615E-02
     550.0000000000000000   1.0552184104612537E+05   1.2723221291068176E-02
     560.0000000000000000   9.5044909444898323E+04   1.2977297492935936E-02
     570.0000000000000000   8.6527905310692760E+04   1.3218368780979518E-02
     580.0000000000000000   7.9477982608624341E+04   1.3447389384963962E-02
     590.0000000000000000   7.3553679324353317E+04   1.3665232535399092E-02
     600.0000000000000000   6.8511094123244111E+04   1.3872698219450278E-02
     610.0000000000000000   6.4171475648701133E+04   1.4070520101307278E-02
     620.0000000000000000   6.0400909228728357E+04   1.4259371707624873E-02
     630.0000000000000000   5.7097145009836575E+04   1.4439871965231688E-02
     640.0000000000000000   5.4180802888342616E+04   1.4612590166850983E-02
     650.0000000000000000   5.1589348173384431E+04   1.4778050430769142E-02
     660.0000000000000000   4.9272871574747274E+04   1.4936735711977130E-02
     670.0000000000000000   4.7191073826547021E+04   1.5089091415073027E-02
     680.0000000000000000   4.5311072563164911E+04   1.5235528652977420E-02
     690.0000000000000000   4.3605781654846258E+04   1.5376427190122346E-02
     700.0000000000000000   4.2052696250335874E+04   1.5512138104110191E-02
     710.0000000000000000   4.0632970012749967E+04   1.5642986195788709E-02
     720.0000000000000000   3.9330705896620595E+04   1.5769272174168361E-02
     730.0000000000000000   3.8132405084182385E+04   1.5891274639542822E-02
     740.0000000000000000   3.7026534505707823E+04   1.6009251885495693E-02
     750.0000000000000000   3.6003184279018184E+04   1.6123443538136363E-02
     760.0000000000000000   3.5053794045559094E+04   1.6234072048858603E-02
     770.0000000000000000   3.4170932606671537E+04   1.6341344055115552E-02
     780.0000000000000000   3.3348119165161253E+04   1.6445451622123519E-02
     790.0000000000000000   3.2579677315306661E+04   1.6546573377014536E-02
     800.0000000000000000   3.1860615011416863E+04   1.6644875545729985E-02
     810.0000000000000000   3.1186525295324540E+04   1.6740512901862403E-02
     820.0000000000000000   3.0553503725741615E+04   1.6833629635693476E-02
     830.0000000000000000   2.9958079331956233E+04   1.6924360150825806E-02
     840.0000000000000000   2.9397156585361332E+04   1.7012829795052167E-02
     850.0000000000000000   2.8867966398250792E+04   1.7099155531435754E-02
     860.0000000000000000   2.8368024558975656E+04   1.7183446554978370E-02
     870.0000000000000000   2.7895096324299706E+04   1.7265804859723552E-02
     880.0000000000000000   2.7447166134578343E+04   1.7346325760665925E-02
     890.0000000000000000   2.7022411610797368E+04   1.7425098374417417E-02
     900.0000000000000000   2.6619181146238669E+04   1.7502206062200126E-02
     910.0000000000000000   2.6235974528422808E+04   1.7577726838398779E-02
     920.0000000000000000   2.5871426125730035E+04   1.7651733747600162E-02
     930.0000000000000000   2.5524290252869087E+04   1.7724295212777054E-02
     940.0000000000000000   2.5193428394109764E+04   1.7795475357025737E-02
     950.0000000000000000   2.4877798015995770E+04   1.7865334301049023E-02
     960.0000000000000000   2.4576442744504333E+04   1.7933928438377232E-02
     970.0000000000000000   2.4288483717196919E+04   1.8001310690139917E-02
     980.0000000000000000   2.4013111950292558E+04   1.8067530741042146E-02
     990.0000000000000000   2.3749581584962758E+04   1.8132635258050634E-02
    1000.0000000000000000   2.3497203897429259E+04   1.8196668093166359E-02
    1100.0000000000000000   2.1467020888389503E+04   1.8786028066620050E-02
    1200.0000000000000000   2.0069664888058458E+04   1.9301361822604279E-02
    1300.0000000000000000   1.9070525219278617E+04   1.9760192616481313E-02
    1400.0000000000000000   1.8337631403395284E+04   2.0172940483341440E-02
    1500.0000000000000000   1.7791234992575479E+04   2.0546205575668809E-02
    1600.0000000000000000   1.7380381895574996E+04   2.0884486175813739E-02
    1700.0000000000000000   1.7071029235457409E+04   2.1191096030801045E-02
    1800.0000000000000000   1.6839585454287244E+04   2.1468661229755936E-02
    1900.0000000000000000   1.6669195294143185E+04   2.1719391888121747E-02
    2000.0000000000000000   1.6547501234551739E+04   2.1945231535528818E-02
    2100.0000000000000000   1.6465240425373056E+04   2.2147939534509123E-02
    2200.0000000000000000   1.6415335160791874E+04   2.2329136731187096E-02
    2300.0000000000000000   1.6392285848959247E+04   2.2490330992436292E-02
    2400.0000000000000000   1.6391755417195436E+04   2.2632931861034274E-02
    2500.0000000000000000   1.6410278317766526E+04   2.2758259443361076E-02
    2600.0000000000000000   1.6445052671491369E+04   2.2867550342505732E-02
    2700.0000000000000000   1.6493789123934883E+04   2.2961962158294227E-02
    2800.0000000000000000   1.6554599162551895E+04   2.3042577352434507E-02
    2900.0000000000000000   1.6625911386007840E+04   2.3110406875132473E-02
    3000.0000000000000000   1.6706407896644898E+04   2.3166393730129992E-02
    3100.0000000000000000   1.6794975395011053E+04   2.3211416539056187E-02
    3200.0000000000000000   1.6890667161530986E+04   2.3246293108012222E-02
    3300.0000000000000000   1.6992673200641482E+04   2.3271783973471790E-02
    3400.0000000000000000   1.7100296574719443E+04   2.3288595896017276E-02
    3500.0000000000000000   1.7212934481544271E+04   2.3297385270689169E-02
    3600.0000000000000000   1.7330063002589042E+04   2.3298761427064125E-02
    3700.0000000000000000   1.7451224717882746E+04   2.3293289798001840E-02
    3800.0000000000000000   1.7576018578377410E+04   2.3281494941946264E-02
    3900.0000000000000000   1.7704091570238972E+04   2.3263863409081608E-02
    4000.0000000000000000   1.7835131812038140E+04   2.3240846446251247E-02
    4100.0000000000000000   1.7968862805709356E+04   2.3212862539297004E-02
    4200.0000000000000000   1.8105038622584783E+04   2.3180299794412485E-02
    4300.0000000000000000   1.8243439851918072E+04   2.3143518162321301E-02
    4400.0000000000000000   1.8383870174767995E+04   2.3102851510705600E-02
    4500.0000000000000000   1.8526153453580009E+04   2.3058609551425135E-02
    4600.0000000000000000   1.8670131249234666E+04   2.3011079629785235E-02
    4700.0000000000000000   1.8815660694164242E+04   2.2960528383517368E-02
    4800.0000000000000000   1.8962612663443895E+04   2.2907203279301225E-02
    4900.0000000000000000   1.9110870196343287E+04   2.2851334034642148E-02
    5000.0000000000000000   1.9260327129285637E+04   2.2793133932767731E-02
    5100.0000000000000000   1.9410886907964334E+04   2.2732801037964320E-02
    5200.0000000000000000   1.9562461551865952E+04   2.2670519318464151E-02
    5300.0000000000000000   1.9714970748914951E+04   2.2606459683642704E-02
    5400.0000000000000000   1.9868341061599753E+04   2.2540780941910376E-02
    5500.0000000000000000   2.0022505228928214E+04   2.2473630685295499E-02
    5600.0000000000000000   2.0177401551019797E+04   2.2405146106329817E-02
    5700.0000000000000000   2.0332973345175527E+04   2.2335454752465199E-02
    5800.0000000000000000   2.0489168463954371E+04   2.2264675222883161E-02
    5900.0000000000000000   2.0645938867190602E+04   2.2192917812203561E-02
    6000.0000000000000000   2.0803240241062307E+04   2.2120285105263631E-02
    6100.0000000000000000   2.0961031658307642E+04   2.2046872526820863E-02
    6200.0000000000000000   2.1119275274515501E+04   2.1972768849734869E-02
    6300.0000000000000000   2.1277936056119161E+04   2.1898056664905432E-02
    6400.0000000000000000   2.1436981536314863E+04   2.1822812815984478E-02
    6500.0000000000000000   2.1596381595632996E+04   2.1747108801639371E-02
    6600.0000000000000000   2.1756108264319242E+04   2.1671011147920933E-02
    6700.0000000000000000   2.1916135544051082E+04   2.1594581753085384E-02
    6800.0000000000000000   2.2076439246830090E+04   2.1517878207028152E-02
    6900.0000000000000000   2.2236996849161060E+04   2.1440954087312974E-02
    7000.0000000000000000   2.2397787359862348E+04   2.1363859233618554E-02
    7100.0000000000000000   2.2558791200052965E+04   2.1286640002277962E-02
    7200.0000000000000000   2.2719990094036410E+04   2.1209339502448268E-02
    7300.0000000000000000   2.2881366969951800E+04   2.1131997815325446E-02
    7400.0000000000000000   2.3042905869195100E+04   2.1054652197702715E-02
    7500.0000000000000000   2.3204591863726684E+04   2.0977337271067719E-02
    7600.0000000000000000   2.3366410980482335E+04   2.0900085197336053E-02
    7700.0000000000000000   2.3528350132191230E+04   2.0822925842231468E-02
    7800.0000000000000000   2.3690397053981917E+04   2.0745886927241278E-02
    7900.0000000000000000   2.3852540245223932E+04   2.0668994171002316E-02
    8000.0000000000000000   2.4014768916112058E+04   2.0592271420903772E-02
    8100.0000000000000000   2.4177072938552501E+04   2.0515740775631709E-02
    8200.0000000000000000   2.4339442800955949E+04   2.0439422699322751E-02
    8300.0000000000000000   2.4501869566583704E+04   2.0363336127941490E-02
    8400.0000000000000000   2.4664344835128413E+04   2.0287498568448442E-02
    8500.0000000000000000   2.4826860707243643E+04   2.0211926191281714E-02
    8600.0000000000000000   2.4989409751764426E+04   2.0136633916634082E-02
    8700.0000000000000000   2.5151984975386411E+04   2.0061635494970833E-02
    8800.0000000000000000   2.5314579794593876E+04   1.9986943582198838E-02
    8900.0000000000000000   2.5477188009646656E+04   1.9912569809866942E-02
    9000.0000000000000000   2.5639803780454433E+04   1.9838524850747972E-02
    9100.0000000000000000   2.5802421604182560E+04   1.9764818480126234E-02
    9200.0000000000000000   2.5965036294448240E+04   1.9691459633091261E-02
    9300.0000000000000000   2.6127642961978654E+04   1.9618456458114043E-02
    9400.0000000000000000   2.6290236996614476E+04   1.9545816367163356E-02
    9500.0000000000000000   2.6452814050552359E+04   1.9473546082599515E-02
    9600.0000000000000000   2.6615370022729650E+04   1.9401651681065866E-02
    9700.0000000000000000   2.6777901044263057E+04   1.9330138634582095E-02
    9800.0000000000000000   2.6940403464860454E+04   1.9259011849028666E-02
    9900.0000000000000000   2.7102873840132197E+04   1.9188275700197970E-02
   10000.0000000000000000   2.7265308919734383E+04   1.9117934067574914E-02
   11000.0000000000000000   2.8887121902184637E+04   1.8436772624390793E-02
   12000.0000000000000000   3.0502920680778647E+04   1.7796647999596064E-02
   13000.0000000000000000   3.2111423557422539E+04   1.7196782007874865E-02
   14000.0000000000000000   3.3711958654123700E+04   1.6635225803189064E-02
   15000.0000000000000000   3.5304220800440715E+04   1.6109515512482624E-02
   16000.0000000000000000   3.6888128871394401E+04   1.5617026501856330E-02
   17000.0000000000000000   3.8463739453827133E+04   1.5155162036915099E-02
   18000.0000000000000000   4.0031193306507914E+04   1.4721449723717762E-02
   19000.0000000000000000   4.1590681520881299E+04   1.4313586294527421E-02
   20000.0000000000000000   4.3142423832989945E+04   1.3929453561540430E-02
   21000.0000000000000000   4.4686654597927743E+04   1.3567118548295273E-02
   22000.0000000000000000   4.6223613686446042E+04   1.3224825273046846E-02
   23000.0000000000000000   4.7753540591862657E+04   1.2900982485596464E-02
   24000.0000000000000000   4.9276670656424576E+04   1.2594149817631203E-02
   25000.0000000000000000   5.0793232709899763E+04   1.2303023728548452E-02
   26000.0000000000000000   5.2303447655006603E+04   1.2026423994792998E-02
   27000.0000000000000000   5.3807527689500981E+04   1.1763281118264865E-02
   28000.0000000000000000   5.5305675955958890E+04   1.1512624812220533E-02
   29000.0000000000000000   5.6798086477240176E+04   1.1273573598771970E-02
   30000.0000000000000000   5.8284944280455020E+04   1.1045325483344639E-02
