       1.0000000000000000   1.0000000000000000E+30   0.0000000000000000E+00
       2.0000000000000000   1.0000000000000000E+30   0.0000000000000000E+00
       3.0000000000000000   1.0000000000000000E+30   0.0000000000000000E+00
       4.0000000000000000   1.3417829193290424E+02   2.5223799384882117E-02
       5.0000000000000000   5.6652068877556324E+01   6.3721701137469305E-02
       6.0000000000000000   3.7767836655431111E+01   1.0162655440817932E-01
       7.0000000000000000   2.9549161326368964E+01   1.3760516340283793E-01
       8.0000000000000000   2.5031250784568577E+01   1.7140076569506468E-01
       9.0000000000000000   2.1875906554602611E+01   2.0720044173831567E-01
      10.0000000000000000   2.0081794492757002E+01   2.3603215085131932E-01
      11.0000000000000000   1.8347617248220814E+01   2.7195688286482134E-01
      12.0000000000000000   1.7341694750120443E+01   2.9959859165484365E-01
      13.0000000000000000   1.6241487119145280E+01   3.3532104572403659E-01
      14.0000000000000000   1.5445516889012939E+01   3.6761609760461827E-01
      15.0000000000000000   1.4884196160689411E+01   3.9546066307873567E-01
      16.0000000000000000   1.4352208959639198E+01   4.2532285482035981E-01
      17.0000000000000000   1.3692627996526866E+01   4.6554588261002589E-01
      18.0000000000000000   1.3357547808771512E+01   4.9212664041201137E-01
      19.0000000000000000   1.2889222905542827E+01   5.2958128002306004E-01
      20.0000000000000000   1.2568519862262443E+01   5.6037949233080087E-01
      21.0000000000000000   1.2125462416393614E+01   6.0359496072899510E-01
      22.0000000000000000   1.1816770628669778E+01   6.3944985612119720E-01
      23.0000000000000000   1.1629118443747782E+01   6.6636092187106633E-01
      24.0000000000000000   1.1323470068507653E+01   7.0685143877913870E-01
      25.0000000000000000   1.1021775555981360E+01   7.5026369063224885E-01
      26.0000000000000000   1.0831342321899543E+01   7.8333126670484743E-01
      27.0000000000000000   1.0534084885712527E+01   8.3247440755139268E-01
      28.0000000000000000   1.0342651786819532E+01   8.7021562697002619E-01
      29.0000000000000000   1.0150177923468579E+01   9.1017829761729052E-01
      30.0000000000000000   9.9569713006583118E+00   9.5249746709903171E-01
      31.0000000000000000   9.7633638552467854E+00   9.9731111118313742E-01
      32.0000000000000000   9.5696502425503045E+00   1.0447670600274757E+00
      33.0000000000000000   9.3761543790769686E+00   1.0950145145020702E+00
      34.0000000000000000   9.1831714887279645E+00   1.1482116960682822E+00
      35.0000000000000000   9.0791196839298554E+00   1.1838471055043849E+00
      36.0000000000000000   8.8858769782575635E+00   1.2424187740147208E+00
      37.0000000000000000   8.7792751472946247E+00   1.2819053686060344E+00
      38.0000000000000000   8.5868888267556471E+00   1.3463411560461487E+00
      39.0000000000000000   8.4786741691359371E+00   1.3900306020123228E+00
      40.0000000000000000   8.2882287605090532E+00   1.4608271256914991E+00
      41.0000000000000000   8.1793443087354021E+00   1.5090657073316807E+00
      42.0000000000000000   8.0700073942833885E+00   1.5592322285956755E+00
      43.0000000000000000   7.9604025894049357E+00   1.6113790721754195E+00
      44.0000000000000000   7.8507156970276055E+00   1.6655548769782995E+00
      45.0000000000000000   7.6661379542250856E+00   1.7522439898664939E+00
      46.0000000000000000   7.5579684195928571E+00   1.8116354309700724E+00
      47.0000000000000000   7.4503183534920723E+00   1.8731892823913501E+00
      48.0000000000000000   7.3433739812525820E+00   1.9369273551008659E+00
      49.0000000000000000   7.2373132507329920E+00   2.0028660696646523E+00
      50.0000000000000000   7.2012197519309593E+00   2.0353093460176583E+00
      51.0000000000000000   7.0961153565030957E+00   2.1045828533245206E+00
      52.0000000000000000   6.9923816640215017E+00   2.1760441162011159E+00
      53.0000000000000000   6.8901873526132018E+00   2.2496695530375046E+00
      54.0000000000000000   6.7896957181782298E+00   2.3254223873069875E+00
      55.0000000000000000   6.7541482292953914E+00   2.3626202129445457E+00
      56.0000000000000000   6.6559917918179332E+00   2.4414550495570944E+00
      57.0000000000000000   6.5599540158364009E+00   2.5222571049542664E+00
      58.0000000000000000   6.4661653100183534E+00   2.6049429998372515E+00
      59.0000000000000000   6.4328126666220591E+00   2.6452225555700930E+00
      60.0000000000000000   6.3422544238724727E+00   2.7304841905597028E+00
      61.0000000000000000   6.3102687216598206E+00   2.7717140010369645E+00
      62.0000000000000000   6.2232767313311603E+00   2.8592420792962709E+00
      63.0000000000000000   6.1928691399424736E+00   2.9012246428289452E+00
      64.0000000000000000   6.1097228163001915E+00   2.9906688960942067E+00
      65.0000000000000000   6.0810685430155917E+00   3.0331890416578173E+00
      66.0000000000000000   6.0019849236496112E+00   3.1241690477818334E+00
      67.0000000000000000   5.9752240021243734E+00   3.1669982649234689E+00
      68.0000000000000000   5.9003589608226603E+00   3.2591121672471663E+00
      69.0000000000000000   5.8755930497493409E+00   3.3020176814306250E+00
      70.0000000000000000   5.8515460390497083E+00   3.3447456744619979E+00
      71.0000000000000000   5.7823361138244911E+00   3.4376052213656543E+00
      72.0000000000000000   5.7603651089937031E+00   3.4801005577940356E+00
      73.0000000000000000   5.6955233427214393E+00   3.5731281093763703E+00
      74.0000000000000000   5.6756500597477890E+00   3.6151713333326896E+00
      75.0000000000000000   5.6565116885231399E+00   3.6568664034392904E+00
      76.0000000000000000   5.6381029193252497E+00   3.6981948187741849E+00
      77.0000000000000000   5.5803045171546275E+00   3.7903397119108466E+00
      78.0000000000000000   5.5639664955124992E+00   3.8308875747201854E+00
      79.0000000000000000   5.5483387348567321E+00   3.8709932580058770E+00
      80.0000000000000000   5.5334125627260038E+00   3.9106428270015496E+00
      81.0000000000000000   5.4824424026462868E+00   4.0009068144487649E+00
      82.0000000000000000   5.4694983526979692E+00   4.0395103139220714E+00
      83.0000000000000000   5.4572233686103635E+00   4.0776011521023179E+00
      84.0000000000000000   5.4456058068556077E+00   4.1151711768930026E+00
      85.0000000000000000   5.4346346916580988E+00   4.1522121112146992E+00
      86.0000000000000000   5.4242983322815688E+00   4.1887171695588021E+00
      87.0000000000000000   5.4145849878271228E+00   4.2246804561067917E+00
      88.0000000000000000   5.3736421910809069E+00   4.3100427741654856E+00
      89.0000000000000000   5.3656926135266625E+00   4.3446827404747950E+00
      90.0000000000000000   5.3583232618054950E+00   4.3787545317428584E+00
      91.0000000000000000   5.3515217047547070E+00   4.4122566355793209E+00
      92.0000000000000000   5.3452759200755029E+00   4.4451877621624618E+00
      93.0000000000000000   5.3395735266267206E+00   4.4775478291708399E+00
      94.0000000000000000   5.3344027132286271E+00   4.5093367673995797E+00
      95.0000000000000000   5.3297515146524548E+00   4.5405554893328457E+00
      96.0000000000000000   5.3256081262164514E+00   4.5712054028929243E+00
      97.0000000000000000   5.3219606558723376E+00   4.6012888360192976E+00
      98.0000000000000000   5.3187978695809077E+00   4.6308078273488640E+00
      99.0000000000000000   5.3161083216918996E+00   4.6597654181742039E+00
     100.0000000000000000   5.3138809646561036E+00   4.6881648017756978E+00
     110.0000000000000000   5.3362396660394147E+00   4.8993844868502645E+00
     120.0000000000000000   5.3875533991160500E+00   5.0676035302482338E+00
     130.0000000000000000   5.4779763025731336E+00   5.1624922498061210E+00
     140.0000000000000000   5.5970806159489390E+00   5.1986520237575808E+00
     150.0000000000000000   5.7244008520250960E+00   5.2195413087101121E+00
     160.0000000000000000   5.8706348835234818E+00   5.1991057575012238E+00
     170.0000000000000000   6.0203482226059792E+00   5.1729132593925575E+00
     180.0000000000000000   6.1729440425789885E+00   5.1423322389544612E+00
     190.0000000000000000   6.3377679362219279E+00   5.0846697830649941E+00
     200.0000000000000000   6.5033542124684267E+00   5.0274105944538334E+00
     210.0000000000000000   6.6695490130357262E+00   4.9708300935176188E+00
     220.0000000000000000   6.8362330947887928E+00   4.9151195825251373E+00
     230.0000000000000000   7.0112214723167199E+00   4.8415181139119294E+00
     240.0000000000000000   7.1857766075069902E+00   4.7709266044949539E+00
     250.0000000000000000   7.3598973148205351E+00   4.7031785721221109E+00
     260.0000000000000000   7.5335878703880104E+00   4.6381126873894747E+00
     270.0000000000000000   7.7068559193183193E+00   4.5755752372717300E+00
     280.0000000000000000   7.8862708831132178E+00   4.5004638058353610E+00
     290.0000000000000000   8.0584656899581102E+00   4.4431957319396229E+00
     300.0000000000000000   8.2364256744605822E+00   4.3742341172770995E+00
     310.0000000000000000   8.4076314270217765E+00   4.3215634892257873E+00
     320.0000000000000000   8.5842459009588392E+00   4.2579805915919717E+00
     330.0000000000000000   8.7601538049807193E+00   4.1970633988912809E+00
     340.0000000000000000   8.9353832345922317E+00   4.1386365016599145E+00
     350.0000000000000000   9.1099609956540792E+00   4.0825396676581045E+00
     360.0000000000000000   9.2891839386668700E+00   4.0175191411594700E+00
     370.0000000000000000   9.4623993123905539E+00   3.9660145746686060E+00
     380.0000000000000000   9.6350388022742504E+00   3.9164164529849144E+00
     390.0000000000000000   9.8120700572014332E+00   3.8584990339652365E+00
     400.0000000000000000   9.9834945097478762E+00   3.8126937586551213E+00
     410.0000000000000000   1.0159167269614867E+01   3.7589272925741288E+00
     420.0000000000000000   1.0329464330034231E+01   3.7164745044037435E+00
     430.0000000000000000   1.0503866881024924E+01   3.6663979135614677E+00
     440.0000000000000000   1.0677635525523650E+01   3.6181298394167780E+00
     450.0000000000000000   1.0846328039476120E+01   3.5801436069176478E+00
     460.0000000000000000   1.1018944612743359E+01   3.5349861331916652E+00
     470.0000000000000000   1.1190982972358348E+01   3.4913641262297577E+00
     480.0000000000000000   1.1362460132602937E+01   3.4491963931221341E+00
     490.0000000000000000   1.1533392369942888E+01   3.4084074917431644E+00
     500.0000000000000000   1.1703795288185841E+01   3.3689271825972185E+00
     510.0000000000000000   1.1873683817464231E+01   3.3306900324161379E+00
     520.0000000000000000   1.2043072270463538E+01   3.2936349753809946E+00
     530.0000000000000000   1.2211974340802714E+01   3.2577049958176874E+00
     540.0000000000000000   1.2380403177409834E+01   3.2228467368965599E+00
     550.0000000000000000   1.2548371370103821E+01   3.1890102621732841E+00
     560.0000000000000000   1.2715890993713714E+01   3.1561487641615296E+00
     570.0000000000000000   1.2886756156526369E+01   3.1176749978340639E+00
     580.0000000000000000   1.3053359043866539E+01   3.0867648502697955E+00
     590.0000000000000000   1.3219547240121045E+01   3.0567011090303131E+00
     600.0000000000000000   1.3388999024498851E+01   3.0212696321081332E+00
     610.0000000000000000   1.3554335075353151E+01   2.9929097034197030E+00
     620.0000000000000000   1.3719286569966197E+01   2.9652894912845600E+00
     630.0000000000000000   1.3887416653501404E+01   2.9325311161385810E+00
     640.0000000000000000   1.4051573764253991E+01   2.9064080138541919E+00
     650.0000000000000000   1.4218866116951524E+01   2.8752870111264421E+00
     660.0000000000000000   1.4382264139561055E+01   2.8505396386219770E+00
     670.0000000000000000   1.4548752669676421E+01   2.8209290286602555E+00
     680.0000000000000000   1.4711424508621551E+01   2.7974489541540075E+00
     690.0000000000000000   1.4877140977650203E+01   2.7692348429181135E+00
     700.0000000000000000   1.5039117356187051E+01   2.7469248800828767E+00
     710.0000000000000000   1.5204091552094770E+01   2.7200048001223105E+00
     720.0000000000000000   1.5365401187029294E+01   2.6987775857935219E+00
     730.0000000000000000   1.5529661066551553E+01   2.6730591013557548E+00
     740.0000000000000000   1.5693568264707737E+01   2.6479450744076027E+00
     750.0000000000000000   1.5853902673381086E+01   2.6282353637589804E+00
     760.0000000000000000   1.6017134248782067E+01   2.6041985478355310E+00
     770.0000000000000000   1.6180031379071423E+01   2.5807056105125130E+00
     780.0000000000000000   1.6339446252442244E+01   2.5623547786717560E+00
     790.0000000000000000   1.6501703166403740E+01   2.5398315663836666E+00
     800.0000000000000000   1.6663642364411874E+01   2.5177996758589005E+00
     810.0000000000000000   1.6825269039471543E+01   2.4962426672975373E+00
     820.0000000000000000   1.6983519959265600E+01   2.4795151203391637E+00
     830.0000000000000000   1.7144549098367111E+01   2.4588050412341369E+00
     840.0000000000000000   1.7305280698615341E+01   2.4385260464766447E+00
     850.0000000000000000   1.7465719444595809E+01   2.4186643379694797E+00
     860.0000000000000000   1.7625869908055982E+01   2.3992066976126671E+00
     870.0000000000000000   1.7782766703205652E+01   2.3842362598082674E+00
     880.0000000000000000   1.7942366740674551E+01   2.3654993915750122E+00
     890.0000000000000000   1.8101691614996586E+01   2.3471313620135890E+00
     900.0000000000000000   1.8260745442963376E+01   2.3291209994269830E+00
     910.0000000000000000   1.8419532258701345E+01   2.3114575639948765E+00
     920.0000000000000000   1.8578055984113789E+01   2.2941307648613498E+00
     930.0000000000000000   1.8736320455635394E+01   2.2771307117802624E+00
     940.0000000000000000   1.8894329406919102E+01   2.2604479178352066E+00
     950.0000000000000000   1.9052086475432596E+01   2.2440732750776040E+00
     960.0000000000000000   1.9209595224133835E+01   2.2279980163566884E+00
     970.0000000000000000   1.9366859125186458E+01   2.2122137169673084E+00
     980.0000000000000000   1.9521091391395789E+01   2.2003105442750703E+00
     990.0000000000000000   1.9677889359721910E+01   2.1850449404295271E+00
    1000.0000000000000000   1.9834452506617279E+01   2.1700476476427553E+00
    1100.0000000000000000   2.1390455694196497E+01   2.0301795371024620E+00
    1200.0000000000000000   2.2925806860785727E+01   1.9111358323144489E+00
    1300.0000000000000000   2.4445213487108248E+01   1.8058122817419366E+00
    1400.0000000000000000   2.5950284082397825E+01   1.7115654932794326E+00
    1500.0000000000000000   2.7440080402892974E+01   1.6286794049060043E+00
    1600.0000000000000000   2.8915933472723719E+01   1.5551690402110299E+00
    1700.0000000000000000   3.0381142744106729E+01   1.4874875048900860E+00
    1800.0000000000000000   3.1836535729880403E+01   1.4247639658930003E+00
    1900.0000000000000000   3.3278677320895078E+01   1.3698624460275848E+00
    2000.0000000000000000   3.4712524093782484E+01   1.3182754122991638E+00
    2100.0000000000000000   3.6136627708069966E+01   1.2711887454929529E+00
    2200.0000000000000000   3.7551585016314910E+01   1.2280258160604107E+00
    2300.0000000000000000   3.8959842600841448E+01   1.1868496707049365E+00
    2400.0000000000000000   4.0359905264265024E+01   1.1488359620320097E+00
    2500.0000000000000000   4.1752220861141190E+01   1.1136168265006712E+00
    2600.0000000000000000   4.3137169574427986E+01   1.0808981719631243E+00
    2700.0000000000000000   4.4515111637586422E+01   1.0504183959847717E+00
    2800.0000000000000000   4.5886394120409243E+01   1.0219402732506715E+00
    2900.0000000000000000   4.7253076830471478E+01   9.9412481616823167E-01
    3000.0000000000000000   4.8611861536984676E+01   9.6915027040895629E-01
    3100.0000000000000000   4.9966546960586108E+01   9.4458570085432580E-01
    3200.0000000000000000   5.1315618273159160E+01   9.2143496719660534E-01
    3300.0000000000000000   5.2659273225901011E+01   8.9958994735571529E-01
    3400.0000000000000000   5.3997715674043000E+01   8.7894295161352665E-01
    3500.0000000000000000   5.5331143545072067E+01   8.5939414878574727E-01
    3600.0000000000000000   5.6659729934097143E+01   8.4086058755090809E-01
    3700.0000000000000000   5.7983644809111276E+01   8.2326396971313798E-01
    3800.0000000000000000   5.9304759659570372E+01   8.0560920455984497E-01
    3900.0000000000000000   6.0619799305272032E+01   7.8969710832767304E-01
    4000.0000000000000000   6.1930607406175191E+01   7.7453546050408073E-01
    4100.0000000000000000   6.3238994848092027E+01   7.5920876196551390E-01
    4200.0000000000000000   6.4541752597759697E+01   7.4539794075945764E-01
    4300.0000000000000000   6.5842308769321733E+01   7.3137005661545740E-01
    4400.0000000000000000   6.7139066106300731E+01   7.1796110631036736E-01
    4500.0000000000000000   6.8432242178644444E+01   7.0508387212810941E-01
    4600.0000000000000000   6.9720197163473458E+01   6.9352039527141052E-01
    4700.0000000000000000   7.1006402375474210E+01   6.8163865515641486E-01
    4800.0000000000000000   7.2289171516508432E+01   6.7025366445015977E-01
    4900.0000000000000000   7.3568656121648189E+01   6.5931134233189603E-01
    5000.0000000000000000   7.4844984553651031E+01   6.4876801071145018E-01
    5100.0000000000000000   7.6118209593760085E+01   6.3861155645999823E-01
    5200.0000000000000000   7.7388400296606960E+01   6.2882328707059654E-01
    5300.0000000000000000   7.8655666610824028E+01   6.1936886805536406E-01
    5400.0000000000000000   7.9920095473722768E+01   6.1022427079012864E-01
    5500.0000000000000000   8.1181603950166675E+01   6.0142888438174924E-01
    5600.0000000000000000   8.2441699441989243E+01   5.9236890083688010E-01
    5700.0000000000000000   8.3698038695098006E+01   5.8404639860270735E-01
    5800.0000000000000000   8.4951238777835670E+01   5.7618024315699623E-01
    5900.0000000000000000   8.6202253424454696E+01   5.6842269157587155E-01
    6000.0000000000000000   8.7451798175161315E+01   5.6047619387998848E-01
    6100.0000000000000000   8.8697831627261209E+01   5.5318771956990809E-01
    6200.0000000000000000   8.9941276830453177E+01   5.4617891795070461E-01
    6300.0000000000000000   9.1183611750582358E+01   5.3888910934858669E-01
    6400.0000000000000000   9.2422181885429396E+01   5.3235201602418292E-01
    6500.0000000000000000   9.3659959445983390E+01   5.2545765525608701E-01
    6600.0000000000000000   9.4894337451861603E+01   5.1918096922029944E-01
    6700.0000000000000000   9.6127559473582224E+01   5.1270073238740776E-01
    6800.0000000000000000   9.7357557675601512E+01   5.0677660849613382E-01
    6900.0000000000000000   9.8586396122786198E+01   5.0067137399518391E-01
    7000.0000000000000000   9.9812040082079491E+01   4.9511611606802042E-01
    7100.0000000000000000   1.0103684059098883E+02   4.8928993999490900E-01
    7200.0000000000000000   1.0225849808681937E+02   4.8401119607482396E-01
    7300.0000000000000000   1.0347985083236583E+02   4.7830763976971546E-01
    7400.0000000000000000   1.0469849157344528E+02   4.7299582259732004E-01
    7500.0000000000000000   1.0591401152273443E+02   4.6820405180286812E-01
    7600.0000000000000000   1.0712948013064606E+02   4.6294607518726877E-01
    7700.0000000000000000   1.0834272687663292E+02   4.5794341631887642E-01
    7800.0000000000000000   1.0955255860962123E+02   4.5354639312520373E-01
    7900.0000000000000000   1.1076297143359548E+02   4.4853156345376638E-01
    8000.0000000000000000   1.1197020849646634E+02   4.4404780641928560E-01
    8100.0000000000000000   1.1317672307003082E+02   4.3937473832507778E-01
    8200.0000000000000000   1.1437958450777305E+02   4.3538967464538442E-01
    8300.0000000000000000   1.1558307171502445E+02   4.3081063630841060E-01
    8400.0000000000000000   1.1678332469683995E+02   4.2677292048274984E-01
    8500.0000000000000000   1.1798320566569126E+02   4.2248885734478381E-01
    8600.0000000000000000   1.1917973431934588E+02   4.1878775473117341E-01
    8700.0000000000000000   1.2037563852130587E+02   4.1487982189648887E-01
    8800.0000000000000000   1.2157105783816998E+02   4.1076507343586283E-01
    8900.0000000000000000   1.2276422926104577E+02   4.0691531153220650E-01
    9000.0000000000000000   1.2395503112427360E+02   4.0337433874184320E-01
    9100.0000000000000000   1.2514525875242636E+02   3.9967286194075452E-01
    9200.0000000000000000   1.2633420610476682E+02   3.9599168316120004E-01
    9300.0000000000000000   1.2752152189609056E+02   3.9241983707141403E-01
    9400.0000000000000000   1.2870700576417067E+02   3.8901304507585488E-01
    9500.0000000000000000   1.2988965386619131E+02   3.8606599066621783E-01
    9600.0000000000000000   1.3107228525077571E+02   3.8279933979395236E-01
    9700.0000000000000000   1.3225382200539713E+02   3.7952356800080966E-01
    9800.0000000000000000   1.3343409447495543E+02   3.7628348196035771E-01
    9900.0000000000000000   1.3461299075394314E+02   3.7310929258068176E-01
   10000.0000000000000000   1.3579048506462286E+02   3.7000957212600555E-01
   11000.0000000000000000   1.4749569476455932E+02   3.4179599700647073E-01
   12000.0000000000000000   1.5908121979669815E+02   3.1835828630721036E-01
   13000.0000000000000000   1.7056341644674092E+02   2.9778199294846680E-01
   14000.0000000000000000   1.8194949567749504E+02   2.7992238065834801E-01
   15000.0000000000000000   1.9324700063156760E+02   2.6442844841590085E-01
   16000.0000000000000000   2.0446445666599928E+02   2.5064635162600646E-01
   17000.0000000000000000   2.1560963961983185E+02   2.3795612542505920E-01
   18000.0000000000000000   2.2668421220908056E+02   2.2676174555881384E-01
   19000.0000000000000000   2.3769537654282544E+02   2.1650001879837943E-01
   20000.0000000000000000   2.4864031013772740E+02   2.0791608168330500E-01
   21000.0000000000000000   2.5953386980814031E+02   1.9935570898071792E-01
   22000.0000000000000000   2.7037367949444592E+02   1.9153066820640482E-01
   23000.0000000000000000   2.8116206644982327E+02   1.8439607846517014E-01
   24000.0000000000000000   2.9190358921845677E+02   1.7766352924985579E-01
   25000.0000000000000000   3.0259145989971120E+02   1.7235569727396710E-01
   26000.0000000000000000   3.1324426537774571E+02   1.6642983790973598E-01
   27000.0000000000000000   3.2385472856848065E+02   1.6101174477250435E-01
   28000.0000000000000000   3.3442601337108943E+02   1.5591706176281606E-01
   29000.0000000000000000   3.4495429088334038E+02   1.5159800465212120E-01
   30000.0000000000000000   3.5545337069102857E+02   1.4691229839605741E-01
