       0.1000000000000000   1.0801393054546622E+02   2.7029362192719541E-04
       0.2000000000000000   9.4010181260287254E+01   5.3618207186686756E-04
       0.3000000000000000   8.8767349762042983E+01   8.0814076598514364E-04
       0.4000000000000000   8.6233287793135773E+01   1.0755164584528608E-03
       0.5000000000000000   8.4536934047626460E+01   1.3471594984034820E-03
       0.6000000000000000   8.3250749302101326E+01   1.6234280801610457E-03
       0.7000000000000000   8.2207072737304642E+01   1.9046943736514511E-03
       0.7999999999999999   8.1313608711068113E+01   2.1912096125146600E-03
       0.8999999999999999   8.0528640245567743E+01   2.4823779766038807E-03
       0.9999999999999999   7.9810126003650751E+01   2.7793021078462770E-03
       2.0000000000000000   7.4190956104564137E+01   6.0568270446288196E-03
       3.0000000000000000   6.9496730202583933E+01   9.9428578183908978E-03
       4.0000000000000000   6.5223399844316347E+01   1.4477548974811785E-02
       5.0000000000000000   6.1315477229684156E+01   1.9679860868500751E-02
       6.0000000000000000   5.7760413924899403E+01   2.5554880654482085E-02
       7.0000000000000000   5.4546121448241209E+01   3.2092742550950598E-02
       8.0000000000000000   5.1647569177498127E+01   3.9277692244583572E-02
       9.0000000000000000   4.9035322222355241E+01   4.7090585758848044E-02
      10.0000000000000000   4.6677441174334618E+01   5.5513086795626033E-02
      11.0000000000000000   4.4544177608949234E+01   6.4527544279937482E-02
      12.0000000000000000   4.2608034054560953E+01   7.4117572026062950E-02
      13.0000000000000000   4.0844972017489198E+01   8.4269012935829224E-02
      14.0000000000000000   3.9232938732093828E+01   9.4971904531923890E-02
      15.0000000000000000   3.7753060965754287E+01   1.0621906814102995E-01
      16.0000000000000000   3.6389391729247322E+01   1.1800464228257780E-01
      17.0000000000000000   3.5127772246691940E+01   1.3032676735128165E-01
      18.0000000000000000   3.3956323041969704E+01   1.4318509399455967E-01
      19.0000000000000000   3.2864696906730956E+01   1.5658149382361730E-01
      20.0000000000000000   3.1843958161046992E+01   1.7052045863763934E-01
      21.0000000000000000   3.0886344029779330E+01   1.8500864799940972E-01
      22.0000000000000000   2.9985240084418830E+01   2.0005385224774477E-01
      23.0000000000000000   2.9134854992775008E+01   2.1566579139327033E-01
      24.0000000000000000   2.8330073091308677E+01   2.3185677670529842E-01
      25.0000000000000000   2.7566454051240363E+01   2.4864054487077636E-01
      26.0000000000000000   2.6840091322452579E+01   2.6603270051292516E-01
      27.0000000000000000   2.6147539248363692E+01   2.8405071213738592E-01
      28.0000000000000000   2.5485760879563134E+01   3.0271382727829887E-01
      29.0000000000000000   2.4852043471199547E+01   3.2204335407093232E-01
      30.0000000000000000   2.4243987340552490E+01   3.4206249078307827E-01
      31.0000000000000000   2.3659434906940685E+01   3.6279662793619671E-01
      32.0000000000000000   2.3096475408974516E+01   3.8427303612015246E-01
      33.0000000000000000   2.2553375200256795E+01   4.0652146963204228E-01
      34.0000000000000000   2.2028582422986567E+01   4.2957394262895920E-01
      35.0000000000000000   2.1520695577941620E+01   4.5346493919183339E-01
      36.0000000000000000   2.1028448498954170E+01   4.7823154047991190E-01
      37.0000000000000000   2.0550694405585997E+01   5.0391357129633896E-01
      38.0000000000000000   2.0086393489185348E+01   5.3055375605163779E-01
      39.0000000000000000   1.9634599734897979E+01   5.5819789745054071E-01
      40.0000000000000000   1.9194454832002307E+01   5.8689501109248354E-01
      41.0000000000000000   1.8765175189398246E+01   6.1669757850811802E-01
      42.0000000000000000   1.8346047213532636E+01   6.4766170220173513E-01
      43.0000000000000000   1.7936420733779187E+01   6.7984733279079301E-01
      44.0000000000000000   1.7535704790930428E+01   7.1331839627572047E-01
      45.0000000000000000   1.7143359426118913E+01   7.4814313094673068E-01
      46.0000000000000000   1.6758894781568440E+01   7.8439419560855872E-01
      47.0000000000000000   1.6381866763831045E+01   8.2214888287926047E-01
      47.9990000000000023   1.6012240968010591E+01   8.6144912484753255E-01
      48.0000000000000000   1.6011874366838658E+01   8.6148928586446571E-01
      48.0009999999999977   1.6011507772338888E+01   8.6152944855372271E-01
      48.9990000000000023   1.5648917455633258E+01   9.0246055708720507E-01
      49.0000000000000000   1.5648557362984574E+01   9.0250243599206958E-01
      49.0009999999999977   1.5648197276686794E+01   9.0254431666132207E-01
      50.0000000000000000   1.5291594529923309E+01   9.4528039215002557E-01
      51.0000000000000000   1.4940701974481621E+01   9.8992027562620388E-01
      52.0000000000000000   1.4595632581941992E+01   1.0365242102169985E+00
      52.9990000000000023   1.4256511890394821E+01   1.0851494132205739E+00
      53.0000000000000000   1.4256175174816867E+01   1.0851991593948702E+00
      53.0009999999999977   1.4255838464672507E+01   1.0852489077513410E+00
      54.0000000000000000   1.3922154338779158E+01   1.1360566210658498E+00
      54.9990000000000023   1.3593756279962779E+01   1.1891578204286779E+00
      55.0000000000000000   1.3593430164429909E+01   1.1892121631721684E+00
      55.0009999999999977   1.3593104054087403E+01   1.1892665083324150E+00
      56.0000000000000000   1.3269898916691803E+01   1.2447847559850282E+00
      57.0000000000000000   1.2951494978027972E+01   1.3028954783142552E+00
      58.0000000000000000   1.2638187771707097E+01   1.3636668129101899E+00
      58.9990000000000023   1.2330290394331385E+01   1.4271557004963908E+00
      59.0000000000000000   1.2329984754297222E+01   1.4272206840638495E+00
      59.0009999999999977   1.2329679119411372E+01   1.4272856705333128E+00
      60.0000000000000000   1.2026934071070666E+01   1.4936760115947807E+00
      60.9990000000000023   1.1729415558525561E+01   1.5630758718648483E+00
      61.0000000000000000   1.1729120398876313E+01   1.5631468850508836E+00
      61.0009999999999977   1.1728825244585147E+01   1.5632179013591676E+00
      62.0000000000000000   1.1436667933231959E+01   1.6357390437774453E+00
      63.0000000000000000   1.1149738968478962E+01   1.7115464649708536E+00
      64.0000000000000000   1.0868532274962588E+01   1.7906473688864706E+00
      65.0000000000000000   1.0593280546103379E+01   1.8730998420052269E+00
      65.9989999999999952   1.0324512316320559E+01   1.9588496861897307E+00
      66.0000000000000000   1.0324246481885680E+01   1.9589372183087645E+00
      66.0010000000000048   1.0323980653954305E+01   1.9590247538194538E+00
      67.0000000000000000   1.0061717433769589E+01   2.0481634216444635E+00
      67.9989999999999952   9.8062507429653998E+00   2.1406542922737453E+00
      68.0000000000000000   9.8059985301000250E+00   2.1407485359611700E+00
      68.0010000000000048   9.8057463243593332E+00   2.1408427829432646E+00
      69.0000000000000000   9.5574043047694719E+00   2.2366249223597867E+00
      70.0000000000000000   9.3162490562526585E+00   2.3356842288101141E+00
      71.0000000000000000   9.0828362682388324E+00   2.4377756328990516E+00
      72.0000000000000000   8.8574476682740482E+00   2.5427056018164453E+00
      72.9989999999999952   8.6405454317004224E+00   2.6501306126652806E+00
      73.0000000000000000   8.6403325220133969E+00   2.6502393591681743E+00
      73.0010000000000048   8.6401196208111255E+00   2.6503481080048172E+00
      74.0000000000000000   8.4316978814663770E+00   2.7601041100625605E+00
      74.9989999999999952   8.2318960008170201E+00   2.8718811601521361E+00
      75.0000000000000000   8.2317003559884867E+00   2.8719939525982165E+00
      75.0010000000000048   8.2315047199025013E+00   2.8721067467382189E+00
      76.0000000000000000   8.0404404988823721E+00   2.9855760227174994E+00
      77.0000000000000000   7.8579587638940094E+00   3.1004979793545102E+00
      78.0000000000000000   7.6842350369242265E+00   3.2163957131392182E+00
      79.0000000000000000   7.5191901902053715E+00   3.3329012902757471E+00
      79.9989999999999952   7.3628422132725264E+00   3.4495337345976940E+00
      80.0000000000000000   7.3626899236229226E+00   3.4496504865681983E+00
      80.0010000000000048   7.3625376423375810E+00   3.4497672384272109E+00
      81.0000000000000000   7.2145503336394237E+00   3.5662895767239680E+00
      82.0000000000000000   7.0745446831084227E+00   3.6824811165244662E+00
      83.0000000000000000   6.9424108306287913E+00   3.7979085688497429E+00
      84.0000000000000000   6.8178588334509271E+00   3.9122797306474619E+00
      85.0000000000000000   6.7005783359647744E+00   4.0253290041685332E+00
      86.0000000000000000   6.5902454293011603E+00   4.1368186196956538E+00
      87.0000000000000000   6.4865287833115000E+00   4.2465389605490165E+00
      88.0000000000000000   6.3890949965649257E+00   4.3543081229180958E+00
      88.9989999999999952   6.2977016050212740E+00   4.4598663865489723E+00
      89.0000000000000000   6.2976129870651736E+00   4.4599709520212274E+00
      89.0010000000000048   6.2975243747350023E+00   4.4600755152553440E+00
      90.0000000000000000   6.2117576387147562E+00   4.5633976045793272E+00
      91.0000000000000000   6.1312126198264165E+00   4.6644818507737371E+00
      92.0000000000000000   6.0556725088294066E+00   4.7631391988105749E+00
      93.0000000000000000   5.9848443128458033E+00   4.8593049397466048E+00
      94.0000000000000000   5.9184484725033064E+00   4.9529321845122629E+00
      95.0000000000000000   5.8562194428863599E+00   5.0439899467776677E+00
      96.0000000000000000   5.7979059330031966E+00   5.1324613097519389E+00
      97.0000000000000000   5.7432708764496558E+00   5.2183417022522285E+00
      97.9989999999999952   5.6921407197440095E+00   5.3015552903682437E+00
      98.0000000000000000   5.6920911951934938E+00   5.3016372992993999E+00
      98.0010000000000048   5.6920416738877817E+00   5.3017193056605416E+00
      99.0000000000000000   5.6441574135193004E+00   5.3823635544012207E+00
     100.0000000000000000   5.5992731544036767E+00   5.4605438658010321E+00
     106.9989999999999952   5.3564726656396067E+00   5.9395927143831084E+00
     107.0010000000000048   5.3564184508635666E+00   5.9397134208280207E+00
     110.0000000000000000   5.2830925752094213E+00   6.1110892502267280E+00
     116.9989999999999952   5.1635716118104495E+00   6.4425879382120810E+00
     117.0010000000000048   5.1635460303408944E+00   6.4426702239394098E+00
     120.0000000000000000   5.1297889876105787E+00   6.5588323842416614E+00
     130.0000000000000000   5.0712200076628120E+00   6.8547888241230543E+00
     140.0000000000000000   5.0711851756648114E+00   7.0403424075339762E+00
     150.0000000000000000   5.1092497837436666E+00   7.1461269750393708E+00
     160.0000000000000000   5.1731910701624635E+00   7.1942353237651746E+00
     170.0000000000000000   5.2553222323699949E+00   7.2005390972722614E+00
     180.0000000000000000   5.3506000164905894E+00   7.1764920279279689E+00
     190.0000000000000000   5.4555955555512154E+00   7.1304222137154705E+00
     200.0000000000000000   5.5679063261720847E+00   7.0684355309963092E+00
     210.0000000000000000   5.6858052860631769E+00   6.9950445676126414E+00
     220.0000000000000000   5.8071419550926437E+00   6.9181841360419636E+00
     230.0000000000000000   5.9282499736063681E+00   6.8498508243500895E+00
     240.0000000000000000   6.0589208933451397E+00   6.7550755411786554E+00
     250.0000000000000000   6.1901075073670722E+00   6.6630462196922640E+00
     260.0000000000000000   6.3216940517548768E+00   6.5737856845025995E+00
     270.0000000000000000   6.4535880711155063E+00   6.4872769617003616E+00
     280.0000000000000000   6.5857149703406366E+00   6.4034760752523079E+00
     290.0000000000000000   6.7243254853872010E+00   6.3019943159517480E+00
     300.0000000000000000   6.8564665078939413E+00   6.2242987863502321E+00
     310.0000000000000000   6.9945587611338151E+00   6.1303512887294778E+00
     320.0000000000000000   7.1322888871436261E+00   6.0402293962640821E+00
     330.0000000000000000   7.2696575145662132E+00   5.9537022224702163E+00
     340.0000000000000000   7.4066672518046568E+00   5.8705557366131202E+00
     350.0000000000000000   7.5433221734942864E+00   5.7905915844193014E+00
     360.0000000000000000   7.6796274115217944E+00   5.7136259586362828E+00
     370.0000000000000000   7.8155888470122408E+00   5.6394884987320264E+00
     380.0000000000000000   7.9560568962408720E+00   5.5534471301383190E+00
     390.0000000000000000   8.0912144329628148E+00   5.4849666834745605E+00
     400.0000000000000000   8.2306928274659175E+00   5.4051388593942171E+00
     410.0000000000000000   8.3650893708027283E+00   5.3416736506550500E+00
     420.0000000000000000   8.5036299271332378E+00   5.2673759855736959E+00
     430.0000000000000000   8.6373071039740861E+00   5.2083778814695885E+00
     440.0000000000000000   8.7749593909271475E+00   5.1390245340617744E+00
     450.0000000000000000   8.9121540656598608E+00   5.0721056563445979E+00
     460.0000000000000000   9.0447675666315437E+00   5.0191091919167343E+00
     470.0000000000000000   9.1811443024363975E+00   4.9563893372391075E+00
     480.0000000000000000   9.3170984892644970E+00   4.8957491379027616E+00
     490.0000000000000000   9.4526412753697855E+00   4.8370821680182017E+00
     500.0000000000000000   9.5877834107973339E+00   4.7802892952728859E+00
     510.0000000000000000   9.7225352673295600E+00   4.7252780286179661E+00
     520.0000000000000000   9.8569068525798116E+00   4.6719619655309268E+00
     530.0000000000000000   9.9909078225344761E+00   4.6202602842979736E+00
     540.0000000000000000   1.0124547484457372E+01   4.5700973219313168E+00
     550.0000000000000000   1.0261449709102765E+01   4.5119565744975070E+00
     560.0000000000000000   1.0394339027070901E+01   4.4648588172437256E+00
     570.0000000000000000   1.0526893688651869E+01   4.4190925206348641E+00
     579.9990000000000236   1.0659107811268944E+01   4.3746055022241084E+00
     580.0000000000000000   1.0659121713175947E+01   4.3745993371662086E+00
     580.0009999999999764   1.0659135615079364E+01   4.3745931721269917E+00
     588.9990000000000236   1.0780596444481734E+01   4.3286164373408011E+00
     589.0009999999999764   1.0780624177631154E+01   4.3286044086133399E+00
     590.0000000000000000   1.0791030828318323E+01   4.3313243564449992E+00
     600.0000000000000000   1.0926020552416077E+01   4.2806658713873169E+00
     610.0000000000000000   1.1057262466003657E+01   4.2398383009654292E+00
     620.0000000000000000   1.1188207728067994E+01   4.2000767270203383E+00
     630.0000000000000000   1.1322141914747810E+01   4.1532489675501720E+00
     640.0000000000000000   1.1452463543290735E+01   4.1156395895467703E+00
     644.9990000000000236   1.1520749836221665E+01   4.0893115670225546E+00
     645.0009999999999764   1.1520777140532049E+01   4.0893011055703141E+00
     650.0000000000000000   1.1585726576774352E+01   4.0711572378721295E+00
     655.9990000000000236   1.1664222115796903E+01   4.0481316725181271E+00
     656.0009999999999764   1.1664249339808720E+01   4.0481214745483909E+00
     660.0000000000000000   1.1715451145361602E+01   4.0355273214352376E+00
     670.0000000000000000   1.1848069662632058E+01   3.9932082290246802E+00
     680.0000000000000000   1.1977222403470966E+01   3.9594024888278443E+00
     690.0000000000000000   1.2109220946390758E+01   3.9190843972461984E+00
     700.0000000000000000   1.2237825623477692E+01   3.8869632717382814E+00
     701.9990000000000236   1.2264730516921880E+01   3.8777648561719480E+00
     702.0009999999999764   1.2264757429442591E+01   3.8777556767625416E+00
     710.0000000000000000   1.2369227402359011E+01   3.8484998745565377E+00
     712.9990000000000236   1.2406448045141001E+01   3.8420811993005581E+00
     713.0009999999999764   1.2406474885428564E+01   3.8420722323185177E+00
     720.0000000000000000   1.2497306137573172E+01   3.8179381925171541E+00
     725.9990000000000236   1.2577630494997800E+01   3.7916489005972540E+00
     726.0009999999999764   1.2577657257288218E+01   3.7916402016380779E+00
     730.0000000000000000   1.2628133227911986E+01   3.7811969401830337E+00
     740.0000000000000000   1.2758673802254394E+01   3.7453233129487065E+00
     750.0000000000000000   1.2885979886716102E+01   3.7169429624067414E+00
     760.0000000000000000   1.3015976436174219E+01   3.6826131602132000E+00
     770.0000000000000000   1.3145701976334129E+01   3.6490619342258168E+00
     772.9189999999999827   1.3181467434516346E+01   3.6439707708455122E+00
     772.9209999999999354   1.3181493915907662E+01   3.6439628804358941E+00
     780.0000000000000000   1.3272278209564297E+01   3.6226372276398195E+00
     784.9990000000000236   1.3338336336065954E+01   3.6033064979203107E+00
     785.0009999999999764   1.3338362752781274E+01   3.6032988066651606E+00
     790.0000000000000000   1.3401487308613515E+01   3.5904769618084122E+00
     799.9990000000000236   1.3530426300632444E+01   3.5590221587110182E+00
     800.0000000000000000   1.3530439467650631E+01   3.5590184263893132E+00
     800.0009999999999764   1.3530452634666563E+01   3.5590146940755294E+00
     810.0000000000000000   1.3659139403720703E+01   3.5282369259246926E+00
     820.0000000000000000   1.3784786624819784E+01   3.5041526674007408E+00
     830.0000000000000000   1.3913002988476437E+01   3.4745885799382132E+00
     840.0000000000000000   1.4040979172339664E+01   3.4456387343628041E+00
     850.0000000000000000   1.4168718152381063E+01   3.4172851126693633E+00
     850.9990000000000236   1.4181741115785538E+01   3.4139051187937426E+00
     851.0009999999999764   1.4181767185257007E+01   3.4138983597517329E+00
     859.9990000000000236   1.4296209461911706E+01   3.3895145042811183E+00
     860.0000000000000000   1.4296222474144624E+01   3.3895111823641662E+00
     860.0009999999999764   1.4296235486377304E+01   3.3895078604543576E+00
     870.0000000000000000   1.4420786666205922E+01   3.3679603804773741E+00
     876.9990000000000236   1.4511626654045136E+01   3.3452594670458144E+00
     877.0009999999999764   1.4511652595288956E+01   3.3452530297483309E+00
     880.0000000000000000   1.4547846664603044E+01   3.3412195931026996E+00
     890.0000000000000000   1.4674683794499312E+01   3.3150054066103412E+00
     900.0000000000000000   1.4801300655390705E+01   3.2893033311576327E+00
     910.0000000000000000   1.4927699990191297E+01   3.2640990230677596E+00
     920.0000000000000000   1.5053884880520812E+01   3.2393778880636099E+00
     930.0000000000000000   1.5179858673927656E+01   3.2151252303844440E+00
     930.9990000000000236   1.5192692408665714E+01   3.2122040909465479E+00
     931.0009999999999764   1.5192718099901436E+01   3.2121982482879021E+00
     940.0000000000000000   1.5305624780752073E+01   3.1913266585583271E+00
     950.0000000000000000   1.5431186468079092E+01   3.1679684783294886E+00
     960.0000000000000000   1.5556546766862198E+01   3.1450378489871569E+00
     970.0000000000000000   1.5679164801627858E+01   3.1275399341483756E+00
     980.0000000000000000   1.5804144117522718E+01   3.1053727326247094E+00
     990.0000000000000000   1.5928929721603971E+01   3.0836005908628943E+00
    1000.0000000000000000   1.6053524267455707E+01   3.0622126422941514E+00
    1014.9990000000001373   1.6241286298354694E+01   3.0284492744798430E+00
    1015.0010000000000900   1.6241311637035039E+01   3.0284441958546600E+00
    1100.0000000000000000   1.7291878447112808E+01   2.8629562289132009E+00
    1200.0000000000000000   1.8513413482190060E+01   2.6934415201626596E+00
    1300.0000000000000000   1.9722174615145047E+01   2.5436399526741491E+00
    1400.0000000000000000   2.0919407412202816E+01   2.4097929511113017E+00
    1500.0000000000000000   2.2104175113105313E+01   2.2920992195621546E+00
    1600.0000000000000000   2.3277544846802734E+01   2.1877644816162953E+00
    1700.0000000000000000   2.4442394775216261E+01   2.0918093579109578E+00
    1800.0000000000000000   2.5597475737708479E+01   2.0055950955477941E+00
    1900.0000000000000000   2.6745389570160821E+01   1.9251529018514337E+00
    2000.0000000000000000   2.7884757362445260E+01   1.8521249235742951E+00
    2100.0000000000000000   2.9016145804615178E+01   1.7854944813765108E+00
    2200.0000000000000000   3.0140040011025508E+01   1.7244470848620921E+00
    2300.0000000000000000   3.1258564005449006E+01   1.6663108362583225E+00
    2400.0000000000000000   3.2368802652339163E+01   1.6144613134001777E+00
    2500.0000000000000000   3.3474340931290556E+01   1.5646424720239966E+00
    2600.0000000000000000   3.4573864388156657E+01   1.5183612567141136E+00
    2700.0000000000000000   3.5669235365186239E+01   1.4735824813592937E+00
    2800.0000000000000000   3.6757498549111247E+01   1.4334408101395908E+00
    2900.0000000000000000   3.7840806503676369E+01   1.3956143063426631E+00
    3000.0000000000000000   3.8920325492568828E+01   1.3589357818859977E+00
    3100.0000000000000000   3.9995191896901716E+01   1.3243085686418028E+00
    3200.0000000000000000   4.1065628489626370E+01   1.2915481100783597E+00
    3300.0000000000000000   4.2129921469389508E+01   1.2622111022569036E+00
    3400.0000000000000000   4.3191457506259439E+01   1.2331448948116983E+00
    3500.0000000000000000   4.4250491208967020E+01   1.2042108440505614E+00
    3600.0000000000000000   4.5304207100004156E+01   1.1779664689943519E+00
    3700.0000000000000000   4.6353726934954778E+01   1.1533472191314560E+00
    3800.0000000000000000   4.7399972712843592E+01   1.1296323771416412E+00
    3900.0000000000000000   4.8443741397937089E+01   1.1061136096865396E+00
    4000.0000000000000000   4.9482726377975574E+01   1.0847920073332535E+00
    4100.0000000000000000   5.0519872041897031E+01   1.0632478593014751E+00
    4200.0000000000000000   5.1552331602071462E+01   1.0437908408129430E+00
    4300.0000000000000000   5.2583333855125957E+01   1.0239050865276160E+00
    4400.0000000000000000   5.3611327126636333E+01   1.0048132404269965E+00
    4500.0000000000000000   5.4634026895174507E+01   9.8821208534014182E-01
    4600.0000000000000000   5.5656396958995316E+01   9.7048353056364378E-01
    4700.0000000000000000   5.6674985260390365E+01   9.5408688130611519E-01
    4800.0000000000000000   5.7691114720950530E+01   9.3816297722749031E-01
    4900.0000000000000000   5.8705188778475467E+01   9.2245617606151509E-01
    5000.0000000000000000   5.9716458381613734E+01   9.0746398107856896E-01
    5100.0000000000000000   6.0724987153462635E+01   8.9315209907111781E-01
    5200.0000000000000000   6.1730864909518019E+01   8.7947058712359993E-01
    5300.0000000000000000   6.2734042492060077E+01   8.6645337999595029E-01
    5400.0000000000000000   6.3734741988368825E+01   8.5396250141741969E-01
    5500.0000000000000000   6.4734381862919449E+01   8.4116779273733300E-01
    5600.0000000000000000   6.5731263713927163E+01   8.2910771131956595E-01
    5700.0000000000000000   6.6726032678683652E+01   8.1730317392347895E-01
    5800.0000000000000000   6.7719841379823762E+01   8.0526569232027267E-01
    5900.0000000000000000   6.8708490621243030E+01   7.9534000419087802E-01
    5994.9989999999997963   6.9647834902206313E+01   7.8508068440475010E-01
    5995.0010000000002037   6.9647854888343375E+01   7.8508034192221843E-01
    6000.0000000000000000   6.9697744484637724E+01   7.8425873571961757E-01
    6100.0000000000000000   7.0685181347306525E+01   7.7331887922406473E-01
    6200.0000000000000000   7.1668217170254096E+01   7.6412034516851535E-01
    6300.0000000000000000   7.2651307536851959E+01   7.5409876684710142E-01
    6400.0000000000000000   7.3633653523768459E+01   7.4369840238039286E-01
    6500.0000000000000000   7.4612046832368023E+01   7.3478951081357258E-01
    6543.9989999999997963   7.5041344732718755E+01   7.3116327564743022E-01
    6544.0010000000002037   7.5041364249135000E+01   7.3116311339427842E-01
    6600.0000000000000000   7.5589764588653665E+01   7.2539644657073710E-01
    6700.0000000000000000   7.6564231472418243E+01   7.1716835969540405E-01
    6800.0000000000000000   7.7538656702491153E+01   7.0815905525989697E-01
    6900.0000000000000000   7.8510186492579379E+01   7.0010212854656395E-01
    7000.0000000000000000   7.9481659435966819E+01   6.9133553776707424E-01
    7100.0000000000000000   8.0449283424827755E+01   6.8399328768218814E-01
    7116.9989999999997963   8.0612082680210591E+01   6.8344466505820911E-01
    7117.0010000000002037   8.0612102063754890E+01   6.8344449544301755E-01
    7200.0000000000000000   8.1416432485274726E+01   6.7615791565798000E-01
    7300.0000000000000000   8.2381260110969720E+01   6.6890976082774789E-01
    7400.0000000000000000   8.3344274849342838E+01   6.6195012474817871E-01
    7500.0000000000000000   8.4309398966184830E+01   6.5346316153105233E-01
    7600.0000000000000000   8.5269049139057358E+01   6.4696856892877164E-01
    7700.0000000000000000   8.6226596628193064E+01   6.4098639613277619E-01
    7714.9989999999997963   8.6372193661397873E+01   6.3914481746825513E-01
    7715.0010000000002037   8.6372213071796068E+01   6.3914456614735793E-01
    7800.0000000000000000   8.7187429054740619E+01   6.3291406268569339E-01
    7900.0000000000000000   8.8141838017981129E+01   6.2723066430614005E-01
    8000.0000000000000000   8.9098147992626096E+01   6.2032639936580791E-01
    8100.0000000000000000   9.0050633061697653E+01   6.1458513285764582E-01
    8200.0000000000000000   9.1004994520302034E+01   6.0742067157489099E-01
    8300.0000000000000000   9.1953628510950949E+01   6.0242569011528480E-01
    8337.9989999999997963   9.2313667339462071E+01   6.0067564090292447E-01
    8338.0010000000002037   9.2313686555009284E+01   6.0067542321384204E-01
    8400.0000000000000000   9.2905376292734744E+01   5.9567152317958538E-01
    8500.0000000000000000   9.3850500859405571E+01   5.9127127105044186E-01
    8600.0000000000000000   9.4799137696155270E+01   5.8484931771927484E-01
    8700.0000000000000000   9.5746571740687301E+01   5.7855665744841966E-01
    8800.0000000000000000   9.6687912277224129E+01   5.7448393003099163E-01
    8900.0000000000000000   9.7632823384878208E+01   5.6851518336453910E-01
    9000.0000000000000000   9.8575472649669521E+01   5.6300802152934704E-01
    9100.0000000000000000   9.9516625171645330E+01   5.5765304300663066E-01
    9200.0000000000000000   1.0045249185882543E+02   5.5417037812969960E-01
    9300.0000000000000000   1.0139149580638970E+02   5.4901917494431041E-01
    9400.0000000000000000   1.0233020928589671E+02   5.4362613171327689E-01
    9500.0000000000000000   1.0326697158674419E+02   5.3866359157624821E-01
    9600.0000000000000000   1.0420289189070105E+02   5.3365597972095613E-01
    9700.0000000000000000   1.0513735139218882E+02   5.2885734967630993E-01
    9800.0000000000000000   1.0606989840815606E+02   5.2444480924107562E-01
    9900.0000000000000000   1.0700086996684011E+02   5.2028586440598767E-01
   10000.0000000000000000   1.0793078652224938E+02   5.1618979261979925E-01
   11000.0000000000000000   1.1717588789369529E+02   4.7837011691176573E-01
   12000.0000000000000000   1.2633399153541365E+02   4.4344863931584927E-01
   13000.0000000000000000   1.3540134303411719E+02   4.1490617110799932E-01
   14000.0000000000000000   1.4439290196235555E+02   3.8968761213960512E-01
   15000.0000000000000000   1.5331195353637244E+02   3.6777600859947046E-01
   16000.0000000000000000   1.6216747174441721E+02   3.4843288339000389E-01
   17000.0000000000000000   1.7095388380759951E+02   3.3255475381839944E-01
   18000.0000000000000000   1.7969382253520681E+02   3.1640865067558260E-01
   19000.0000000000000000   1.8838552229698101E+02   3.0157645333389810E-01
   20000.0000000000000000   1.9702102970397456E+02   2.8848979379665413E-01
   21000.0000000000000000   2.0560573447281234E+02   2.7795343731056199E-01
   22000.0000000000000000   2.1415562843245513E+02   2.6711937203610359E-01
   23000.0000000000000000   2.2266233592812597E+02   2.5667081691295796E-01
   24000.0000000000000000   2.3113167426397783E+02   2.4777712999679510E-01
   25000.0000000000000000   2.3955705763021126E+02   2.3933790244975195E-01
   26000.0000000000000000   2.4794986522124506E+02   2.3162497231450072E-01
   27000.0000000000000000   2.5631047705746101E+02   2.2483409908975660E-01
   28000.0000000000000000   2.6464755413817983E+02   2.1764026764448482E-01
   29000.0000000000000000   2.7293694580259563E+02   2.1117936515902253E-01
   30000.0000000000000000   2.8122044876031953E+02   2.0424238892344038E-01
   31000.0000000000000000   2.8943696090255474E+02   2.0062252319211063E-01
   32000.0000000000000000   2.9766860851766000E+02   1.9350438984099844E-01
   33000.0000000000000000   3.0585721753739620E+02   1.8899722412467973E-01
   34000.0000000000000000   3.1402095238776184E+02   1.8417507685631418E-01
   35000.0000000000000000   3.2216299848665761E+02   1.7929901796436620E-01
   36000.0000000000000000   3.3026494096717653E+02   1.7620037651704051E-01
   37000.0000000000000000   3.3834948218709610E+02   1.7144461292999461E-01
   38000.0000000000000000   3.4640737826141964E+02   1.6894627559647232E-01
   39000.0000000000000000   3.5447799232011943E+02   1.6444092354726184E-01
   40000.0000000000000000   3.6250137714315014E+02   1.5966989518045202E-01
   41000.0000000000000000   3.7052027997877309E+02   1.5628956703784019E-01
   42000.0000000000000000   3.7848077066558812E+02   1.5470969666496473E-01
   43000.0000000000000000   3.8648381698600468E+02   1.4988601155979012E-01
   44000.0000000000000000   3.9439899305385251E+02   1.4801342846476095E-01
   45000.0000000000000000   4.0233123484612190E+02   1.4676871590450816E-01
   46000.0000000000000000   4.1028241191809207E+02   1.4168133708956865E-01
   47000.0000000000000000   4.1818063550419151E+02   1.3858919206829848E-01
   48000.0000000000000000   4.2602554873463595E+02   1.3824892029317176E-01
   49000.0000000000000000   4.3387890403338190E+02   1.3575813129145337E-01
   50000.0000000000000000   4.4173185498294606E+02   1.3301336746303724E-01
