       0.0010000000000000   1.0000000000000000E+30   0.0000000000000000E+00
       0.1000000000000000   1.0000000000000000E+30   0.0000000000000000E+00
       0.2000000000000000   1.0000000000000000E+30   0.0000000000000000E+00
       0.3000000000000000   1.0000000000000000E+30   0.0000000000000000E+00
       0.4000000000000000   1.0000000000000000E+30   0.0000000000000000E+00
       0.5000000000000000   1.0000000000000000E+30   0.0000000000000000E+00
       0.6000000000000000   1.0000000000000000E+30   0.0000000000000000E+00
       0.7000000000000000   1.0000000000000000E+30   0.0000000000000000E+00
       0.7999999999999999   1.0000000000000000E+30   0.0000000000000000E+00
       0.8999999999999999   1.0000000000000000E+30   0.0000000000000000E+00
       0.9999999999999999   1.0000000000000000E+30   0.0000000000000000E+00
       2.0000000000000000   1.0000000000000000E+30   0.0000000000000000E+00
       3.0000000000000000   1.0000000000000000E+30   0.0000000000000000E+00
       4.0000000000000000   1.0000000000000000E+30   0.0000000000000000E+00
       5.0000000000000000   1.0000000000000000E+30   0.0000000000000000E+00
       6.0000000000000000   1.0000000000000000E+30   0.0000000000000000E+00
       7.0000000000000000   1.0000000000000000E+30   0.0000000000000000E+00
       8.0000000000000000   1.0000000000000000E+30   0.0000000000000000E+00
       9.0000000000000000   1.0000000000000000E+30   0.0000000000000000E+00
      10.0000000000000000   1.0000000000000000E+30   0.0000000000000000E+00
      11.0000000000000000   1.0000000000000000E+30   0.0000000000000000E+00
      12.0000000000000000   1.0000000000000000E+30   0.0000000000000000E+00
      13.0000000000000000   1.0000000000000000E+30   0.0000000000000000E+00
      14.0000000000000000   1.0000000000000000E+30   0.0000000000000000E+00
      15.0000000000000000   1.0000000000000000E+30   0.0000000000000000E+00
      16.0000000000000000   1.0000000000000000E+30   0.0000000000000000E+00
      17.0000000000000000   1.0000000000000000E+30   0.0000000000000000E+00
      18.0000000000000000   1.0000000000000000E+30   0.0000000000000000E+00
      19.0000000000000000   1.0000000000000000E+30   0.0000000000000000E+00
      20.0000000000000000   1.0000000000000000E+30   0.0000000000000000E+00
      21.0000000000000000   1.0000000000000000E+30   0.0000000000000000E+00
      22.0000000000000000   1.0000000000000000E+30   0.0000000000000000E+00
      23.0000000000000000   1.0000000000000000E+30   0.0000000000000000E+00
      24.0000000000000000   1.0000000000000000E+30   0.0000000000000000E+00
      25.0000000000000000   1.0000000000000000E+30   0.0000000000000000E+00
      26.0000000000000000   1.0000000000000000E+30   0.0000000000000000E+00
      27.0000000000000000   1.0000000000000000E+30   0.0000000000000000E+00
      28.0000000000000000   1.0000000000000000E+30   0.0000000000000000E+00
      29.0000000000000000   1.0000000000000000E+30   0.0000000000000000E+00
      30.0000000000000000   1.0000000000000000E+30   0.0000000000000000E+00
      31.0000000000000000   1.0000000000000000E+30   0.0000000000000000E+00
      32.0000000000000000   1.0000000000000000E+30   0.0000000000000000E+00
      33.0000000000000000   1.0000000000000000E+30   0.0000000000000000E+00
      34.0000000000000000   1.0000000000000000E+30   0.0000000000000000E+00
      35.0000000000000000   1.0000000000000000E+30   0.0000000000000000E+00
      36.0000000000000000   1.0000000000000000E+30   0.0000000000000000E+00
      37.0000000000000000   1.0000000000000000E+30   0.0000000000000000E+00
      38.0000000000000000   1.0000000000000000E+30   0.0000000000000000E+00
      39.0000000000000000   1.0000000000000000E+30   0.0000000000000000E+00
      40.0000000000000000   1.0000000000000000E+30   0.0000000000000000E+00
      41.0000000000000000   1.0000000000000000E+30   0.0000000000000000E+00
      42.0000000000000000   1.0000000000000000E+30   0.0000000000000000E+00
      43.0000000000000000   1.0000000000000000E+30   0.0000000000000000E+00
      44.0000000000000000   1.0000000000000000E+30   0.0000000000000000E+00
      45.0000000000000000   1.0000000000000000E+30   0.0000000000000000E+00
      46.0000000000000000   1.0000000000000000E+30   0.0000000000000000E+00
      47.0000000000000000   1.0000000000000000E+30   0.0000000000000000E+00
      48.0000000000000000   1.0000000000000000E+30   0.0000000000000000E+00
      49.0000000000000000   1.0000000000000000E+30   0.0000000000000000E+00
      50.0000000000000000   1.0000000000000000E+30   0.0000000000000000E+00
      51.0000000000000000   1.0000000000000000E+30   0.0000000000000000E+00
      52.0000000000000000   1.0000000000000000E+30   0.0000000000000000E+00
      53.0000000000000000   1.0000000000000000E+30   0.0000000000000000E+00
      54.0000000000000000   1.0000000000000000E+30   0.0000000000000000E+00
      55.0000000000000000   1.0000000000000000E+30   0.0000000000000000E+00
      56.0000000000000000   1.0000000000000000E+30   0.0000000000000000E+00
      57.0000000000000000   1.0000000000000000E+30   0.0000000000000000E+00
      58.0000000000000000   1.0000000000000000E+30   0.0000000000000000E+00
      59.0000000000000000   1.0000000000000000E+30   0.0000000000000000E+00
      60.0000000000000000   1.0000000000000000E+30   0.0000000000000000E+00
      61.0000000000000000   1.0000000000000000E+30   0.0000000000000000E+00
      62.0000000000000000   1.0000000000000000E+30   0.0000000000000000E+00
      63.0000000000000000   1.0000000000000000E+30   0.0000000000000000E+00
      64.0000000000000000   1.0000000000000000E+30   0.0000000000000000E+00
      65.0000000000000000   1.0000000000000000E+30   0.0000000000000000E+00
      66.0000000000000000   1.0000000000000000E+30   0.0000000000000000E+00
      67.0000000000000000   1.0000000000000000E+30   0.0000000000000000E+00
      68.0000000000000000   1.0000000000000000E+30   0.0000000000000000E+00
      69.0000000000000000   1.0000000000000000E+30   0.0000000000000000E+00
      70.0000000000000000   1.0000000000000000E+30   0.0000000000000000E+00
      70.9989999999999952   1.0000000000000000E+30   0.0000000000000000E+00
      71.0000000000000000   1.0000000000000000E+30   0.0000000000000000E+00
      71.0010000000000048   1.0000000000000000E+30   0.0000000000000000E+00
      72.0000000000000000   1.0000000000000000E+30   0.0000000000000000E+00
      73.0000000000000000   1.0000000000000000E+30   0.0000000000000000E+00
      74.0000000000000000   1.0000000000000000E+30   0.0000000000000000E+00
      75.0000000000000000   1.0000000000000000E+30   0.0000000000000000E+00
      76.0000000000000000   1.0000000000000000E+30   0.0000000000000000E+00
      77.0000000000000000   1.0000000000000000E+30   0.0000000000000000E+00
      77.9989999999999952   1.0000000000000000E+30   0.0000000000000000E+00
      78.0000000000000000   1.0000000000000000E+30   0.0000000000000000E+00
      78.0010000000000048   1.0000000000000000E+30   0.0000000000000000E+00
      79.0000000000000000   1.0000000000000000E+30   0.0000000000000000E+00
      80.0000000000000000   1.0000000000000000E+30   0.0000000000000000E+00
      81.0000000000000000   1.0000000000000000E+30   0.0000000000000000E+00
      82.0000000000000000   1.0000000000000000E+30   0.0000000000000000E+00
      83.0000000000000000   1.0000000000000000E+30   0.0000000000000000E+00
      84.0000000000000000   1.0000000000000000E+30   0.0000000000000000E+00
      85.0000000000000000   1.0000000000000000E+30   0.0000000000000000E+00
      86.0000000000000000   1.0000000000000000E+30   0.0000000000000000E+00
      87.0000000000000000   1.0000000000000000E+30   0.0000000000000000E+00
      88.0000000000000000   1.0000000000000000E+30   0.0000000000000000E+00
      89.0000000000000000   1.0000000000000000E+30   0.0000000000000000E+00
      90.0000000000000000   1.0000000000000000E+30   0.0000000000000000E+00
      91.0000000000000000   1.0000000000000000E+30   0.0000000000000000E+00
      92.0000000000000000   1.0000000000000000E+30   0.0000000000000000E+00
      93.0000000000000000   1.0000000000000000E+30   0.0000000000000000E+00
      94.0000000000000000   1.0000000000000000E+30   0.0000000000000000E+00
      95.0000000000000000   1.0000000000000000E+30   0.0000000000000000E+00
      96.0000000000000000   1.0000000000000000E+30   0.0000000000000000E+00
      97.0000000000000000   1.0000000000000000E+30   0.0000000000000000E+00
      98.0000000000000000   1.0000000000000000E+30   0.0000000000000000E+00
      99.0000000000000000   1.0000000000000000E+30   0.0000000000000000E+00
     100.0000000000000000   1.0000000000000000E+30   0.0000000000000000E+00
     110.0000000000000000   1.0000000000000000E+30   0.0000000000000000E+00
     111.9989999999999952   1.0000000000000000E+30   0.0000000000000000E+00
     112.0010000000000048   1.0000000000000000E+30   0.0000000000000000E+00
     120.0000000000000000   1.0000000000000000E+30   0.0000000000000000E+00
     130.0000000000000000   1.0000000000000000E+30   0.0000000000000000E+00
     140.0000000000000000   1.0000000000000000E+30   0.0000000000000000E+00
     150.0000000000000000   1.0000000000000000E+30   0.0000000000000000E+00
     160.0000000000000000   1.0000000000000000E+30   0.0000000000000000E+00
     170.0000000000000000   1.0000000000000000E+30   0.0000000000000000E+00
     180.0000000000000000   1.0000000000000000E+30   0.0000000000000000E+00
     190.0000000000000000   1.0000000000000000E+30   0.0000000000000000E+00
     200.0000000000000000   1.0000000000000000E+30   0.0000000000000000E+00
     210.0000000000000000   1.0000000000000000E+30   0.0000000000000000E+00
     220.0000000000000000   1.0000000000000000E+30   0.0000000000000000E+00
     230.0000000000000000   1.0000000000000000E+30   0.0000000000000000E+00
     240.0000000000000000   1.0000000000000000E+30   0.0000000000000000E+00
     250.0000000000000000   1.0000000000000000E+30   0.0000000000000000E+00
     260.0000000000000000   1.0000000000000000E+30   0.0000000000000000E+00
     270.0000000000000000   1.0000000000000000E+30   0.0000000000000000E+00
     280.0000000000000000   1.0000000000000000E+30   0.0000000000000000E+00
     290.0000000000000000   1.0000000000000000E+30   0.0000000000000000E+00
     300.0000000000000000   1.0000000000000000E+30   0.0000000000000000E+00
     310.0000000000000000   1.0000000000000000E+30   0.0000000000000000E+00
     320.0000000000000000   1.0000000000000000E+30   0.0000000000000000E+00
     330.0000000000000000   1.0000000000000000E+30   0.0000000000000000E+00
     340.0000000000000000   1.0000000000000000E+30   0.0000000000000000E+00
     350.0000000000000000   1.0000000000000000E+30   0.0000000000000000E+00
     360.0000000000000000   1.0000000000000000E+30   0.0000000000000000E+00
     370.0000000000000000   1.0000000000000000E+30   0.0000000000000000E+00
     380.0000000000000000   1.0000000000000000E+30   0.0000000000000000E+00
     390.0000000000000000   1.0000000000000000E+30   0.0000000000000000E+00
     400.0000000000000000   1.0000000000000000E+30   0.0000000000000000E+00
     407.9990000000000236   1.0000000000000000E+30   0.0000000000000000E+00
     408.0009999999999764   1.0000000000000000E+30   0.0000000000000000E+00
     410.0000000000000000   1.0000000000000000E+30   0.0000000000000000E+00
     414.9990000000000236   1.0000000000000000E+30   0.0000000000000000E+00
     415.0009999999999764   3.5810325434197168E+11   1.1588836319362086E-09
     420.0000000000000000   5.0454736806991352E+06   8.2482717760702030E-05
     430.0000000000000000   9.5736708912892162E+05   4.3710129104830304E-04
     440.0000000000000000   4.3804607985038596E+05   9.6049541736749854E-04
     450.0000000000000000   2.6070906504192550E+05   1.6224818970157358E-03
     460.0000000000000000   1.7662132084698029E+05   2.4076031442571639E-03
     470.0000000000000000   1.2932803234176518E+05   3.3052294036083319E-03
     480.0000000000000000   9.9747330088963965E+04   4.3076252877548831E-03
     490.0000000000000000   7.9863348901040634E+04   5.4077680212299009E-03
     500.0000000000000000   6.5775221797419974E+04   6.5995275014812081E-03
     510.0000000000000000   5.5380429723248752E+04   7.8779532718678252E-03
     520.0000000000000000   4.7465353889971964E+04   9.2379299967044297E-03
     530.0000000000000000   4.1281806827345004E+04   1.0674850549950907E-02
     537.9990000000000236   3.7252022194486315E+04   1.1876753107357455E-02
     538.0009999999999764   3.7251112193555535E+04   1.1877054984377836E-02
     540.0000000000000000   3.6347501041445037E+04   1.2184396942518310E-02
     550.0000000000000000   3.2338768035446305E+04   1.3762672206831455E-02
     560.0000000000000000   2.9032938775876206E+04   1.5405401363640592E-02
     570.0000000000000000   2.6269610815235166E+04   1.7109572946186546E-02
     580.0000000000000000   2.3933838066193184E+04   1.8871221564315487E-02
     590.0000000000000000   2.1939658397116771E+04   2.0686780044632234E-02
     600.0000000000000000   2.0221315414909710E+04   2.2553559587012672E-02
     610.0000000000000000   1.8729236993670616E+04   2.4467930529331810E-02
     620.0000000000000000   1.7424316681948487E+04   2.6426846647622668E-02
     620.9990000000000236   1.7302936778859643E+04   2.6624976072474868E-02
     621.0009999999999764   1.7302696739087489E+04   2.6625370885606243E-02
     630.0000000000000000   1.6275537780480467E+04   2.8427647974621429E-02
     640.0000000000000000   1.5258438472718010E+04   3.0467165429240675E-02
     650.0000000000000000   1.4353160628562424E+04   3.2542496689668944E-02
     654.9990000000000236   1.3937429187081791E+04   3.3592306606957001E-02
     655.0009999999999764   1.3937266325370470E+04   3.3592730310392463E-02
     660.0000000000000000   1.3543431046859580E+04   3.4651042018543715E-02
     670.0000000000000000   1.2815967220250781E+04   3.6790050977672725E-02
     680.0000000000000000   1.2159813559123333E+04   3.8956612629244519E-02
     690.0000000000000000   1.1565653974093988E+04   4.1148471390559903E-02
     700.0000000000000000   1.1025801616252646E+04   4.3362920010735433E-02
     710.0000000000000000   1.0533730789294485E+04   4.5597384341969943E-02
     720.0000000000000000   1.0083874217158127E+04   4.7849383981478456E-02
     730.0000000000000000   9.6714589946601118E+03   5.0116569246784565E-02
     740.0000000000000000   9.2923902560258448E+03   5.2396586335111600E-02
     750.0000000000000000   8.9431539472802688E+03   5.4686974513153921E-02
     760.0000000000000000   8.6206586494020394E+03   5.6985599323298386E-02
     770.0000000000000000   8.3222493673568479E+03   5.9290102299111906E-02
     774.9990000000000236   8.1813548646740837E+03   6.0443686647969300E-02
     775.0009999999999764   8.1812996378648486E+03   6.0444147622446813E-02
     780.0000000000000000   8.0455673838689845E+03   6.1598430313180123E-02
     790.0000000000000000   7.7885623530330367E+03   6.3908424753862852E-02
     800.0000000000000000   7.5494137746188153E+03   6.6218107737812310E-02
     810.0000000000000000   7.3265242940667313E+03   6.8525408372941146E-02
     820.0000000000000000   7.1184562649518812E+03   7.0828528704391991E-02
     830.0000000000000000   6.9239477763842224E+03   7.3125585647417307E-02
     840.0000000000000000   6.7418681054146273E+03   7.5414726491871184E-02
     850.0000000000000000   6.5711854047038132E+03   7.7694504416424989E-02
     860.0000000000000000   6.4110080334293380E+03   7.9963001091013008E-02
     870.0000000000000000   6.2605027956990525E+03   8.2218844043376829E-02
     880.0000000000000000   6.1189291880767978E+03   8.4460562041593010E-02
     890.0000000000000000   5.9856186364906462E+03   8.6686734157183448E-02
     900.0000000000000000   5.8599586141895807E+03   8.8896123979059827E-02
     910.0000000000000000   5.7414026542187166E+03   9.1087413470227571E-02
     920.0000000000000000   5.6294428058886569E+03   9.3259532016769106E-02
     930.0000000000000000   5.5236225833715826E+03   9.5411362729251589E-02
     940.0000000000000000   5.4235219032412733E+03   9.7541931560579373E-02
     950.0000000000000000   5.3287576474014304E+03   9.9650304801736894E-02
     960.0000000000000000   5.2389765954440772E+03   1.0173565709961969E-01
     970.0000000000000000   5.1538577080211107E+03   1.0379717202839112E-01
     980.0000000000000000   5.0731012276513775E+03   1.0583419431729607E-01
     990.0000000000000000   4.9964334255954318E+03   1.0784609202161147E-01
    1000.0000000000000000   4.9236033942404811E+03   1.0983223991452132E-01
    1100.0000000000000000   4.3625498743514199E+03   1.2819487638916763E-01
    1200.0000000000000000   4.0097744879107790E+03   1.4374306410413334E-01
    1300.0000000000000000   3.7818572396026598E+03   1.5659355655423629E-01
    1400.0000000000000000   3.6333863181980423E+03   1.6702987284376036E-01
    1500.0000000000000000   3.5379516147924851E+03   1.7538581557446556E-01
    1600.0000000000000000   3.4793448753830739E+03   1.8198670413039394E-01
    1700.0000000000000000   3.4471649284014952E+03   1.8712434123809324E-01
    1800.0000000000000000   3.4344796591795443E+03   1.9104969151219023E-01
    1900.0000000000000000   3.4365145424929533E+03   1.9397397555664106E-01
    2000.0000000000000000   3.4498895512695331E+03   1.9607265276288965E-01
    2100.0000000000000000   3.4721518580206589E+03   1.9749068541333853E-01
    2200.0000000000000000   3.5014834526737536E+03   1.9834750787756228E-01
    2300.0000000000000000   3.5365113776079907E+03   1.9874147133662945E-01
    2400.0000000000000000   3.5761813192662717E+03   1.9875365308235993E-01
    2500.0000000000000000   3.6196718027899192E+03   1.9845098340669443E-01
    2600.0000000000000000   3.6663340960435535E+03   1.9788884999114362E-01
    2700.0000000000000000   3.7156499806716033E+03   1.9711317355376093E-01
    2800.0000000000000000   3.7672008784740215E+03   1.9616214224450162E-01
    2900.0000000000000000   3.8206455671351991E+03   1.9506756656279461E-01
    3000.0000000000000000   3.8757034070003333E+03   1.9385601526528182E-01
    3100.0000000000000000   3.9321416037397507E+03   1.9254973427027391E-01
    3200.0000000000000000   3.9897658493629424E+03   1.9116736992789504E-01
    3300.0000000000000000   4.0484126851103524E+03   1.8972459473485176E-01
    3400.0000000000000000   4.1079438625815947E+03   1.8823458874406562E-01
    3500.0000000000000000   4.1682418320866900E+03   1.8670845062532127E-01
    3541.9989999999997963   4.1937703137584012E+03   1.8605901916302764E-01
    3542.0010000000002037   4.1937715321255118E+03   1.8605898813416233E-01
    3600.0000000000000000   4.2292059624976810E+03   1.8515554662279096E-01
    3700.0000000000000000   4.2907498567251132E+03   1.8358377097219286E-01
    3731.9989999999997963   4.3105532334225754E+03   1.8307795283280118E-01
    3732.0010000000002037   4.3105544727490887E+03   1.8307792118281879E-01
    3800.0000000000000000   4.3527988755851165E+03   1.8199979071696959E-01
    3900.0000000000000000   4.4152883890173462E+03   1.8040922519456987E-01
    4000.0000000000000000   4.4781621316716501E+03   1.7881681698958826E-01
    4021.9990000000002510   4.4920402853896212E+03   1.7846666463436942E-01
    4022.0010000000006585   4.4920415478253626E+03   1.7846663280647931E-01
    4100.0000000000000000   4.5413709991753385E+03   1.7722655706282964E-01
    4200.0000000000000000   4.6048719319799120E+03   1.7564180577324767E-01
    4300.0000000000000000   4.6686271238038498E+03   1.7406537937419586E-01
    4400.0000000000000000   4.7326032631671078E+03   1.7249963330434631E-01
    4500.0000000000000000   4.7967708744479187E+03   1.7094653250091116E-01
    4600.0000000000000000   4.8611039093211666E+03   1.6940770150538251E-01
    4700.0000000000000000   4.9213057796964977E+03   1.6834201820827907E-01
    4800.0000000000000000   4.9856560000117925E+03   1.6690653039347483E-01
    4900.0000000000000000   5.0499019215316057E+03   1.6550867329481897E-01
    5000.0000000000000000   5.1140457669571888E+03   1.6414689370788293E-01
    5100.0000000000000000   5.1837369163752246E+03   1.6223879291322940E-01
    5200.0000000000000000   5.2475812818576060E+03   1.6095798188253663E-01
    5300.0000000000000000   5.3113326348831524E+03   1.5970856105005066E-01
    5400.0000000000000000   5.3749933052712786E+03   1.5848930220636923E-01
    5500.0000000000000000   5.4438937310558958E+03   1.5676626820046255E-01
    5600.0000000000000000   5.5072833386875018E+03   1.5561527171193817E-01
    5700.0000000000000000   5.5705910038605152E+03   1.5449070904103182E-01
    5800.0000000000000000   5.6389372316183362E+03   1.5289030334983905E-01
    5900.0000000000000000   5.7019945378303291E+03   1.5182598698209104E-01
    6000.0000000000000000   5.7649780248018569E+03   1.5078496302618927E-01
    6100.0000000000000000   5.8328052028493094E+03   1.4929351933463259E-01
    6200.0000000000000000   5.8955576267288725E+03   1.4830593950193233E-01
    6300.0000000000000000   5.9630507663410017E+03   1.4688312387941535E-01
    6400.0000000000000000   6.0255847548416614E+03   1.4594483124378907E-01
    6500.0000000000000000   6.0927576975472211E+03   1.4458564552091413E-01
    6600.0000000000000000   6.1550851598953304E+03   1.4369290533666210E-01
    6700.0000000000000000   6.2219511262057977E+03   1.4239283275484818E-01
    6800.0000000000000000   6.2886582635805989E+03   1.4112408504415108E-01
    6900.0000000000000000   6.3506548247918026E+03   1.4029723231743785E-01
    7000.0000000000000000   6.4170735553864642E+03   1.3908141703887503E-01
    7100.0000000000000000   6.4833422267348524E+03   1.3789377612435871E-01
    7200.0000000000000000   6.5450332114669764E+03   1.3712568831066230E-01
    7300.0000000000000000   6.6110307144667877E+03   1.3598564439115157E-01
    7400.0000000000000000   6.6768863158862687E+03   1.3487104369201156E-01
    7500.0000000000000000   6.7382948664280930E+03   1.3415558990352855E-01
    7600.0000000000000000   6.8038952670393164E+03   1.3308395603937037E-01
    7700.0000000000000000   6.8693613647642551E+03   1.3203538409389065E-01
    7800.0000000000000000   6.9346955115217133E+03   1.3100910577361161E-01
    7900.0000000000000000   6.9957341810559374E+03   1.3035762205812959E-01
    8000.0000000000000000   7.0608325782850725E+03   1.2936895744121207E-01
    8100.0000000000000000   7.1258059187806621E+03   1.2840059374395266E-01
    8200.0000000000000000   7.1906563436631095E+03   1.2745188467741039E-01
    8300.0000000000000000   7.2553859590527500E+03   1.2652221029374142E-01
    8400.0000000000000000   7.3199968064642753E+03   1.2561097806486857E-01
    8500.0000000000000000   7.3805076094662227E+03   1.2504298498891450E-01
    8600.0000000000000000   7.4449084206363887E+03   1.2416280483090321E-01
    8700.0000000000000000   7.5091964302495253E+03   1.2329952420456329E-01
    8800.0000000000000000   7.5733734893476958E+03   1.2245263936946489E-01
    8900.0000000000000000   7.6374414349028002E+03   1.2162166477700322E-01
    9000.0000000000000000   7.7014020389916259E+03   1.2080613597372071E-01
    9100.0000000000000000   7.7652570521115140E+03   1.2000560536904414E-01
    9200.0000000000000000   7.8290081661401064E+03   1.1921964398155530E-01
    9300.0000000000000000   7.8926570587686265E+03   1.1844783779630449E-01
    9400.0000000000000000   7.9562053507056071E+03   1.1768979000078207E-01
    9500.0000000000000000   8.0196546292281728E+03   1.1694511831139905E-01
    9600.0000000000000000   8.0830064549460612E+03   1.1621345446017108E-01
    9700.0000000000000000   8.1462623498630610E+03   1.1549444394928858E-01
    9800.0000000000000000   8.2094238038972744E+03   1.1478774508323913E-01
    9900.0000000000000000   8.2724922701159303E+03   1.1409302896999868E-01
   10000.0000000000000000   8.3354691689684296E+03   1.1340997850532766E-01
   11000.0000000000000000   8.9639301049207697E+03   1.0691452279505517E-01
   12000.0000000000000000   9.5842006449578948E+03   1.0135264180374623E-01
   13000.0000000000000000   1.0200419992577590E+04   9.6326317757277735E-02
   14000.0000000000000000   1.0813009787349432E+04   9.1739972739922862E-02
   15000.0000000000000000   1.1419401613927506E+04   8.7693901348075101E-02
   16000.0000000000000000   1.2023030411166968E+04   8.3932656829328850E-02
   17000.0000000000000000   1.2621372179428152E+04   8.0566679135878408E-02
   18000.0000000000000000   1.3214862317917281E+04   7.7534966285931123E-02
   19000.0000000000000000   1.3806514573441103E+04   7.4653641385726180E-02
   20000.0000000000000000   1.4393893486303070E+04   7.2032442043412012E-02
   21000.0000000000000000   1.4977290290341391E+04   6.9636779845806976E-02
   22000.0000000000000000   1.5559456582860521E+04   6.7322423408576179E-02
   23000.0000000000000000   1.6135588147745433E+04   6.5301767370787633E-02
   24000.0000000000000000   1.6710836406268067E+04   6.3328122280786756E-02
   25000.0000000000000000   1.7282902899288572E+04   6.1498536684430394E-02
   26000.0000000000000000   1.7851957145392571E+04   5.9797450288669222E-02
   26714.9989999999997963   1.8259067020062030E+04   5.8571241339108036E-02
   26715.0010000000002037   1.8259068169746810E+04   5.8571237469232276E-02
   27000.0000000000000000   1.8418154523761234E+04   5.8211478870039746E-02
   28000.0000000000000000   1.8983911197720518E+04   5.6639076226855364E-02
   29000.0000000000000000   1.9544768171102958E+04   5.5253456014745093E-02
   30000.0000000000000000   2.0105378373311258E+04   5.3868499521082781E-02
   31000.0000000000000000   2.0663564265170211E+04   5.2566369935003500E-02
   32000.0000000000000000   2.1219441132486703E+04   5.1339234104105111E-02
   33000.0000000000000000   2.1773105610834617E+04   5.0180564167146127E-02
   34000.0000000000000000   2.2324641256671141E+04   4.9084795986236246E-02
   35000.0000000000000000   2.2874128437298685E+04   4.8046891768264939E-02
   36000.0000000000000000   2.3421644688644352E+04   4.7062272363107394E-02
   37000.0000000000000000   2.3967267332696258E+04   4.6126682169063932E-02
   38000.0000000000000000   2.4513113824909615E+04   4.5170881803679439E-02
   39000.0000000000000000   2.5055099055187497E+04   4.4325172201606006E-02
   40000.0000000000000000   2.5595390632044884E+04   4.3518151485213055E-02
   41000.0000000000000000   2.6136018784506858E+04   4.2686980392947785E-02
   42000.0000000000000000   2.6675028060697914E+04   4.1892331008971925E-02
   43000.0000000000000000   2.7210446936690889E+04   4.1190865415246518E-02
   44000.0000000000000000   2.7746347501378477E+04   4.0461501695985655E-02
   45000.0000000000000000   2.8280749644731612E+04   3.9762586996230725E-02
   46000.0000000000000000   2.8813677288921048E+04   3.9092729399061457E-02
   47000.0000000000000000   2.9343291091153103E+04   3.8501877860732225E-02
   48000.0000000000000000   2.9873475011119575E+04   3.7881845736419131E-02
   49000.0000000000000000   3.0402320614320946E+04   3.7285551017163486E-02
   50000.0000000000000000   3.0929864058550789E+04   3.6711604242388236E-02
