       0.1000000000000000   3.5933015187904111E+01   8.1073723493120184E-04
       0.2000000000000000   3.1534177046061419E+01   1.5895303899098828E-03
       0.3000000000000000   3.0023310018624350E+01   2.3672194789328416E-03
       0.4000000000000000   2.9402484247109797E+01   3.1136862926292954E-03
       0.5000000000000000   2.9055870219950762E+01   3.8548956903457069E-03
       0.6000000000000000   2.8842255918987608E+01   4.5919815493275958E-03
       0.7000000000000000   2.8706774415072122E+01   5.3260114396649367E-03
       0.7999999999999999   2.8619009319148944E+01   6.0577042878703019E-03
       0.8999999999999999   2.8564980451026056E+01   6.7855029345188335E-03
       0.9999999999999999   2.8531147506289965E+01   7.5123721884776682E-03
       2.0000000000000000   2.8598093843709194E+01   1.4712100650146900E-02
       3.0000000000000000   2.8755887746827359E+01   2.1918998801905572E-02
       4.0000000000000000   2.8830988159082096E+01   2.9253035264385750E-02
       5.0000000000000000   2.8810642767351041E+01   3.6797291518490517E-02
       6.0000000000000000   2.8705980894605450E+01   4.4614674690581661E-02
       7.0000000000000000   2.8533228147486437E+01   5.2747296571302192E-02
       8.0000000000000000   2.8305468261597753E+01   6.1229206285069358E-02
       9.0000000000000000   2.8034085505300698E+01   7.0087529151046810E-02
      10.0000000000000000   2.7727920982367706E+01   7.9346580492448179E-02
      11.0000000000000000   2.7394630996592653E+01   8.9026356681401728E-02
      12.0000000000000000   2.7040346125234255E+01   9.9143978769795638E-02
      13.0000000000000000   2.6670387498065143E+01   1.0971403191378014E-01
      14.0000000000000000   2.6288618250682823E+01   1.2075199303348123E-01
      15.0000000000000000   2.5898323379824539E+01   1.3227235170990334E-01
      16.0000000000000000   2.5502347573707873E+01   1.4428784891145621E-01
      17.0000000000000000   2.5102779185772437E+01   1.5681277148043374E-01
      18.0000000000000000   2.4701496121935794E+01   1.6986060876979259E-01
      19.0000000000000000   2.4299899376242234E+01   1.8344532599887714E-01
      20.0000000000000000   2.3899143847709592E+01   1.9758194809113452E-01
      21.0000000000000000   2.3500109904872559E+01   2.1228645718813607E-01
      22.0000000000000000   2.3103556773718466E+01   2.2757497939321453E-01
      23.0000000000000000   2.2710057897530650E+01   2.4346483679423697E-01
      24.0000000000000000   2.2320010343869281E+01   2.5997530034377042E-01
      25.0000000000000000   2.1933729710199160E+01   2.7712666285402476E-01
      26.0000000000000000   2.1551438806782972E+01   2.9494080314730287E-01
      27.0000000000000000   2.1173283922363595E+01   3.1344130167672812E-01
      28.0000000000000000   2.0799358319641566E+01   3.3265347407217472E-01
      29.0000000000000000   2.0429691261174654E+01   3.5260475600598079E-01
      30.0000000000000000   2.0064286079746342E+01   3.7332461500990366E-01
      31.0000000000000000   1.9703099790991526E+01   3.9484494453251495E-01
      32.0000000000000000   1.9346082279267964E+01   4.1719984283338574E-01
      33.0000000000000000   1.8993147135151172E+01   4.4042627155201852E-01
      34.0000000000000000   1.8644201650947593E+01   4.6456391790861751E-01
      35.0000000000000000   1.8299139691650758E+01   4.8965547903593631E-01
      36.0000000000000000   1.7957848373415491E+01   5.1574685532842446E-01
      37.0000000000000000   1.7620210174213369E+01   5.4288736896281786E-01
      38.0000000000000000   1.7286106573173644E+01   5.7112998845736751E-01
      39.0000000000000000   1.6955417711871892E+01   6.0053157620464925E-01
      40.0000000000000000   1.6628027790532151E+01   6.3115308962481853E-01
      41.0000000000000000   1.6303823321871619E+01   6.6305989664079190E-01
      42.0000000000000000   1.5982696438799586E+01   6.9632199070083811E-01
      43.0000000000000000   1.5664546631136565E+01   7.3101426429161398E-01
      44.0000000000000000   1.5349282290390946E+01   7.6721668760694828E-01
      45.0000000000000000   1.5036820226334530E+01   8.0501465487609325E-01
      46.0000000000000000   1.4727089152296337E+01   8.4449910210346268E-01
      47.0000000000000000   1.4420030494232954E+01   8.8576668936227188E-01
      48.0000000000000000   1.4115600009940517E+01   9.2891989560979416E-01
      49.0000000000000000   1.3813769602387355E+01   9.7406703203925715E-01
      50.0000000000000000   1.3514529070954246E+01   1.0213221353130499E+00
      51.0000000000000000   1.3217887903770270E+01   1.0708047178161746E+00
      52.0000000000000000   1.2923877838832400E+01   1.1226393095219260E+00
      53.0000000000000000   1.2632554779747846E+01   1.1769547598068479E+00
      54.0000000000000000   1.2344001313603004E+01   1.2338832302854790E+00
      55.0000000000000000   1.2058328852691552E+01   1.2935588311415915E+00
      56.0000000000000000   1.1775680298227385E+01   1.3561158291039344E+00
      57.0000000000000000   1.1496233158033180E+01   1.4216860237287687E+00
      58.0000000000000000   1.1220198803048769E+01   1.4903963601674441E+00
      59.0000000000000000   1.0947825386102384E+01   1.5623651333295683E+00
      60.0000000000000000   1.0679399825650245E+01   1.6376975066925978E+00
      61.0000000000000000   1.0415243922258492E+01   1.7164814043285725E+00
      62.0000000000000000   1.0155714510947220E+01   1.7987818306007319E+00
      63.0000000000000000   9.9011992228506607E+00   1.8846354068388884E+00
      64.0000000000000000   9.6521106465661362E+00   1.9740447448634666E+00
      65.0000000000000000   9.4088786474878834E+00   2.0669731171249275E+00
      66.0000000000000000   9.1719405520295432E+00   2.1633398508061057E+00
      67.0000000000000000   8.9417296011803504E+00   2.2630169060124610E+00
      68.0000000000000000   8.7186621760988015E+00   2.3658270806907065E+00
      69.0000000000000000   8.5031244981153620E+00   2.4715442015320224E+00
      70.0000000000000000   8.2954597152459737E+00   2.5798955091669553E+00
      70.9989999999999952   8.0961516660111723E+00   2.6904545351431279E+00
      71.0000000000000000   8.0959563196527959E+00   2.6905662504589301E+00
      71.0010000000000048   8.0957609816861851E+00   2.6906779677463035E+00
      72.0000000000000000   7.9048387969286829E+00   2.8032062660560224E+00
      73.0000000000000000   7.7222611533028527E+00   2.9174381637807865E+00
      74.0000000000000000   7.5483037287656591E+00   3.0328665157890122E+00
      75.0000000000000000   7.3829732796072545E+00   3.1490874743985904E+00
      76.0000000000000000   7.2262064648767383E+00   3.2656980104237503E+00
      77.0000000000000000   7.0778752055964569E+00   3.3823046708789448E+00
      77.9989999999999952   6.9379306541393477E+00   3.4984149545015568E+00
      78.0000000000000000   6.9377946207779377E+00   3.4985308707833713E+00
      78.0010000000000048   6.9376585954374699E+00   3.4986467863287549E+00
      79.0000000000000000   6.8057317768118297E+00   3.6140229103108497E+00
      80.0000000000000000   6.6814149936434264E+00   3.7284544466766678E+00
      81.0000000000000000   6.5645430544240941E+00   3.8415294839370220E+00
      82.0000000000000000   6.4547938826274835E+00   3.9529840094658342E+00
      83.0000000000000000   6.3518323671784591E+00   4.0625864649945660E+00
      84.0000000000000000   6.2553171692211063E+00   4.1701372684508371E+00
      85.0000000000000000   6.1649064568719796E+00   4.2754676039778454E+00
      86.0000000000000000   6.0802625629037266E+00   4.3784376840917281E+00
      87.0000000000000000   6.0010556435129638E+00   4.4789346665269960E+00
      88.0000000000000000   5.9269664729227065E+00   4.5768703472665706E+00
      89.0000000000000000   5.8576883992389286E+00   4.6721788163134992E+00
      90.0000000000000000   5.7929287116313191E+00   4.7648140754889337E+00
      91.0000000000000000   5.7324094451849481E+00   4.8547477523428961E+00
      92.0000000000000000   5.6758677590573150E+00   4.9419669279717517E+00
      93.0000000000000000   5.6230559807449714E+00   5.0264721118511106E+00
      94.0000000000000000   5.5737413951149728E+00   5.1082753794558888E+00
      95.0000000000000000   5.5277058446773299E+00   5.1873986787962787E+00
      96.0000000000000000   5.4847451957547468E+00   5.2638723050339280E+00
      97.0000000000000000   5.4446687141235541E+00   5.3377335375167156E+00
      98.0000000000000000   5.4072983837773911E+00   5.4090254304719334E+00
      99.0000000000000000   5.3724682009637821E+00   5.4777957462801199E+00
     100.0000000000000000   5.3400234496244394E+00   5.5440960205707279E+00
     110.0000000000000000   5.1194561801912339E+00   6.0839346124426443E+00
     111.9989999999999952   5.0929462557899976E+00   6.1680817171399482E+00
     112.0010000000000048   5.0929220453960404E+00   6.1681624077394828E+00
     120.0000000000000000   5.0272043824153387E+00   6.4406037481639045E+00
     130.0000000000000000   5.0105682075640567E+00   6.6648691029990914E+00
     140.0000000000000000   5.0412627561892416E+00   6.7948410618251156E+00
     150.0000000000000000   5.1030976030561588E+00   6.8577513291437144E+00
     160.0000000000000000   5.1862579310803110E+00   6.8728522930864075E+00
     170.0000000000000000   5.2844980512059925E+00   6.8537944103313304E+00
     180.0000000000000000   5.3936788890533744E+00   6.8103309972896797E+00
     190.0000000000000000   5.5109625564837446E+00   6.7494941423836909E+00
     200.0000000000000000   5.6343466812591547E+00   6.6763991842281767E+00
     210.0000000000000000   5.7536362484567949E+00   6.6241357219882051E+00
     220.0000000000000000   5.8911969033257563E+00   6.5217402188832416E+00
     230.0000000000000000   6.0214913551759688E+00   6.4473148102473585E+00
     240.0000000000000000   6.1603071799401894E+00   6.3503494033002816E+00
     250.0000000000000000   6.2993613719289492E+00   6.2568196297598044E+00
     260.0000000000000000   6.4385710448403639E+00   6.1666344175779830E+00
     270.0000000000000000   6.5778710799156794E+00   6.0796834203302854E+00
     280.0000000000000000   6.7233654147224868E+00   5.9767473737477106E+00
     290.0000000000000000   6.8624344838481637E+00   5.8967482152567943E+00
     300.0000000000000000   7.0072034831392829E+00   5.8020297713809432E+00
     310.0000000000000000   7.1459626441885291E+00   5.7282345379868715E+00
     320.0000000000000000   7.2899884483723367E+00   5.6407983880915449E+00
     330.0000000000000000   7.4335688434928562E+00   5.5569878658936824E+00
     340.0000000000000000   7.5767124155464733E+00   5.4765757753275022E+00
     350.0000000000000000   7.7194285384718810E+00   5.3993529885209393E+00
     360.0000000000000000   7.8617270836058983E+00   5.3251268555242532E+00
     370.0000000000000000   8.0083113346452386E+00   5.2401634996106887E+00
     380.0000000000000000   8.1496771529128029E+00   5.1718494363138783E+00
     390.0000000000000000   8.2906599836118922E+00   5.1060144911262206E+00
     400.0000000000000000   8.4356494559131043E+00   5.0301749123392439E+00
     407.9990000000000236   8.5494948391556935E+00   4.9764599829407734E+00
     408.0009999999999764   8.5495254353326864E+00   4.9764407153052508E+00
     410.0000000000000000   8.5757773472351957E+00   4.9692650767197373E+00
     414.9990000000000236   8.6478169980765056E+00   4.9336957428878412E+00
     415.0009999999999764   8.6478474979209814E+00   4.9336769170819137E+00
     420.0000000000000000   8.7197570395980968E+00   4.8987793160616340E+00
     430.0000000000000000   8.8590803400665266E+00   4.8422445661509546E+00
     440.0000000000000000   9.0021064056738549E+00   4.7765346214760083E+00
     450.0000000000000000   9.1446470923498389E+00   4.7131617808131763E+00
     460.0000000000000000   9.2867158253160262E+00   4.6519981367036927E+00
     470.0000000000000000   9.4283255145844258E+00   4.5929251829480080E+00
     480.0000000000000000   9.5656802818751423E+00   4.5458095800073872E+00
     490.0000000000000000   9.7064633215978517E+00   4.4903615454475787E+00
     500.0000000000000000   9.8468228132311104E+00   4.4367061033345330E+00
     510.0000000000000000   9.9867698939830749E+00   4.3847538069520384E+00
     520.0000000000000000   1.0126315294127592E+01   4.3344211483059674E+00
     530.0000000000000000   1.0265469352384551E+01   4.2856300713501856E+00
     537.9990000000000236   1.0378598116808831E+01   4.2424177702292756E+00
     538.0009999999999764   1.0378627244627738E+01   4.2424049144142213E+00
     540.0000000000000000   1.0407732488982022E+01   4.2295972757460385E+00
     550.0000000000000000   1.0546082403865228E+01   4.1838578109121212E+00
     560.0000000000000000   1.0684070292085361E+01   4.1394475370299304E+00
     570.0000000000000000   1.0821705021816495E+01   4.0963066536023822E+00
     580.0000000000000000   1.0958995116626484E+01   4.0543790044949537E+00
     590.0000000000000000   1.1099230474184809E+01   4.0057368343913824E+00
     600.0000000000000000   1.1235807049370969E+01   3.9662322028286905E+00
     610.0000000000000000   1.1372063456406673E+01   3.9277857618297207E+00
     620.0000000000000000   1.1511182826678285E+01   3.8829071811193772E+00
     620.9990000000000236   1.1525380244100859E+01   3.8777489344595018E+00
     621.0009999999999764   1.1525408663934058E+01   3.8777386224037875E+00
     630.0000000000000000   1.1646772731050595E+01   3.8465859376603619E+00
     640.0000000000000000   1.1785183822471872E+01   3.8040040107586610E+00
     650.0000000000000000   1.1920136549195249E+01   3.7696327170915285E+00
     654.9990000000000236   1.1987491539842893E+01   3.7527740405198928E+00
     655.0009999999999764   1.1987519700580462E+01   3.7527645353106340E+00
     660.0000000000000000   1.2054804292683954E+01   3.7361148609678492E+00
     670.0000000000000000   1.2192209985061293E+01   3.6965898350122983E+00
     680.0000000000000000   1.2326280299296267E+01   3.6647984185481648E+00
     690.0000000000000000   1.2463044871995894E+01   3.6271557889530666E+00
     700.0000000000000000   1.2596542593373149E+01   3.5969579106105085E+00
     710.0000000000000000   1.2732690171667079E+01   3.5610591192128616E+00
     720.0000000000000000   1.2868531560487048E+01   3.5260341385124954E+00
     730.0000000000000000   1.3001191858075686E+01   3.4980553696730197E+00
     740.0000000000000000   1.3136449818476386E+01   3.4645884292413003E+00
     750.0000000000000000   1.3271419802096801E+01   3.4319002543628612E+00
     760.0000000000000000   1.3403288554810453E+01   3.4059072743103251E+00
     770.0000000000000000   1.3537705233571183E+01   3.3746186135836074E+00
     774.9990000000000236   1.3603409356873909E+01   3.3621485865702585E+00
     775.0009999999999764   1.3603436739162662E+01   3.3621413010596202E+00
     780.0000000000000000   1.3671848824010336E+01   3.3440304064359934E+00
     790.0000000000000000   1.3802969788085740E+01   3.3198184579516798E+00
     800.0000000000000000   1.3936587931448676E+01   3.2904921439736263E+00
     810.0000000000000000   1.4069946165143060E+01   3.2617992954838204E+00
     820.0000000000000000   1.4203046738051482E+01   3.2337227750025104E+00
     830.0000000000000000   1.4333218452785641E+01   3.2116391055121101E+00
     840.0000000000000000   1.4465829244755289E+01   3.1846631007769441E+00
     850.0000000000000000   1.4598195305082264E+01   3.1582452769210976E+00
     860.0000000000000000   1.4730319068818797E+01   3.1323705554479075E+00
     870.0000000000000000   1.4862204020086706E+01   3.1070222842186750E+00
     880.0000000000000000   1.4993854687283070E+01   3.0821823081967796E+00
     890.0000000000000000   1.5122706398202745E+01   3.0628247442054866E+00
     900.0000000000000000   1.5253914206546989E+01   3.0388893275772157E+00
     910.0000000000000000   1.5384897527210295E+01   3.0154197493900505E+00
     920.0000000000000000   1.5515659591322123E+01   2.9924022050935739E+00
     930.0000000000000000   1.5646203955937930E+01   2.9698226769913334E+00
     940.0000000000000000   1.5776534236169773E+01   2.9476674462108829E+00
     950.0000000000000000   1.5906653844311544E+01   2.9259235614019268E+00
     960.0000000000000000   1.6036565896271217E+01   2.9045789866800114E+00
     970.0000000000000000   1.6166273245672329E+01   2.8836225002463896E+00
     980.0000000000000000   1.6295778591920989E+01   2.8630434711104309E+00
     990.0000000000000000   1.6425084552055335E+01   2.8428317021323375E+00
    1000.0000000000000000   1.6554193706334036E+01   2.8229773339891953E+00
    1100.0000000000000000   1.7835004634303889E+01   2.6421344043634458E+00
    1200.0000000000000000   1.9100889609848682E+01   2.4846300085190625E+00
    1300.0000000000000000   2.0353462177293615E+01   2.3455867000911965E+00
    1400.0000000000000000   2.1594017061979184E+01   2.2214801327453637E+00
    1500.0000000000000000   2.2821741686591505E+01   2.1123856363585989E+00
    1600.0000000000000000   2.4037741864100617E+01   2.0156884677269509E+00
    1700.0000000000000000   2.5244824988511741E+01   1.9268599020762918E+00
    1800.0000000000000000   2.6443749317046883E+01   1.8446260705344075E+00
    1900.0000000000000000   2.7631405926328750E+01   1.7726544497475751E+00
    2000.0000000000000000   2.8812163137510620E+01   1.7051155326885841E+00
    2100.0000000000000000   2.9984701669678198E+01   1.6435131006897823E+00
    2200.0000000000000000   3.1149539575936810E+01   1.5870701139191017E+00
    2300.0000000000000000   3.2308797984513284E+01   1.5333020451982373E+00
    2400.0000000000000000   3.3461085881256317E+01   1.4837559596120775E+00
    2500.0000000000000000   3.4606921450955298E+01   1.4377946668059867E+00
    2600.0000000000000000   3.5746539108003148E+01   1.3951272940332422E+00
    2700.0000000000000000   3.6880282729918555E+01   1.3553727704028466E+00
    2800.0000000000000000   3.8008337284159779E+01   1.3183112503099867E+00
    2900.0000000000000000   3.9132638685894975E+01   1.2821056967672113E+00
    3000.0000000000000000   4.0250184153709043E+01   1.2496203554516669E+00
    3100.0000000000000000   4.1364484822327050E+01   1.2175804283514233E+00
    3200.0000000000000000   4.2473929708443116E+01   1.1875002907546444E+00
    3300.0000000000000000   4.3578969577609321E+01   1.1590014759521909E+00
    3400.0000000000000000   4.4679498587771455E+01   1.1321686586461859E+00
    3500.0000000000000000   4.5775837101714252E+01   1.1067474395045278E+00
    3541.9989999999997963   4.6235172405479616E+01   1.0963614153843331E+00
    3542.0010000000002037   4.6235194310382134E+01   1.0963608842738988E+00
    3600.0000000000000000   4.6867921742853291E+01   1.0827864988305482E+00
    3700.0000000000000000   4.7956197963042442E+01   1.0599506009207091E+00
    3731.9989999999997963   4.8303740025115900E+01   1.0528161624285477E+00
    3732.0010000000002037   4.8303761813538003E+01   1.0528156523773349E+00
    3800.0000000000000000   4.9040685181230081E+01   1.0382521707897923E+00
    3900.0000000000000000   5.0123280597182998E+01   1.0162215879755394E+00
    4000.0000000000000000   5.1200448474889519E+01   9.9662442470670298E-01
    4021.9990000000002510   5.1437763415845779E+01   9.9180710003673855E-01
    4022.0010000000006585   5.1437784839820530E+01   9.9180676414611824E-01
    4100.0000000000000000   5.2275730712617580E+01   9.7676750237146481E-01
    4200.0000000000000000   5.3346323873837669E+01   9.5879570784776891E-01
    4300.0000000000000000   5.4415088514697096E+01   9.4058702255519877E-01
    4400.0000000000000000   5.5480119310318685E+01   9.2352241419608383E-01
    4500.0000000000000000   5.6541670494894888E+01   9.0755043702744376E-01
    4600.0000000000000000   5.7600755338778924E+01   8.9180365031881281E-01
    4700.0000000000000000   5.8657939059155176E+01   8.7608314781200580E-01
    4800.0000000000000000   5.9711406849916642E+01   8.6152281931309194E-01
    4900.0000000000000000   6.0761947346019696E+01   8.4763567791194205E-01
    5000.0000000000000000   6.1810273413952039E+01   8.3399561273672285E-01
    5100.0000000000000000   6.2856008725521605E+01   8.2084549060977541E-01
    5200.0000000000000000   6.3899098122242748E+01   8.0822875139475192E-01
    5300.0000000000000000   6.4939991410807849E+01   7.9589797901030668E-01
    5400.0000000000000000   6.5979101281014522E+01   7.8364163290871325E-01
    5500.0000000000000000   6.7014915270614765E+01   7.7231960807073907E-01
    5600.0000000000000000   6.8048748095331732E+01   7.6111694470237690E-01
    5700.0000000000000000   6.9081591036203321E+01   7.4965321590790690E-01
    5800.0000000000000000   7.0109561216768597E+01   7.3999491163163356E-01
    5900.0000000000000000   7.1137485671981707E+01   7.2950962705929490E-01
    6000.0000000000000000   7.2162040783767523E+01   7.1993214487269419E-01
    6100.0000000000000000   7.3186199734427973E+01   7.0987893932927071E-01
    6200.0000000000000000   7.4206997590189488E+01   7.0079641195506137E-01
    6300.0000000000000000   7.5225522608015822E+01   6.9201607282498823E-01
    6400.0000000000000000   7.6242349494460797E+01   6.8348158165837780E-01
    6500.0000000000000000   7.7258836616830806E+01   6.7437258001931244E-01
    6600.0000000000000000   7.8272378304664286E+01   6.6601675720374343E-01
    6700.0000000000000000   7.9283600456452632E+01   6.5821154588702879E-01
    6800.0000000000000000   8.0294170257879401E+01   6.4993456516430548E-01
    6900.0000000000000000   8.1302331152570176E+01   6.4224946950754636E-01
    7000.0000000000000000   8.2308101661481444E+01   6.3506694810309372E-01
    7100.0000000000000000   8.3312488788893447E+01   6.2788527051988197E-01
    7200.0000000000000000   8.4314335532248634E+01   6.2132481206136470E-01
    7300.0000000000000000   8.5318194428607669E+01   6.1325375256391568E-01
    7400.0000000000000000   8.6318229556723850E+01   6.0634548995149351E-01
    7500.0000000000000000   8.7315129716670612E+01   6.0037764960749485E-01
    7600.0000000000000000   8.8311143935298730E+01   5.9409083840377763E-01
    7700.0000000000000000   8.9308490915487525E+01   5.8685275546494720E-01
    7800.0000000000000000   9.0299993144988548E+01   5.8162759171970102E-01
    7900.0000000000000000   9.1293855164700091E+01   5.7475261287312784E-01
    8000.0000000000000000   9.2283905118014431E+01   5.6917835528712257E-01
    8100.0000000000000000   9.3272457548750438E+01   5.6371257723606150E-01
    8200.0000000000000000   9.4260354933369968E+01   5.5795838478524995E-01
    8300.0000000000000000   9.5248165530194456E+01   5.5183618998319861E-01
    8400.0000000000000000   9.6231597820658891E+01   5.4714291760665590E-01
    8500.0000000000000000   9.7216954202652815E+01   5.4116034373243926E-01
    8600.0000000000000000   9.8195994110797770E+01   5.3723573047904016E-01
    8700.0000000000000000   9.9178521656050435E+01   5.3154303330926189E-01
    8800.0000000000000000   1.0016020902621958E+02   5.2582977846926038E-01
    8900.0000000000000000   1.0113692217515737E+02   5.2164223760822082E-01
    9000.0000000000000000   1.0211323104594082E+02   5.1716956970044947E-01
    9100.0000000000000000   1.0309053492387714E+02   5.1191556030507834E-01
    9200.0000000000000000   1.0406574814660738E+02   5.0706520984135550E-01
    9300.0000000000000000   1.0503959342046106E+02   5.0239388699664655E-01
    9400.0000000000000000   1.0600859605636137E+02   4.9926393511352857E-01
    9500.0000000000000000   1.0697913441486193E+02   4.9517319076582550E-01
    9600.0000000000000000   1.0795025861302220E+02   4.9048787877483679E-01
    9700.0000000000000000   1.0892005600165746E+02   4.8592670651036973E-01
    9800.0000000000000000   1.0988804280433308E+02   4.8168191278836653E-01
    9900.0000000000000000   1.1085460339876862E+02   4.7761166310586922E-01
   10000.0000000000000000   1.1181998720449104E+02   4.7363075933429549E-01
   11000.0000000000000000   1.2141724332119186E+02   4.3700827877542875E-01
   12000.0000000000000000   1.3091245605605070E+02   4.0707925760297808E-01
   13000.0000000000000000   1.4032052230365841E+02   3.8083011733791983E-01
   14000.0000000000000000   1.4965067097387268E+02   3.5780246366381474E-01
   15000.0000000000000000   1.5890502689819303E+02   3.3783350037014725E-01
   16000.0000000000000000   1.6809588991634601E+02   3.1979118011379865E-01
   17000.0000000000000000   1.7721875317259031E+02   3.0415950716380452E-01
   18000.0000000000000000   1.8628195342228781E+02   2.9112933653774453E-01
   19000.0000000000000000   1.9530013936387485E+02   2.7772311190848953E-01
   20000.0000000000000000   2.0426921218201031E+02   2.6465524518202316E-01
   21000.0000000000000000   2.1317919143097438E+02   2.5511834201030881E-01
   22000.0000000000000000   2.2205768345899631E+02   2.4447113923243619E-01
   23000.0000000000000000   2.3088112603848140E+02   2.3545558478456957E-01
   24000.0000000000000000   2.3966961506558584E+02   2.2830529901272711E-01
   25000.0000000000000000   2.4842014842282813E+02   2.1965429992179350E-01
   26000.0000000000000000   2.5713307972392170E+02   2.1270735308672314E-01
   26714.9989999999997963   2.6335103830357269E+02   2.0720556980702526E-01
   26715.0010000000002037   2.6335105622123478E+02   2.0720542896286145E-01
   27000.0000000000000000   2.6582517628790862E+02   2.0441206502817136E-01
   28000.0000000000000000   2.7446078896586113E+02   2.0026919457674972E-01
   29000.0000000000000000   2.8306585116917188E+02   1.9407809603311627E-01
   30000.0000000000000000   2.9166256987295179E+02   1.8867938371825352E-01
   31000.0000000000000000   3.0020668864358618E+02   1.8322533699039542E-01
   32000.0000000000000000   3.0873547203958225E+02   1.7827183088967150E-01
   33000.0000000000000000   3.1723901665260161E+02   1.7391757505049044E-01
   34000.0000000000000000   3.2571519990223942E+02   1.6957162832911613E-01
   35000.0000000000000000   3.3416583827188259E+02   1.6552339680120445E-01
   36000.0000000000000000   3.4259538526677056E+02   1.5990575733591844E-01
   37000.0000000000000000   3.5097747775104102E+02   1.5719431941509662E-01
   38000.0000000000000000   3.5936628135462115E+02   1.5372898338410659E-01
   39000.0000000000000000   3.6774521945536492E+02   1.4897638796733509E-01
   40000.0000000000000000   3.7605329138203683E+02   1.4612836638527080E-01
   41000.0000000000000000   3.8439261899390442E+02   1.4309516500739755E-01
   42000.0000000000000000   3.9265864416477228E+02   1.4035407589124446E-01
   43000.0000000000000000   4.0096181001046904E+02   1.3743342945597489E-01
   44000.0000000000000000   4.0918717091760595E+02   1.3626995216047136E-01
   45000.0000000000000000   4.1741865399176726E+02   1.3308417846658330E-01
   46000.0000000000000000   4.2564848647540958E+02   1.3192523325473021E-01
   47000.0000000000000000   4.3388740983575917E+02   1.2672002759612822E-01
   48000.0000000000000000   4.4204305777951612E+02   1.2621956023886488E-01
   49000.0000000000000000   4.5021936015920392E+02   1.2198316524845654E-01
   50000.0000000000000000   4.5834830462190831E+02   1.2083271308935729E-01
