       0.0010000000000000   1.5740847395860945E+04
       0.1000000000000000   1.8017328536313212E+02
       0.2000000000000000   9.5630261801948151E+01
       0.3000000000000000   6.6686643276666942E+01
       0.4000000000000000   5.1922342023977826E+01
       0.5000000000000000   4.2916124614733960E+01
       0.6000000000000000   3.6825757598609250E+01
       0.7000000000000000   3.2420283453155740E+01
       0.7999999999999999   2.9078496191878415E+01
       0.8999999999999999   2.6452378823286463E+01
       0.9999999999999999   2.4331508167346460E+01
       2.0000000000000000   1.4471347325710084E+01
       3.0000000000000000   1.1005993607657681E+01
       4.0000000000000000   9.2231954313958546E+00
       5.0000000000000000   8.1386374273533022E+00
       6.0000000000000000   7.4136639096292765E+00
       7.0000000000000000   6.8993386756202311E+00
       8.0000000000000000   6.5195282499347060E+00
       9.0000000000000000   6.2311054964663466E+00
      10.0000000000000000   6.0077398070215553E+00
      11.0000000000000000   5.8324090736845990E+00
      12.0000000000000000   5.6936004968028273E+00
      13.0000000000000000   5.5832372311856879E+00
      14.0000000000000000   5.4954788104858991E+00
      15.0000000000000000   5.4259930262243454E+00
      16.0000000000000000   5.3714958930125292E+00
      17.0000000000000000   5.3294509265519219E+00
      18.0000000000000000   5.2978667211416663E+00
      19.0000000000000000   5.2751571794167162E+00
      20.0000000000000000   5.2600428202349256E+00
      21.0000000000000000   5.2514796992696402E+00
      22.0000000000000000   5.2486073052583899E+00
      23.0000000000000000   5.2507097569058017E+00
      24.0000000000000000   5.2571864893424403E+00
      25.0000000000000000   5.2675298209640893E+00
      26.0000000000000000   5.2813075817039330E+00
      27.0000000000000000   5.2981495149596771E+00
      28.0000000000000000   5.3177365272789281E+00
      29.0000000000000000   5.3397921114235478E+00
      30.0000000000000000   5.3640754454223494E+00
      31.0000000000000000   5.3903757963616368E+00
      32.0000000000000000   5.4185079491539128E+00
      33.0000000000000000   5.4483084470291976E+00
      34.0000000000000000   5.4796324799653062E+00
      35.0000000000000000   5.5123512940381190E+00
      36.0000000000000000   5.5463500224023887E+00
      37.0000000000000000   5.5815258597379280E+00
      38.0000000000000000   5.6177865181683737E+00
      39.0000000000000000   5.6550489151458185E+00
      40.0000000000000000   5.6932380535222276E+00
      41.0000000000000000   5.7322860616714850E+00
      42.0000000000000000   5.7721313675202177E+00
      43.0000000000000000   5.8127179851358663E+00
      44.0000000000000000   5.8539948963297022E+00
      45.0000000000000000   5.8959155127927785E+00
      46.0000000000000000   5.9384372067641600E+00
      47.0000000000000000   5.9815209002290075E+00
      48.0000000000000000   6.0251307042875171E+00
      49.0000000000000000   6.0692336016707866E+00
      50.0000000000000000   6.1137991664852755E+00
      51.0000000000000000   6.1587993161925523E+00
      52.0000000000000000   6.2042080915454267E+00
      53.0000000000000000   6.2500014608937819E+00
      54.0000000000000000   6.2961571457423293E+00
      55.0000000000000000   6.3426544649243457E+00
      56.0000000000000000   6.3894741951014256E+00
      57.0000000000000000   6.4365984456347158E+00
      58.0000000000000000   6.4840105461073172E+00
      59.0000000000000000   6.5316949450555857E+00
      60.0000000000000000   6.5796371186032863E+00
      61.0000000000000000   6.6278234879014857E+00
      62.0000000000000000   6.6762413443850575E+00
      63.0000000000000000   6.7248787820023592E+00
      64.0000000000000000   6.7737246356780751E+00
      65.0000000000000000   6.8227684253223178E+00
      66.0000000000000000   6.8720003048528131E+00
      67.0000000000000000   6.9214110156712882E+00
      68.0000000000000000   6.9709918441780294E+00
      69.0000000000000000   7.0207345829020085E+00
      70.0000000000000000   7.0706314949183611E+00
      70.9989999999999952   7.1206251663559321E+00
      71.0000000000000000   7.1206752811788903E+00
      71.0010000000000048   7.1207253961419736E+00
      72.0000000000000000   7.1708590505508631E+00
      73.0000000000000000   7.2211762922599458E+00
      74.0000000000000000   7.2716208505274391E+00
      75.0000000000000000   7.3221869011988687E+00
      76.0000000000000000   7.3728689301870682E+00
      77.0000000000000000   7.4236617135797154E+00
      77.9989999999999952   7.4745093493688648E+00
      78.0000000000000000   7.4745602992197018E+00
      78.0010000000000048   7.4746112491690964E+00
      79.0000000000000000   7.5255599896942096E+00
      80.0000000000000000   7.5766563265652671E+00
      81.0000000000000000   7.6278450757451468E+00
      82.0000000000000000   7.6791222139329287E+00
      83.0000000000000000   7.7304839160094216E+00
      84.0000000000000000   7.7819265433442713E+00
      85.0000000000000000   7.8334466328659005E+00
      86.0000000000000000   7.8850408869299455E+00
      87.0000000000000000   7.9367061638592444E+00
      88.0000000000000000   7.9884394691190064E+00
      89.0000000000000000   8.0402379470747736E+00
      90.0000000000000000   8.0920988733202339E+00
      91.0000000000000000   8.1440196474544546E+00
      92.0000000000000000   8.1959977863669380E+00
      93.0000000000000000   8.2480309179410920E+00
      94.0000000000000000   8.3001167751421203E+00
      95.0000000000000000   8.3522531904876622E+00
      96.0000000000000000   8.4044380908546330E+00
      97.0000000000000000   8.4566694926101498E+00
      98.0000000000000000   8.5089454970201768E+00
      99.0000000000000000   8.5612642859570034E+00
     100.0000000000000000   8.6136241178427113E+00
     110.0000000000000000   9.1391443808538693E+00
     111.9989999999999952   9.2445462432413823E+00
     112.0010000000000048   9.2446517470111331E+00
     120.0000000000000000   9.6672991792442673E+00
     130.0000000000000000   1.0197173482612586E+01
     140.0000000000000000   1.0728136264588933E+01
     150.0000000000000000   1.1259743630402379E+01
     160.0000000000000000   1.1791678421904470E+01
     170.0000000000000000   1.2323711326055905E+01
     180.0000000000000000   1.2855675128263009E+01
     190.0000000000000000   1.3387447255658069E+01
     200.0000000000000000   1.3918937692585349E+01
     210.0000000000000000   1.4450080461063322E+01
     220.0000000000000000   1.4980827517429384E+01
     230.0000000000000000   1.5511144317271677E+01
     240.0000000000000000   1.6041006551726795E+01
     250.0000000000000000   1.6570397718717896E+01
     260.0000000000000000   1.7099307297248568E+01
     270.0000000000000000   1.7627729362883162E+01
     280.0000000000000000   1.8155661529331134E+01
     290.0000000000000000   1.8683104133768850E+01
     300.0000000000000000   1.9210059605767082E+01
     310.0000000000000000   1.9736531975942647E+01
     320.0000000000000000   2.0262526491539045E+01
     330.0000000000000000   2.0788049314579823E+01
     340.0000000000000000   2.1313107284032935E+01
     350.0000000000000000   2.1837707728111589E+01
     360.0000000000000000   2.2361858315718973E+01
     370.0000000000000000   2.2885566939020574E+01
     380.0000000000000000   2.3408841620409120E+01
     390.0000000000000000   2.3931690439119215E+01
     400.0000000000000000   2.4454121473279535E+01
     407.9990000000000236   2.4871718705552961E+01
     408.0009999999999764   2.4871823085466048E+01
     410.0000000000000000   2.4976142754538220E+01
     414.9990000000000236   2.5236950064186086E+01
     415.0009999999999764   2.5237054388016382E+01
     420.0000000000000000   2.5497762232577813E+01
     430.0000000000000000   2.6018987747733668E+01
     440.0000000000000000   2.6539827010019820E+01
     450.0000000000000000   2.7060287583388035E+01
     460.0000000000000000   2.7580376874185813E+01
     470.0000000000000000   2.8100102122958031E+01
     480.0000000000000000   2.8619470399031822E+01
     490.0000000000000000   2.9138488597211065E+01
     500.0000000000000000   2.9657163436304707E+01
     510.0000000000000000   3.0175501458982733E+01
     520.0000000000000000   3.0693509032815324E+01
     530.0000000000000000   3.1211192352108249E+01
     537.9990000000000236   3.1625057870776242E+01
     538.0009999999999764   3.1625161324879500E+01
     540.0000000000000000   3.1728557440518493E+01
     550.0000000000000000   3.2245610154114935E+01
     560.0000000000000000   3.2762356184902792E+01
     570.0000000000000000   3.3278801064600373E+01
     580.0000000000000000   3.3794950168685993E+01
     590.0000000000000000   3.4310808720508533E+01
     600.0000000000000000   3.4826381795575372E+01
     610.0000000000000000   3.5341674325813457E+01
     620.0000000000000000   3.5856691103885829E+01
     620.9990000000000236   3.5908126310444409E+01
     621.0009999999999764   3.5908229281121301E+01
     630.0000000000000000   3.6371436787428721E+01
     640.0000000000000000   3.6885915903317347E+01
     650.0000000000000000   3.7400132851807413E+01
     654.9990000000000236   3.7657092958841993E+01
     655.0009999999999764   3.7657195750618136E+01
     660.0000000000000000   3.7914091910593079E+01
     670.0000000000000000   3.8427797238857018E+01
     680.0000000000000000   3.8941252881092680E+01
     690.0000000000000000   3.9454462770954805E+01
     700.0000000000000000   3.9967430734893505E+01
     710.0000000000000000   4.0480160495771422E+01
     720.0000000000000000   4.0992655676268157E+01
     730.0000000000000000   4.1504919802284363E+01
     740.0000000000000000   4.2016956306121990E+01
     750.0000000000000000   4.2528768529660631E+01
     760.0000000000000000   4.3040359727327427E+01
     770.0000000000000000   4.3551733069047543E+01
     774.9990000000000236   4.3807287896259680E+01
     775.0009999999999764   4.3807390127949731E+01
     780.0000000000000000   4.4062891643014943E+01
     790.0000000000000000   4.4573838458423296E+01
     800.0000000000000000   4.5084576448050477E+01
     810.0000000000000000   4.5595108470794727E+01
     820.0000000000000000   4.6105437314055010E+01
     830.0000000000000000   4.6615565696101307E+01
     840.0000000000000000   4.7125496268275313E+01
     850.0000000000000000   4.7635231617176430E+01
     860.0000000000000000   4.8144774266738274E+01
     870.0000000000000000   4.8654126680193059E+01
     880.0000000000000000   4.9163291262053654E+01
     890.0000000000000000   4.9672270359910243E+01
     900.0000000000000000   5.0181066266261354E+01
     910.0000000000000000   5.0689681220193691E+01
     920.0000000000000000   5.1198117409069873E+01
     930.0000000000000000   5.1706376970086495E+01
     940.0000000000000000   5.2214461991854151E+01
     950.0000000000000000   5.2722374515817329E+01
     960.0000000000000000   5.3230116537739903E+01
     970.0000000000000000   5.3737690009026110E+01
     980.0000000000000000   5.4245096838080542E+01
     990.0000000000000000   5.4752338891547907E+01
    1000.0000000000000000   5.5259417995580087E+01
    1100.0000000000000000   6.0321621851198010E+01
    1200.0000000000000000   6.5369279410333462E+01
    1300.0000000000000000   7.0403700283913025E+01
    1400.0000000000000000   7.5425970596047492E+01
    1500.0000000000000000   8.0437002442843990E+01
    1600.0000000000000000   8.5437570291129205E+01
    1700.0000000000000000   9.0428338238853812E+01
    1800.0000000000000000   9.5409880762124274E+01
    1900.0000000000000000   1.0038269873792316E+02
    2000.0000000000000000   1.0534723198432101E+02
    2100.0000000000000000   1.1030386919483630E+02
    2200.0000000000000000   1.1525295589605055E+02
    2300.0000000000000000   1.2019480088663069E+02
    2400.0000000000000000   1.2512968149610288E+02
    2500.0000000000000000   1.3005784791644876E+02
    2600.0000000000000000   1.3497952679823163E+02
    2700.0000000000000000   1.3989492425781768E+02
    2800.0000000000000000   1.4480422840914670E+02
    2900.0000000000000000   1.4970761150863697E+02
    3000.0000000000000000   1.5460523178282540E+02
    3100.0000000000000000   1.5949723499432119E+02
    3200.0000000000000000   1.6438375579024299E+02
    3300.0000000000000000   1.6926491886899942E+02
    3400.0000000000000000   1.7414083999431406E+02
    3500.0000000000000000   1.7901162688028001E+02
    3541.9989999999997963   1.8105580207828956E+02
    3542.0010000000002037   1.8105589940125338E+02
    3600.0000000000000000   1.8387737996692283E+02
    3700.0000000000000000   1.8873819310230374E+02
    3731.9989999999997963   1.9029257592552722E+02
    3732.0010000000002037   1.9029267306201999E+02
    3800.0000000000000000   1.9359415414458812E+02
    3900.0000000000000000   1.9844534549527705E+02
    4000.0000000000000000   2.0329184457292030E+02
    4021.9990000000002510   2.0435740355415908E+02
    4022.0010000000006585   2.0435750041741935E+02
    4100.0000000000000000   2.0813372423531075E+02
    4200.0000000000000000   2.1297105315668750E+02
    4300.0000000000000000   2.1780389616586004E+02
    4400.0000000000000000   2.2263231454994860E+02
    4500.0000000000000000   2.2745636632797681E+02
    4600.0000000000000000   2.3227610649783182E+02
    4700.0000000000000000   2.3709158725981345E+02
    4800.0000000000000000   2.4190285821925460E+02
    4900.0000000000000000   2.4670996657076790E+02
    5000.0000000000000000   2.5151295726586696E+02
    5100.0000000000000000   2.5631187316599403E+02
    5200.0000000000000000   2.6110675518231602E+02
    5300.0000000000000000   2.6589764240374490E+02
    5400.0000000000000000   2.7068457221433948E+02
    5500.0000000000000000   2.7546758040112667E+02
    5600.0000000000000000   2.8024670125330255E+02
    5700.0000000000000000   2.8502196765369882E+02
    5800.0000000000000000   2.8979341116313356E+02
    5900.0000000000000000   2.9456106209832421E+02
    6000.0000000000000000   2.9932494960407928E+02
    6100.0000000000000000   3.0408510172009716E+02
    6200.0000000000000000   3.0884154544300685E+02
    6300.0000000000000000   3.1359430678391266E+02
    6400.0000000000000000   3.1834341082204287E+02
    6500.0000000000000000   3.2308888175451381E+02
    6600.0000000000000000   3.2783074294292248E+02
    6700.0000000000000000   3.3256901695662350E+02
    6800.0000000000000000   3.3730372561331626E+02
    6900.0000000000000000   3.4203489001689866E+02
    7000.0000000000000000   3.4676253059290434E+02
    7100.0000000000000000   3.5148666712175799E+02
    7200.0000000000000000   3.5620731876990084E+02
    7300.0000000000000000   3.6092450411903786E+02
    7400.0000000000000000   3.6563824119358787E+02
    7500.0000000000000000   3.7034854748649440E+02
    7600.0000000000000000   3.7505543998358235E+02
    7700.0000000000000000   3.7975893518637952E+02
    7800.0000000000000000   3.8445904913367593E+02
    7900.0000000000000000   3.8915579742195473E+02
    8000.0000000000000000   3.9384919522449007E+02
    8100.0000000000000000   3.9853925730952761E+02
    8200.0000000000000000   4.0322599805744159E+02
    8300.0000000000000000   4.0790943147697629E+02
    8400.0000000000000000   4.1258957122054170E+02
    8500.0000000000000000   4.1726643059877534E+02
    8600.0000000000000000   4.2194002259433870E+02
    8700.0000000000000000   4.2661035987502072E+02
    8800.0000000000000000   4.3127745480609190E+02
    8900.0000000000000000   4.3594131946209336E+02
    9000.0000000000000000   4.4060196563807972E+02
    9100.0000000000000000   4.4525940486020266E+02
    9200.0000000000000000   4.4991364839586680E+02
    9300.0000000000000000   4.5456470726335351E+02
    9400.0000000000000000   4.5921259224099788E+02
    9500.0000000000000000   4.6385731387596417E+02
    9600.0000000000000000   4.6849888249252859E+02
    9700.0000000000000000   4.7313730820003411E+02
    9800.0000000000000000   4.7777260090051453E+02
    9900.0000000000000000   4.8240477029591074E+02
   10000.0000000000000000   4.8703382589493566E+02
   11000.0000000000000000   5.3315508929502005E+02
   12000.0000000000000000   5.7897422000049119E+02
   13000.0000000000000000   6.2449835371306608E+02
   14000.0000000000000000   6.6973364212201693E+02
   15000.0000000000000000   7.1468548900143219E+02
   16000.0000000000000000   7.5935871694190689E+02
   17000.0000000000000000   8.0375768813347179E+02
   18000.0000000000000000   8.4788639380981078E+02
   19000.0000000000000000   8.9174852176983654E+02
   20000.0000000000000000   9.3534750822247815E+02
   21000.0000000000000000   9.7868657819727980E+02
   22000.0000000000000000   1.0217687774725130E+03
   23000.0000000000000000   1.0645969981083726E+03
   24000.0000000000000000   1.1071739990945684E+03
   25000.0000000000000000   1.1495024232141345E+03
   26000.0000000000000000   1.1915848109472417E+03
   26714.9989999999997963   1.2215241909755248E+03
   26715.0010000000002037   1.2215242745488406E+03
   27000.0000000000000000   1.2334236120293926E+03
   28000.0000000000000000   1.2750211951387503E+03
   29000.0000000000000000   1.3163798560719329E+03
   30000.0000000000000000   1.3575018246938143E+03
   31000.0000000000000000   1.3983892708824894E+03
   32000.0000000000000000   1.4390443096429428E+03
   33000.0000000000000000   1.4794690055333022E+03
   34000.0000000000000000   1.5196653765169806E+03
   35000.0000000000000000   1.5596353973272230E+03
   36000.0000000000000000   1.5993810024271997E+03
   37000.0000000000000000   1.6389040886197981E+03
   38000.0000000000000000   1.6782065173612430E+03
   39000.0000000000000000   1.7172901168222834E+03
   40000.0000000000000000   1.7561566837283501E+03
   41000.0000000000000000   1.7948079850103829E+03
   42000.0000000000000000   1.8332457592930739E+03
   43000.0000000000000000   1.8714717182370025E+03
   44000.0000000000000000   1.9094875477566070E+03
   45000.0000000000000000   1.9472949091291446E+03
   46000.0000000000000000   1.9848954400040618E+03
   47000.0000000000000000   2.0222907553287123E+03
   48000.0000000000000000   2.0594824481988671E+03
   49000.0000000000000000   2.0964720906369739E+03
   50000.0000000000000000   2.1332612343172505E+03
