       0.1000000000000000   3.0594695209675415E+01   9.5203873544183893E-04
       0.2000000000000000   2.6866391637030212E+01   1.8648818153670086E-03
       0.3000000000000000   2.5595431580604352E+01   2.7747163904156017E-03
       0.4000000000000000   2.5081692284624790E+01   3.6463625830157899E-03
       0.5000000000000000   2.4801268734178738E+01   4.5102797706507046E-03
       0.6000000000000000   2.4633991574772867E+01   5.3678252849611750E-03
       0.7000000000000000   2.4533205291824359E+01   6.2202682045307458E-03
       0.7999999999999999   2.4473030743108069E+01   7.0684686799695777E-03
       0.8999999999999999   2.4441556068506209E+01   7.9106354997327474E-03
       0.9999999999999999   2.4427283616280622E+01   8.7502384038017945E-03
       2.0000000000000000   2.4629098052539149E+01   1.6988074899574303E-02
       3.0000000000000000   2.4906261397229212E+01   2.5100430787948585E-02
       4.0000000000000000   2.5109290281514237E+01   3.3234032703289916E-02
       5.0000000000000000   2.5225928299697692E+01   4.1489537861024800E-02
       6.0000000000000000   2.5264706524765021E+01   4.9942157814268077E-02
       7.0000000000000000   2.5238819280513034E+01   5.8642336560197614E-02
       8.0000000000000000   2.5158981644282949E+01   6.7630677129694408E-02
       9.0000000000000000   2.5034660911588272E+01   7.6939598859686292E-02
      10.0000000000000000   2.4873285237029080E+01   8.6598094924835237E-02
      11.0000000000000000   2.4681396161509358E+01   9.6630182369179682E-02
      12.0000000000000000   2.4464309236766539E+01   1.0705672454127625E-01
      13.0000000000000000   2.4226734658064100E+01   1.1789567837156353E-01
      14.0000000000000000   2.3972172538332842E+01   1.2916592444546632E-01
      15.0000000000000000   2.3703675905180717E+01   1.4088514393736623E-01
      16.0000000000000000   2.3423955128885400E+01   1.5306908334826819E-01
      17.0000000000000000   2.3135085174909747E+01   1.6573500329755503E-01
      18.0000000000000000   2.2838986225649574E+01   1.7889918090123677E-01
      19.0000000000000000   2.2537161964049069E+01   1.9257826570961778E-01
      20.0000000000000000   2.2230915279053256E+01   2.0678984018664839E-01
      21.0000000000000000   2.1921305920513614E+01   2.2155231779407311E-01
      22.0000000000000000   2.1609286622637185E+01   2.3688409439483740E-01
      23.0000000000000000   2.1295640940360656E+01   2.5280464277510928E-01
      24.0000000000000000   2.0980987519536033E+01   2.6933525440262768E-01
      25.0000000000000000   2.0665864197426526E+01   2.8649810815006038E-01
      26.0000000000000000   2.0350715872350186E+01   3.0431684732031478E-01
      27.0000000000000000   2.0035907506781626E+01   3.2281669974946209E-01
      28.0000000000000000   1.9721745073426284E+01   3.4202451694873109E-01
      29.0000000000000000   1.9408464066826202E+01   3.6196917759029534E-01
      30.0000000000000000   1.9096265583160864E+01   3.8268149764869641E-01
      31.0000000000000000   1.8785295735717554E+01   4.0419464486070739E-01
      32.0000000000000000   1.8475683617016575E+01   4.2654391854827545E-01
      33.0000000000000000   1.8167512946575055E+01   4.4976742835472139E-01
      34.0000000000000000   1.7860851524013000E+01   4.7390596068740326E-01
      35.0000000000000000   1.7555744194996603E+01   4.9900327690469753E-01
      36.0000000000000000   1.7252219852579081E+01   5.2510631583348588E-01
      37.0000000000000000   1.6950293849012041E+01   5.5226542308505033E-01
      38.0000000000000000   1.6649972076201664E+01   5.8053458535644753E-01
      39.0000000000000000   1.6351250910109659E+01   6.0997168805385893E-01
      40.0000000000000000   1.6054123047267758E+01   6.4063872363825147E-01
      41.0000000000000000   1.5758576289348420E+01   6.7260211783410095E-01
      42.0000000000000000   1.5464597191369700E+01   7.0593295077157714E-01
      43.0000000000000000   1.5172173317839091E+01   7.4070723650961356E-01
      44.0000000000000000   1.4881295027259638E+01   7.7700610736759235E-01
      45.0000000000000000   1.4591955631776957E+01   8.1491616397950806E-01
      46.0000000000000000   1.4304155147827128E+01   8.5452959327078626E-01
      47.0000000000000000   1.4017901519722759E+01   8.9594434928783073E-01
      48.0000000000000000   1.3733212592232707E+01   9.3926424204740655E-01
      49.0000000000000000   1.3450118297451128E+01   9.8459894064327302E-01
      50.0000000000000000   1.3168662721916972E+01   1.0320638497747501E+00
      51.0000000000000000   1.2888906229308105E+01   1.0817798363591913E+00
      52.0000000000000000   1.2610928345429279E+01   1.1338727377046629E+00
      52.9990000000000023   1.2335105060982897E+01   1.1884167228394618E+00
      53.0000000000000000   1.2334829940851639E+01   1.1884726191023143E+00
      53.0009999999999977   1.2334554822722689E+01   1.1885285180052305E+00
      54.0000000000000000   1.2060736041995337E+01   1.2457127093099851E+00
      54.9990000000000023   1.1789069035849492E+01   1.3056665183823757E+00
      55.0000000000000000   1.1788798233060968E+01   1.3057279647830324E+00
      55.0009999999999977   1.1788527432607260E+01   1.3057894140937878E+00
      56.0000000000000000   1.1519197559193479E+01   1.3686531888003119E+00
      57.0000000000000000   1.1252147786947020E+01   1.4346203053853637E+00
      57.9990000000000023   1.0988157742260251E+01   1.5036850898856027E+00
      58.0000000000000000   1.0987894977360609E+01   1.5037558480161342E+00
      58.0009999999999977   1.0987632215536765E+01   1.5038266094333257E+00
      59.0000000000000000   1.0726720460209870E+01   1.5761770325497459E+00
      60.0000000000000000   1.0468942860074050E+01   1.6519871379700546E+00
      61.0000000000000000   1.0214914375489586E+01   1.7312712578321177E+00
      62.0000000000000000   9.9650208254189980E+00   1.8140905010449151E+00
      63.0000000000000000   9.7196773623994872E+00   1.9004764392688658E+00
      64.0000000000000000   9.4793224891952583E+00   1.9904254436779198E+00
      65.0000000000000000   9.2444102174697402E+00   2.0838933891148912E+00
      66.0000000000000000   9.0154000667575449E+00   2.1807911691080681E+00
      67.0000000000000000   8.7927453537073070E+00   2.2809814902413579E+00
      68.0000000000000000   8.5768803100569997E+00   2.3842773858085606E+00
      69.0000000000000000   8.3682067630139585E+00   2.4904427918348717E+00
      70.0000000000000000   8.1670813134493923E+00   2.5991953641002046E+00
      71.0000000000000000   7.9738039680614694E+00   2.7102115097500294E+00
      72.0000000000000000   7.7886091114868403E+00   2.8231333780889138E+00
      73.0000000000000000   7.6116594342736832E+00   2.9375773616671124E+00
      74.0000000000000000   7.4430431828701762E+00   3.0531435162938125E+00
      75.0000000000000000   7.2827746701482070E+00   3.1694252803573932E+00
      76.0000000000000000   7.1307981282707988E+00   3.2860186998085190E+00
      77.0000000000000000   6.9869933698195119E+00   3.4025310682176264E+00
      78.0000000000000000   6.8511839091999862E+00   3.5185880243175829E+00
      79.0000000000000000   6.7231458082805853E+00   3.6338393238911850E+00
      80.0000000000000000   6.6026169893542637E+00   3.7479630438702709E+00
      81.0000000000000000   6.4893063820340471E+00   3.8606683050219801E+00
      82.0000000000000000   6.3829024904891227E+00   3.9716966595516290E+00
      83.0000000000000000   6.2830810797684391E+00   4.0808223428749635E+00
      84.0000000000000000   6.1895118341196262E+00   4.1878516117260984E+00
      85.0000000000000000   6.1018639478444339E+00   4.2926213873280465E+00
      86.0000000000000000   6.0198106510897187E+00   4.3949974059885033E+00
      87.0000000000000000   5.9430327561609664E+00   4.4948720559984032E+00
      88.0000000000000000   5.8712213584119652E+00   4.5921620179398968E+00
      88.9989999999999952   5.8041446279567630E+00   4.6867125829457201E+00
      89.0000000000000000   5.8040797234238779E+00   4.6868058896461884E+00
      89.0010000000000048   5.8040148232763249E+00   4.6868991936572577E+00
      90.0000000000000000   5.7413246013011250E+00   4.7787617910800906E+00
      91.0000000000000000   5.6826869989795279E+00   4.8680050785421987E+00
      92.0000000000000000   5.6279125399812147E+00   4.9545261826255311E+00
      93.0000000000000000   5.5767615028528512E+00   5.0383286000151291E+00
      94.0000000000000000   5.5290086142467905E+00   5.1194270525296899E+00
      95.0000000000000000   5.4844426608001875E+00   5.1978458176842484E+00
      96.0000000000000000   5.4428659725006767E+00   5.2736172285378400E+00
      97.0000000000000000   5.4040938194186880E+00   5.3467803361357076E+00
      98.0000000000000000   5.3679537540230404E+00   5.4173797250610907E+00
      99.0000000000000000   5.3342849305963398E+00   5.4854644704856090E+00
     100.0000000000000000   5.3029374058043439E+00   5.5510872257337907E+00
     110.0000000000000000   5.0906387124908745E+00   6.0847368084561646E+00
     120.0000000000000000   5.0034935324097392E+00   6.4364132011803914E+00
     130.0000000000000000   4.9902401643487746E+00   6.6567751554681589E+00
     140.0000000000000000   5.0233049455075696E+00   6.7837236226726692E+00
     150.0000000000000000   5.0868760346108104E+00   6.8442958651398937E+00
     160.0000000000000000   5.1713541942271570E+00   6.8575879898282190E+00
     170.0000000000000000   5.2706238038583688E+00   6.8371303354496886E+00
     180.0000000000000000   5.3806281891100038E+00   6.7925850745118677E+00
     190.0000000000000000   5.4985838570491179E+00   6.7309151573518466E+00
     200.0000000000000000   5.6225256205558285E+00   6.6571832115907723E+00
     210.0000000000000000   5.7446580635228308E+00   6.5971551378968565E+00
     220.0000000000000000   5.8824230945219629E+00   6.4949405535735405E+00
     230.0000000000000000   6.0129396858897923E+00   6.4205891838081532E+00
     240.0000000000000000   6.1519156989560715E+00   6.3238376854381890E+00
     250.0000000000000000   6.2911140330840549E+00   6.2305287871197654E+00
     260.0000000000000000   6.4304539709124784E+00   6.1405687630610437E+00
     270.0000000000000000   6.5698721906751398E+00   6.0538451898718737E+00
     280.0000000000000000   6.7093187563927685E+00   5.9702349745966643E+00
     290.0000000000000000   6.8546139432875783E+00   5.8714577251823261E+00
     300.0000000000000000   6.9937550085483311E+00   5.7944748650647826E+00
     310.0000000000000000   7.1382926406167373E+00   5.7034713712138991E+00
     320.0000000000000000   7.2823730258650237E+00   5.6163314807496594E+00
     330.0000000000000000   7.4260040220515258E+00   5.5328084036386045E+00
     340.0000000000000000   7.5691945926784401E+00   5.4526751875112804E+00
     350.0000000000000000   7.7119544506999684E+00   5.3757229508009816E+00
     360.0000000000000000   7.8542937622454048E+00   5.3017593028552499E+00
     370.0000000000000000   7.9962229034860979E+00   5.2306069314773511E+00
     380.0000000000000000   8.1422979422243795E+00   5.1490509182086832E+00
     390.0000000000000000   8.2833147281002777E+00   5.0834538848281543E+00
     400.0000000000000000   8.4239562724326795E+00   5.0201909110176333E+00
     410.0000000000000000   8.5684759268952888E+00   4.9472214472226339E+00
     420.0000000000000000   8.7124667606366817E+00   4.8770119060962012E+00
     430.0000000000000000   8.8518175083185646E+00   4.8206858377535839E+00
     440.0000000000000000   8.9948528406658745E+00   4.7552355964995110E+00
     450.0000000000000000   9.1374021472856803E+00   4.6921140123779592E+00
     460.0000000000000000   9.2755758367913401E+00   4.6416157898363881E+00
     470.0000000000000000   9.4172482194862699E+00   4.5825246270290885E+00
     480.0000000000000000   9.5584729802146899E+00   4.5254177248380509E+00
     490.0000000000000000   9.6992621512087407E+00   4.4701924051210611E+00
     500.0000000000000000   9.8396273323620758E+00   4.4167530380585820E+00
     510.0000000000000000   9.9795797013431802E+00   4.3650104507270440E+00
     520.0000000000000000   1.0119130023915128E+01   4.3148814029166589E+00
     530.0000000000000000   1.0258288655022056E+01   4.2662881289043995E+00
     537.9990000000000236   1.0371412716120872E+01   4.2232570426284024E+00
     538.0009999999999764   1.0371441839376700E+01   4.2232442429391215E+00
     540.0000000000000000   1.0397065550754689E+01   4.2191578999880210E+00
     550.0000000000000000   1.0535470296763087E+01   4.1734225933600593E+00
     560.0000000000000000   1.0676888255801837E+01   4.1207100196141928E+00
     570.0000000000000000   1.0814526600613682E+01   4.0777452643577066E+00
     580.0000000000000000   1.0951820074084267E+01   4.0359890391471920E+00
     590.0000000000000000   1.1088776895049383E+01   3.9953887255351677E+00
     600.0000000000000000   1.1228625579091666E+01   3.9482122780469462E+00
     610.0000000000000000   1.1364884749668567E+01   3.9099240101629404E+00
     620.0000000000000000   1.1500830931368652E+01   3.8726459401588804E+00
     630.0000000000000000   1.1639587621004488E+01   3.8290656773406511E+00
     640.0000000000000000   1.1774881584530354E+01   3.7938195167668960E+00
     644.9990000000000236   1.1842404651643731E+01   3.7765365565984528E+00
     645.0009999999999764   1.1842432877993321E+01   3.7765268532351048E+00
     650.0000000000000000   1.1912944697849300E+01   3.7524374766530806E+00
     655.9990000000000236   1.1994377601997359E+01   3.7309232804878851E+00
     656.0009999999999764   1.1994405751957464E+01   3.7309138437240512E+00
     660.0000000000000000   1.2047614815606211E+01   3.7190579524783813E+00
     670.0000000000000000   1.2185011043495990E+01   3.6797045089382543E+00
     680.0000000000000000   1.2319084015240911E+01   3.6480435875491386E+00
     690.0000000000000000   1.2455838895476820E+01   3.6105655788878623E+00
     700.0000000000000000   1.2589339380583256E+01   3.5804913193920740E+00
     710.0000000000000000   1.2725477287314680E+01   3.5447501835480311E+00
     720.0000000000000000   1.2858428250683597E+01   3.5161442787082846E+00
     730.0000000000000000   1.2993972155752754E+01   3.4820149555346096E+00
     740.0000000000000000   1.3129222165329589E+01   3.4486923402146163E+00
     750.0000000000000000   1.3261366707820867E+01   3.4221400486211668E+00
     760.0000000000000000   1.3396053905787760E+01   3.3902627161950663E+00
     770.0000000000000000   1.3530463557306442E+01   3.3591079116686671E+00
     772.9189999999999827   1.3567687636660246E+01   3.3542540925502431E+00
     772.9209999999999354   1.3567715026216824E+01   3.3542468047295300E+00
     780.0000000000000000   1.3661845749064497E+01   3.3343968710957794E+00
     790.0000000000000000   1.3795720979191923E+01   3.3045439731851078E+00
     800.0000000000000000   1.3929332330329091E+01   3.2753433874218461E+00
     810.0000000000000000   1.4062682166449859E+01   3.2467771122224134E+00
     820.0000000000000000   1.4193097236894339E+01   3.2242633223983663E+00
     830.0000000000000000   1.4325949158652350E+01   3.1968308393276241E+00
     840.0000000000000000   1.4458552517843506E+01   3.1699727382726399E+00
     850.0000000000000000   1.4590909755745557E+01   3.1436734147756074E+00
     860.0000000000000000   1.4723024634500097E+01   3.1179151623279502E+00
     870.0000000000000000   1.4852316839797552E+01   3.0977697972869302E+00
     880.0000000000000000   1.4983974978433835E+01   3.0729712319732796E+00
     890.0000000000000000   1.5115402124868472E+01   3.0486655412241559E+00
     900.0000000000000000   1.5246601325004288E+01   3.0248384627596789E+00
     910.0000000000000000   1.5377576237637657E+01   3.0014749910541418E+00
     920.0000000000000000   1.5508330802927286E+01   2.9785600323945403E+00
     930.0000000000000000   1.5638868781882705E+01   2.9560792753544418E+00
     940.0000000000000000   1.5769193514562943E+01   2.9340196124273326E+00
     950.0000000000000000   1.5899307951272950E+01   2.9123690362847663E+00
     960.0000000000000000   1.6026769246168087E+01   2.8956852943467144E+00
     970.0000000000000000   1.6156482465728899E+01   2.8747705398680945E+00
     980.0000000000000000   1.6285993132522183E+01   2.8542339403889314E+00
     990.0000000000000000   1.6415304146753357E+01   2.8340647605210321E+00
    1000.0000000000000000   1.6544418340382354E+01   2.8142526733639230E+00
    1100.0000000000000000   1.7827577261051914E+01   2.6298256762127146E+00
    1200.0000000000000000   1.9093409163911353E+01   2.4730214266971946E+00
    1300.0000000000000000   2.0345918538831793E+01   2.3346181431549504E+00
    1400.0000000000000000   2.1586429339177649E+01   2.2110600272221310E+00
    1500.0000000000000000   2.2814115914503219E+01   2.1024506077047298E+00
    1600.0000000000000000   2.4030059985705538E+01   2.0062188190550150E+00
    1700.0000000000000000   2.5237126754285431E+01   1.9177674163618919E+00
    1800.0000000000000000   2.6434136362689411E+01   1.8383262871296018E+00
    1900.0000000000000000   2.7623651469071806E+01   1.7642636349629031E+00
    2000.0000000000000000   2.8804373393778505E+01   1.6970500500822916E+00
    2100.0000000000000000   2.9976898042265162E+01   1.6357255021661348E+00
    2200.0000000000000000   3.1141718249926601E+01   1.5795432846017654E+00
    2300.0000000000000000   3.2300870889362244E+01   1.5261247778814648E+00
    2400.0000000000000000   3.3451652981559377E+01   1.4784064102458681E+00
    2500.0000000000000000   3.4597541890294167E+01   1.4325537677118634E+00
    2600.0000000000000000   3.5737200575268858E+01   1.3900024647926024E+00
    2700.0000000000000000   3.6872385404549945E+01   1.3489595942685406E+00
    2800.0000000000000000   3.8000547345223296E+01   1.3119849023424008E+00
    2900.0000000000000000   3.9123420146015377E+01   1.2773037132940719E+00
    3000.0000000000000000   4.0242479963933349E+01   1.2435539871603423E+00
    3100.0000000000000000   4.1356684981972165E+01   1.2117536347972213E+00
    3200.0000000000000000   4.2464732622152980E+01   1.1830646722427616E+00
    3300.0000000000000000   4.3569459401865004E+01   1.1549438013858633E+00
    3400.0000000000000000   4.4670006557570048E+01   1.1282094503221420E+00
    3500.0000000000000000   4.5766343088384637E+01   1.1028916545500913E+00
    3600.0000000000000000   4.6860193558547508E+01   1.0776060724543637E+00
    3700.0000000000000000   4.7948667172123848E+01   1.0547573135973682E+00
    3800.0000000000000000   4.9033088009426237E+01   1.0332198902325649E+00
    3900.0000000000000000   5.0115281730965833E+01   1.0116059007367060E+00
    4000.0000000000000000   5.1192744437531537E+01   9.9191324207171938E-01
    4100.0000000000000000   5.2268178668966286E+01   9.7206376588915500E-01
    4200.0000000000000000   5.3338517956190003E+01   9.5437284003667222E-01
    4300.0000000000000000   5.4407073524480879E+01   9.3640400944982238E-01
    4400.0000000000000000   5.5471744071284704E+01   9.1978334983830834E-01
    4500.0000000000000000   5.6533969706612524E+01   9.0336372592656244E-01
    4600.0000000000000000   5.7593878604169689E+01   8.8720110099317251E-01
    4700.0000000000000000   5.8649845767171904E+01   8.7234318260463328E-01
    4800.0000000000000000   5.9704284081538972E+01   8.5728090401795343E-01
    4900.0000000000000000   6.0755750652316721E+01   8.4291977199294066E-01
    5000.0000000000000000   6.1804165235243474E+01   8.2932313959231163E-01
    5100.0000000000000000   6.2849957432198323E+01   8.1624054189756468E-01
    5200.0000000000000000   6.3893285976769413E+01   8.0358790179447781E-01
    5300.0000000000000000   6.4933892811783195E+01   7.9152425240807334E-01
    5400.0000000000000000   6.5971543388407838E+01   7.8018094291884310E-01
    5500.0000000000000000   6.7007024412087659E+01   7.6910822896737918E-01
    5600.0000000000000000   6.8041897503587492E+01   7.5749058851326412E-01
    5700.0000000000000000   6.9072478258865672E+01   7.4733955486412917E-01
    5800.0000000000000000   7.0103730056795456E+01   7.3591435532921690E-01
    5900.0000000000000000   7.1129816553251558E+01   7.2651420293814994E-01
    6000.0000000000000000   7.2155728404684609E+01   7.1637174219572042E-01
    6100.0000000000000000   7.3178335967326831E+01   7.0708663990396059E-01
    6200.0000000000000000   7.4199704804165037E+01   6.9780024893085679E-01
    6300.0000000000000000   7.5219203872107016E+01   6.8871385517145611E-01
    6400.0000000000000000   7.6237584320344837E+01   6.7934684205420726E-01
    6500.0000000000000000   7.7251551685396265E+01   6.7161363877173563E-01
    6543.9989999999997963   7.7697956320976914E+01   6.6781687759435371E-01
    6544.0010000000002037   7.7697976880308346E+01   6.6781657851578513E-01
    6600.0000000000000000   7.8265187297561013E+01   6.6326413207070412E-01
    6700.0000000000000000   7.9275888255002684E+01   6.5570971761843921E-01
    6800.0000000000000000   8.0286617309553975E+01   6.4749147629399140E-01
    6900.0000000000000000   8.1294197885760454E+01   6.4011721483919604E-01
    7000.0000000000000000   8.2302288213024724E+01   6.3192428707947368E-01
    7100.0000000000000000   8.3307011132912947E+01   6.2467967342088837E-01
    7200.0000000000000000   8.4310940831632450E+01   6.1723972904614133E-01
    7300.0000000000000000   8.5311558493837651E+01   6.1066791217919369E-01
    7400.0000000000000000   8.6309667015881857E+01   6.0476706246648870E-01
    7500.0000000000000000   8.7310162937162985E+01   5.9712698196829816E-01
    7600.0000000000000000   8.8306930383659406E+01   5.9069167261446065E-01
    7700.0000000000000000   8.9300063815332095E+01   5.8535563858159712E-01
    7800.0000000000000000   9.0296323592757801E+01   5.7799900449144936E-01
    7900.0000000000000000   9.1287558414254875E+01   5.7245466439671355E-01
    8000.0000000000000000   9.2277391990281771E+01   5.6700150904396540E-01
    8100.0000000000000000   9.3267350356201121E+01   5.6091171207116663E-01
    8200.0000000000000000   9.4255260458341937E+01   5.5525763267638362E-01
    8300.0000000000000000   9.5242063208435169E+01   5.4971041553583344E-01
    8400.0000000000000000   9.6228374956518266E+01   5.4377766111076942E-01
    8500.0000000000000000   9.7208619404506223E+01   5.3990597642508442E-01
    8600.0000000000000000   9.8193486947748923E+01   5.3375958306086069E-01
    8700.0000000000000000   9.9174784426607459E+01   5.2866526189947716E-01
    8800.0000000000000000   1.0015279860826828E+02   5.2441504977653097E-01
    8900.0000000000000000   1.0113276400678535E+02   5.1896668754076647E-01
    9000.0000000000000000   1.0211106753546066E+02   5.1371891919738388E-01
    9100.0000000000000000   1.0308381679711626E+02   5.1032573677989945E-01
    9200.0000000000000000   1.0405822407462814E+02   5.0593612126346954E-01
    9300.0000000000000000   1.0503372315336627E+02   5.0074564498624230E-01
    9400.0000000000000000   1.0600680070677600E+02   4.9609451913032349E-01
    9500.0000000000000000   1.0697911314679256E+02   4.9133139038655127E-01
    9600.0000000000000000   1.0794944031955191E+02   4.8693549556736704E-01
    9700.0000000000000000   1.0891705915668543E+02   4.8317081767105230E-01
    9800.0000000000000000   1.0988301209793882E+02   4.7967030635593927E-01
    9900.0000000000000000   1.1084837115717914E+02   4.7606337013549915E-01
   10000.0000000000000000   1.1181327954320290E+02   4.7230273533167411E-01
   11000.0000000000000000   1.2141046381269771E+02   4.3611117912064268E-01
   12000.0000000000000000   1.3091157379020774E+02   4.0467584179166277E-01
   13000.0000000000000000   1.4031847242633211E+02   3.7967697077615931E-01
   14000.0000000000000000   1.4964814315858717E+02   3.5661477349710752E-01
   15000.0000000000000000   1.5890888710643605E+02   3.3566476992090249E-01
   16000.0000000000000000   1.6809826208870149E+02   3.1788463954903501E-01
   17000.0000000000000000   1.7721705071178877E+02   3.0403331209942203E-01
   18000.0000000000000000   1.8629253122540928E+02   2.8832424104031884E-01
   19000.0000000000000000   1.9530843662579923E+02   2.7585526502456498E-01
   20000.0000000000000000   2.0427443632402026E+02   2.6316323658202923E-01
   21000.0000000000000000   2.1319021286194825E+02   2.5282463376488079E-01
   22000.0000000000000000   2.2205389673942520E+02   2.4499487432349507E-01
   23000.0000000000000000   2.3089100838847287E+02   2.3551521738588396E-01
   24000.0000000000000000   2.3968325461328905E+02   2.2603843255916212E-01
   25000.0000000000000000   2.4843661538931525E+02   2.1743253970606580E-01
   26000.0000000000000000   2.5714741879893450E+02   2.1110615995855364E-01
   27000.0000000000000000   2.6582549925844950E+02   2.0460716909975663E-01
   28000.0000000000000000   2.7448333116747040E+02   1.9812699757126359E-01
   29000.0000000000000000   2.8309891974306180E+02   1.9222286118202947E-01
   30000.0000000000000000   2.9167960882010419E+02   1.8724225436964151E-01
   31000.0000000000000000   3.0022920878595346E+02   1.8256541785466718E-01
   32000.0000000000000000   3.0877417187473753E+02   1.7680873158140364E-01
   33000.0000000000000000   3.1727932015243414E+02   1.7186281385783872E-01
   34000.0000000000000000   3.2575422095286501E+02   1.6747728870592668E-01
   35000.0000000000000000   3.3420065351252441E+02   1.6396793060578219E-01
   36000.0000000000000000   3.4262219002633702E+02   1.6063480480428180E-01
   37000.0000000000000000   3.5103554092220270E+02   1.5514521636369075E-01
   38000.0000000000000000   3.5937938679894154E+02   1.5387817605917375E-01
   39000.0000000000000000   3.6777283373986080E+02   1.4839733496464921E-01
   40000.0000000000000000   3.7610704675276031E+02   1.4543416684575458E-01
   41000.0000000000000000   3.8441290113263153E+02   1.4226383782320834E-01
   42000.0000000000000000   3.9271833884595242E+02   1.3945705454204041E-01
   43000.0000000000000000   4.0099004320500376E+02   1.3745938490069398E-01
   44000.0000000000000000   4.0922216014592044E+02   1.3490051716007959E-01
   45000.0000000000000000   4.1748202563164506E+02   1.3276078426774485E-01
   46000.0000000000000000   4.2570579328309873E+02   1.3029458984695494E-01
   47000.0000000000000000   4.3390456795632986E+02   1.2641660158523446E-01
   48000.0000000000000000   4.4205797391904787E+02   1.2585025647363968E-01
   49000.0000000000000000   4.5024443823568976E+02   1.2240822789785984E-01
   50000.0000000000000000   4.5841130113027788E+02   1.1973697795576486E-01
