       0.1000000000000000   5.5938954613313197E+00   5.2023549306211142E-03
       0.2000000000000000   4.9706676895902504E+00   1.0053848710702303E-02
       0.3000000000000000   4.7875375526716981E+00   1.4768821636448879E-02
       0.4000000000000000   4.7389800430810345E+00   1.9177356509647438E-02
       0.5000000000000000   4.7300822848059312E+00   2.3454985065574693E-02
       0.6000000000000000   4.7395894571370949E+00   2.7618919265613016E-02
       0.7000000000000000   4.7591346020378529E+00   3.1683921017814254E-02
       0.7999999999999999   4.7842400676270778E+00   3.5661215492798701E-02
       0.8999999999999999   4.8128070796390867E+00   3.9552001725288638E-02
       0.9999999999999999   4.8429935266489021E+00   4.3374359756956180E-02
       2.0000000000000000   5.1430360356286782E+00   7.8732451865404854E-02
       3.0000000000000000   5.3790693012124544E+00   1.1115882012238977E-01
       4.0000000000000000   5.5547770591895782E+00   1.4238528688513713E-01
       5.0000000000000000   5.6838390151725893E+00   1.7330485272418952E-01
       6.0000000000000000   5.7765629854529630E+00   2.0446542523286526E-01
       7.0000000000000000   5.8403145461023049E+00   2.3624180627916469E-01
       8.0000000000000000   5.8803490783927739E+00   2.6892313937104823E-01
       9.0000000000000000   5.9005945295866331E+00   3.0274779279787717E-01
      10.0000000000000000   5.9040672594296977E+00   3.3792395553816607E-01
      11.0000000000000000   5.8931831691371910E+00   3.7463816543775824E-01
      12.0000000000000000   5.8699269478539478E+00   4.1306091363693781E-01
      13.0000000000000000   5.8359869305445260E+00   4.5334861793189546E-01
      14.0000000000000000   5.7928267908735096E+00   4.9564412984795470E-01
      15.0000000000000000   5.7417640507611356E+00   5.4007304989592475E-01
      16.0000000000000000   5.6840160602768472E+00   5.8673895458941416E-01
      17.0000000000000000   5.6207265289516872E+00   6.3571846898906625E-01
      18.0000000000000000   5.5529982134372222E+00   6.8705288613769644E-01
      19.0000000000000000   5.4819031204066020E+00   7.4074019238395050E-01
      20.0000000000000000   5.4084937607333190E+00   7.9672655971226136E-01
      21.0000000000000000   5.3338025961760467E+00   8.5489834609786919E-01
      22.0000000000000000   5.2588372345538659E+00   9.1507587064817542E-01
      23.0000000000000000   5.1845660264960101E+00   9.7701101044960181E-01
      24.0000000000000000   5.1118999812842354E+00   1.0403891485962862E+00
      25.0000000000000000   5.0416733556683040E+00   1.1048358360834767E+00
      26.0000000000000000   4.9746228968082891E+00   1.1699290637255402E+00
      27.0000000000000000   4.9113706676553956E+00   1.2352157118326161E+00
      28.0000000000000000   4.8524126172024316E+00   1.3002306427216690E+00
      29.0000000000000000   4.7981138524770630E+00   1.3645164382284911E+00
      30.0000000000000000   4.7487119910910076E+00   1.4276414789014729E+00
      31.0000000000000000   4.7043263036415492E+00   1.4892148960469702E+00
      32.0000000000000000   4.6649725292098658E+00   1.5488971242505400E+00
      33.0000000000000000   4.6305796516573121E+00   1.6064061092833439E+00
      34.0000000000000000   4.6010083746265202E+00   1.6615191317241143E+00
      35.0000000000000000   4.5760684512369378E+00   1.7140712635562829E+00
      36.0000000000000000   4.5555344767777743E+00   1.7639512647557201E+00
      37.0000000000000000   4.5391593062447777E+00   1.8110958659186556E+00
      38.0000000000000000   4.5266849905767765E+00   1.8554832309626044E+00
      39.0000000000000000   4.5178512361645549E+00   1.8971262270634988E+00
      40.0000000000000000   4.5124017840137496E+00   1.9360659290475584E+00
      41.0000000000000000   4.5100888534894397E+00   1.9723656696143188E+00
      41.9990000000000023   4.5106742058765725E+00   2.0060732513699442E+00
      42.0000000000000000   4.5106761664988788E+00   2.0061057429115672E+00
      42.0009999999999977   4.5106781297973058E+00   2.0061382319855103E+00
      43.0000000000000000   4.5139407881639491E+00   2.0373788488634190E+00
      44.0000000000000000   4.5196740775357247E+00   2.0662862420928274E+00
      44.9990000000000023   4.5276728798509085E+00   2.0929090310872840E+00
      45.0000000000000000   4.5276819629292682E+00   2.0929345873557508E+00
      45.0009999999999977   4.5276910481014312E+00   2.0929601414746037E+00
      46.0000000000000000   4.5377848160682746E+00   2.1174333813582491E+00
      47.0000000000000000   4.5498169723222190E+00   2.1398929211824593E+00
      48.0000000000000000   4.5636260603206127E+00   2.1604227167494994E+00
      49.0000000000000000   4.5790722155652883E+00   2.1791302801679588E+00
      50.0000000000000000   4.5960272304911545E+00   2.1961202243864366E+00
      51.0000000000000000   4.6143736859025433E+00   2.2114936161103267E+00
      52.0000000000000000   4.6340041083480923E+00   2.2253475295368030E+00
      53.0000000000000000   4.6548201412680692E+00   2.2377747630752260E+00
      54.0000000000000000   4.6767317712309469E+00   2.2488636826109736E+00
      55.0000000000000000   4.6996565933269405E+00   2.2586981659847951E+00
      56.0000000000000000   4.7235191428155776E+00   2.2673576256619361E+00
      57.0000000000000000   4.7482503021626634E+00   2.2749170310548976E+00
      58.0000000000000000   4.7737866578856574E+00   2.2814471151253732E+00
      59.0000000000000000   4.8000700217751575E+00   2.2870144709908704E+00
      60.0000000000000000   4.8270470107202508E+00   2.2916816605092318E+00
      61.0000000000000000   4.8546685108654861E+00   2.2955075032280341E+00
      62.0000000000000000   4.8828893578811225E+00   2.2985471863402132E+00
      63.0000000000000000   4.9116679697352916E+00   2.3008524708369649E+00
      64.0000000000000000   4.9409660213181894E+00   2.3024718784483551E+00
      65.0000000000000000   4.9707481593522562E+00   2.3034508752221843E+00
      66.0000000000000000   5.0009817399667815E+00   2.3038320503212399E+00
      67.0000000000000000   5.0316365920287565E+00   2.3036552886084620E+00
      67.9989999999999952   5.0626535679160813E+00   2.3029588817143170E+00
      68.0000000000000000   5.0626848038460865E+00   2.3029579361550629E+00
      68.0010000000000048   5.0627160401434228E+00   2.3029569901103777E+00
      69.0000000000000000   5.0941005294148187E+00   2.3017749582179139E+00
      70.0000000000000000   5.1258598129017132E+00   2.3001390891615801E+00
      71.0000000000000000   5.1579404294991704E+00   2.2980809746426178E+00
      72.0000000000000000   5.1903217422057173E+00   2.2956293055875348E+00
      73.0000000000000000   5.2229845709646980E+00   2.2928109444742777E+00
      74.0000000000000000   5.2559110740444313E+00   2.2896510439913929E+00
      75.0000000000000000   5.2890846349643406E+00   2.2861731628914459E+00
      76.0000000000000000   5.3224897860432661E+00   2.2823993521311388E+00
      77.0000000000000000   5.3561120866275882E+00   2.2783502799489797E+00
      78.0000000000000000   5.3899380636862100E+00   2.2740453047624012E+00
      79.0000000000000000   5.4239551321676966E+00   2.2695025651110101E+00
      80.0000000000000000   5.4581515273579280E+00   2.2647390593249845E+00
      81.0000000000000000   5.4925162428314733E+00   2.2597707198875789E+00
      82.0000000000000000   5.5270389746160484E+00   2.2546124828264085E+00
      83.0000000000000000   5.5617100690670114E+00   2.2492783524082398E+00
      84.0000000000000000   5.5965204748475328E+00   2.2437814615441076E+00
      85.0000000000000000   5.6314617002788872E+00   2.2381341280501719E+00
      86.0000000000000000   5.6665257730544525E+00   2.2323479071441268E+00
      87.0000000000000000   5.7017052030605546E+00   2.2264336410627190E+00
      88.0000000000000000   5.7369929518686700E+00   2.2204015019922698E+00
      89.0000000000000000   5.7723823967462646E+00   2.2142610387161303E+00
      90.0000000000000000   5.8078673049660710E+00   2.2080212135859654E+00
      91.0000000000000000   5.8434418072161298E+00   2.2016904402344624E+00
      92.0000000000000000   5.8791003730893401E+00   2.1952766181306935E+00
      93.0000000000000000   5.9148377886353307E+00   2.1887871648243258E+00
      94.0000000000000000   5.9506491356215436E+00   2.1822290460422988E+00
      95.0000000000000000   5.9865297723310258E+00   2.1756088037875299E+00
      96.0000000000000000   6.0224753158038009E+00   2.1689325825790187E+00
      97.0000000000000000   6.0584816253741778E+00   2.1622061539627295E+00
      98.0000000000000000   6.0945447872175462E+00   2.1554349394235586E+00
      99.0000000000000000   6.1306611009548178E+00   2.1486240317492618E+00
     100.0000000000000000   6.1668270652123915E+00   2.1417782151029634E+00
     110.0000000000000000   6.5305679462800263E+00   2.0722659860984280E+00
     120.0000000000000000   6.8965258739223749E+00   2.0028231462817696E+00
     130.0000000000000000   7.2631711821364418E+00   1.9352106018787669E+00
     140.0000000000000000   7.6263865931016026E+00   1.8742971760042226E+00
     150.0000000000000000   7.9897228062099099E+00   1.8156817108729315E+00
     160.0000000000000000   8.3540940628410212E+00   1.7573531507892863E+00
     170.0000000000000000   8.7151580896772209E+00   1.7041184572029162E+00
     180.0000000000000000   9.0731894643417448E+00   1.6552981266667099E+00
     190.0000000000000000   9.4284307185277942E+00   1.6103306187010451E+00
     200.0000000000000000   9.7846207091734900E+00   1.5650373420196271E+00
     210.0000000000000000   1.0138137054655106E+01   1.5231508927810735E+00
     220.0000000000000000   1.0492487557563846E+01   1.4809489673087151E+00
     230.0000000000000000   1.0841062766571641E+01   1.4449295287983366E+00
     233.9989999999999952   1.0979838325893484E+01   1.4312087045020270E+00
     234.0010000000000048   1.0979910827989112E+01   1.4311988314795145E+00
     236.9989999999999952   1.1085302112140360E+01   1.4196254659555712E+00
     237.0010000000000048   1.1085374461418313E+01   1.4196157853926583E+00
     240.0000000000000000   1.1190589422336036E+01   1.4082794622713761E+00
     250.0000000000000000   1.1537877166131622E+01   1.3740482016135205E+00
     260.0000000000000000   1.1883050583060177E+01   1.3419927798728541E+00
     270.0000000000000000   1.2226223685200127E+01   1.3119023135723074E+00
     280.0000000000000000   1.2567500974275074E+01   1.2835928689682636E+00
     290.0000000000000000   1.2909767523495528E+01   1.2544661524636527E+00
     300.0000000000000000   1.3250207281054495E+01   1.2269988153019484E+00
     310.0000000000000000   1.3586195654136345E+01   1.2033131465564195E+00
     320.0000000000000000   1.3923263734037931E+01   1.1786731581077270E+00
     330.0000000000000000   1.4258734150062610E+01   1.1553139059057458E+00
     340.0000000000000000   1.4592672884550186E+01   1.1331341165791369E+00
     350.0000000000000000   1.4925141584276655E+01   1.1120431025752011E+00
     360.0000000000000000   1.5256197921567555E+01   1.0919594088171602E+00
     370.0000000000000000   1.5585895945992350E+01   1.0728096467747084E+00
     380.0000000000000000   1.5916691966893799E+01   1.0527186211582404E+00
     390.0000000000000000   1.6243779291627348E+01   1.0352956585887361E+00
     398.9990000000000236   1.6538727500047351E+01   1.0190594642236306E+00
     399.0009999999999764   1.6538793987327143E+01   1.0190551642903583E+00
     400.0000000000000000   1.6571998425833485E+01   1.0169121903500149E+00
     410.0000000000000000   1.6896654650822569E+01   1.0009871738401537E+00
     415.9990000000000236   1.7092710525728396E+01   9.9043888031857030E-01
     416.0009999999999764   1.7092776588333475E+01   9.9043486170432848E-01
     420.0000000000000000   1.7222465117992648E+01   9.8409332688425599E-01
     430.0000000000000000   1.7544850363933328E+01   9.6947658563183869E-01
     440.0000000000000000   1.7868402726676525E+01   9.5389064224465858E-01
     450.0000000000000000   1.8190868652480528E+01   9.3891805327338962E-01
     460.0000000000000000   1.8512279808382210E+01   9.2452222478829382E-01
     470.0000000000000000   1.8830495507539599E+01   9.1210637837123609E-01
     480.0000000000000000   1.9149905905199542E+01   8.9873308499348858E-01
     490.0000000000000000   1.9468348461502529E+01   8.8584414159506575E-01
     500.0000000000000000   1.9785849361017188E+01   8.7341285449836348E-01
     510.0000000000000000   2.0102433640766630E+01   8.6141446740595840E-01
     510.9989999999999668   2.0134426821588271E+01   8.5997641191083185E-01
     511.0009999999999195   2.0134490863139572E+01   8.5997353811121924E-01
     520.0000000000000000   2.0418125233928752E+01   8.4982600292641131E-01
     530.0000000000000000   2.0732947023517539E+01   8.3862611197081183E-01
     540.0000000000000000   2.1046920889605051E+01   8.2779493969418427E-01
     550.0000000000000000   2.1362079554904476E+01   8.1610044881340638E-01
     560.0000000000000000   2.1674398772239279E+01   8.0597591230542387E-01
     570.0000000000000000   2.1985930455472452E+01   7.9616726121494741E-01
     580.0000000000000000   2.2296693328048679E+01   7.8665933059511650E-01
     590.0000000000000000   2.2608656071099475E+01   7.7631163264604464E-01
     600.0000000000000000   2.2917911184973978E+01   7.6738499610833955E-01
     610.0000000000000000   2.3226448881780037E+01   7.5871863937702755E-01
     620.0000000000000000   2.3536194926221643E+01   7.4923150008790218E-01
     630.0000000000000000   2.3843321522284050E+01   7.4107087480241696E-01
     640.0000000000000000   2.4149776803975428E+01   7.3313692960505594E-01
     650.0000000000000000   2.4457440743053109E+01   7.2440313074750018E-01
     660.0000000000000000   2.4762570946253348E+01   7.1691232168379959E-01
     670.0000000000000000   2.5068915823921699E+01   7.0863424597530233E-01
     680.0000000000000000   2.5372774189812453E+01   7.0154978759810782E-01
     690.0000000000000000   2.5677849639736102E+01   6.9369145249987441E-01
     700.0000000000000000   2.5980485449361684E+01   6.8698076098830829E-01
     710.0000000000000000   2.6284338356884561E+01   6.7950973091929312E-01
     720.0000000000000000   2.6587591999089803E+01   6.7222961226570710E-01
     730.0000000000000000   2.6888471536803372E+01   6.6603104782411571E-01
     740.0000000000000000   2.7190569466635033E+01   6.5909423079282203E-01
     750.0000000000000000   2.7490333348338336E+01   6.5320314280886460E-01
     760.0000000000000000   2.7791315238702879E+01   6.4658494561319535E-01
     770.0000000000000000   2.8091747801384436E+01   6.4012520392493755E-01
     780.0000000000000000   2.8389904780553117E+01   6.3465761825984546E-01
     790.0000000000000000   2.8689278500623765E+01   6.2848247660633494E-01
     800.0000000000000000   2.8988129991543108E+01   6.2244953268213821E-01
     810.0000000000000000   2.9286465811901866E+01   6.1655464417548367E-01
     820.0000000000000000   2.9582600536256997E+01   6.1158605041976810E-01
     830.0000000000000000   2.9879947504518672E+01   6.0593676667730878E-01
     840.0000000000000000   3.0176803920975509E+01   6.0041167050434019E-01
     850.0000000000000000   3.0473176447879982E+01   5.9500698441428113E-01
     860.0000000000000000   3.0769074615702863E+01   5.8971771681667906E-01
     870.0000000000000000   3.1064508386771831E+01   5.8453881571650856E-01
     880.0000000000000000   3.1357836857277846E+01   5.8020295228890917E-01
     890.0000000000000000   3.1652365979848220E+01   5.7522623039019638E-01
     900.0000000000000000   3.1946446824300139E+01   5.7035164307459996E-01
     910.0000000000000000   3.2240086057760458E+01   5.6557588116955815E-01
     920.0000000000000000   3.2533290914597899E+01   5.6089546114017497E-01
     930.0000000000000000   3.2826068524737309E+01   5.5630702092683260E-01
     940.0000000000000000   3.3118425299435380E+01   5.5180757365787991E-01
     950.0000000000000000   3.3410366931534995E+01   5.4739449353347214E-01
     960.0000000000000000   3.3701898721987945E+01   5.4306536720071097E-01
     970.0000000000000000   3.3993025834225229E+01   5.3881788083110549E-01
     980.0000000000000000   3.4283753381796288E+01   5.3464977994838836E-01
     990.0000000000000000   3.4574086429785005E+01   5.3055886687345122E-01
    1000.0000000000000000   3.4864029976659410E+01   5.2654300672516452E-01
    1100.0000000000000000   3.7743083330937047E+01   4.9008893056682684E-01
    1200.0000000000000000   4.0589525898962357E+01   4.5870964422408944E-01
    1300.0000000000000000   4.3406804219933655E+01   4.3130843870509789E-01
    1400.0000000000000000   4.6197802389097966E+01   4.0707413260216463E-01
    1500.0000000000000000   4.8963492436520824E+01   3.8585365109831871E-01
    1600.0000000000000000   5.1705980770087272E+01   3.6711199752585594E-01
    1700.0000000000000000   5.4428459988884569E+01   3.5003669865986864E-01
    1800.0000000000000000   5.7131071075907371E+01   3.3474067107938793E-01
    1900.0000000000000000   5.9816530685018812E+01   3.2059900609355801E-01
    2000.0000000000000000   6.2484682515571365E+01   3.0778442906722858E-01
    2100.0000000000000000   6.5136565736260678E+01   2.9612386544903258E-01
    2200.0000000000000000   6.7773248597292380E+01   2.8544383749611557E-01
    2300.0000000000000000   7.0396761355102399E+01   2.7534698551417980E-01
    2400.0000000000000000   7.3006346816165063E+01   2.6609945767272269E-01
    2500.0000000000000000   7.5602158107821424E+01   2.5773106156226172E-01
    2526.9989999999997963   7.6301232207295769E+01   2.5549825472874987E-01
    2527.0010000000002037   7.6301284002959449E+01   2.5549808022027781E-01
    2600.0000000000000000   7.8186685728889074E+01   2.4975105436809647E-01
    2631.9989999999997963   7.9011416653346501E+01   2.4726992021299410E-01
    2632.0010000000002037   7.9011468175044087E+01   2.4726976319363536E-01
    2700.0000000000000000   8.0760454205357320E+01   2.4212245712180175E-01
    2800.0000000000000000   8.3322322358530784E+01   2.3515402015018377E-01
    2871.9989999999997963   8.5159829768619090E+01   2.3048820642860474E-01
    2872.0010000000002037   8.5159880822702860E+01   2.3048806202696154E-01
    2900.0000000000000000   8.5874209832996684E+01   2.2849272945620286E-01
    3000.0000000000000000   8.8414974373318657E+01   2.2241312727086054E-01
    3100.0000000000000000   9.0946588706841624E+01   2.1657110722310288E-01
    3200.0000000000000000   9.3469223457495403E+01   2.1100026388461277E-01
    3300.0000000000000000   9.5982647872139424E+01   2.0576181184800468E-01
    3400.0000000000000000   9.8487256030590714E+01   2.0082500640508857E-01
    3500.0000000000000000   1.0098349000961190E+02   1.9614688977724448E-01
    3600.0000000000000000   1.0347128659110979E+02   1.9175618583338389E-01
    3700.0000000000000000   1.0595176666561530E+02   1.8750517182171639E-01
    3800.0000000000000000   1.0842397929136897E+02   1.8356909398900653E-01
    3900.0000000000000000   1.1089048430161994E+02   1.7957347707352805E-01
    4000.0000000000000000   1.1334898945235093E+02   1.7589461793841307E-01
    4100.0000000000000000   1.1580086712229021E+02   1.7233948382541217E-01
    4200.0000000000000000   1.1824541988897703E+02   1.6903436470729713E-01
    4300.0000000000000000   1.2068376631297164E+02   1.6582192244292865E-01
    4400.0000000000000000   1.2311671144728653E+02   1.6262829688321867E-01
    4500.0000000000000000   1.2554230785747309E+02   1.5973498358855551E-01
    4600.0000000000000000   1.2796304233935282E+02   1.5680060677406718E-01
    4700.0000000000000000   1.3037681101102129E+02   1.5413133389744729E-01
    4800.0000000000000000   1.3278629071986757E+02   1.5140010087679298E-01
    4900.0000000000000000   1.3518992418261541E+02   1.4880831463160743E-01
    5000.0000000000000000   1.3758804036044279E+02   1.4632677701895980E-01
    5100.0000000000000000   1.3998079656310904E+02   1.4394838166705959E-01
    5200.0000000000000000   1.4236829415237941E+02   1.4166989422820436E-01
    5300.0000000000000000   1.4475065376623076E+02   1.3948365551548753E-01
    5400.0000000000000000   1.4712766503194456E+02   1.3742175040964111E-01
    5500.0000000000000000   1.4950126321962458E+02   1.3527893908415267E-01
    5600.0000000000000000   1.5186984311616365E+02   1.3325469845384219E-01
    5700.0000000000000000   1.5423282161420715E+02   1.3138184233690448E-01
    5800.0000000000000000   1.5659331001377376E+02   1.2938552208679871E-01
    5900.0000000000000000   1.5894662993729111E+02   1.2772166607125046E-01
    6000.0000000000000000   1.6129831055685077E+02   1.2585254823128664E-01
    6100.0000000000000000   1.6364565820916627E+02   1.2403806248000590E-01
    6200.0000000000000000   1.6598599535321284E+02   1.2256738198848775E-01
    6300.0000000000000000   1.6832578069932572E+02   1.2079319309965714E-01
    6400.0000000000000000   1.7066011857820817E+02   1.1922758324541718E-01
    6500.0000000000000000   1.7299079301794086E+02   1.1767890017470310E-01
    6600.0000000000000000   1.7531780230100486E+02   1.1615457502902131E-01
    6700.0000000000000000   1.7764093362976021E+02   1.1468331841821579E-01
    6800.0000000000000000   1.7996005510454796E+02   1.1328475586481516E-01
    6900.0000000000000000   1.8227551574916242E+02   1.1192786019424118E-01
    7000.0000000000000000   1.8458727137115554E+02   1.1061497180041344E-01
    7100.0000000000000000   1.8689633853628811E+02   1.0926485461885313E-01
    7200.0000000000000000   1.8919979906728003E+02   1.0814605621602334E-01
    7300.0000000000000000   1.9150144195167985E+02   1.0691207142180961E-01
    7400.0000000000000000   1.9380225857515910E+02   1.0550500919202924E-01
    7500.0000000000000000   1.9609641866863342E+02   1.0441305336890833E-01
    7600.0000000000000000   1.9838672006582718E+02   1.0340205659541686E-01
    7700.0000000000000000   2.0067846214683388E+02   1.0203616804396240E-01
    7800.0000000000000000   2.0296286070760266E+02   1.0104683048685532E-01
    7900.0000000000000000   2.0524565487583089E+02   9.9966104863641908E-02
    8000.0000000000000000   2.0752611405310492E+02   9.8849915923885118E-02
    8100.0000000000000000   2.0980125394136388E+02   9.7946050547982888E-02
    8200.0000000000000000   2.1207598350181553E+02   9.6871316093955218E-02
    8300.0000000000000000   2.1434755738833866E+02   9.5837236682914981E-02
    8400.0000000000000000   2.1661500772543499E+02   9.4917642394180629E-02
    8500.0000000000000000   2.1888090313591135E+02   9.3930312941334401E-02
    8600.0000000000000000   2.2114059272963109E+02   9.3227492724674371E-02
    8700.0000000000000000   2.2340237397214528E+02   9.2170802706581498E-02
    8800.0000000000000000   2.2566031730334001E+02   9.1234666975093220E-02
    8900.0000000000000000   2.2791352367110952E+02   9.0446109692726123E-02
    9000.0000000000000000   2.3016435568920224E+02   8.9669092974986847E-02
    9100.0000000000000000   2.3241587018203117E+02   8.8672282422401785E-02
    9200.0000000000000000   2.3466192701990849E+02   8.7914425752505368E-02
    9300.0000000000000000   2.3690768841334776E+02   8.6999773984889242E-02
    9400.0000000000000000   2.3914716991934105E+02   8.6381394004882622E-02
    9500.0000000000000000   2.4138432349886654E+02   8.5772990470422361E-02
    9600.0000000000000000   2.4362190801274332E+02   8.4962326403844032E-02
    9700.0000000000000000   2.4585749904749434E+02   8.4134003092954282E-02
    9800.0000000000000000   2.4809032251556144E+02   8.3356203146645852E-02
    9900.0000000000000000   2.5032037504101248E+02   8.2626548814805537E-02
   10000.0000000000000000   2.5254792098846153E+02   8.1923873489983493E-02
   11000.0000000000000000   2.7470241833927076E+02   7.5555006200092964E-02
   12000.0000000000000000   2.9664961084865405E+02   7.0410722691249164E-02
   13000.0000000000000000   3.1842068567471995E+02   6.5594396694600265E-02
   14000.0000000000000000   3.4001922788111330E+02   6.1770327310996020E-02
   15000.0000000000000000   3.6146919789775325E+02   5.8253469126444496E-02
   16000.0000000000000000   3.8277586840509366E+02   5.5197374247661614E-02
   17000.0000000000000000   4.0396261640810121E+02   5.2135682293081263E-02
   18000.0000000000000000   4.2502331680955302E+02   4.9552396775681871E-02
   19000.0000000000000000   4.4596720420843013E+02   4.7430933408436828E-02
   20000.0000000000000000   4.6680996380154005E+02   4.5252064401469311E-02
   20005.9989999999997963   4.6692939388231332E+02   4.5443843870509489E-02
   20006.0010000000002037   4.6692943335190523E+02   4.5443920170632875E-02
   21000.0000000000000000   4.8755388483574791E+02   4.3279117586449298E-02
   22000.0000000000000000   5.0819118369272741E+02   4.2017396983363410E-02
   23000.0000000000000000   5.2874747913950398E+02   4.0470836555462228E-02
   24000.0000000000000000   5.4923215231358063E+02   3.8754624996537673E-02
   25000.0000000000000000   5.6962843747354805E+02   3.7281972606058929E-02
   26000.0000000000000000   5.8994744302652487E+02   3.6017039962508574E-02
   27000.0000000000000000   6.1019581544310131E+02   3.4847208235868475E-02
   28000.0000000000000000   6.3036432218514108E+02   3.3899038978815327E-02
   29000.0000000000000000   6.5047179582077672E+02   3.2777010973464263E-02
   30000.0000000000000000   6.7051141051831269E+02   3.2043367845749252E-02
   31000.0000000000000000   6.9049039967699491E+02   3.1300302232053261E-02
   32000.0000000000000000   7.1041188907360447E+02   3.0270570914246963E-02
   33000.0000000000000000   7.3028605482517708E+02   2.9303257758823614E-02
   34000.0000000000000000   7.5009843672402087E+02   2.8542660576208474E-02
   35000.0000000000000000   7.6984515034240894E+02   2.8031294850495592E-02
   36000.0000000000000000   7.8954894126509464E+02   2.7451180544807916E-02
   37000.0000000000000000   8.0923570552783849E+02   2.6422780119403588E-02
   38000.0000000000000000   8.2882609556135151E+02   2.6346202304255904E-02
   39000.0000000000000000   8.4839089498550936E+02   2.5352586468593844E-02
   40000.0000000000000000   8.6792567187169084E+02   2.4788223058036952E-02
   41000.0000000000000000   8.8738971049485883E+02   2.4169684090345003E-02
   42000.0000000000000000   9.0682503814119309E+02   2.3915024433413947E-02
   43000.0000000000000000   9.2620324527044215E+02   2.3167932123299859E-02
   44000.0000000000000000   9.4556221024811612E+02   2.2943349378007759E-02
   45000.0000000000000000   9.6486502181997321E+02   2.2766056687158639E-02
   46000.0000000000000000   9.8412652965479197E+02   2.2046924540938276E-02
   47000.0000000000000000   1.0033602128922926E+03   2.1585254781150753E-02
   48000.0000000000000000   1.0225564612392576E+03   2.1438861273927561E-02
   49000.0000000000000000   1.0417346819811648E+03   2.0955859840055800E-02
   50000.0000000000000000   1.0608822769206588E+03   2.0417443959945436E-02
