       0.1000000000000000   1.0000000000000000E+30
       0.2000000000000000   1.0000000000000000E+30
       0.3000000000000000   1.0000000000000000E+30
       0.4000000000000000   1.0000000000000000E+30
       0.5000000000000000   1.0000000000000000E+30
       0.6000000000000000   1.0000000000000000E+30
       0.7000000000000000   1.0000000000000000E+30
       0.7999999999999999   1.0000000000000000E+30
       0.8999999999999999   1.0000000000000000E+30
       0.9999999999999999   1.0000000000000000E+30
       2.0000000000000000   1.0000000000000000E+30
       3.0000000000000000   1.0000000000000000E+30
       4.0000000000000000   1.0000000000000000E+30
       5.0000000000000000   1.0000000000000000E+30
       6.0000000000000000   1.0000000000000000E+30
       7.0000000000000000   1.0000000000000000E+30
       8.0000000000000000   1.0000000000000000E+30
       9.0000000000000000   1.0000000000000000E+30
      10.0000000000000000   1.0000000000000000E+30
      11.0000000000000000   1.0000000000000000E+30
      12.0000000000000000   1.0000000000000000E+30
      13.0000000000000000   1.0000000000000000E+30
      14.0000000000000000   1.0000000000000000E+30
      15.0000000000000000   1.0000000000000000E+30
      16.0000000000000000   1.0000000000000000E+30
      17.0000000000000000   1.0000000000000000E+30
      18.0000000000000000   1.0000000000000000E+30
      19.0000000000000000   1.0000000000000000E+30
      20.0000000000000000   1.0000000000000000E+30
      21.0000000000000000   1.0000000000000000E+30
      22.0000000000000000   1.0000000000000000E+30
      23.0000000000000000   1.0000000000000000E+30
      24.0000000000000000   1.0000000000000000E+30
      25.0000000000000000   1.0000000000000000E+30
      26.0000000000000000   1.0000000000000000E+30
      27.0000000000000000   1.0000000000000000E+30
      28.0000000000000000   1.0000000000000000E+30
      29.0000000000000000   1.0000000000000000E+30
      30.0000000000000000   1.0000000000000000E+30
      31.0000000000000000   1.0000000000000000E+30
      32.0000000000000000   1.0000000000000000E+30
      33.0000000000000000   1.0000000000000000E+30
      34.0000000000000000   1.0000000000000000E+30
      35.0000000000000000   1.0000000000000000E+30
      36.0000000000000000   1.0000000000000000E+30
      37.0000000000000000   1.0000000000000000E+30
      38.0000000000000000   1.0000000000000000E+30
      39.0000000000000000   1.0000000000000000E+30
      40.0000000000000000   1.0000000000000000E+30
      41.0000000000000000   1.0000000000000000E+30
      41.9990000000000023   1.0000000000000000E+30
      42.0000000000000000   1.0000000000000000E+30
      42.0009999999999977   1.0000000000000000E+30
      43.0000000000000000   1.0000000000000000E+30
      44.0000000000000000   1.0000000000000000E+30
      44.9990000000000023   1.0000000000000000E+30
      45.0000000000000000   1.0000000000000000E+30
      45.0009999999999977   1.0000000000000000E+30
      46.0000000000000000   1.0000000000000000E+30
      47.0000000000000000   1.0000000000000000E+30
      48.0000000000000000   1.0000000000000000E+30
      49.0000000000000000   1.0000000000000000E+30
      50.0000000000000000   1.0000000000000000E+30
      51.0000000000000000   1.0000000000000000E+30
      52.0000000000000000   1.0000000000000000E+30
      53.0000000000000000   1.0000000000000000E+30
      54.0000000000000000   1.0000000000000000E+30
      55.0000000000000000   1.0000000000000000E+30
      56.0000000000000000   1.0000000000000000E+30
      57.0000000000000000   1.0000000000000000E+30
      58.0000000000000000   1.0000000000000000E+30
      59.0000000000000000   1.0000000000000000E+30
      60.0000000000000000   1.0000000000000000E+30
      61.0000000000000000   1.0000000000000000E+30
      62.0000000000000000   1.0000000000000000E+30
      63.0000000000000000   1.0000000000000000E+30
      64.0000000000000000   1.0000000000000000E+30
      65.0000000000000000   1.0000000000000000E+30
      66.0000000000000000   1.0000000000000000E+30
      67.0000000000000000   1.0000000000000000E+30
      67.9989999999999952   1.0000000000000000E+30
      68.0000000000000000   1.0000000000000000E+30
      68.0010000000000048   1.0000000000000000E+30
      69.0000000000000000   1.0000000000000000E+30
      70.0000000000000000   1.0000000000000000E+30
      71.0000000000000000   1.0000000000000000E+30
      72.0000000000000000   1.0000000000000000E+30
      73.0000000000000000   1.0000000000000000E+30
      74.0000000000000000   1.0000000000000000E+30
      75.0000000000000000   1.0000000000000000E+30
      76.0000000000000000   1.0000000000000000E+30
      77.0000000000000000   1.0000000000000000E+30
      78.0000000000000000   1.0000000000000000E+30
      79.0000000000000000   1.0000000000000000E+30
      80.0000000000000000   1.0000000000000000E+30
      81.0000000000000000   1.0000000000000000E+30
      82.0000000000000000   1.0000000000000000E+30
      83.0000000000000000   1.0000000000000000E+30
      84.0000000000000000   1.0000000000000000E+30
      85.0000000000000000   1.0000000000000000E+30
      86.0000000000000000   1.0000000000000000E+30
      87.0000000000000000   1.0000000000000000E+30
      88.0000000000000000   1.0000000000000000E+30
      89.0000000000000000   1.0000000000000000E+30
      90.0000000000000000   1.0000000000000000E+30
      91.0000000000000000   1.0000000000000000E+30
      92.0000000000000000   1.0000000000000000E+30
      93.0000000000000000   1.0000000000000000E+30
      94.0000000000000000   1.0000000000000000E+30
      95.0000000000000000   1.0000000000000000E+30
      96.0000000000000000   1.0000000000000000E+30
      97.0000000000000000   1.0000000000000000E+30
      98.0000000000000000   1.0000000000000000E+30
      99.0000000000000000   1.0000000000000000E+30
     100.0000000000000000   1.0000000000000000E+30
     110.0000000000000000   1.0000000000000000E+30
     120.0000000000000000   1.0000000000000000E+30
     130.0000000000000000   1.0000000000000000E+30
     140.0000000000000000   1.0000000000000000E+30
     150.0000000000000000   1.0000000000000000E+30
     160.0000000000000000   1.0000000000000000E+30
     170.0000000000000000   1.0000000000000000E+30
     180.0000000000000000   1.0000000000000000E+30
     190.0000000000000000   1.0000000000000000E+30
     200.0000000000000000   1.0000000000000000E+30
     210.0000000000000000   1.0000000000000000E+30
     220.0000000000000000   1.0000000000000000E+30
     230.0000000000000000   1.0000000000000000E+30
     233.9989999999999952   1.0000000000000000E+30
     234.0010000000000048   4.3525581483286609E+04
     236.9989999999999952   4.3286704574451658E+04
     237.0010000000000048   4.3286546092106197E+04
     240.0000000000000000   4.2106199245187410E+04
     250.0000000000000000   1.7089074130493900E+04
     260.0000000000000000   5.5881081482216705E+03
     270.0000000000000000   3.4336621957637944E+03
     280.0000000000000000   2.7366262171418757E+03
     290.0000000000000000   2.4527836573839822E+03
     300.0000000000000000   2.3663409857311453E+03
     310.0000000000000000   2.3563014286349812E+03
     320.0000000000000000   2.3720320707264000E+03
     330.0000000000000000   2.3879741596170625E+03
     340.0000000000000000   2.4489519192491971E+03
     350.0000000000000000   2.5113775448290935E+03
     360.0000000000000000   2.5878631289542550E+03
     370.0000000000000000   2.6691538910284826E+03
     380.0000000000000000   2.7711481474478692E+03
     390.0000000000000000   2.8764853434737488E+03
     398.9990000000000236   2.9767726514867118E+03
     399.0009999999999764   2.9767957172900215E+03
     400.0000000000000000   2.9881847383850618E+03
     410.0000000000000000   3.1004936978124897E+03
     415.9990000000000236   3.1723184762575584E+03
     416.0009999999999764   3.1723429767441971E+03
     420.0000000000000000   3.2221004611412577E+03
     430.0000000000000000   3.3526421681206107E+03
     440.0000000000000000   3.4940433402663166E+03
     450.0000000000000000   3.6360124636689629E+03
     460.0000000000000000   3.7913365527192586E+03
     470.0000000000000000   3.9607390306916686E+03
     480.0000000000000000   4.1206659381928475E+03
     490.0000000000000000   4.2957044413049507E+03
     500.0000000000000000   4.4911152574949647E+03
     510.0000000000000000   4.6606564760021483E+03
     510.9989999999999668   4.6805431219985212E+03
     511.0009999999999195   4.6805831053244856E+03
     520.0000000000000000   4.8676810589751422E+03
     530.0000000000000000   5.0678026663639102E+03
     540.0000000000000000   5.2629628881119352E+03
     550.0000000000000000   5.4903461883835307E+03
     560.0000000000000000   5.7148628207914335E+03
     570.0000000000000000   5.9712197295483402E+03
     580.0000000000000000   6.1873584447960975E+03
     590.0000000000000000   6.4419791438974598E+03
     600.0000000000000000   6.7239383967556678E+03
     610.0000000000000000   6.9727375881461230E+03
     620.0000000000000000   7.2762906881496128E+03
     630.0000000000000000   7.5255256218474233E+03
     640.0000000000000000   7.8182573420656936E+03
     650.0000000000000000   8.1456919475378618E+03
     660.0000000000000000   8.4298351598536156E+03
     670.0000000000000000   8.7788188665571433E+03
     680.0000000000000000   9.0651039972525250E+03
     690.0000000000000000   9.4033064914660172E+03
     700.0000000000000000   9.7753292166264382E+03
     710.0000000000000000   1.0127208949630070E+04
     720.0000000000000000   1.0479653032373682E+04
     730.0000000000000000   1.0885488636733669E+04
     740.0000000000000000   1.1241800312670550E+04
     750.0000000000000000   1.1634250951917920E+04
     760.0000000000000000   1.2072316633641871E+04
     770.0000000000000000   1.2475780411397665E+04
     780.0000000000000000   1.2944104387726387E+04
     790.0000000000000000   1.3343591288111673E+04
     800.0000000000000000   1.3839029436180646E+04
     810.0000000000000000   1.4240246125789092E+04
     820.0000000000000000   1.4753609834763643E+04
     830.0000000000000000   1.5216585771428223E+04
     840.0000000000000000   1.5695966423136679E+04
     850.0000000000000000   1.6240148589121576E+04
     860.0000000000000000   1.6715983769269224E+04
     870.0000000000000000   1.7285737776299276E+04
     880.0000000000000000   1.7895701743587164E+04
     890.0000000000000000   1.8357866678691033E+04
     900.0000000000000000   1.8982454352099052E+04
     910.0000000000000000   1.9518615818954371E+04
     920.0000000000000000   2.0177538226939592E+04
     930.0000000000000000   2.0729562845332071E+04
     940.0000000000000000   2.1332799674078527E+04
     950.0000000000000000   2.2009442242318823E+04
     960.0000000000000000   2.2610152742820177E+04
     970.0000000000000000   2.3319771913111603E+04
     980.0000000000000000   2.3929264671262252E+04
     990.0000000000000000   2.4660825669221933E+04
    1000.0000000000000000   2.5438527569856535E+04
    1100.0000000000000000   3.3289441734136846E+04
    1200.0000000000000000   4.2988242611616741E+04
    1300.0000000000000000   5.4458937986971861E+04
    1400.0000000000000000   6.8058611611400309E+04
    1500.0000000000000000   8.3998807315138169E+04
    1600.0000000000000000   1.0265752408018932E+05
    1700.0000000000000000   1.2404554902158376E+05
    1800.0000000000000000   1.4858964978453110E+05
    1900.0000000000000000   1.7681239427499138E+05
    2000.0000000000000000   2.0874136839081085E+05
    2100.0000000000000000   2.4461461758009144E+05
    2200.0000000000000000   2.8619644341607980E+05
    2300.0000000000000000   3.3112479626549419E+05
    2400.0000000000000000   3.8138491777064023E+05
    2500.0000000000000000   4.3875281801750348E+05
    2526.9989999999997963   4.5399110226765199E+05
    2527.0010000000002037   4.5399239980214520E+05
    2600.0000000000000000   4.9958540528029361E+05
    2631.9989999999997963   5.2003454999400338E+05
    2632.0010000000002037   5.2003593821740209E+05
    2700.0000000000000000   5.6880061797387339E+05
    2800.0000000000000000   6.4639274442194658E+05
    2871.9989999999997963   7.0257485751916270E+05
    2872.0010000000002037   7.0257665020660625E+05
    2900.0000000000000000   7.2591254047102446E+05
    3000.0000000000000000   8.1526701625316322E+05
    3100.0000000000000000   9.1474967693809804E+05
    3200.0000000000000000   1.0281903368811100E+06
    3300.0000000000000000   1.1420269139120511E+06
    3400.0000000000000000   1.2675891630572574E+06
    3500.0000000000000000   1.4026012048051283E+06
    3600.0000000000000000   1.5514107052391318E+06
    3700.0000000000000000   1.7153836184024990E+06
    3800.0000000000000000   1.8839179419599003E+06
    3900.0000000000000000   2.0629186899773176E+06
    4000.0000000000000000   2.2669251350009535E+06
    4100.0000000000000000   2.4786503025129731E+06
    4200.0000000000000000   2.7112001961418395E+06
    4300.0000000000000000   2.9471610895152325E+06
    4400.0000000000000000   3.2121080063128858E+06
    4500.0000000000000000   3.4785332264839695E+06
    4600.0000000000000000   3.7715080677124900E+06
    4700.0000000000000000   4.0868475992065477E+06
    4800.0000000000000000   4.4131343406101950E+06
    4900.0000000000000000   4.7671677980584651E+06
    5000.0000000000000000   5.1426573054107931E+06
    5100.0000000000000000   5.5318061327345362E+06
    5200.0000000000000000   5.9606841696056314E+06
    5300.0000000000000000   6.4070923883506237E+06
    5400.0000000000000000   6.8564692411651025E+06
    5500.0000000000000000   7.3501262439372046E+06
    5600.0000000000000000   7.8680582354959678E+06
    5700.0000000000000000   8.4277766152725946E+06
    5800.0000000000000000   8.9872305291283391E+06
    5900.0000000000000000   9.5896497842253260E+06
    6000.0000000000000000   1.0226968674289653E+07
    6100.0000000000000000   1.0904707908636494E+07
    6200.0000000000000000   1.1607360159888022E+07
    6300.0000000000000000   1.2335051923265724E+07
    6400.0000000000000000   1.3112424541356785E+07
    6500.0000000000000000   1.3923551611599870E+07
    6600.0000000000000000   1.4734345609110709E+07
    6700.0000000000000000   1.5687012933025029E+07
    6800.0000000000000000   1.6597257083782047E+07
    6900.0000000000000000   1.7490704585683145E+07
    7000.0000000000000000   1.8485178754399989E+07
    7100.0000000000000000   1.9612853150256887E+07
    7200.0000000000000000   2.0679653168778721E+07
    7300.0000000000000000   2.1826731174043968E+07
    7400.0000000000000000   2.3016518299112480E+07
    7500.0000000000000000   2.4197331362193279E+07
    7600.0000000000000000   2.5584835953491300E+07
    7700.0000000000000000   2.6900240209459260E+07
    7800.0000000000000000   2.8272139473487064E+07
    7900.0000000000000000   2.9661850041996460E+07
    8000.0000000000000000   3.1318481759975482E+07
    8100.0000000000000000   3.2759705607684802E+07
    8200.0000000000000000   3.4350683935084440E+07
    8300.0000000000000000   3.6019773350180902E+07
    8400.0000000000000000   3.7900355871683218E+07
    8500.0000000000000000   3.9690527896456540E+07
    8600.0000000000000000   4.1468355348316334E+07
    8700.0000000000000000   4.3533477553128198E+07
    8800.0000000000000000   4.5488637454382293E+07
    8900.0000000000000000   4.7537535528371058E+07
    9000.0000000000000000   4.9881540419854008E+07
    9100.0000000000000000   5.1968542605073564E+07
    9200.0000000000000000   5.4549353219938383E+07
    9300.0000000000000000   5.6684487948375851E+07
    9400.0000000000000000   5.9076872144202545E+07
    9500.0000000000000000   6.1859307615165628E+07
    9600.0000000000000000   6.4386191444517642E+07
    9700.0000000000000000   6.7062003420487732E+07
    9800.0000000000000000   6.9859029260117054E+07
    9900.0000000000000000   7.2764223944526717E+07
   10000.0000000000000000   7.5980631940553367E+07
   11000.0000000000000000   1.1142126184415591E+08
   12000.0000000000000000   1.5865470654667389E+08
   13000.0000000000000000   2.2097096952782938E+08
   14000.0000000000000000   2.9943472337196827E+08
   15000.0000000000000000   3.9946088232090616E+08
   16000.0000000000000000   5.2473327894382036E+08
   17000.0000000000000000   6.7799723321926010E+08
   18000.0000000000000000   8.6025952591288376E+08
   19000.0000000000000000   1.0817785299830494E+09
   20000.0000000000000000   1.3495046488252144E+09
   20005.9989999999997963   1.3514414673887684E+09
   20006.0010000000002037   1.3514421140296178E+09
   21000.0000000000000000   1.6583243011441672E+09
   22000.0000000000000000   2.0258721640920198E+09
   23000.0000000000000000   2.4438793174173174E+09
   24000.0000000000000000   2.9479783029835362E+09
   25000.0000000000000000   3.5074486603639164E+09
   26000.0000000000000000   4.1531100675473747E+09
   27000.0000000000000000   4.8821501712594585E+09
   28000.0000000000000000   5.7293019438807516E+09
   29000.0000000000000000   6.6524248432997694E+09
   30000.0000000000000000   7.7053561108877544E+09
   31000.0000000000000000   8.8772717126245155E+09
   32000.0000000000000000   1.0195069398938189E+10
   33000.0000000000000000   1.1682264814573425E+10
   34000.0000000000000000   1.3294412452059608E+10
   35000.0000000000000000   1.5106368111029716E+10
   36000.0000000000000000   1.7020457221439030E+10
   37000.0000000000000000   1.9173629108470943E+10
   38000.0000000000000000   2.1578900837163921E+10
   39000.0000000000000000   2.4156226733967285E+10
   40000.0000000000000000   2.6981070614659851E+10
   41000.0000000000000000   3.0139007868354061E+10
   42000.0000000000000000   3.3376491737039215E+10
   43000.0000000000000000   3.7077954626991287E+10
   44000.0000000000000000   4.0906117298960510E+10
   45000.0000000000000000   4.5232469972801819E+10
   46000.0000000000000000   4.9704350147953720E+10
   47000.0000000000000000   5.4753361152397514E+10
   48000.0000000000000000   5.9933573472660851E+10
   49000.0000000000000000   6.5532033740631187E+10
   50000.0000000000000000   7.1556160709226959E+10
