       0.1000000000000000   2.4409863924957836E+01   1.1948901536964849E-03
       0.2000000000000000   2.1422303053649944E+01   2.3467740892839217E-03
       0.3000000000000000   2.0388577544479858E+01   3.5027562275134626E-03
       0.4000000000000000   1.9955872296833064E+01   4.6183269435471474E-03
       0.5000000000000000   1.9704370018414011E+01   5.7328479275708605E-03
       0.6000000000000000   1.9539252025605517E+01   6.8485706073314889E-03
       0.7000000000000000   1.9423125720658888E+01   7.9675973710715067E-03
       0.7999999999999999   1.9335753786218159E+01   9.0914042322131263E-03
       0.8999999999999999   1.9267826206610991E+01   1.0218583992027864E-02
       0.9999999999999999   1.9210550345971630E+01   1.1353305686395284E-02
       2.0000000000000000   1.8792784520358950E+01   2.3168026879571479E-02
       3.0000000000000000   1.8320443910826182E+01   3.6143865190359593E-02
       4.0000000000000000   1.7763704809459842E+01   5.0536510962844818E-02
       5.0000000000000000   1.7161286299659437E+01   6.6482136150392043E-02
       6.0000000000000000   1.6544601792913287E+01   8.4053804096798038E-02
       7.0000000000000000   1.5934642310689423E+01   1.0327988042955101E-01
       8.0000000000000000   1.5343601773758886E+01   1.2416752214204516E-01
       9.0000000000000000   1.4778142717301803E+01   1.4671158940697440E-01
      10.0000000000000000   1.4241227398859170E+01   1.7090340581104918E-01
      11.0000000000000000   1.3733672317624562E+01   1.9673376243403895E-01
      12.0000000000000000   1.3254944208061477E+01   2.2419573532076109E-01
      13.0000000000000000   1.2803787007724695E+01   2.5328714611623415E-01
      14.0000000000000000   1.2378489753862775E+01   2.8401249715324428E-01
      15.0000000000000000   1.1977221102010423E+01   3.1638191908677088E-01
      16.0000000000000000   1.1598171023568000E+01   3.5040986776872951E-01
      17.0000000000000000   1.1239576198675239E+01   3.8611633034156345E-01
      18.0000000000000000   1.0899819324670256E+01   4.2352421470632506E-01
      19.0000000000000000   1.0577418643174767E+01   4.6265870314099727E-01
      20.0000000000000000   1.0271043369977079E+01   5.0354615773405498E-01
      21.0000000000000000   9.9795100727460824E+00   5.4621228917232545E-01
      22.0000000000000000   9.7017851727106112E+00   5.9067983844717065E-01
      23.0000000000000000   9.4369648130401682E+00   6.3696715305764651E-01
      24.0000000000000000   9.1842628188667348E+00   6.8508649812789046E-01
      25.0000000000000000   8.9430061426243128E+00   7.3504113089175249E-01
      26.0000000000000000   8.7126204195386556E+00   7.8682321804484578E-01
      27.0000000000000000   8.4926189568226071E+00   8.4041143921465911E-01
      28.0000000000000000   8.2825924033414235E+00   8.9576858874345422E-01
      29.0000000000000000   8.0821963606219267E+00   9.5283951083987473E-01
      30.0000000000000000   7.8911426486493488E+00   1.0115490917722807E+00
      31.0000000000000000   7.7091872240598134E+00   1.0718009187912192E+00
      32.0000000000000000   7.5361220453999165E+00   1.1334762232171345E+00
      33.0000000000000000   7.3717631468871874E+00   1.1964339955498464E+00
      34.0000000000000000   7.2159429433129221E+00   1.2605115259784803E+00
      35.0000000000000000   7.0685011934581148E+00   1.3255260486766867E+00
      36.0000000000000000   6.9292776474567725E+00   1.3912772299410694E+00
      37.0000000000000000   6.7981057008546406E+00   1.4575504738305145E+00
      38.0000000000000000   6.6748074809931728E+00   1.5241208934239447E+00
      39.0000000000000000   6.5591902586333619E+00   1.5907577486296185E+00
      40.0000000000000000   6.4510446215066990E+00   1.6572290783200583E+00
      41.0000000000000000   6.3501436514304830E+00   1.7233063425922628E+00
      42.0000000000000000   6.2562436996405859E+00   1.7887687398798242E+00
      43.0000000000000000   6.1690860624476143E+00   1.8534070697416976E+00
      44.0000000000000000   6.0883995080781022E+00   1.9170269174901131E+00
      45.0000000000000000   6.0139030774681812E+00   1.9794512044437720E+00
      46.0000000000000000   5.9453094746401938E+00   2.0405218879227682E+00
      47.0000000000000000   5.8823282895891671E+00   2.1001009793370895E+00
      48.0000000000000000   5.8246691329770535E+00   2.1580708820617538E+00
      49.0000000000000000   5.7720444915021796E+00   2.2143341523751063E+00
      50.0000000000000000   5.7241722261593226E+00   2.2688127864287950E+00
      51.0000000000000000   5.6807776500847744E+00   2.3214471473196530E+00
      52.0000000000000000   5.6415952338495012E+00   2.3721946287831832E+00
      53.0000000000000000   5.6063698728841995E+00   2.4210281567481911E+00
      54.0000000000000000   5.5748578075265582E+00   2.4679346055270543E+00
      55.0000000000000000   5.5468271906833264E+00   2.5129132019702851E+00
      56.0000000000000000   5.5220584159962431E+00   2.5559739689809020E+00
      57.0000000000000000   5.5003443041167825E+00   2.5971360856114769E+00
      58.0000000000000000   5.4814897192342791E+00   2.6364267221319997E+00
      59.0000000000000000   5.4653114639970024E+00   2.6738796136628000E+00
      60.0000000000000000   5.4516380799598352E+00   2.7095337299970752E+00
      61.0000000000000000   5.4403090352578491E+00   2.7434325134783220E+00
      62.0000000000000000   5.4311744531709412E+00   2.7756227396820861E+00
      63.0000000000000000   5.4240945113699865E+00   2.8061537414153306E+00
      64.0000000000000000   5.4189388714312141E+00   2.8350766896727531E+00
      65.0000000000000000   5.4155861182863401E+00   2.8624439728450448E+00
      66.0000000000000000   5.4139231990008012E+00   2.8883086657943342E+00
      67.0000000000000000   5.4138448766135445E+00   2.9127240796411886E+00
      68.0000000000000000   5.4152532044821386E+00   2.9357433834997000E+00
      69.0000000000000000   5.4180570222833486E+00   2.9574192899275586E+00
      70.0000000000000000   5.4221714789120332E+00   2.9778037959718380E+00
      71.0000000000000000   5.4275175797910711E+00   2.9969479733089899E+00
      72.0000000000000000   5.4340217648533073E+00   3.0149018001663372E+00
      73.0000000000000000   5.4416155115768099E+00   3.0317140297790259E+00
      74.0000000000000000   5.4502349651219282E+00   3.0474320899384280E+00
      75.0000000000000000   5.4598205790437069E+00   3.0621020214727612E+00
      76.0000000000000000   5.4703168573533993E+00   3.0757683768762756E+00
      77.0000000000000000   5.4816719654340798E+00   3.0884742630928388E+00
      78.0000000000000000   5.4938375186260178E+00   3.1002612743292723E+00
      79.0000000000000000   5.5067683131314240E+00   3.1111695012439653E+00
      80.0000000000000000   5.5204220920631437E+00   3.1212375382940567E+00
      81.0000000000000000   5.5347593292417256E+00   3.1305024999580859E+00
      82.0000000000000000   5.5497430305514870E+00   3.1390000441409645E+00
      83.0000000000000000   5.5653385500255474E+00   3.1467644012576552E+00
      84.0000000000000000   5.5815134193470008E+00   3.1538284078892365E+00
      85.0000000000000000   5.5982371926340253E+00   3.1602235437892086E+00
      86.0000000000000000   5.6154813018568763E+00   3.1659799714882664E+00
      87.0000000000000000   5.6332189215898056E+00   3.1711265795841208E+00
      88.0000000000000000   5.6514248568044545E+00   3.1756910177548652E+00
      89.0000000000000000   5.6700754138985054E+00   3.1796997514442942E+00
      90.0000000000000000   5.6891483063818322E+00   3.1831780977193453E+00
      91.0000000000000000   5.7086225564312754E+00   3.1861502705755602E+00
      92.0000000000000000   5.7284784056031484E+00   3.1886394239327696E+00
      93.0000000000000000   5.7486972325266548E+00   3.1906676939969554E+00
      94.0000000000000000   5.7692614768164718E+00   3.1922562408065898E+00
      95.0000000000000000   5.7901545686745015E+00   3.1934252888183186E+00
      96.0000000000000000   5.8113608637544329E+00   3.1941941664209184E+00
      97.0000000000000000   5.8328655828389264E+00   3.1945813442942175E+00
      98.0000000000000000   5.8546547556700066E+00   3.1946044725699219E+00
      99.0000000000000000   5.8767151702792155E+00   3.1942804166568752E+00
     100.0000000000000000   5.8990343230965623E+00   3.1936252919531531E+00
     103.9989999999999952   5.9906473261659317E+00   3.1879939557800232E+00
     104.0010000000000048   5.9906940182128938E+00   3.1879900267602856E+00
     110.0000000000000000   6.1341324424306976E+00   3.1719372695757966E+00
     120.0000000000000000   6.3852386800311951E+00   3.1304253044612507E+00
     130.0000000000000000   6.6467628877001204E+00   3.0769443985216540E+00
     140.0000000000000000   6.9151624680608830E+00   3.0165472479179765E+00
     150.0000000000000000   7.1881125100129211E+00   2.9525096529771440E+00
     153.9989999999999952   7.2981689475552498E+00   2.9263882117131699E+00
     154.0010000000000048   7.2982240942932979E+00   2.9263751067807258E+00
     160.0000000000000000   7.4640427986966209E+00   2.8869662844635067E+00
     170.0000000000000000   7.7418676447129586E+00   2.8213090173747206E+00
     180.0000000000000000   8.0208219246257908E+00   2.7564401320458893E+00
     190.0000000000000000   8.3003581353199092E+00   2.6929357402898608E+00
     200.0000000000000000   8.5780753412026307E+00   2.6341745668615717E+00
     210.0000000000000000   8.8567376948632717E+00   2.5777238366738371E+00
     220.0000000000000000   9.1338348872937836E+00   2.5247372583267813E+00
     230.0000000000000000   9.4147969400681557E+00   2.4679416137739563E+00
     240.0000000000000000   9.6888187812211068E+00   2.4212799853174629E+00
     250.0000000000000000   9.9665016727784508E+00   2.3708921716098739E+00
     260.0000000000000000   1.0242607338878035E+01   2.3234201317102592E+00
     270.0000000000000000   1.0521933198120553E+01   2.2728449247104781E+00
     280.0000000000000000   1.0794990106718920E+01   2.2306917808841260E+00
     290.0000000000000000   1.1066712632187059E+01   2.1907400378278719E+00
     300.0000000000000000   1.1341508714928628E+01   2.1477176668216926E+00
     310.0000000000000000   1.1614881193019851E+01   2.1069376481062427E+00
     320.0000000000000000   1.1886893399154811E+01   2.0682203584422245E+00
     330.0000000000000000   1.2153509640980150E+01   2.0359779388916990E+00
     340.0000000000000000   1.2423056210528172E+01   2.0007680824002332E+00
     350.0000000000000000   1.2695342285734524E+01   1.9629193359235608E+00
     360.0000000000000000   1.2962469363223628E+01   1.9310022395131321E+00
     370.0000000000000000   1.3228497114888272E+01   1.9004910280581548E+00
     380.0000000000000000   1.3493468371271508E+01   1.8712898548285912E+00
     390.0000000000000000   1.3761089426777557E+01   1.8395275885703810E+00
     400.0000000000000000   1.4023988892695780E+01   1.8128020068532786E+00
     410.0000000000000000   1.4289503115203301E+01   1.7835638558739872E+00
     420.0000000000000000   1.4550476539939476E+01   1.7590020679906995E+00
     430.0000000000000000   1.4814021982678021E+01   1.7319829409319143E+00
     440.0000000000000000   1.5076613570833732E+01   1.7060162943636756E+00
     450.0000000000000000   1.5334900373783373E+01   1.6842672412978135E+00
     460.0000000000000000   1.5595704546149475E+01   1.6601457937911004E+00
     470.0000000000000000   1.5855638519106147E+01   1.6369063399030306E+00
     480.0000000000000000   1.6114727467209971E+01   1.6144994560503216E+00
     490.0000000000000000   1.6372995406832324E+01   1.5928794099876973E+00
     500.0000000000000000   1.6630465277555405E+01   1.5720038113727559E+00
     510.0000000000000000   1.6887159005027598E+01   1.5518333082585842E+00
     520.0000000000000000   1.7143097540551370E+01   1.5323313322316494E+00
     530.0000000000000000   1.7398300937400307E+01   1.5134638403878309E+00
     540.0000000000000000   1.7652788391200744E+01   1.4951991046029547E+00
     550.0000000000000000   1.7906578280268700E+01   1.4775075235661146E+00
     560.0000000000000000   1.8159688234480790E+01   1.4603614279182171E+00
     570.0000000000000000   1.8415093168134369E+01   1.4412467843322998E+00
     580.0000000000000000   1.8666857828857761E+01   1.4251632624730728E+00
     590.0000000000000000   1.8917991301344731E+01   1.4095507460896572E+00
     600.0000000000000000   1.9168508595778484E+01   1.3943879596935493E+00
     610.0000000000000000   1.9421274130124463E+01   1.3773441424374033E+00
     620.0000000000000000   1.9670566133385005E+01   1.3630637117277231E+00
     630.0000000000000000   1.9922095398451667E+01   1.3469430196397663E+00
     640.0000000000000000   2.0170215750207110E+01   1.3334687747123224E+00
     650.0000000000000000   2.0417786754901385E+01   1.3203531766412233E+00
     660.0000000000000000   2.0667557723896163E+01   1.3054592664675972E+00
     670.0000000000000000   2.0914030326271764E+01   1.2930527128106546E+00
     680.0000000000000000   2.1162685716840365E+01   1.2789069525978316E+00
     690.0000000000000000   2.1408104689560826E+01   1.2671525936484835E+00
     700.0000000000000000   2.1655687272555468E+01   1.2536972253175749E+00
     710.0000000000000000   2.1900094342278564E+01   1.2425442712431416E+00
     720.0000000000000000   2.2146644268404238E+01   1.2297273840652310E+00
     730.0000000000000000   2.2392688526105086E+01   1.2172262086670202E+00
     740.0000000000000000   2.2635633327041564E+01   1.2069051702387856E+00
     750.0000000000000000   2.2880700236429906E+01   1.1949734529498772E+00
     760.0000000000000000   2.3125288065271519E+01   1.1833240151388487E+00
     770.0000000000000000   2.3366850376391938E+01   1.1737449785467280E+00
     780.0000000000000000   2.3610511066037219E+01   1.1626059156587718E+00
     790.0000000000000000   2.3853716741881545E+01   1.1517204813022401E+00
     800.0000000000000000   2.4096475471461641E+01   1.1410794278000052E+00
     810.0000000000000000   2.4336294437574402E+01   1.1323796496207656E+00
     820.0000000000000000   2.4578185761665875E+01   1.1221825041424283E+00
     830.0000000000000000   2.4819651254300197E+01   1.1122062884192887E+00
     840.0000000000000000   2.5060697597099448E+01   1.1024436626190266E+00
     850.0000000000000000   2.5298889524019906E+01   1.0945074420448970E+00
     860.0000000000000000   2.5539122358736051E+01   1.0851332352337804E+00
     870.0000000000000000   2.5778954871279534E+01   1.0759531117700318E+00
     880.0000000000000000   2.6018393252631824E+01   1.0669607912093346E+00
     890.0000000000000000   2.6257443168584288E+01   1.0581504985971644E+00
     900.0000000000000000   2.6496109984223171E+01   1.0495167994799266E+00
     910.0000000000000000   2.6734398974986870E+01   1.0410544538961533E+00
     920.0000000000000000   2.6969958344178103E+01   1.0342482466892078E+00
     930.0000000000000000   2.7207516021801325E+01   1.0260968052557624E+00
     940.0000000000000000   2.7444712277382589E+01   1.0181018307292553E+00
     950.0000000000000000   2.7681552122181831E+01   1.0102587338115532E+00
     960.0000000000000000   2.7918040399027543E+01   1.0025631366620240E+00
     970.0000000000000000   2.8154181822193213E+01   9.9501084049203237E-01
     980.0000000000000000   2.8389981002981635E+01   9.8759780381074302E-01
     990.0000000000000000   2.8625442463668694E+01   9.8032012886760034E-01
    1000.0000000000000000   2.8860570641050614E+01   9.7317405409849445E-01
    1100.0000000000000000   3.1194433983189427E+01   9.0821436370446307E-01
    1200.0000000000000000   3.3503410439464481E+01   8.5087652053537144E-01
    1300.0000000000000000   3.5786131255034931E+01   8.0163934990726093E-01
    1400.0000000000000000   3.8045216257499050E+01   7.5885306012903830E-01
    1500.0000000000000000   4.0284727284915455E+01   7.2042143713560913E-01
    1600.0000000000000000   4.2506337880547818E+01   6.8559398789189629E-01
    1700.0000000000000000   4.4709700350728291E+01   6.5454638058695280E-01
    1800.0000000000000000   4.6896140531977920E+01   6.2669694338551118E-01
    1843.9990000000000236   4.7854285678259181E+01   6.1485468425216039E-01
    1844.0009999999999764   4.7854329330821876E+01   6.1485409062925522E-01
    1900.0000000000000000   4.9068674488564504E+01   6.0084781785581265E-01
    2000.0000000000000000   5.1224671476397241E+01   5.7808550335313058E-01
    2100.0000000000000000   5.3370420562145611E+01   5.5604237134241674E-01
    2200.0000000000000000   5.5501394328780606E+01   5.3648934061909326E-01
    2300.0000000000000000   5.7620111251869794E+01   5.1852638600983703E-01
    2400.0000000000000000   5.9728963441471628E+01   5.0138301515907524E-01
    2500.0000000000000000   6.1826798522265186E+01   4.8552353012252553E-01
    2600.0000000000000000   6.3914166416517801E+01   4.7080717585759457E-01
    2700.0000000000000000   6.5991556334747145E+01   4.5711702616374988E-01
    2800.0000000000000000   6.8061109975507506E+01   4.4384147669029511E-01
    2900.0000000000000000   7.0119894505029677E+01   4.3191379107761801E-01
    3000.0000000000000000   7.2171656732178874E+01   4.2025523835846673E-01
    3100.0000000000000000   7.4213408387797529E+01   4.0976840085123978E-01
    3200.0000000000000000   7.6248763639156962E+01   3.9945788076476246E-01
    3300.0000000000000000   7.8276349517902233E+01   3.8975081870433514E-01
    3400.0000000000000000   8.0296573006467327E+01   3.8056862680845926E-01
    3500.0000000000000000   8.2309664788393661E+01   3.7187718074996723E-01
    3600.0000000000000000   8.4315993620702045E+01   3.6361153251198486E-01
    3700.0000000000000000   8.6316777787880596E+01   3.5548377991010977E-01
    3800.0000000000000000   8.8310238592070931E+01   3.4797979319170891E-01
    3900.0000000000000000   9.0296889097342714E+01   3.4097002464369630E-01
    4000.0000000000000000   9.2279103698240448E+01   3.3392010324046273E-01
    4100.0000000000000000   9.4254100824590807E+01   3.2751074692866428E-01
    4200.0000000000000000   9.6225035133942484E+01   3.2102897757723653E-01
    4300.0000000000000000   9.8189032387272192E+01   3.1515328698043599E-01
    4400.0000000000000000   1.0014875487000651E+02   3.0928513756481357E-01
    4500.0000000000000000   1.0210359258545309E+02   3.0359965467464717E-01
    4600.0000000000000000   1.0405294256409074E+02   2.9823782919690928E-01
    4700.0000000000000000   1.0599792059650497E+02   2.9298343661124232E-01
    4800.0000000000000000   1.0793632692372620E+02   2.8828609632871638E-01
    4900.0000000000000000   1.0987136792188765E+02   2.8351134590718796E-01
    5000.0000000000000000   1.1180207741119405E+02   2.7887744923365776E-01
    5100.0000000000000000   1.1372831754366840E+02   2.7441945398447420E-01
    5200.0000000000000000   1.1565017889572277E+02   2.7013042844782281E-01
    5300.0000000000000000   1.1756805046521320E+02   2.6595251179776058E-01
    5400.0000000000000000   1.1948324876577267E+02   2.6165259401595214E-01
    5500.0000000000000000   1.2139256693941812E+02   2.5782768792465127E-01
    5600.0000000000000000   1.2329775105461863E+02   2.5415291854769095E-01
    5700.0000000000000000   1.2520044886057656E+02   2.5038486731011611E-01
    5800.0000000000000000   1.2709725763149815E+02   2.4707771266376527E-01
    5900.0000000000000000   1.2899343347607825E+02   2.4337205107458720E-01
    6000.0000000000000000   1.3088343459086002E+02   2.4018720278938849E-01
    6100.0000000000000000   1.3277077530184465E+02   2.3697966977276916E-01
    6200.0000000000000000   1.3465587597660613E+02   2.3365760055467308E-01
    6300.0000000000000000   1.3653602005169702E+02   2.3067265719309632E-01
    6400.0000000000000000   1.3841311763309901E+02   2.2772429416305806E-01
    6500.0000000000000000   1.4028667220665005E+02   2.2491929482871140E-01
    6600.0000000000000000   1.4215711675630772E+02   2.2217906163682746E-01
    6700.0000000000000000   1.4402557906386392E+02   2.1932612443027108E-01
    6800.0000000000000000   1.4588955216172590E+02   2.1676648126953096E-01
    6900.0000000000000000   1.4775156171586755E+02   2.1410531424057960E-01
    7000.0000000000000000   1.4961043502054591E+02   2.1153207577784836E-01
    7100.0000000000000000   1.5146574208374577E+02   2.0913395517914063E-01
    7200.0000000000000000   1.5331983836693027E+02   2.0655999887432175E-01
    7300.0000000000000000   1.5516972478436443E+02   2.0424684291685816E-01
    7400.0000000000000000   1.5701644512965723E+02   2.0202572949715197E-01
    7500.0000000000000000   1.5886050719238244E+02   1.9984207884582425E-01
    7600.0000000000000000   1.6070362744762519E+02   1.9750577080525625E-01
    7700.0000000000000000   1.6254203458640654E+02   1.9547896140638507E-01
    7800.0000000000000000   1.6437832057007054E+02   1.9342883201092120E-01
    7900.0000000000000000   1.6621288402442823E+02   1.9134394043117023E-01
    8000.0000000000000000   1.6804293107290113E+02   1.8952823767807661E-01
    8100.0000000000000000   1.6987370574507108E+02   1.8737258096255174E-01
    8200.0000000000000000   1.7169889985046157E+02   1.8562728144612689E-01
    8300.0000000000000000   1.7352395488423659E+02   1.8367660333470376E-01
    8400.0000000000000000   1.7534538113071218E+02   1.8188557119493998E-01
    8500.0000000000000000   1.7716482300870709E+02   1.8011005468567087E-01
    8600.0000000000000000   1.7898303878759171E+02   1.7824087134657263E-01
    8700.0000000000000000   1.8079626767008497E+02   1.7670982733690244E-01
    8800.0000000000000000   1.8261001315235146E+02   1.7490199215513738E-01
    8900.0000000000000000   1.8442044802818668E+02   1.7327390636107950E-01
    9000.0000000000000000   1.8622891844913502E+02   1.7162747721819294E-01
    9100.0000000000000000   1.8803267464348363E+02   1.7031664035448207E-01
    9200.0000000000000000   1.8983764976021760E+02   1.6865500301879463E-01
    9300.0000000000000000   1.9164020530017808E+02   1.6705823330472228E-01
    9400.0000000000000000   1.9344037396138660E+02   1.6553027720054733E-01
    9500.0000000000000000   1.9523855115469252E+02   1.6401979763136590E-01
    9600.0000000000000000   1.9703386019155482E+02   1.6262571584187560E-01
    9700.0000000000000000   1.9882640482514952E+02   1.6134190387094521E-01
    9800.0000000000000000   2.0061721971485233E+02   1.6005809238390956E-01
    9900.0000000000000000   2.0240662905935716E+02   1.5874234524393177E-01
   10000.0000000000000000   2.0419439694170140E+02   1.5742195291537667E-01
   11000.0000000000000000   2.2197317909737879E+02   1.4523170902966887E-01
   12000.0000000000000000   2.3958312564119871E+02   1.3480570004754475E-01
   13000.0000000000000000   2.5703587465102657E+02   1.2623468473828420E-01
   14000.0000000000000000   2.7435424045339016E+02   1.1841358729006907E-01
   15000.0000000000000000   2.9154485925013461E+02   1.1162857859377993E-01
   16000.0000000000000000   3.0861850622509553E+02   1.0562534868123274E-01
   17000.0000000000000000   3.2557797290505465E+02   1.0067698756248000E-01
   18000.0000000000000000   3.4244468740427362E+02   9.5728570847828140E-02
   19000.0000000000000000   3.5921636833021608E+02   9.1360071911199922E-02
   20000.0000000000000000   3.7589885479706282E+02   8.7437869708117663E-02
   21000.0000000000000000   3.9249655065763795E+02   8.3977306970522636E-02
   22000.0000000000000000   4.0902120514409921E+02   8.0520935184245634E-02
   23000.0000000000000000   4.2546788966396758E+02   7.7478936293695788E-02
   24000.0000000000000000   4.4184644060492741E+02   7.4731563833944248E-02
   25000.0000000000000000   4.5815283204220094E+02   7.2380737379765442E-02
   26000.0000000000000000   4.7440001431883866E+02   6.9992036108323427E-02
   27000.0000000000000000   4.9057985482262029E+02   6.8102802464237014E-02
   28000.0000000000000000   5.0671842315721614E+02   6.5481152598949918E-02
   29000.0000000000000000   5.2278925469478281E+02   6.3680134585760689E-02
   30000.0000000000000000   5.3881152619442582E+02   6.1746368408280947E-02
   31000.0000000000000000   5.5478670791742695E+02   5.9892919870126425E-02
   32000.0000000000000000   5.7070438297792884E+02   5.8300673997007856E-02
   33000.0000000000000000   5.8656758054054183E+02   5.6997801043355806E-02
   34000.0000000000000000   6.0239329958893552E+02   5.5575007911880740E-02
   35000.0000000000000000   6.1818591052454349E+02   5.3929098048984249E-02
   36000.0000000000000000   6.3391781439879833E+02   5.2963966742294165E-02
   37000.0000000000000000   6.4962356964208107E+02   5.1663903162166791E-02
   38000.0000000000000000   6.6529083904529921E+02   5.0175382952982531E-02
   39000.0000000000000000   6.8088579118735413E+02   4.9756477872639968E-02
   40000.0000000000000000   6.9648259820477676E+02   4.8520348222669318E-02
   41000.0000000000000000   7.1202177562825284E+02   4.7475794089316029E-02
   42000.0000000000000000   7.2755107487689020E+02   4.6275017830440232E-02
   43000.0000000000000000   7.4302567618487865E+02   4.5099822563136584E-02
   44000.0000000000000000   7.5847722650166861E+02   4.4224593811170526E-02
   45000.0000000000000000   7.7389585741801568E+02   4.3268019299974377E-02
   46000.0000000000000000   7.8926521976895015E+02   4.2575130152017103E-02
   47000.0000000000000000   8.0460209381936863E+02   4.1965045083062522E-02
   48000.0000000000000000   8.1992967139604366E+02   4.1025244607129009E-02
   49000.0000000000000000   8.3521398463586570E+02   4.0617631417098739E-02
   50000.0000000000000000   8.5046883189078937E+02   4.0244412856071630E-02
