       1.0000000000000000   1.0000000000000000E+30   0.0000000000000000E+00
       2.0000000000000000   1.7387137852390515E+02   7.8205577389897796E-03
       3.0000000000000000   9.6177654594912752E+01   1.6475047759194710E-02
       4.0000000000000000   7.6211146235343307E+01   2.3666479487051511E-02
       5.0000000000000000   6.7183269538546170E+01   3.0035085286777018E-02
       6.0000000000000000   6.1826219286899537E+01   3.6103970885760228E-02
       7.0000000000000000   5.7844431481456184E+01   4.2474228015192704E-02
       8.0000000000000000   5.5233523335049696E+01   4.8378656079208514E-02
       9.0000000000000000   5.3128718703177498E+01   5.4394982616648456E-02
      10.0000000000000000   5.1419730261473170E+01   6.0429687794096222E-02
      11.0000000000000000   5.0042627479909228E+01   6.6356143136866969E-02
      12.0000000000000000   4.8541936510106012E+01   7.3173559578801686E-02
      13.0000000000000000   4.7339550406695054E+01   7.9747371897216618E-02
      14.0000000000000000   4.6019870857490965E+01   8.7267021936368872E-02
      15.0000000000000000   4.4982425450160108E+01   9.4336124179583397E-02
      16.0000000000000000   4.3835757051721629E+01   1.0236851982019110E-01
      17.0000000000000000   4.2589519282036619E+01   1.1152102103499534E-01
      18.0000000000000000   4.1622468065298349E+01   1.1991509490545668E-01
      19.0000000000000000   4.0561729235590981E+01   1.2940958199269503E-01
      20.0000000000000000   3.9412306244431932E+01   1.4018877564938292E-01
      21.0000000000000000   3.8178058449908718E+01   1.5248281387000326E-01
      22.0000000000000000   3.7228471770600791E+01   1.6347827466902187E-01
      23.0000000000000000   3.6198886322427995E+01   1.7591263819059103E-01
      24.0000000000000000   3.4718786548768151E+01   1.9388726661545258E-01
      25.0000000000000000   3.3902874995328965E+01   2.0622401675151958E-01
      26.0000000000000000   3.2635813427294828E+01   2.2486786509123199E-01
      27.0000000000000000   3.1287234936327941E+01   2.4654796099833129E-01
      28.0000000000000000   3.0243369035937956E+01   2.6571706241504534E-01
      29.0000000000000000   2.8725823507508110E+01   2.9495586746855862E-01
      30.0000000000000000   2.7518438043383654E+01   3.2166390380288507E-01
      31.0000000000000000   2.6227302544214535E+01   3.5312998340525881E-01
      32.0000000000000000   2.4847057717814796E+01   3.9070102690546427E-01
      33.0000000000000000   2.3371964642740213E+01   4.3625273657778307E-01
      34.0000000000000000   2.1797489067665069E+01   4.9241405045628772E-01
      35.0000000000000000   2.0124504080818980E+01   5.6280616999886590E-01
      36.0000000000000000   1.8368382855276675E+01   6.5207531714458666E-01
      37.0000000000000000   1.7050727504642396E+01   7.3279020845804188E-01
      38.0000000000000000   1.5267118579510544E+01   8.6608575042787006E-01
      39.0000000000000000   1.4015057776229026E+01   9.8214975525023296E-01
      40.0000000000000000   1.2449429215148594E+01   1.1638276356044204E+00
      41.0000000000000000   1.1418555562783920E+01   1.3133417757580004E+00
      42.0000000000000000   1.0191617931314852E+01   1.5361330263715154E+00
      43.0000000000000000   9.4249605309577120E+00   1.7076133914235321E+00
      44.0000000000000000   8.7691384576174869E+00   1.8810453199933552E+00
      45.0000000000000000   8.2141281278336429E+00   2.0523997475463167E+00
      46.0000000000000000   7.7466091871764791E+00   2.2187037165938643E+00
      47.0000000000000000   7.2114520299632057E+00   2.4422433830847692E+00
      48.0000000000000000   6.8971502212095483E+00   2.5917724277864029E+00
      49.0000000000000000   6.6301868572370344E+00   2.7326232847493266E+00
      50.0000000000000000   6.4022929764938441E+00   2.8648013634414986E+00
      51.0000000000000000   6.2067887131378319E+00   2.9885184015217430E+00
      52.0000000000000000   6.1135183915346909E+00   3.0498963676975266E+00
      53.0000000000000000   5.9600502739646224E+00   3.1597528281788523E+00
      54.0000000000000000   5.8268618365738494E+00   3.2622420317532668E+00
      55.0000000000000000   5.7108978643007733E+00   3.3577947921210645E+00
      56.0000000000000000   5.6096603045604674E+00   3.4468407476647065E+00
      57.0000000000000000   5.5691976439650670E+00   3.4842722476651891E+00
      58.0000000000000000   5.4876701937763031E+00   3.5631676552460538E+00
      59.0000000000000000   5.4161640991158011E+00   3.6366739529680201E+00
      60.0000000000000000   5.3924284709901755E+00   3.6638162945794730E+00
      61.0000000000000000   5.3345188965345525E+00   3.7290198977181768E+00
      62.0000000000000000   5.2837073095459131E+00   3.7897777713205665E+00
      63.0000000000000000   5.2715553088752740E+00   3.8087037669407970E+00
      64.0000000000000000   5.2304759653228530E+00   3.8626747330186926E+00
      65.0000000000000000   5.2237884505495584E+00   3.8773397970782550E+00
      66.0000000000000000   5.1907427322342432E+00   3.9253348447110761E+00
      67.0000000000000000   5.1885359326036609E+00   3.9363210211751980E+00
      68.0000000000000000   5.1621960180444013E+00   3.9790441787704758E+00
      69.0000000000000000   5.1637022837504842E+00   3.9868496957411126E+00
      70.0000000000000000   5.1430160735952972E+00   4.0249124608748250E+00
      71.0000000000000000   5.1476284792125915E+00   4.0299645833599049E+00
      72.0000000000000000   5.1532924556544817E+00   4.0340944707423638E+00
      73.0000000000000000   5.1389850428949151E+00   4.0665647135573870E+00
      74.0000000000000000   5.1471034262807143E+00   4.0684486867207035E+00
      75.0000000000000000   5.1366948373466395E+00   4.0974297376186231E+00
      76.0000000000000000   5.1469063823991563E+00   4.0973637855127789E+00
      77.0000000000000000   5.1578211956818487E+00   4.0966810834554934E+00
      78.0000000000000000   5.1693957286621854E+00   4.0954235760935003E+00
      79.0000000000000000   5.1644949119692471E+00   4.1191967999937882E+00
      80.0000000000000000   5.1776705242331502E+00   4.1164312771433309E+00
      81.0000000000000000   5.1913785896351836E+00   4.1132140386647960E+00
      82.0000000000000000   5.2055884819504445E+00   4.1095759676390911E+00
      83.0000000000000000   5.2050302456320452E+00   4.1291412407178205E+00
      84.0000000000000000   5.2204895010619037E+00   4.1243316067555220E+00
      85.0000000000000000   5.2363592220714974E+00   4.1191937582435978E+00
      86.0000000000000000   5.2526172918852509E+00   4.1137506518336675E+00
      87.0000000000000000   5.2692430911295984E+00   4.1080237507720421E+00
      88.0000000000000000   5.2862174091083567E+00   4.1020330810092043E+00
      89.0000000000000000   5.3035222977485512E+00   4.0957973754521726E+00
      90.0000000000000000   5.3082429281995713E+00   4.1101345379109020E+00
      91.0000000000000000   5.3264083678970424E+00   4.1031241018106845E+00
      92.0000000000000000   5.3448491646810243E+00   4.0959269392008189E+00
      93.0000000000000000   5.3635518985583834E+00   4.0885571297417505E+00
      94.0000000000000000   5.3825039885917363E+00   4.0810278425125537E+00
      95.0000000000000000   5.4016936037814363E+00   4.0733514281500920E+00
      96.0000000000000000   5.4211096066809903E+00   4.0655394815719550E+00
      97.0000000000000000   5.4407415362198641E+00   4.0576028441768699E+00
      98.0000000000000000   5.4605795110916100E+00   4.0495517213776742E+00
      99.0000000000000000   5.4806142346850431E+00   4.0413956642519224E+00
     100.0000000000000000   5.5008369197973686E+00   4.0331436551381667E+00
     110.0000000000000000   5.7208829816812141E+00   3.9314861395645457E+00
     120.0000000000000000   5.9504632777405213E+00   3.8305707889708627E+00
     130.0000000000000000   6.1935577134397777E+00   3.7204793197720720E+00
     140.0000000000000000   6.4395173706034186E+00   3.6170222487906041E+00
     150.0000000000000000   6.6993380812010894E+00   3.4997215265499779E+00
     160.0000000000000000   6.9528561790008263E+00   3.4013242290191581E+00
     170.0000000000000000   7.2115732407710356E+00   3.3012550505610934E+00
     180.0000000000000000   7.4693514952685343E+00   3.2087586865334852E+00
     190.0000000000000000   7.7308524683041755E+00   3.1154308015898149E+00
     200.0000000000000000   7.9908621143862169E+00   3.0290687895006507E+00
     210.0000000000000000   8.2494407851458860E+00   2.9488803875660277E+00
     220.0000000000000000   8.5066244044978934E+00   2.8742301316618750E+00
     230.0000000000000000   8.7664716035319223E+00   2.7984964230302833E+00
     240.0000000000000000   9.0247388586662041E+00   2.7278307247181086E+00
     250.0000000000000000   9.2815177863928824E+00   2.6616964654277093E+00
     260.0000000000000000   9.5368645500109679E+00   2.5996714853393366E+00
     270.0000000000000000   9.7908375307696023E+00   2.5413801484097820E+00
     280.0000000000000000   1.0043507923651275E+01   2.4864705492433026E+00
     290.0000000000000000   1.0298290961221838E+01   2.4300239059963498E+00
     300.0000000000000000   1.0548415698035010E+01   2.3812093298015533E+00
     310.0000000000000000   1.0800604681673452E+01   2.3306758315998257E+00
     320.0000000000000000   1.1051528111079920E+01   2.2828385385832721E+00
     330.0000000000000000   1.1301259864075201E+01   2.2374509275332115E+00
     340.0000000000000000   1.1549840943679918E+01   2.1943303302147266E+00
     350.0000000000000000   1.1797312313416167E+01   2.1533074178035734E+00
     360.0000000000000000   1.2043714851511790E+01   2.1142302540537208E+00
     370.0000000000000000   1.2289086331687118E+01   2.0769589865147244E+00
     380.0000000000000000   1.2536274721156865E+01   2.0379524819959220E+00
     390.0000000000000000   1.2779631533133255E+01   2.0040313488689727E+00
     400.0000000000000000   1.3024815596794273E+01   1.9683100362465971E+00
     410.0000000000000000   1.3266318639591214E+01   1.9372697496548150E+00
     420.0000000000000000   1.3509598596345835E+01   1.9044493627694181E+00
     430.0000000000000000   1.3749360089396474E+01   1.8759388586719123E+00
     440.0000000000000000   1.3990865004244050E+01   1.8456540683164495E+00
     450.0000000000000000   1.4231479553600764E+01   1.8165902053831136E+00
     460.0000000000000000   1.4471354489378841E+01   1.7885423902697180E+00
     470.0000000000000000   1.4707856506231932E+01   1.7643311207242127E+00
     480.0000000000000000   1.4946077428711419E+01   1.7383568190989691E+00
     490.0000000000000000   1.5183540186030500E+01   1.7133074512847510E+00
     500.0000000000000000   1.5420329645421088E+01   1.6890760726985961E+00
     510.0000000000000000   1.5656361409379862E+01   1.6657154809223764E+00
     520.0000000000000000   1.5891659686862333E+01   1.6431761624540446E+00
     530.0000000000000000   1.6126276182674257E+01   1.6213882753166422E+00
     540.0000000000000000   1.6360231919415487E+01   1.6003079484991349E+00
     550.0000000000000000   1.6595770845523738E+01   1.5776648654564425E+00
     560.0000000000000000   1.6828408897279832E+01   1.5579505284095361E+00
     570.0000000000000000   1.7060380301512904E+01   1.5388917983352497E+00
     580.0000000000000000   1.7291825541305094E+01   1.5203414025437736E+00
     590.0000000000000000   1.7524811978198908E+01   1.5002908952099603E+00
     600.0000000000000000   1.7754900636446141E+01   1.4830157099519061E+00
     610.0000000000000000   1.7984640168261706E+01   1.4660402004986828E+00
     620.0000000000000000   1.8215845995252028E+01   1.4476498515466565E+00
     630.0000000000000000   1.8444228511063962E+01   1.4318633731794601E+00
     640.0000000000000000   1.8672321719152428E+01   1.4163096146500227E+00
     650.0000000000000000   1.8901900126494350E+01   1.3993563359679515E+00
     660.0000000000000000   1.9128654032244512E+01   1.3849207721859635E+00
     670.0000000000000000   1.9357196678323387E+01   1.3687935560022890E+00
     680.0000000000000000   1.9583036824814222E+01   1.3550619263501982E+00
     690.0000000000000000   1.9810666947193884E+01   1.3396958763578288E+00
     700.0000000000000000   2.0035441823332530E+01   1.3267367446421290E+00
     710.0000000000000000   2.0262043377147975E+01   1.3121632792868876E+00
     720.0000000000000000   2.0487968403359666E+01   1.2981052976018641E+00
     730.0000000000000000   2.0711466745119711E+01   1.2860464266216560E+00
     740.0000000000000000   2.0936687108360015E+01   1.2724981624406200E+00
     750.0000000000000000   2.1161197338281447E+01   1.2594286560622385E+00
     760.0000000000000000   2.1383609095776830E+01   1.2481107825239686E+00
     770.0000000000000000   2.1607074389951954E+01   1.2357599767541518E+00
     780.0000000000000000   2.1830368043814552E+01   1.2235632319493008E+00
     790.0000000000000000   2.2051583662707120E+01   1.2129461561220400E+00
     800.0000000000000000   2.2273788258832599E+01   1.2014310888168853E+00
     810.0000000000000000   2.2495965568249201E+01   1.1899477384444908E+00
     820.0000000000000000   2.2717386327710660E+01   1.1788709401713522E+00
     830.0000000000000000   2.2937065992985485E+01   1.1692203499224743E+00
     840.0000000000000000   2.3157803012057414E+01   1.1586089995391273E+00
     850.0000000000000000   2.3378114253152152E+01   1.1481885988798364E+00
     860.0000000000000000   2.3598174871880758E+01   1.1379911836479730E+00
     870.0000000000000000   2.3818237615016592E+01   1.1277196593865817E+00
     880.0000000000000000   2.4035518405190505E+01   1.1193802169854150E+00
     890.0000000000000000   2.4254456788071035E+01   1.1097570380949415E+00
     900.0000000000000000   2.4473258336617203E+01   1.1002528844301012E+00
     910.0000000000000000   2.4691325653647944E+01   1.0911488465986181E+00
     920.0000000000000000   2.4909147856134339E+01   1.0820774023814708E+00
     930.0000000000000000   2.5126794018813253E+01   1.0730934672506360E+00
     940.0000000000000000   2.5344250927804080E+01   1.0642581452503257E+00
     950.0000000000000000   2.5561160404128632E+01   1.0557594961614110E+00
     960.0000000000000000   2.5777660867637810E+01   1.0474314882954363E+00
     970.0000000000000000   2.5993891551637283E+01   1.0391699343933312E+00
     980.0000000000000000   2.6209761550273981E+01   1.0310743315474873E+00
     990.0000000000000000   2.6425329987791503E+01   1.0231428095700574E+00
    1000.0000000000000000   2.6640672401990066E+01   1.0153365769540141E+00
    1100.0000000000000000   2.8777542996646822E+01   9.4465738610631667E-01
    1200.0000000000000000   3.0888152553173267E+01   8.8399353816834014E-01
    1300.0000000000000000   3.2976066175808946E+01   8.3085772750970077E-01
    1400.0000000000000000   3.5042945667807928E+01   7.8423114186082477E-01
    1500.0000000000000000   3.7090040044004503E+01   7.4337670563442848E-01
    1600.0000000000000000   3.9119669194292499E+01   7.0653373346140225E-01
    1700.0000000000000000   4.1132774410588617E+01   6.7327543676417390E-01
    1800.0000000000000000   4.3131596347054426E+01   6.4308630051953874E-01
    1900.0000000000000000   4.5113139812459153E+01   6.1660155354938906E-01
    2000.0000000000000000   4.7082059096219965E+01   5.9213982025853718E-01
    2100.0000000000000000   4.9038781402513905E+01   5.6949540399221610E-01
    2200.0000000000000000   5.0982717725306493E+01   5.4921052571347428E-01
    2300.0000000000000000   5.2918608257391369E+01   5.2933945187801679E-01
    2400.0000000000000000   5.4840321930318083E+01   5.1231345073128409E-01
    2500.0000000000000000   5.6755737989577902E+01   4.9485434496803399E-01
    2600.0000000000000000   5.8657948670801424E+01   4.7969806803896847E-01
    2700.0000000000000000   6.0550334770544829E+01   4.6599461341310155E-01
    2800.0000000000000000   6.2438058904680609E+01   4.5187118259627229E-01
    2900.0000000000000000   6.4319612251057649E+01   4.3830139311022698E-01
    3000.0000000000000000   6.6185925785292923E+01   4.2715191033324496E-01
    3100.0000000000000000   6.8044060060359641E+01   4.1701900084519417E-01
    3200.0000000000000000   6.9902734749351282E+01   4.0492006831341998E-01
    3300.0000000000000000   7.1753719426153438E+01   3.9399272363043969E-01
    3400.0000000000000000   7.3594235955789387E+01   3.8453587497775488E-01
    3500.0000000000000000   7.5427644792386715E+01   3.7571518940832893E-01
    3600.0000000000000000   7.7252616933485967E+01   3.6784689943005183E-01
    3700.0000000000000000   7.9073092289768923E+01   3.5984359232338853E-01
    3800.0000000000000000   8.0888970074513324E+01   3.5199988193856246E-01
    3900.0000000000000000   8.2697121162470765E+01   3.4447962203543031E-01
    4000.0000000000000000   8.4503997909138761E+01   3.3695128668185786E-01
    4100.0000000000000000   8.6305765664150371E+01   3.2969689370109656E-01
    4200.0000000000000000   8.8090318350634661E+01   3.2460475975796199E-01
    4300.0000000000000000   8.9884803564339805E+01   3.1777230110226812E-01
    4400.0000000000000000   9.1660928954823717E+01   3.1291150104721821E-01
    4500.0000000000000000   9.3444431074124708E+01   3.0644345191694766E-01
    4600.0000000000000000   9.5215432458710225E+01   3.0163540646851505E-01
    4700.0000000000000000   9.6987859497665909E+01   2.9534881951288783E-01
    4800.0000000000000000   9.8747969337622791E+01   2.9054636430358594E-01
    4900.0000000000000000   1.0051771484945013E+02   2.8429679527577523E-01
    5000.0000000000000000   1.0227914541421809E+02   2.7932848165740326E-01
    5100.0000000000000000   1.0403288128679584E+02   2.7467949595907393E-01
    5200.0000000000000000   1.0578107627203553E+02   2.7028091689871908E-01
    5300.0000000000000000   1.0752034990311908E+02   2.6711612187297923E-01
    5400.0000000000000000   1.0926154521779202E+02   2.6294295888106611E-01
    5500.0000000000000000   1.1098803367814642E+02   2.6087166481794755E-01
    5600.0000000000000000   1.1272910145732131E+02   2.5450581859101706E-01
    5700.0000000000000000   1.1445020800001724E+02   2.5152032830637544E-01
    5800.0000000000000000   1.1618588580141068E+02   2.4676342999368020E-01
    5900.0000000000000000   1.1790309401155213E+02   2.4483262399791078E-01
    6000.0000000000000000   1.1963232248332207E+02   2.4063050286222507E-01
    6100.0000000000000000   1.2132276351338994E+02   2.3986441283490967E-01
    6200.0000000000000000   1.2304776248533925E+02   2.3493033311069636E-01
    6300.0000000000000000   1.2476535935489838E+02   2.3175243478380825E-01
    6400.0000000000000000   1.2646835803190186E+02   2.2771133568199625E-01
    6500.0000000000000000   1.2817608836247038E+02   2.2453215865832937E-01
    6600.0000000000000000   1.2988022423617829E+02   2.2237586453876285E-01
    6700.0000000000000000   1.3156014235775510E+02   2.2041226431438907E-01
    6800.0000000000000000   1.3327039148407155E+02   2.1730499396176378E-01
    6900.0000000000000000   1.3494795337636569E+02   2.1424728301177809E-01
    7000.0000000000000000   1.3666038633370249E+02   2.1054700977142438E-01
    7100.0000000000000000   1.3832193620318645E+02   2.0957296190996735E-01
    7200.0000000000000000   1.4002652449693946E+02   2.0684933372433623E-01
    7300.0000000000000000   1.4169175377336020E+02   2.0448649528532109E-01
    7400.0000000000000000   1.4337536095223541E+02   2.0322413931332228E-01
    7500.0000000000000000   1.4505761623740588E+02   1.9906108857821209E-01
    7600.0000000000000000   1.4671275967092654E+02   1.9778510014943101E-01
    7700.0000000000000000   1.4839953044193311E+02   1.9677286351348156E-01
    7800.0000000000000000   1.5006274989143250E+02   1.9342158167351445E-01
    7900.0000000000000000   1.5171265503827314E+02   1.9215577645008028E-01
    8000.0000000000000000   1.5341005739340522E+02   1.8863918242405894E-01
    8100.0000000000000000   1.5505553705247576E+02   1.8746815517409129E-01
    8200.0000000000000000   1.5670340408705579E+02   1.8509571516640771E-01
    8300.0000000000000000   1.5836401627462996E+02   1.8446817252366821E-01
    8400.0000000000000000   1.6003806912474641E+02   1.8174617200702151E-01
    8500.0000000000000000   1.6167947539856121E+02   1.8017997997871205E-01
    8600.0000000000000000   1.6332130621705107E+02   1.7785804038620581E-01
    8700.0000000000000000   1.6496267633908892E+02   1.7660855104598019E-01
    8800.0000000000000000   1.6662888976267757E+02   1.7507925719848291E-01
    8900.0000000000000000   1.6828679061435778E+02   1.7244387206872577E-01
    9000.0000000000000000   1.6991045667540968E+02   1.7192346062063749E-01
    9100.0000000000000000   1.7154643491852730E+02   1.6982835003994504E-01
    9200.0000000000000000   1.7317985047969188E+02   1.6773220097357769E-01
    9300.0000000000000000   1.7478318360929572E+02   1.6926549768693377E-01
    9400.0000000000000000   1.7644917066383039E+02   1.6496906035111977E-01
    9500.0000000000000000   1.7809408566939189E+02   1.6328507082221991E-01
    9600.0000000000000000   1.7972650627997254E+02   1.6292943889862119E-01
    9700.0000000000000000   1.8136516528735388E+02   1.6083015903037151E-01
    9800.0000000000000000   1.8299567598455613E+02   1.5904923678073365E-01
    9900.0000000000000000   1.8462071924136171E+02   1.5744926908325749E-01
   10000.0000000000000000   1.8624279644815019E+02   1.5596141972998670E-01
   11000.0000000000000000   2.0237974725205959E+02   1.4438093632732105E-01
   12000.0000000000000000   2.1836192421421657E+02   1.3405521466426715E-01
   13000.0000000000000000   2.3418673849506732E+02   1.2523375142102183E-01
   14000.0000000000000000   2.4989276714759509E+02   1.1817792381827283E-01
   15000.0000000000000000   2.6550464219193054E+02   1.1021222344238303E-01
   16000.0000000000000000   2.8090085467573141E+02   1.0526389843198616E-01
   17000.0000000000000000   2.9634468158740310E+02   9.9606406350712204E-02
   18000.0000000000000000   3.1159883154370141E+02   9.5223155263139833E-02
   19000.0000000000000000   3.2680758453299723E+02   9.2299900700902715E-02
   20000.0000000000000000   3.4184694613062442E+02   8.6744041504799543E-02
   21000.0000000000000000   3.5685104260318957E+02   8.4644689054499345E-02
   22000.0000000000000000   3.7192150674103755E+02   8.0367730800569068E-02
   23000.0000000000000000   3.8686791553812645E+02   7.6430286637447192E-02
   24000.0000000000000000   4.0171244574642856E+02   7.4494355230958167E-02
   25000.0000000000000000   4.1636096687822061E+02   7.1793445357847915E-02
   26000.0000000000000000   4.3103977872293780E+02   7.0307510511408197E-02
   27000.0000000000000000   4.4586272405506276E+02   6.5445698619792325E-02
   28000.0000000000000000   4.6042616887644175E+02   6.5886010094534375E-02
   29000.0000000000000000   4.7484436082383945E+02   6.3538730742577307E-02
   30000.0000000000000000   4.8955594400596686E+02   5.9674669528330580E-02
