       0.1000000000000000   1.0000000000000000E+30   0.0000000000000000E+00
       0.2000000000000000   1.0000000000000000E+30   0.0000000000000000E+00
       0.3000000000000000   1.0000000000000000E+30   0.0000000000000000E+00
       0.4000000000000000   1.0000000000000000E+30   0.0000000000000000E+00
       0.5000000000000000   1.0000000000000000E+30   0.0000000000000000E+00
       0.6000000000000000   1.0000000000000000E+30   0.0000000000000000E+00
       0.7000000000000000   1.0000000000000000E+30   0.0000000000000000E+00
       0.7999999999999999   1.0000000000000000E+30   0.0000000000000000E+00
       0.8999999999999999   1.0000000000000000E+30   0.0000000000000000E+00
       0.9999999999999999   1.0000000000000000E+30   0.0000000000000000E+00
       1.1690000000000000   1.0000000000000000E+30   0.0000000000000000E+00
       1.1709999999999998   4.1811321687078944E+03   2.7982851361562386E-04
       2.0000000000000000   3.5645540118971887E+01   3.8156388796794921E-02
       3.0000000000000000   1.9628840962689914E+01   8.0798863390517922E-02
       4.0000000000000000   1.5493041504187463E+01   1.1662110909879299E-01
       5.0000000000000000   1.3611943174442560E+01   1.4862668568530374E-01
       6.0000000000000000   1.2490437093290250E+01   1.7931342999618693E-01
       7.0000000000000000   1.1656497525536292E+01   2.1162972136585956E-01
       8.0000000000000000   1.1109225273326713E+01   2.4161686214844763E-01
       9.0000000000000000   1.0670735826200131E+01   2.7211508584949329E-01
      10.0000000000000000   1.0318263459924545E+01   3.0257184978069862E-01
      11.0000000000000000   1.0038403283606710E+01   3.3227071352873688E-01
      12.0000000000000000   9.7387720450740609E+00   3.6614798669062809E-01
      13.0000000000000000   9.5046665042661562E+00   3.9839592033499599E-01
      14.0000000000000000   9.2525857862256995E+00   4.3481207988508574E-01
      15.0000000000000000   9.0621675866590774E+00   4.6836704879917218E-01
      16.0000000000000000   8.8557254665738547E+00   5.0583124930081647E-01
      17.0000000000000000   8.6359600742990477E+00   5.4763613362978802E-01
      18.0000000000000000   8.4762540294236608E+00   5.8471085517124033E-01
      19.0000000000000000   8.3044837110998770E+00   6.2556223706206948E-01
      20.0000000000000000   8.1224634611839335E+00   6.7054536497269868E-01
      21.0000000000000000   7.9318875694816748E+00   7.2004936715903711E-01
      22.0000000000000000   7.8004745911395696E+00   7.6176788925687589E-01
      23.0000000000000000   7.6611640617476535E+00   8.0701490375825258E-01
      24.0000000000000000   7.4507288303086670E+00   8.7051411372038101E-01
      25.0000000000000000   7.3634249559350522E+00   9.0912101753535068E-01
      26.0000000000000000   7.2072333193938736E+00   9.6650780582469920E-01
      27.0000000000000000   7.0476396871459261E+00   1.0284646881646775E+00
      28.0000000000000000   6.9461000855774406E+00   1.0767870366352983E+00
      29.0000000000000000   6.7814244863422717E+00   1.1474290993532996E+00
      30.0000000000000000   6.6745480489907720E+00   1.2026480182367161E+00
      31.0000000000000000   6.5658215532554607E+00   1.2609529425975869E+00
      32.0000000000000000   6.4559433473407397E+00   1.3223781939002370E+00
      33.0000000000000000   6.3456084683897584E+00   1.3869264537546426E+00
      34.0000000000000000   6.2354973348405140E+00   1.4545660031114129E+00
      35.0000000000000000   6.1262698908004296E+00   1.5252262506098782E+00
      36.0000000000000000   6.0185621825180498E+00   1.5987927610753483E+00
      37.0000000000000000   5.9633085547771243E+00   1.6477763638230980E+00
      38.0000000000000000   5.8587314121924763E+00   1.7257582134648135E+00
      39.0000000000000000   5.8051500328811505E+00   1.7772655558534411E+00
      40.0000000000000000   5.7054215903627483E+00   1.8589493609393586E+00
      41.0000000000000000   5.6547662295344265E+00   1.9123798985760763E+00
      42.0000000000000000   5.5612713612911389E+00   1.9968743715648278E+00
      43.0000000000000000   5.5145282216380522E+00   2.0515256044338779E+00
      44.0000000000000000   5.4694913413724091E+00   2.1063332106587804E+00
      45.0000000000000000   5.4262716192824465E+00   2.1611694024259940E+00
      46.0000000000000000   5.3849597724635423E+00   2.2159079991648474E+00
      47.0000000000000000   5.3077247191116816E+00   2.3025944583222739E+00
      48.0000000000000000   5.2715485578849632E+00   2.3568908090913347E+00
      49.0000000000000000   5.2374356275822489E+00   2.4106865341710089E+00
      50.0000000000000000   5.2053981338822641E+00   2.4638800399348488E+00
      51.0000000000000000   5.1754340850128147E+00   2.5163782207544094E+00
      52.0000000000000000   5.1798377791114651E+00   2.5358598211208752E+00
      53.0000000000000000   5.1528879646790227E+00   2.5868455232743144E+00
      54.0000000000000000   5.1279625330493559E+00   2.6369460514657361E+00
      55.0000000000000000   5.1050234581765697E+00   2.6860996964521950E+00
      56.0000000000000000   5.0840273268950140E+00   2.7342521890282163E+00
      57.0000000000000000   5.0926867892296093E+00   2.7500378774931571E+00
      58.0000000000000000   5.0744489893860694E+00   2.7963349921089193E+00
      59.0000000000000000   5.0580258703052534E+00   2.8415400320395698E+00
      60.0000000000000000   5.0688513292049810E+00   2.8551267279927024E+00
      61.0000000000000000   5.0549769924439270E+00   2.8984054334800069E+00
      62.0000000000000000   5.0427720983139217E+00   2.9405460440100919E+00
      63.0000000000000000   5.0555568130983293E+00   2.9519918654291373E+00
      64.0000000000000000   5.0456762455703128E+00   2.9921961737150191E+00
      65.0000000000000000   5.0595451949630190E+00   3.0023617843217387E+00
      66.0000000000000000   5.0518533103733922E+00   3.0406544030763945E+00
      67.0000000000000000   5.0667270518688952E+00   3.0495971644708639E+00
      68.0000000000000000   5.0610911872457347E+00   3.0860155566252847E+00
      69.0000000000000000   5.0768949200360804E+00   3.0937949776083791E+00
      70.0000000000000000   5.0731870815876290E+00   3.1283864584674799E+00
      71.0000000000000000   5.0898506025425707E+00   3.1350633035135500E+00
      72.0000000000000000   5.1067816527016028E+00   3.1413604236097550E+00
      73.0000000000000000   5.1054062764695942E+00   3.1735179333345487E+00
      74.0000000000000000   5.1231076589608593E+00   3.1788031213523857E+00
      75.0000000000000000   5.1233851860838273E+00   3.2092793030742488E+00
      76.0000000000000000   5.1417981950487608E+00   3.2136116265364358E+00
      77.0000000000000000   5.1604246230222053E+00   3.2176345782031714E+00
      78.0000000000000000   5.1792564763087121E+00   3.2213602109806043E+00
      79.0000000000000000   5.1819566169387166E+00   3.2490614259724402E+00
      80.0000000000000000   5.2014086481011885E+00   3.2519426725906553E+00
      81.0000000000000000   5.2210410526311808E+00   3.2545622644177010E+00
      82.0000000000000000   5.2408475520994662E+00   3.2569301687989674E+00
      83.0000000000000000   5.2457076981162851E+00   3.2820940848901587E+00
      84.0000000000000000   5.2660563616812892E+00   3.2837155633932675E+00
      85.0000000000000000   5.2865583487019645E+00   3.2851162723402783E+00
      86.0000000000000000   5.3072084529075427E+00   3.2863047142681534E+00
      87.0000000000000000   5.3280016272781143E+00   3.2872891656699093E+00
      88.0000000000000000   5.3489331881495099E+00   3.2880773781403918E+00
      89.0000000000000000   5.3699986161478632E+00   3.2886768301529838E+00
      90.0000000000000000   5.3777624935106196E+00   3.3101968958740642E+00
      91.0000000000000000   5.3992678241983691E+00   3.3101915181468877E+00
      92.0000000000000000   5.4208916865886332E+00   3.3100213371440685E+00
      93.0000000000000000   5.4426302983878045E+00   3.3096927384493444E+00
      94.0000000000000000   5.4644801415902693E+00   3.3092117341479459E+00
      95.0000000000000000   5.4864377944746821E+00   3.3085841432804384E+00
      96.0000000000000000   5.5084999211102801E+00   3.3078156389303484E+00
      97.0000000000000000   5.5306634573328708E+00   3.3069114841636189E+00
      98.0000000000000000   5.5529253182872926E+00   3.3058769227755778E+00
      99.0000000000000000   5.5752826771180688E+00   3.3047168246108791E+00
     100.0000000000000000   5.5977327183579542E+00   3.3034359903342918E+00
     103.9989999999999952   5.6883740281041879E+00   3.2972137655567608E+00
     104.0010000000000048   5.6884416867173986E+00   3.2971744669172098E+00
     110.0000000000000000   5.8370349115663416E+00   3.2681685029657355E+00
     120.0000000000000000   6.0808659362277213E+00   3.2283232397323003E+00
     130.0000000000000000   6.3364677728640899E+00   3.1721095390948282E+00
     140.0000000000000000   6.5931301628158998E+00   3.1169491823056674E+00
     150.0000000000000000   6.8647799483847125E+00   3.0401967023302374E+00
     153.9989999999999952   6.9687601876401803E+00   3.0177130503907423E+00
     154.0010000000000048   6.9688226966040547E+00   3.0176851166905787E+00
     160.0000000000000000   7.1281460438784592E+00   2.9793338438582331E+00
     170.0000000000000000   7.3972283121930413E+00   2.9117102687362748E+00
     180.0000000000000000   7.6649293906106450E+00   2.8483976259699224E+00
     190.0000000000000000   7.9370193556748054E+00   2.7802985341464899E+00
     200.0000000000000000   8.2073302092927864E+00   2.7167736957408328E+00
     210.0000000000000000   8.4759775448346915E+00   2.6573482100058898E+00
     220.0000000000000000   8.7430684136341572E+00   2.6016107957047860E+00
     230.0000000000000000   9.0135466452279029E+00   2.5422764054106661E+00
     240.0000000000000000   9.2823039009170518E+00   2.4866443672615253E+00
     250.0000000000000000   9.5494384839746616E+00   2.4343581823429985E+00
     260.0000000000000000   9.8150411956873622E+00   2.3851063831463564E+00
     270.0000000000000000   1.0079195793143002E+01   2.3386157164458901E+00
     280.0000000000000000   1.0341979462875178E+01   2.2946455202679807E+00
     290.0000000000000000   1.0607543644250555E+01   2.2476884872019700E+00
     300.0000000000000000   1.0867665783228082E+01   2.2083545800709024E+00
     310.0000000000000000   1.1130496377214769E+01   2.1660563647790956E+00
     320.0000000000000000   1.1392015946309812E+01   2.1259015118575433E+00
     330.0000000000000000   1.1652281327700196E+01   2.0877230084006850E+00
     340.0000000000000000   1.1911345744277348E+01   2.0513710319221663E+00
     350.0000000000000000   1.2169259010138457E+01   2.0167108467632482E+00
     360.0000000000000000   1.2426067792164368E+01   1.9836209363498969E+00
     370.0000000000000000   1.2681815876528544E+01   1.9519913842516687E+00
     380.0000000000000000   1.2939958628295084E+01   1.9178282708605450E+00
     390.0000000000000000   1.3193635292808152E+01   1.8889444322300510E+00
     400.0000000000000000   1.3449682461644320E+01   1.8575646443314617E+00
     410.0000000000000000   1.3701435681011302E+01   1.8310728544290569E+00
     420.0000000000000000   1.3955526942187101E+01   1.8021322326065481E+00
     430.0000000000000000   1.4205488746306163E+01   1.7777379089708489E+00
     440.0000000000000000   1.4457749439004539E+01   1.7509479031668869E+00
     450.0000000000000000   1.4709122466970197E+01   1.7251793140872818E+00
     460.0000000000000000   1.4959634388001144E+01   1.7003725402361896E+00
     470.0000000000000000   1.5206288355841906E+01   1.6795473735297444E+00
     480.0000000000000000   1.5455184356514655E+01   1.6564333813103773E+00
     490.0000000000000000   1.5703291907574183E+01   1.6341313066918604E+00
     500.0000000000000000   1.5950632958756190E+01   1.6125974075480429E+00
     510.0000000000000000   1.6197228472967129E+01   1.5917910906238333E+00
     520.0000000000000000   1.6443098498406385E+01   1.5716746194870863E+00
     530.0000000000000000   1.6688262215533463E+01   1.5522128693285806E+00
     540.0000000000000000   1.6932737981183351E+01   1.5333731079021127E+00
     550.0000000000000000   1.7179309310152373E+01   1.5125385309920196E+00
     560.0000000000000000   1.7422428961443554E+01   1.4949041514223165E+00
     570.0000000000000000   1.7664911321894046E+01   1.4778041120581800E+00
     580.0000000000000000   1.7906771933882556E+01   1.4612134922305040E+00
     590.0000000000000000   1.8150693728492453E+01   1.4427129251665716E+00
     600.0000000000000000   1.8391322446088800E+01   1.4271169351653958E+00
     610.0000000000000000   1.8631372547243600E+01   1.4119629658929727E+00
     620.0000000000000000   1.8873458323844961E+01   1.3949611565652604E+00
     630.0000000000000000   1.9112357813532672E+01   1.3806747053297295E+00
     640.0000000000000000   1.9350717126918525E+01   1.3667743694694254E+00
     650.0000000000000000   1.9591081125697858E+01   1.3510872238917848E+00
     660.0000000000000000   1.9828362538108617E+01   1.3379483846119351E+00
     670.0000000000000000   2.0067635199935083E+01   1.3230611073157039E+00
     680.0000000000000000   2.0303883124916290E+01   1.3106218538484899E+00
     690.0000000000000000   2.0542106677111828E+01   1.2964719081058524E+00
     700.0000000000000000   2.0777362507842298E+01   1.2846769867949164E+00
     710.0000000000000000   2.1014576573348574E+01   1.2712082387693788E+00
     720.0000000000000000   2.1251296794842769E+01   1.2580755131258048E+00
     730.0000000000000000   2.1485120682071290E+01   1.2471701569926597E+00
     740.0000000000000000   2.1720886135455373E+01   1.2346440018110498E+00
     750.0000000000000000   2.1956183809617414E+01   1.2224179800223516E+00
     760.0000000000000000   2.2188654709994662E+01   1.2123048116151298E+00
     770.0000000000000000   2.2423047236145763E+01   1.2006216044982401E+00
     780.0000000000000000   2.2656995862502082E+01   1.1892075970514002E+00
     790.0000000000000000   2.2888185780708092E+01   1.1798030308366099E+00
     800.0000000000000000   2.3121274690577827E+01   1.1688768284584052E+00
     810.0000000000000000   2.3353941140723599E+01   1.1581933822162076E+00
     820.0000000000000000   2.3586192543014779E+01   1.1477439639349889E+00
     830.0000000000000000   2.3815765060912629E+01   1.1391813868408873E+00
     840.0000000000000000   2.4047210959900649E+01   1.1291576169926096E+00
     850.0000000000000000   2.4278260561686174E+01   1.1193462184984309E+00
     860.0000000000000000   2.4508920355640978E+01   1.1097399979898035E+00
     870.0000000000000000   2.4739196174480576E+01   1.1003324255296061E+00
     880.0000000000000000   2.4966884759052039E+01   1.0926778631664484E+00
     890.0000000000000000   2.5196415274728622E+01   1.0836320902657439E+00
     900.0000000000000000   2.5425578245485081E+01   1.0747675904994847E+00
     910.0000000000000000   2.5654379237043791E+01   1.0660786352078178E+00
     920.0000000000000000   2.5882823506315077E+01   1.0575598521440683E+00
     930.0000000000000000   2.6110916040821333E+01   1.0492061837082651E+00
     940.0000000000000000   2.6338661648641644E+01   1.0410128143936788E+00
     950.0000000000000000   2.6566065028748689E+01   1.0329751154269340E+00
     960.0000000000000000   2.6793130797795101E+01   1.0250886193933622E+00
     970.0000000000000000   2.7019863501553331E+01   1.0173490071688731E+00
     980.0000000000000000   2.7246267614924434E+01   1.0097521035571673E+00
     990.0000000000000000   2.7472347528620517E+01   1.0022938799206553E+00
    1000.0000000000000000   2.7698107546280827E+01   9.9497045179144539E-01
    1100.0000000000000000   2.9938991594091803E+01   9.2839302395542289E-01
    1200.0000000000000000   3.2153889974930919E+01   8.7080572239363652E-01
    1300.0000000000000000   3.4345604050924550E+01   8.2028560693896557E-01
    1400.0000000000000000   3.6516423340558418E+01   7.7543889245955933E-01
    1500.0000000000000000   3.8666519963224900E+01   7.3609665625999787E-01
    1600.0000000000000000   4.0797675119995809E+01   7.0127500365221684E-01
    1700.0000000000000000   4.2913040115870231E+01   6.6945735654080751E-01
    1800.0000000000000000   4.5013840149422997E+01   6.4017047347946909E-01
    1843.9990000000000236   4.5931972522346399E+01   6.2880085603608527E-01
    1844.0009999999999764   4.5932014413753372E+01   6.2880025342256030E-01
    1900.0000000000000000   4.7097840991116463E+01   6.1445040291453290E-01
    2000.0000000000000000   4.9169384772031513E+01   5.9043832509292060E-01
    2100.0000000000000000   5.1227673020187105E+01   5.6855256012415711E-01
    2200.0000000000000000   5.3273507284677159E+01   5.4851542775311191E-01
    2300.0000000000000000   5.5309148715037736E+01   5.2951289007212432E-01
    2400.0000000000000000   5.7333638309522414E+01   5.1198927245774606E-01
    2500.0000000000000000   5.9347575710992238E+01   4.9576999402003807E-01
    2600.0000000000000000   6.1351451397939520E+01   4.8072349708063039E-01
    2700.0000000000000000   6.3345741653651629E+01   4.6672810998799252E-01
    2800.0000000000000000   6.5330955690350038E+01   4.5365711594817382E-01
    2900.0000000000000000   6.7308968492942597E+01   4.4094688125876713E-01
    3000.0000000000000000   6.9277060468058210E+01   4.2951707508052717E-01
    3100.0000000000000000   7.1238613195675455E+01   4.1833398664127391E-01
    3200.0000000000000000   7.3192615304671989E+01   4.0776870372800017E-01
    3300.0000000000000000   7.5139125478310390E+01   3.9783032849276873E-01
    3400.0000000000000000   7.7078497098745686E+01   3.8844702930416941E-01
    3500.0000000000000000   7.9011074633135777E+01   3.7955163994136221E-01
    3600.0000000000000000   8.0936881973238286E+01   3.7116060369905718E-01
    3700.0000000000000000   8.2856348891092139E+01   3.6318461769773280E-01
    3800.0000000000000000   8.4770929896302277E+01   3.5526542396975341E-01
    3900.0000000000000000   8.6678627134876791E+01   3.4796436328341845E-01
    4000.0000000000000000   8.8580142617141632E+01   3.4110430104623868E-01
    4100.0000000000000000   9.0477558851748896E+01   3.3418297277105130E-01
    4200.0000000000000000   9.2368017526557182E+01   3.2794387655072627E-01
    4300.0000000000000000   9.4254432331599858E+01   3.2167442972716953E-01
    4400.0000000000000000   9.6135792911204504E+01   3.1565530467122593E-01
    4500.0000000000000000   9.8012288126527480E+01   3.0987052022115646E-01
    4600.0000000000000000   9.9882463328197630E+01   3.0464279888992912E-01
    4700.0000000000000000   1.0174940809251339E+02   2.9929997238266459E-01
    4800.0000000000000000   1.0361203029002493E+02   2.9410827179694649E-01
    4900.0000000000000000   1.0546980062550629E+02   2.8918824866090881E-01
    5000.0000000000000000   1.0732306754408140E+02   2.8448056038697828E-01
    5100.0000000000000000   1.0917219439467939E+02   2.7992375747461778E-01
    5200.0000000000000000   1.1101730997706592E+02   2.7550438382296311E-01
    5300.0000000000000000   1.1285825913302855E+02   2.7126287800318954E-01
    5400.0000000000000000   1.1469479345307779E+02   2.6725164105473881E-01
    5500.0000000000000000   1.1652736269125990E+02   2.6339084073997771E-01
    5600.0000000000000000   1.1835837594866450E+02   2.5924168461415925E-01
    5700.0000000000000000   1.2018352837368037E+02   2.5562648649628006E-01
    5800.0000000000000000   1.2200601448407278E+02   2.5195565390703573E-01
    5900.0000000000000000   1.2382375307996534E+02   2.4861905187307032E-01
    6000.0000000000000000   1.2564026785455680E+02   2.4498148743880979E-01
    6100.0000000000000000   1.2745115747353852E+02   2.4183484019129214E-01
    6200.0000000000000000   1.2925937127519043E+02   2.3868982587472770E-01
    6300.0000000000000000   1.3106571686127117E+02   2.3538702264468353E-01
    6400.0000000000000000   1.3286793627801904E+02   2.3233557756463624E-01
    6500.0000000000000000   1.3466692428398218E+02   2.2937724728892878E-01
    6600.0000000000000000   1.3646224148012752E+02   2.2660416401842612E-01
    6700.0000000000000000   1.3825530133941453E+02   2.2377917640909781E-01
    6800.0000000000000000   1.4004492515285500E+02   2.2111440196016924E-01
    6900.0000000000000000   1.4183250213086330E+02   2.1837838799381717E-01
    7000.0000000000000000   1.4361687573724481E+02   2.1577498152864635E-01
    7100.0000000000000000   1.4539838669907792E+02   2.1324160459963948E-01
    7200.0000000000000000   1.4717635743328964E+02   2.1089313284446995E-01
    7300.0000000000000000   1.4895190992954406E+02   2.0854227372704770E-01
    7400.0000000000000000   1.5072521634949359E+02   2.0618731844641142E-01
    7500.0000000000000000   1.5249685267184864E+02   2.0377380975866999E-01
    7600.0000000000000000   1.5426424692606636E+02   2.0163991449099425E-01
    7700.0000000000000000   1.5602922024144183E+02   1.9952952985603944E-01
    7800.0000000000000000   1.5779325225806437E+02   1.9727721170724116E-01
    7900.0000000000000000   1.5955247773888493E+02   1.9537717261557189E-01
    8000.0000000000000000   1.6131217822041779E+02   1.9313459587628939E-01
    8100.0000000000000000   1.6306708157893368E+02   1.9125088937175105E-01
    8200.0000000000000000   1.6482129935781657E+02   1.8920999890320409E-01
    8300.0000000000000000   1.6657050842882305E+02   1.8755694013870633E-01
    8400.0000000000000000   1.6832081457474538E+02   1.8550382543717212E-01
    8500.0000000000000000   1.7006646552868608E+02   1.8378834213539677E-01
    8600.0000000000000000   1.7181045809717139E+02   1.8206619854232831E-01
    8700.0000000000000000   1.7355402258613924E+02   1.8013113418076629E-01
    8800.0000000000000000   1.7529260513075153E+02   1.7859211752741830E-01
    8900.0000000000000000   1.7703043540140169E+02   1.7692571690779169E-01
    9000.0000000000000000   1.7876713228220589E+02   1.7516826928574425E-01
    9100.0000000000000000   1.8050147391095598E+02   1.7347984718369980E-01
    9200.0000000000000000   1.8223204410725086E+02   1.7202361349148054E-01
    9300.0000000000000000   1.8396054637348067E+02   1.7060593938772592E-01
    9400.0000000000000000   1.8568938237628731E+02   1.6894638919295121E-01
    9500.0000000000000000   1.8741477032397870E+02   1.6751319133086892E-01
    9600.0000000000000000   1.8913881913548562E+02   1.6601414429657177E-01
    9700.0000000000000000   1.9086103198596177E+02   1.6453231362376913E-01
    9800.0000000000000000   1.9258137809573171E+02   1.6307421135547229E-01
    9900.0000000000000000   1.9429967468024074E+02   1.6166389802911552E-01
   10000.0000000000000000   1.9601596888365833E+02   1.6029773842704237E-01
   11000.0000000000000000   2.1307925203990297E+02   1.4817800515610077E-01
   12000.0000000000000000   2.2998236593026451E+02   1.3764863888730408E-01
   13000.0000000000000000   2.4673839036292540E+02   1.2863484066128500E-01
   14000.0000000000000000   2.6336051672219901E+02   1.2083644866029941E-01
   15000.0000000000000000   2.7986185999270111E+02   1.1392073672056446E-01
   16000.0000000000000000   2.9624929993158298E+02   1.0790809893573805E-01
   17000.0000000000000000   3.1253423550846804E+02   1.0247885968158217E-01
   18000.0000000000000000   3.2871718365362364E+02   9.7958998404701472E-02
   19000.0000000000000000   3.4481438133110618E+02   9.3614685599734029E-02
   20000.0000000000000000   3.6083456801759928E+02   8.9126894401708290E-02
   21000.0000000000000000   3.7676278550971949E+02   8.5821029008721225E-02
   22000.0000000000000000   3.9262497637509620E+02   8.2320344914669413E-02
   23000.0000000000000000   4.0841347817660767E+02   7.9214813143698493E-02
   24000.0000000000000000   4.2412876714459105E+02   7.6721795473699311E-02
   25000.0000000000000000   4.3978883017322789E+02   7.3813556996644270E-02
   26000.0000000000000000   4.5537914491328138E+02   7.1640519543826331E-02
   27000.0000000000000000   4.7093040496283118E+02   6.8733952441553434E-02
   28000.0000000000000000   4.8639853806405159E+02   6.7364437804167107E-02
   29000.0000000000000000   5.0182566427525012E+02   6.5281752152963946E-02
   30000.0000000000000000   5.1721536790671087E+02   6.3026859087895307E-02
   31000.0000000000000000   5.3253553119413345E+02   6.1476155271800309E-02
   32000.0000000000000000   5.4782521180935930E+02   5.9489654787960665E-02
   33000.0000000000000000   5.6305103254854407E+02   5.8432341966429845E-02
   34000.0000000000000000   5.7824431136646547E+02   5.6943657533515254E-02
   35000.0000000000000000   5.9340380154930926E+02   5.5149407360553321E-02
   36000.0000000000000000   6.0851048072169635E+02   5.3841007883058276E-02
   37000.0000000000000000   6.2357137674616524E+02   5.2869807280966886E-02
   38000.0000000000000000   6.3861197402031951E+02   5.1506648058268815E-02
   39000.0000000000000000   6.5361666172071557E+02   4.9983617402646840E-02
   40000.0000000000000000   6.6856622775066774E+02   4.9031748884772533E-02
   41000.0000000000000000   6.8349802195556640E+02   4.7955342376819386E-02
   42000.0000000000000000   6.9837827072589891E+02   4.7077508381836997E-02
   43000.0000000000000000   7.1324149366025608E+02   4.6048821535216861E-02
   44000.0000000000000000   7.2806294739485759E+02   4.5397955450100648E-02
   45000.0000000000000000   7.4284465976191700E+02   4.4536103277881510E-02
   46000.0000000000000000   7.5761691533776138E+02   4.3419479005919068E-02
   47000.0000000000000000   7.7236487069063355E+02   4.2505940369852925E-02
   48000.0000000000000000   7.8705807968831232E+02   4.2108800554283732E-02
   49000.0000000000000000   8.0174947685500376E+02   4.1058362653926476E-02
   50000.0000000000000000   8.1640019940995535E+02   4.0226949413157610E-02
