       0.1000000000000000   9.6363958756994688E+00   3.0217322726270156E-03
       0.2000000000000000   8.5079559316671034E+00   5.8835990148171880E-03
       0.3000000000000000   8.1464147763068109E+00   8.7041441058512813E-03
       0.4000000000000000   8.0205250139245514E+00   1.1376847364994879E-02
       0.5000000000000000   7.9658467859966091E+00   1.4000480785182208E-02
       0.6000000000000000   7.9450940489632442E+00   1.6581669626688965E-02
       0.7000000000000000   7.9436512201130700E+00   1.9126334761769757E-02
       0.7999999999999999   7.9535496695963053E+00   2.1638800140627842E-02
       0.8999999999999999   7.9710765005498523E+00   2.4116509068386367E-02
       0.9999999999999999   7.9928049144096853E+00   2.6569918018400151E-02
       2.0000000000000000   8.2650507309634929E+00   5.0002197140248672E-02
       3.0000000000000000   8.4934224744354392E+00   7.2378630079935793E-02
       4.0000000000000000   8.6559863780834103E+00   9.4482737631640307E-02
       5.0000000000000000   8.7633901139442205E+00   1.1675882305567092E-01
       6.0000000000000000   8.8269116012666871E+00   1.3949145752886341E-01
       7.0000000000000000   8.8557671473374668E+00   1.6286995857958519E-01
       8.0000000000000000   8.8568174162962414E+00   1.8703774908381043E-01
       9.0000000000000000   8.8353680180603771E+00   2.1210861552162855E-01
      10.0000000000000000   8.7954996957768543E+00   2.3817963122109836E-01
      11.0000000000000000   8.7404854078424670E+00   2.6533457809578759E-01
      12.0000000000000000   8.6729465097588374E+00   2.9364846380267406E-01
      13.0000000000000000   8.5950450419741422E+00   3.2319013066791535E-01
      14.0000000000000000   8.5085248175665686E+00   3.5402605066459591E-01
      15.0000000000000000   8.4148553943056612E+00   3.8621934782011613E-01
      16.0000000000000000   8.3152921469633618E+00   4.1982955585303378E-01
      17.0000000000000000   8.2108887224231299E+00   4.5491514288291462E-01
      18.0000000000000000   8.1025692003666769E+00   4.9153145746292637E-01
      19.0000000000000000   7.9911306557373729E+00   5.2973117090509259E-01
      20.0000000000000000   7.8772783759059433E+00   5.6956393867088284E-01
      21.0000000000000000   7.7616386696687147E+00   6.1107532777625762E-01
      22.0000000000000000   7.6447815320909047E+00   6.5430509323774655E-01
      23.0000000000000000   7.5272254942530461E+00   6.9928645362251296E-01
      24.0000000000000000   7.4094459958401488E+00   7.4604493569684438E-01
      25.0000000000000000   7.2918882013253841E+00   7.9459591190346635E-01
      26.0000000000000000   7.1749708069100411E+00   8.4494296831435067E-01
      27.0000000000000000   7.0590905267114250E+00   8.9707587426225466E-01
      28.0000000000000000   6.9446258078709828E+00   9.5096848340846762E-01
      29.0000000000000000   6.8319371918758964E+00   1.0065769159256643E+00
      30.0000000000000000   6.7213697236486949E+00   1.0638376717718458E+00
      31.0000000000000000   6.6132506770275183E+00   1.1226663602580731E+00
      32.0000000000000000   6.5078901735510328E+00   1.1829565729432119E+00
      33.0000000000000000   6.4055768371728998E+00   1.2445798741435330E+00
      34.0000000000000000   6.3065766742215477E+00   1.3073860872178393E+00
      35.0000000000000000   6.2111294118114886E+00   1.3712046329265795E+00
      36.0000000000000000   6.1194457396308364E+00   1.4358466523062445E+00
      37.0000000000000000   6.0317045893545922E+00   1.5011079333799222E+00
      38.0000000000000000   5.9480510776576603E+00   1.5667725195696167E+00
      39.0000000000000000   5.8685949760542684E+00   1.6326168376615782E+00
      40.0000000000000000   5.7934104380132503E+00   1.6984140957442238E+00
      41.0000000000000000   5.7225362517551179E+00   1.7639387974206742E+00
      42.0000000000000000   5.6559773319729079E+00   1.8289710309133493E+00
      43.0000000000000000   5.5937069538282316E+00   1.8933004083112448E+00
      44.0000000000000000   5.5356696546091095E+00   1.9567294171726952E+00
      45.0000000000000000   5.4817845014588196E+00   2.0190762082176397E+00
      46.0000000000000000   5.4319489029190260E+00   2.0801765747022984E+00
      47.0000000000000000   5.3860423575975602E+00   2.1398852750936350E+00
      48.0000000000000000   5.3439301908078694E+00   2.1980766750388883E+00
      49.0000000000000000   5.3054671078238513E+00   2.2546447973893180E+00
      50.0000000000000000   5.2705004454390325E+00   2.3095028692461446E+00
      51.0000000000000000   5.2388730649280717E+00   2.3625824743224637E+00
      52.0000000000000000   5.2104259079377879E+00   2.4138324013242589E+00
      53.0000000000000000   5.1850001061537005E+00   2.4632172918737170E+00
      54.0000000000000000   5.1624387517863433E+00   2.5107161658495438E+00
      55.0000000000000000   5.1425882837947130E+00   2.5563209018399466E+00
      56.0000000000000000   5.1252996019370354E+00   2.6000347282810687E+00
      57.0000000000000000   5.1104289730359485E+00   2.6418706036755073E+00
      58.0000000000000000   5.0978383690386853E+00   2.6818500635865750E+00
      59.0000000000000000   5.0873959795997905E+00   2.7200017807800165E+00
      60.0000000000000000   5.0789765825508679E+00   2.7563602095241801E+00
      61.0000000000000000   5.0724612922718064E+00   2.7909648047754665E+00
      62.0000000000000000   5.0677377479769650E+00   2.8238588432842393E+00
      63.0000000000000000   5.0646999564425679E+00   2.8550886130269544E+00
      64.0000000000000000   5.0632481039086228E+00   2.8847026570858230E+00
      65.0000000000000000   5.0632883493872054E+00   2.9127511154892285E+00
      66.0000000000000000   5.0647325740788389E+00   2.9392851580134121E+00
      67.0000000000000000   5.0674981132161125E+00   2.9643564992343228E+00
      68.0000000000000000   5.0715074790749020E+00   2.9880169874798077E+00
      69.0000000000000000   5.0766880778605969E+00   3.0103182598065472E+00
      70.0000000000000000   5.0829719279226042E+00   3.0313114547561133E+00
      71.0000000000000000   5.0902953824657322E+00   3.0510469768308104E+00
      72.0000000000000000   5.0985988632847379E+00   3.0695743048578801E+00
      73.0000000000000000   5.1078266019814382E+00   3.0869418392472103E+00
      74.0000000000000000   5.1179263931999044E+00   3.1031967824435558E+00
      75.0000000000000000   5.1288493461116058E+00   3.1183850607149655E+00
      76.0000000000000000   5.1405497199675407E+00   3.1325512058331730E+00
      76.9989999999999952   5.1529718403548266E+00   3.1457256746107047E+00
      77.0000000000000000   5.1529846285781415E+00   3.1457383868067468E+00
      77.0010000000000048   5.1529974174956132E+00   3.1457510980656744E+00
      78.0000000000000000   5.1661139024316860E+00   3.1579883289514470E+00
      79.0000000000000000   5.1798998901770048E+00   3.1693413128566159E+00
      80.0000000000000000   5.1943072868614690E+00   3.1798361723413344E+00
      81.0000000000000000   5.2093029731034521E+00   3.1895103024169935E+00
      82.0000000000000000   5.2248558672228107E+00   3.1983996754532504E+00
      83.0000000000000000   5.2409367853917042E+00   3.2065388638830603E+00
      84.0000000000000000   5.2575183109298917E+00   3.2139610683744482E+00
      85.0000000000000000   5.2745746760107046E+00   3.2206981499771672E+00
      86.0000000000000000   5.2920816492237517E+00   3.2267806655483233E+00
      87.0000000000000000   5.3100164304948789E+00   3.2322379074711343E+00
      88.0000000000000000   5.3283575632924078E+00   3.2370979353029212E+00
      89.0000000000000000   5.3470848324822722E+00   3.2413876281100973E+00
      90.0000000000000000   5.3661791892531241E+00   3.2451327177948519E+00
      91.0000000000000000   5.3856226733798724E+00   3.2483578324741376E+00
      92.0000000000000000   5.4053983414917051E+00   3.2510865378038143E+00
      93.0000000000000000   5.4254902008976780E+00   3.2533413779256297E+00
      94.0000000000000000   5.4458831481709407E+00   3.2551439158266660E+00
      95.0000000000000000   5.4665629120786203E+00   3.2565147729375310E+00
      96.0000000000000000   5.4875160006072177E+00   3.2574736678327767E+00
      97.0000000000000000   5.5087296517188555E+00   3.2580394539279407E+00
      98.0000000000000000   5.5301917871723818E+00   3.2582301561203844E+00
      99.0000000000000000   5.5518909716029476E+00   3.2580630061587512E+00
     100.0000000000000000   5.5738163701805874E+00   3.2575544770997720E+00
     103.9989999999999952   5.6635596794415601E+00   3.2524131532044112E+00
     104.0010000000000048   5.6636053274523457E+00   3.2524094329239412E+00
     110.0000000000000000   5.8034923304456942E+00   3.2368375262988387E+00
     120.0000000000000000   6.0471949313762305E+00   3.1955921963826315E+00
     120.9989999999999952   6.0721044956096835E+00   3.1906834321234583E+00
     121.0010000000000048   6.0721544520427235E+00   3.1906734865539597E+00
     130.0000000000000000   6.3000223214249429E+00   3.1418910333531689E+00
     140.0000000000000000   6.5588532039785896E+00   3.0809406489251208E+00
     150.0000000000000000   6.8216328406554263E+00   3.0161249239360863E+00
     153.9989999999999952   6.9274961519823881E+00   2.9896471964277316E+00
     154.0010000000000048   6.9275491864100012E+00   2.9896339080561183E+00
     160.0000000000000000   7.0869709502062772E+00   2.9496544556313888E+00
     170.0000000000000000   7.3539054548976184E+00   2.8829746291910916E+00
     180.0000000000000000   7.6217583617503770E+00   2.8170255721510515E+00
     190.0000000000000000   7.8900449144018898E+00   2.7524102350491484E+00
     200.0000000000000000   8.1584146478825641E+00   2.6895046476485995E+00
     210.0000000000000000   8.4228678721070587E+00   2.6354290719748303E+00
     220.0000000000000000   8.6881304535992196E+00   2.5814883700930493E+00
     230.0000000000000000   8.9568938809735847E+00   2.5236127664639092E+00
     240.0000000000000000   9.2239513103249156E+00   2.4693191901791729E+00
     250.0000000000000000   9.4894011137913381E+00   2.4182648262371935E+00
     260.0000000000000000   9.7533340609451855E+00   2.3701499181393562E+00
     270.0000000000000000   1.0015833846265043E+01   2.3247112621395276E+00
     280.0000000000000000   1.0276977515240144E+01   2.2817169127792303E+00
     290.0000000000000000   1.0540990692712555E+01   2.2355325261602528E+00
     300.0000000000000000   1.0799499223351011E+01   2.1970497261750959E+00
     310.0000000000000000   1.1060800702673276E+01   2.1554222197943873E+00
     320.0000000000000000   1.1320801154706739E+01   2.1158964146974957E+00
     330.0000000000000000   1.1579557302586654E+01   2.0783089159108759E+00
     340.0000000000000000   1.1837122217635425E+01   2.0425131457083401E+00
     350.0000000000000000   1.2093545579116670E+01   2.0083772373138906E+00
     360.0000000000000000   1.2348873920191950E+01   1.9757822329181587E+00
     370.0000000000000000   1.2603150878632116E+01   1.9446205218010819E+00
     380.0000000000000000   1.2856417388416393E+01   1.9147945318272943E+00
     390.0000000000000000   1.3112114917386849E+01   1.8823424579048023E+00
     400.0000000000000000   1.3363402318047191E+01   1.8550414692791033E+00
     410.0000000000000000   1.3617090754570960E+01   1.8251650013959195E+00
     420.0000000000000000   1.3866538104918707E+01   1.8000713476448980E+00
     430.0000000000000000   1.4118349073765337E+01   1.7724594901055242E+00
     440.0000000000000000   1.4369250924706879E+01   1.7459220046166122E+00
     450.0000000000000000   1.4616132392924387E+01   1.7236983507197738E+00
     460.0000000000000000   1.4865329598232425E+01   1.6990443376530269E+00
     470.0000000000000000   1.5113697391848579E+01   1.6752908109509259E+00
     480.0000000000000000   1.5361259743602938E+01   1.6523873589076432E+00
     490.0000000000000000   1.5608039528984239E+01   1.6302873235648927E+00
     500.0000000000000000   1.5854058589079047E+01   1.6089474587678889E+00
     510.0000000000000000   1.6099337792597144E+01   1.5883276209115995E+00
     520.0000000000000000   1.6343897093700917E+01   1.5683904921855851E+00
     530.0000000000000000   1.6587755583968505E+01   1.5491013352669454E+00
     540.0000000000000000   1.6830931529355414E+01   1.5304277801279820E+00
     550.0000000000000000   1.7073442436632590E+01   1.5123396096152881E+00
     560.0000000000000000   1.7315305073272533E+01   1.4948085980947521E+00
     570.0000000000000000   1.7559284398978104E+01   1.4752623911027509E+00
     580.0000000000000000   1.7799865308433684E+01   1.4588168590580775E+00
     590.0000000000000000   1.8039844368354558E+01   1.4428524391635362E+00
     600.0000000000000000   1.8281917760543756E+01   1.4249391254510506E+00
     610.0000000000000000   1.8520702333325801E+01   1.4099171693797237E+00
     620.0000000000000000   1.8758926252339204E+01   1.3953136765065712E+00
     630.0000000000000000   1.8999215904048700E+01   1.3788266614296192E+00
     640.0000000000000000   1.9236323228439758E+01   1.3650469645042207E+00
     650.0000000000000000   1.9472906667704944E+01   1.3516336080870601E+00
     660.0000000000000000   1.9711522205156523E+01   1.3364003426841089E+00
     670.0000000000000000   1.9947058734393071E+01   1.3237115948605509E+00
     680.0000000000000000   2.0184612239176985E+01   1.3092428930017197E+00
     690.0000000000000000   2.0419144468372387E+01   1.2972206804507125E+00
     700.0000000000000000   2.0655676578409146E+01   1.2834575875168936E+00
     710.0000000000000000   2.0891709440953250E+01   1.2700424610233889E+00
     720.0000000000000000   2.1124793080797989E+01   1.2589395497236568E+00
     730.0000000000000000   2.1359860571692565E+01   1.2461518079748266E+00
     740.0000000000000000   2.1592034611037061E+01   1.2355945608398973E+00
     750.0000000000000000   2.1826171592945158E+01   1.2233888201246288E+00
     760.0000000000000000   2.2059852128589114E+01   1.2114719355318260E+00
     770.0000000000000000   2.2290708680883419E+01   1.2016729826918955E+00
     780.0000000000000000   2.2523506690534791E+01   1.1902775659396727E+00
     790.0000000000000000   2.2755871075148161E+01   1.1791417753194220E+00
     800.0000000000000000   2.2987809736408675E+01   1.1682559678243434E+00
     810.0000000000000000   2.3217005455641729E+01   1.1593553224836790E+00
     820.0000000000000000   2.3448118426882846E+01   1.1489230805289312E+00
     830.0000000000000000   2.3678825588249914E+01   1.1387169881530255E+00
     840.0000000000000000   2.3909133679986777E+01   1.1287292548225025E+00
     850.0000000000000000   2.4139048633886432E+01   1.1189528980209320E+00
     860.0000000000000000   2.4366312502971937E+01   1.1110181259976504E+00
     870.0000000000000000   2.4595464710936621E+01   1.1016259191528792E+00
     880.0000000000000000   2.4824241472881383E+01   1.0924258459565730E+00
     890.0000000000000000   2.5052648413225210E+01   1.0834118374880946E+00
     900.0000000000000000   2.5280690778095952E+01   1.0745782469872092E+00
     910.0000000000000000   2.5508373595778139E+01   1.0659197197084160E+00
     920.0000000000000000   2.5735701820723683E+01   1.0574310835560043E+00
     930.0000000000000000   2.5960496036139848E+01   1.0506140756692313E+00
     940.0000000000000000   2.6187137710313820E+01   1.0424337208052201E+00
     950.0000000000000000   2.6413439918888407E+01   1.0344087139986335E+00
     960.0000000000000000   2.6639407331037248E+01   1.0265345380194535E+00
     970.0000000000000000   2.6865044466718807E+01   1.0188068784549911E+00
     980.0000000000000000   2.7090355724954673E+01   1.0112215971831959E+00
     990.0000000000000000   2.7315345409207701E+01   1.0037747105430739E+00
    1000.0000000000000000   2.7540017728899013E+01   9.9646238183181401E-01
    1100.0000000000000000   2.9772187028884961E+01   9.2872327304272029E-01
    1200.0000000000000000   3.1976494155188838E+01   8.7130553737457817E-01
    1300.0000000000000000   3.4157828538538809E+01   8.2091199781294333E-01
    1400.0000000000000000   3.6316646971591354E+01   7.7711952801126216E-01
    1500.0000000000000000   3.8456782494713480E+01   7.3778051813642509E-01
    1563.9990000000000236   3.9817309539434383E+01   7.1461879556887320E-01
    1564.0009999999999764   3.9817352153497154E+01   7.1461799347482857E-01
    1600.0000000000000000   4.0579823990203110E+01   7.0213134208999417E-01
    1700.0000000000000000   4.2685482100992431E+01   6.7035047087808719E-01
    1800.0000000000000000   4.4775028289148395E+01   6.4183883381719109E-01
    1843.9990000000000236   4.5690692338016504E+01   6.2971807831809479E-01
    1844.0009999999999764   4.5690734053415085E+01   6.2971746991305222E-01
    1900.0000000000000000   4.6851280577812538E+01   6.1537810173122875E-01
    2000.0000000000000000   4.8913485093731872E+01   5.9137867804547750E-01
    2100.0000000000000000   5.0962525227878409E+01   5.6950711558775535E-01
    2200.0000000000000000   5.2999190878714941E+01   5.4948805742018703E-01
    2300.0000000000000000   5.5024188490481187E+01   5.3109301089751237E-01
    2400.0000000000000000   5.7039724846931527E+01   5.1354659143471582E-01
    2500.0000000000000000   5.9044791771283819E+01   4.9730525079279958E-01
    2600.0000000000000000   6.1039873832949667E+01   4.8223794502591105E-01
    2700.0000000000000000   6.3025440902493962E+01   4.6822347071609305E-01
    2800.0000000000000000   6.5003552426710584E+01   4.5461973840604220E-01
    2900.0000000000000000   6.6971414172735777E+01   4.4240360708379023E-01
    3000.0000000000000000   6.8932527237243406E+01   4.3046907675078983E-01
    3100.0000000000000000   7.0884092626166293E+01   4.1974587268853458E-01
    3200.0000000000000000   7.2829663938384130E+01   4.0916678185478100E-01
    3300.0000000000000000   7.4767782868567252E+01   3.9921901491263984E-01
    3400.0000000000000000   7.6698848265949621E+01   3.8981861974148557E-01
    3500.0000000000000000   7.8623171830869452E+01   3.8090692746873800E-01
    3600.0000000000000000   8.0540881115051661E+01   3.7247311050935789E-01
    3700.0000000000000000   8.2453505555611073E+01   3.6412179200693839E-01
    3800.0000000000000000   8.4358882804451113E+01   3.5648605957350515E-01
    3900.0000000000000000   8.6258211450798470E+01   3.4924855520248410E-01
    4000.0000000000000000   8.8153148450130288E+01   3.4200082187515546E-01
    4100.0000000000000000   9.0041063903748324E+01   3.3545284625651628E-01
    4200.0000000000000000   9.1925162810734818E+01   3.2880855296278128E-01
    4300.0000000000000000   9.3803496948019529E+01   3.2257680867982269E-01
    4400.0000000000000000   9.5675654193391452E+01   3.1686525116118941E-01
    4500.0000000000000000   9.7544745075668871E+01   3.1096634936378026E-01
    4600.0000000000000000   9.9408024371647997E+01   3.0551776244095652E-01
    4700.0000000000000000   1.0126723360710722E+02   3.0016560460198383E-01
    4800.0000000000000000   1.0312189765248692E+02   2.9501230423144997E-01
    4900.0000000000000000   1.0497066422328081E+02   2.9037005736007993E-01
    5000.0000000000000000   1.0681623464978048E+02   2.8565600726011087E-01
    5100.0000000000000000   1.0865771075005271E+02   2.8108991396218791E-01
    5200.0000000000000000   1.1049636640334572E+02   2.7641427839894445E-01
    5300.0000000000000000   1.1232987066884075E+02   2.7214074310942715E-01
    5400.0000000000000000   1.1415914031608848E+02   2.6807001198260427E-01
    5500.0000000000000000   1.1598429078436970E+02   2.6418079709119707E-01
    5600.0000000000000000   1.1780665633810577E+02   2.6024696239087786E-01
    5700.0000000000000000   1.1962459493121496E+02   2.5658460813839434E-01
    5800.0000000000000000   1.2143988466619183E+02   2.5284326528299600E-01
    5900.0000000000000000   1.2325093900533672E+02   2.4937284154818026E-01
    6000.0000000000000000   1.2505901955329148E+02   2.4591645238467230E-01
    6100.0000000000000000   1.2686204374845779E+02   2.4286114991529245E-01
    6200.0000000000000000   1.2866447668399701E+02   2.3942308261259823E-01
    6300.0000000000000000   1.3046270197012012E+02   2.3625602412628768E-01
    6400.0000000000000000   1.3225766974506701E+02   2.3318028537587085E-01
    6500.0000000000000000   1.3404861536401759E+02   2.3034809662421782E-01
    6600.0000000000000000   1.3583740299137534E+02   2.2744168649319707E-01
    6700.0000000000000000   1.3762251658600394E+02   2.2473705779661171E-01
    6800.0000000000000000   1.3940569878004041E+02   2.2192976542105328E-01
    6900.0000000000000000   1.4118520165845922E+02   2.1933497578179550E-01
    7000.0000000000000000   1.4296297125957423E+02   2.1662629767404853E-01
    7100.0000000000000000   1.4473753268379369E+02   2.1406148809696940E-01
    7200.0000000000000000   1.4650895776612967E+02   2.1161427430855159E-01
    7300.0000000000000000   1.4827682161986274E+02   2.0936147287477697E-01
    7400.0000000000000000   1.5004254133402938E+02   2.0706956217781863E-01
    7500.0000000000000000   1.5180752807755675E+02   2.0457294692959557E-01
    7600.0000000000000000   1.5356800540027461E+02   2.0242840400229858E-01
    7700.0000000000000000   1.5532547944580577E+02   2.0037719120470951E-01
    7800.0000000000000000   1.5708317575826464E+02   1.9800857501593888E-01
    7900.0000000000000000   1.5883516771899832E+02   1.9615373967364830E-01
    8000.0000000000000000   1.6058743402670842E+02   1.9394729951957185E-01
    8100.0000000000000000   1.6233577832250157E+02   1.9202014264400510E-01
    8200.0000000000000000   1.6408290115749040E+02   1.8997806029774136E-01
    8300.0000000000000000   1.6582657147310454E+02   1.8812749525722175E-01
    8400.0000000000000000   1.6756905695037887E+02   1.8619402580879302E-01
    8500.0000000000000000   1.6930661316040951E+02   1.8463878371172923E-01
    8600.0000000000000000   1.7104547943681123E+02   1.8266926909645970E-01
    8700.0000000000000000   1.7278146715448560E+02   1.8082584835546398E-01
    8800.0000000000000000   1.7451266896572673E+02   1.7934366454464076E-01
    8900.0000000000000000   1.7624412417079117E+02   1.7762838159612213E-01
    9000.0000000000000000   1.7797408241365022E+02   1.7584730228205397E-01
    9100.0000000000000000   1.7970110914565416E+02   1.7420565665882382E-01
    9200.0000000000000000   1.8142388818809982E+02   1.7288059082346929E-01
    9300.0000000000000000   1.8314722003336550E+02   1.7127113296078764E-01
    9400.0000000000000000   1.8486896771659232E+02   1.6964012311243687E-01
    9500.0000000000000000   1.8658814693221515E+02   1.6811646515040321E-01
    9600.0000000000000000   1.8830545770645202E+02   1.6661549987379021E-01
    9700.0000000000000000   1.9002086535902183E+02   1.6513899817228953E-01
    9800.0000000000000000   1.9173415489047991E+02   1.6371540312556276E-01
    9900.0000000000000000   1.9344534442864821E+02   1.6234659243955518E-01
   10000.0000000000000000   1.9515466791954458E+02   1.6100749830573188E-01
   11000.0000000000000000   2.1215059675902785E+02   1.4896729451539759E-01
   12000.0000000000000000   2.2899006786822451E+02   1.3823197913677493E-01
   13000.0000000000000000   2.4568279049698228E+02   1.2908764533283398E-01
   14000.0000000000000000   2.6224112971430304E+02   1.2133459770800602E-01
   15000.0000000000000000   2.7867847182953295E+02   1.1450663871965407E-01
   16000.0000000000000000   2.9500511121441968E+02   1.0842063719702963E-01
   17000.0000000000000000   3.1123085277795593E+02   1.0278932661435732E-01
   18000.0000000000000000   3.2735627933226652E+02   9.8081066302038847E-02
   19000.0000000000000000   3.4338946078321680E+02   9.3997656057745890E-02
   20000.0000000000000000   3.5934911839238691E+02   8.9651651641825009E-02
   21000.0000000000000000   3.7522321408719915E+02   8.6034370889028905E-02
   22000.0000000000000000   3.9102513679388113E+02   8.2570173065570199E-02
   23000.0000000000000000   4.0675283712222955E+02   7.9606409025535133E-02
   24000.0000000000000000   4.2241264753619436E+02   7.6960086730793048E-02
   25000.0000000000000000   4.3802097362090177E+02   7.3921015126267225E-02
   26000.0000000000000000   4.5355949307594420E+02   7.1519153814879985E-02
   27000.0000000000000000   4.6904131359708691E+02   6.9155167246911689E-02
   28000.0000000000000000   4.8445545113311954E+02   6.7529428528653068E-02
   29000.0000000000000000   4.9984057412082853E+02   6.5131412402603991E-02
   30000.0000000000000000   5.1514892452909748E+02   6.3761287111134463E-02
   31000.0000000000000000   5.3043726230294465E+02   6.1480494308667227E-02
   32000.0000000000000000   5.4565035526133636E+02   6.0425374749110833E-02
   33000.0000000000000000   5.6084434269845553E+02   5.8246548994658587E-02
   34000.0000000000000000   5.7598239873268074E+02   5.6740578406124877E-02
   35000.0000000000000000   5.9106492285058380E+02   5.5911682616956893E-02
   36000.0000000000000000   6.0613831352816010E+02   5.3983373972714702E-02
   37000.0000000000000000   6.2115291631118782E+02   5.2857736885647329E-02
   38000.0000000000000000   6.3612665409505189E+02   5.1654339764035280E-02
   39000.0000000000000000   6.5107139797153809E+02   5.0308585141182548E-02
   40000.0000000000000000   6.6598362521303534E+02   4.9237420997412670E-02
   41000.0000000000000000   6.8084590068993953E+02   4.8165724117862893E-02
   42000.0000000000000000   6.9569385536001505E+02   4.7148100180434201E-02
   43000.0000000000000000   7.1048236929692393E+02   4.6523419457743756E-02
   44000.0000000000000000   7.2524927896981058E+02   4.5804962047815839E-02
   45000.0000000000000000   7.4001421624629199E+02   4.4513496962574887E-02
   46000.0000000000000000   7.5470706292100488E+02   4.4173271938685761E-02
   47000.0000000000000000   7.6939898589142217E+02   4.2781254642534704E-02
   48000.0000000000000000   7.8404461417695677E+02   4.2199769944319704E-02
   49000.0000000000000000   7.9867543584023986E+02   4.1363014339050805E-02
   50000.0000000000000000   8.1327587932245297E+02   4.0620432642033508E-02
