       0.1000000000000000   2.3507829427355791E+01   1.2387593041652627E-03
       0.2000000000000000   2.0656305386618779E+01   2.4240841952148603E-03
       0.3000000000000000   1.9692033083315600E+01   3.6029510056405879E-03
       0.4000000000000000   1.9309258862231218E+01   4.7298524647779432E-03
       0.5000000000000000   1.9105860612869638E+01   5.8443330803512553E-03
       0.6000000000000000   1.8989504678643332E+01   6.9481722360291284E-03
       0.7000000000000000   1.8924407673810403E+01   8.0430216584968725E-03
       0.7999999999999999   1.8890686050531880E+01   9.1300072462065559E-03
       0.8999999999999999   1.8879175947957176E+01   1.0206803974795354E-02
       0.9999999999999999   1.8881056969771738E+01   1.1277930816481636E-02
       2.0000000000000000   1.9171880444878397E+01   2.1656576126399645E-02
       3.0000000000000000   1.9529822748563468E+01   3.1645585466830238E-02
       4.0000000000000000   1.9835463242277989E+01   4.1440538710710614E-02
       5.0000000000000000   2.0075983645443678E+01   5.1175677697724117E-02
       6.0000000000000000   2.0255612396016602E+01   6.0950450663705608E-02
       7.0000000000000000   2.0382933730129345E+01   7.0831300927298349E-02
       8.0000000000000000   2.0464989293203281E+01   8.0871126728890158E-02
       9.0000000000000000   2.0508234067117193E+01   9.1111712615136342E-02
      10.0000000000000000   2.0517753985402145E+01   1.0158996786291950E-01
      11.0000000000000000   2.0498171827950959E+01   1.1233601488591737E-01
      12.0000000000000000   2.0453280301483677E+01   1.2337592868030478E-01
      13.0000000000000000   2.0386556945621503E+01   1.3473169675710323E-01
      14.0000000000000000   2.0300579225431644E+01   1.4642631777631182E-01
      15.0000000000000000   2.0197667342256615E+01   1.5848093808058791E-01
      16.0000000000000000   2.0079948923741846E+01   1.7091410949506219E-01
      17.0000000000000000   1.9949078806520991E+01   1.8374591754897718E-01
      18.0000000000000000   1.9806661653231529E+01   1.9699489472451404E-01
      19.0000000000000000   1.9653975855637675E+01   2.1067969570071032E-01
      20.0000000000000000   1.9492185957707772E+01   2.2481964709279881E-01
      21.0000000000000000   1.9322275048557035E+01   2.3943462411655855E-01
      22.0000000000000000   1.9145166375950318E+01   2.5454400453948872E-01
      23.0000000000000000   1.8961658807130505E+01   2.7016794763527036E-01
      24.0000000000000000   1.8772422502926883E+01   2.8632814057270278E-01
      25.0000000000000000   1.8578072670604403E+01   3.0304672415713996E-01
      26.0000000000000000   1.8379153534621974E+01   3.2034690956809664E-01
      27.0000000000000000   1.8176145610103148E+01   3.3825306764644225E-01
      28.0000000000000000   1.7969482982594197E+01   3.5679072585578087E-01
      29.0000000000000000   1.7759537454228639E+01   3.7598699974551608E-01
      30.0000000000000000   1.7546653749035826E+01   3.9587042047313414E-01
      31.0000000000000000   1.7331123698416263E+01   4.1647137596098066E-01
      32.0000000000000000   1.7113225070095808E+01   4.3782179287846640E-01
      33.0000000000000000   1.6893188694293869E+01   4.5995586458783272E-01
      34.0000000000000000   1.6671229031889897E+01   4.8290983174921676E-01
      35.0000000000000000   1.6447534316588527E+01   5.0672226463448944E-01
      36.0000000000000000   1.6222273285928075E+01   5.3143422434377985E-01
      37.0000000000000000   1.5995596689834281E+01   5.5708945556157852E-01
      38.0000000000000000   1.5767641106905682E+01   5.8373458036514503E-01
      39.0000000000000000   1.5538527696921467E+01   6.1141931812255024E-01
      40.0000000000000000   1.5308368240299300E+01   6.4019664286238565E-01
      41.0000000000000000   1.5077263179882110E+01   6.7012308471209803E-01
      42.0000000000000000   1.4845305034089836E+01   7.0125890631834709E-01
      43.0000000000000000   1.4612580615508806E+01   7.3366835362411931E-01
      44.0000000000000000   1.4379172133860747E+01   7.6741981225618927E-01
      45.0000000000000000   1.4145157249399720E+01   8.0258616646842174E-01
      46.0000000000000000   1.3910612596949788E+01   8.3924491681660374E-01
      47.0000000000000000   1.3675614627427890E+01   8.7747840471783645E-01
      48.0000000000000000   1.3440241188327755E+01   9.1737397632672391E-01
      49.0000000000000000   1.3204573384751743E+01   9.5902411077067540E-01
      50.0000000000000000   1.2968697135125758E+01   1.0025264825618558E+00
      51.0000000000000000   1.2732704791308986E+01   1.0479839563148492E+00
      52.0000000000000000   1.2496697657197725E+01   1.0955044584510554E+00
      52.9990000000000023   1.2261023344598858E+01   1.1451499006873638E+00
      53.0000000000000000   1.2260787523238937E+01   1.1452007223859249E+00
      53.0009999999999977   1.2260551702099457E+01   1.1452515463770452E+00
      54.0000000000000000   1.2025099075694872E+01   1.1971898566573311E+00
      54.9990000000000023   1.1790006934406316E+01   1.2515370644265751E+00
      55.0000000000000000   1.1789771838727681E+01   1.2515927138846454E+00
      55.0009999999999977   1.1789536743566035E+01   1.2516483658799240E+00
      56.0000000000000000   1.1554962901083046E+01   1.3085330051236685E+00
      57.0000000000000000   1.1320850160476732E+01   1.3681357511649483E+00
      58.0000000000000000   1.1087631982722048E+01   1.4305262326546362E+00
      59.0000000000000000   1.0855531074143217E+01   1.4958276474285475E+00
      60.0000000000000000   1.0624798118072995E+01   1.5641582224436721E+00
      61.0000000000000000   1.0395709711926679E+01   1.6356288681890756E+00
      62.0000000000000000   1.0168571697274331E+01   1.7103391295826436E+00
      63.0000000000000000   9.9437187696521612E+00   1.7883732210827452E+00
      64.0000000000000000   9.7215132789677927E+00   1.8697955140934948E+00
      65.0000000000000000   9.5023430952619172E+00   1.9546457253823035E+00
      66.0000000000000000   9.2866177733613728E+00   2.0429340133652927E+00
      67.0000000000000000   9.0747631075123643E+00   2.1346362546673676E+00
      68.0000000000000000   8.8672140471868115E+00   2.2296898346826475E+00
      69.0000000000000000   8.6644060553639317E+00   2.3279903230593808E+00
      70.0000000000000000   8.4667652344322928E+00   2.4293894013036121E+00
      71.0000000000000000   8.2746977070397865E+00   2.5336943663201348E+00
      72.0000000000000000   8.0885788947393067E+00   2.6406694261833774E+00
      73.0000000000000000   7.9087433604501740E+00   2.7500388683676844E+00
      74.0000000000000000   7.7354759570907659E+00   2.8614920074718446E+00
      75.0000000000000000   7.5690048208727490E+00   2.9746896838294505E+00
      76.0000000000000000   7.4094971266389287E+00   3.0892717211743603E+00
      77.0000000000000000   7.2570566242232761E+00   3.2048653299678378E+00
      78.0000000000000000   7.1117245510965867E+00   3.3210932977226868E+00
      79.0000000000000000   6.9734824416733874E+00   3.4375819630657136E+00
      80.0000000000000000   6.8422569226556957E+00   3.5539683794267223E+00
      81.0000000000000000   6.7179258984334265E+00   3.6699064140323028E+00
      82.0000000000000000   6.6003256106641519E+00   3.7850716192999343E+00
      83.0000000000000000   6.4892580436560987E+00   3.8991648286475824E+00
      84.0000000000000000   6.3844982674673263E+00   4.0119145249217434E+00
      85.0000000000000000   6.2858014084542173E+00   4.1230780960082773E+00
      86.0000000000000000   6.1929089860170041E+00   4.2324421363159352E+00
      87.0000000000000000   6.1055544972335909E+00   4.3398219748792188E+00
      88.0000000000000000   6.0234682169621161E+00   4.4450605766450870E+00
      88.9989999999999952   5.9464558005759764E+00   4.5479252618259327E+00
      89.0000000000000000   5.9463811218764748E+00   4.5480270559824127E+00
      89.0010000000000048   5.9463064479105148E+00   4.5481288477583499E+00
      90.0000000000000000   5.8740281088600863E+00   4.6486148463789760E+00
      91.0000000000000000   5.8061504908398982E+00   4.7467397224345644E+00
      92.0000000000000000   5.7424978754017735E+00   4.8423377413852400E+00
      93.0000000000000000   5.6828295174103687E+00   4.9353631841534362E+00
      94.0000000000000000   5.6269152294027354E+00   5.0257865514295501E+00
      95.0000000000000000   5.5745359293514065E+00   5.1135926537166059E+00
      96.0000000000000000   5.5254838977218146E+00   5.1987788207967087E+00
      97.0000000000000000   5.4795628059457542E+00   5.2813532454670122E+00
      98.0000000000000000   5.4365875681551534E+00   5.3613334683861966E+00
      99.0000000000000000   5.3963840687943829E+00   5.4387450042535272E+00
     100.0000000000000000   5.3587887806778518E+00   5.5136201072214366E+00
     110.0000000000000000   5.0969362509052294E+00   6.1329126578789896E+00
     120.0000000000000000   4.9764224146632605E+00   6.5544370034823443E+00
     130.0000000000000000   4.9390867774561844E+00   6.8294359726025959E+00
     140.0000000000000000   4.9536047482562351E+00   6.9985008742172310E+00
     150.0000000000000000   5.0020979534521253E+00   7.0913653957565455E+00
     160.0000000000000000   5.0737785929578596E+00   7.1293492631176330E+00
     170.0000000000000000   5.1618147680492434E+00   7.1277110290148302E+00
     180.0000000000000000   5.2616989358758586E+00   7.0974309333191004E+00
     190.0000000000000000   5.3703525608558289E+00   7.0464738585319289E+00
     200.0000000000000000   5.4856106685452062E+00   6.9806666012709151E+00
     210.0000000000000000   5.6059123507308266E+00   6.9043061601037046E+00
     220.0000000000000000   5.7228057138745401E+00   6.8476166388537347E+00
     230.0000000000000000   5.8539746942181887E+00   6.7492599667349049E+00
     240.0000000000000000   5.9856545390297855E+00   6.6537928509025841E+00
     250.0000000000000000   6.1177199388570820E+00   6.5612580278360308E+00
     260.0000000000000000   6.2500722011193588E+00   6.4716478645146047E+00
     270.0000000000000000   6.3826329507977348E+00   6.3849203847376250E+00
     280.0000000000000000   6.5153393440040066E+00   6.3010109268050067E+00
     290.0000000000000000   6.6541704196652427E+00   6.2000577721687922E+00
     300.0000000000000000   6.7867607583340792E+00   6.1223997677133486E+00
     310.0000000000000000   6.9249844112779178E+00   6.0290556033907556E+00
     320.0000000000000000   7.0628132254934206E+00   5.9395531193430102E+00
     330.0000000000000000   7.2002509270817558E+00   5.8536569385998236E+00
     340.0000000000000000   7.3373028298665011E+00   5.7711492763706289E+00
     350.0000000000000000   7.4739753503447561E+00   5.6918287217028558E+00
     360.0000000000000000   7.6102756711935742E+00   5.6155089583618762E+00
     370.0000000000000000   7.7462114873173391E+00   5.5420175271194880E+00
     380.0000000000000000   7.8817907943521623E+00   5.4711947318144718E+00
     390.0000000000000000   8.0215389272573141E+00   5.3891518691371516E+00
     400.0000000000000000   8.1563051494646768E+00   5.3236584922269952E+00
     410.0000000000000000   8.2950735927001684E+00   5.2474524879475659E+00
     420.0000000000000000   8.4290728281634468E+00   5.1866909847276164E+00
     430.0000000000000000   8.5669148139119482E+00   5.1156879716256691E+00
     440.0000000000000000   8.7042827079718421E+00   5.0472366390586219E+00
     450.0000000000000000   8.8371564037462935E+00   4.9928032290280493E+00
     460.0000000000000000   8.9736729666034094E+00   4.9287527692415836E+00
     470.0000000000000000   9.1097525982122818E+00   4.8668738348100273E+00
     480.0000000000000000   9.2454070494989669E+00   4.8070529127801498E+00
     490.0000000000000000   9.3806476472697611E+00   4.7491844205680982E+00
     500.0000000000000000   9.5154853050120405E+00   4.6931700107468011E+00
     510.0000000000000000   9.6499305550508492E+00   4.6389179097430491E+00
     520.0000000000000000   9.7839935553114863E+00   4.5863423866217463E+00
     530.0000000000000000   9.9176840911745181E+00   4.5353632846582412E+00
     540.0000000000000000   1.0051011576184248E+01   4.4859056008293550E+00
     550.0000000000000000   1.0183985085257321E+01   4.4378990352882868E+00
     560.0000000000000000   1.0316613350255903E+01   4.3912776591014389E+00
     570.0000000000000000   1.0452281652914129E+01   4.3371516954194407E+00
     580.0000000000000000   1.0584193923473572E+01   4.2932955451338541E+00
     590.0000000000000000   1.0715785920227210E+01   4.2506432979769446E+00
     600.0000000000000000   1.0850332335416999E+01   4.2008136638224531E+00
     610.0000000000000000   1.0981256834183181E+01   4.1605774672738294E+00
     620.0000000000000000   1.1111883544250208E+01   4.1213942774517376E+00
     630.0000000000000000   1.1245378618194634E+01   4.0753396257725809E+00
     640.0000000000000000   1.1375381319916453E+01   4.0382810934197977E+00
     644.9990000000000236   1.1440264625414928E+01   4.0201066550047502E+00
     645.0009999999999764   1.1440291812886016E+01   4.0200963594261356E+00
     650.0000000000000000   1.1505106510279839E+01   4.0021488985136040E+00
     655.9990000000000236   1.1586489555937389E+01   3.9718662287253261E+00
     656.0009999999999764   1.1586516669650786E+01   3.9718562145669432E+00
     660.0000000000000000   1.1637613988837106E+01   3.9594310862259596E+00
     670.0000000000000000   1.1766754510776568E+01   3.9251777897314857E+00
     680.0000000000000000   1.1898632974201485E+01   3.8845121483333371E+00
     690.0000000000000000   1.2027213227192400E+01   3.8519922002955580E+00
     700.0000000000000000   1.2158486467021568E+01   3.8132265024485599E+00
     710.0000000000000000   1.2289459295142011E+01   3.7754131949928151E+00
     720.0000000000000000   1.2417219881627943E+01   3.7453058598119728E+00
     730.0000000000000000   1.2547620489620252E+01   3.7091887660321969E+00
     740.0000000000000000   1.2674875888933116E+01   3.6805081952357526E+00
     750.0000000000000000   1.2804725189252130E+01   3.6459686194745804E+00
     760.0000000000000000   1.2934299913163487E+01   3.6122241576718497E+00
     770.0000000000000000   1.3060812332182607E+01   3.5855448432621269E+00
     772.9189999999999827   1.3099320509696984E+01   3.5742033456294724E+00
     772.9209999999999354   1.3099346886768343E+01   3.5741956011750586E+00
     780.0000000000000000   1.3189864185646716E+01   3.5532191869619925E+00
     790.0000000000000000   1.3318656139427839E+01   3.5216085413707532E+00
     800.0000000000000000   1.3447193256607047E+01   3.4906868761776102E+00
     810.0000000000000000   1.3572760892588926E+01   3.4663989975210727E+00
     820.0000000000000000   1.3700808663865990E+01   3.4367170974145433E+00
     830.0000000000000000   1.3828613861621960E+01   3.4076595358237558E+00
     840.0000000000000000   1.3956179293963396E+01   3.3792082805406114E+00
     850.0000000000000000   1.4083507512960820E+01   3.3513464337830703E+00
     860.0000000000000000   1.4207975436607693E+01   3.3296409364676820E+00
     870.0000000000000000   1.4334854940249159E+01   3.3028278144630625E+00
     880.0000000000000000   1.4461509139799087E+01   3.2765497421933580E+00
     890.0000000000000000   1.4587940601290834E+01   3.2507920116899891E+00
     900.0000000000000000   1.4714152319923693E+01   3.2255394796162129E+00
     910.0000000000000000   1.4840147778144093E+01   3.2007764597754438E+00
     920.0000000000000000   1.4965930681137795E+01   3.1764872821411632E+00
     930.0000000000000000   1.5088996087718446E+01   3.1577784720767541E+00
     940.0000000000000000   1.5214377720941517E+01   3.1343322906728148E+00
     950.0000000000000000   1.5339555627255706E+01   3.1113215834667134E+00
     960.0000000000000000   1.5464532554124931E+01   3.0887341649027382E+00
     970.0000000000000000   1.5589311311268483E+01   3.0665580640738899E+00
     980.0000000000000000   1.5713894725061555E+01   3.0447816045570231E+00
     990.0000000000000000   1.5838285587111558E+01   3.0233934934276401E+00
    1000.0000000000000000   1.5962486616179117E+01   3.0023828792696574E+00
    1100.0000000000000000   1.7196897623149081E+01   2.8066626980238798E+00
    1200.0000000000000000   1.8414585961939789E+01   2.6401862051899885E+00
    1300.0000000000000000   1.9619506509455164E+01   2.4931304203055262E+00
    1400.0000000000000000   2.0810905076917592E+01   2.3650178042868544E+00
    1500.0000000000000000   2.1992007953494944E+01   2.2492730706920057E+00
    1600.0000000000000000   2.3163684164777482E+01   2.1438372053866095E+00
    1700.0000000000000000   2.4324895305184302E+01   2.0496716307697187E+00
    1800.0000000000000000   2.5476389288222084E+01   1.9650874985705136E+00
    1900.0000000000000000   2.6620715531686805E+01   1.8861860443860623E+00
    2000.0000000000000000   2.7756521601744794E+01   1.8146026860892339E+00
    2100.0000000000000000   2.8884430003390545E+01   1.7492584336184198E+00
    2200.0000000000000000   3.0004954969843126E+01   1.6893181584113004E+00
    2300.0000000000000000   3.1118419649822922E+01   1.6342507865939149E+00
    2400.0000000000000000   3.2226950833039467E+01   1.5814679853082880E+00
    2500.0000000000000000   3.3329181338283199E+01   1.5325885568460935E+00
    2600.0000000000000000   3.4425411334530430E+01   1.4872047987361476E+00
    2700.0000000000000000   3.5515955796938194E+01   1.4449284310560033E+00
    2800.0000000000000000   3.6602517620051593E+01   1.4039445017314303E+00
    2900.0000000000000000   3.7682398110700120E+01   1.3670887197225792E+00
    3000.0000000000000000   3.8758894930177938E+01   1.3309539285097209E+00
    3100.0000000000000000   3.9829322520427702E+01   1.2982669505657956E+00
    3200.0000000000000000   4.0896197017037082E+01   1.2665014398718466E+00
    3300.0000000000000000   4.1959022954164020E+01   1.2362316536306270E+00
    3400.0000000000000000   4.3017607225069085E+01   1.2076284821553580E+00
    3500.0000000000000000   4.4072023613492043E+01   1.1806314373032534E+00
    3600.0000000000000000   4.5122455704892907E+01   1.1550772867263293E+00
    3700.0000000000000000   4.6170881515775513E+01   1.1292980328889874E+00
    3800.0000000000000000   4.7213742833149354E+01   1.1063622065112708E+00
    3900.0000000000000000   4.8253432559569042E+01   1.0842620103626623E+00
    4000.0000000000000000   4.9291149307138419E+01   1.0619803213771868E+00
    4100.0000000000000000   5.0323874899620101E+01   1.0420613140667272E+00
    4200.0000000000000000   5.1354950175788566E+01   1.0217823654737188E+00
    4300.0000000000000000   5.2382650208642062E+01   1.0025612678388263E+00
    4400.0000000000000000   5.3405766643082522E+01   9.8534024076546800E-01
    4500.0000000000000000   5.4428130138889941E+01   9.6724535223203667E-01
    4600.0000000000000000   5.5446458221294165E+01   9.5065967713507160E-01
    4700.0000000000000000   5.6463255485425918E+01   9.3390281803629038E-01
    4800.0000000000000000   5.7476888335064274E+01   9.1809038885993410E-01
    4900.0000000000000000   5.8485813104330958E+01   9.0430928260203802E-01
    5000.0000000000000000   5.9493817375756670E+01   8.8989793606902079E-01
    5100.0000000000000000   6.0499472841884057E+01   8.7591817874921896E-01
    5200.0000000000000000   6.1502798402096559E+01   8.6236904995055719E-01
    5300.0000000000000000   6.2505442144323780E+01   8.4816112659401677E-01
    5400.0000000000000000   6.3504424656799273E+01   8.3532246399646115E-01
    5500.0000000000000000   6.4500002466352740E+01   8.2359874081243256E-01
    5600.0000000000000000   6.5493385162916582E+01   8.1223736442596439E-01
    5700.0000000000000000   6.6486255000818531E+01   8.0029656291299367E-01
    5800.0000000000000000   6.7475942527418923E+01   7.8925882483623977E-01
    5900.0000000000000000   6.8465035613494436E+01   7.7778257374422188E-01
    6000.0000000000000000   6.9449108983330945E+01   7.6832958251857331E-01
    6100.0000000000000000   7.0433250817710345E+01   7.5802755437019054E-01
    6200.0000000000000000   7.1416962333747051E+01   7.4712954331435677E-01
    6300.0000000000000000   7.2395603146274851E+01   7.3833841063359318E-01
    6400.0000000000000000   7.3373684153975006E+01   7.2899222080761239E-01
    6500.0000000000000000   7.4349926696036533E+01   7.2002530195664693E-01
    6543.9989999999997963   7.4779810029496332E+01   7.1568934991357624E-01
    6544.0010000000002037   7.4779829705574159E+01   7.1568907460669784E-01
    6600.0000000000000000   7.5325378622452590E+01   7.1070025054432906E-01
    6700.0000000000000000   7.6298075901165689E+01   7.0215832868953498E-01
    6800.0000000000000000   7.7269570476242151E+01   6.9358577842553326E-01
    6900.0000000000000000   7.8238404856954716E+01   6.8569057355928631E-01
    7000.0000000000000000   7.9206213914666478E+01   6.7770223367401305E-01
    7100.0000000000000000   8.0171132686133177E+01   6.7051370236812291E-01
    7200.0000000000000000   8.1137083286533539E+01   6.6223089825246939E-01
    7300.0000000000000000   8.2100473280973247E+01   6.5461691845620995E-01
    7400.0000000000000000   8.3062062438428725E+01   6.4731703438568422E-01
    7500.0000000000000000   8.4020763964136279E+01   6.4076792921032144E-01
    7600.0000000000000000   8.4979324521455482E+01   6.3381316460625592E-01
    7700.0000000000000000   8.5937415611146108E+01   6.2654141984782130E-01
    7800.0000000000000000   8.6890980051114241E+01   6.2074865680171532E-01
    7900.0000000000000000   8.7846633291633665E+01   6.1364495694040555E-01
    8000.0000000000000000   8.8798004868101373E+01   6.0792293073411463E-01
    8100.0000000000000000   8.9751187348780462E+01   6.0077951198597923E-01
    8200.0000000000000000   9.0699326620974404E+01   5.9554418436374268E-01
    8300.0000000000000000   9.1649836953737676E+01   5.8880448276630970E-01
    8400.0000000000000000   9.2593512014979453E+01   5.8457690333328449E-01
    8500.0000000000000000   9.3541676566302542E+01   5.7784999488571787E-01
    8600.0000000000000000   9.4486047235308092E+01   5.7241140287309156E-01
    8700.0000000000000000   9.5428514382779881E+01   5.6740560666893702E-01
    8800.0000000000000000   9.6371832970730068E+01   5.6157537418459680E-01
    8900.0000000000000000   9.7312103882365903E+01   5.5654759840455803E-01
    9000.0000000000000000   9.8248983409115453E+01   5.5253754633607977E-01
    9100.0000000000000000   9.9189190919859229E+01   5.4678095695842932E-01
    9200.0000000000000000   1.0012750615478649E+02   5.4145594056371660E-01
    9300.0000000000000000   1.0106491473745535E+02   5.3610952756338748E-01
    9400.0000000000000000   1.0199866028250028E+02   5.3184830404336769E-01
    9500.0000000000000000   1.0292986395506087E+02   5.2818907480019361E-01
    9600.0000000000000000   1.0386225517612618E+02   5.2369156039069709E-01
    9700.0000000000000000   1.0479468769943128E+02   5.1883311677037580E-01
    9800.0000000000000000   1.0572571272462558E+02   5.1418304022068140E-01
    9900.0000000000000000   1.0665524637187131E+02   5.0977659755969129E-01
   10000.0000000000000000   1.0758351812169909E+02   5.0552786475616696E-01
   11000.0000000000000000   1.1681018099906011E+02   4.6681234692506124E-01
   12000.0000000000000000   1.2593737168695388E+02   4.3555037256917500E-01
   13000.0000000000000000   1.3498710314228185E+02   4.0658895489657926E-01
   14000.0000000000000000   1.4395519339103140E+02   3.8213612287596804E-01
   15000.0000000000000000   1.5285326469358540E+02   3.6097431716263573E-01
   16000.0000000000000000   1.6168610383241719E+02   3.4177589104255096E-01
   17000.0000000000000000   1.7046051122073439E+02   3.2488200539334983E-01
   18000.0000000000000000   1.7917300151190810E+02   3.1063566910944967E-01
   19000.0000000000000000   1.8784543025172496E+02   2.9532271669174592E-01
   20000.0000000000000000   1.9645871674832964E+02   2.8336116355639263E-01
   21000.0000000000000000   2.0502403622312480E+02   2.7318599025404217E-01
   22000.0000000000000000   2.1355879231444999E+02   2.6095649996245512E-01
   23000.0000000000000000   2.2205084614964915E+02   2.5134800423371223E-01
   24000.0000000000000000   2.3048765841750534E+02   2.4351349269114503E-01
   25000.0000000000000000   2.3890262291328955E+02   2.3466250425466098E-01
   26000.0000000000000000   2.4727412681968153E+02   2.2804508896266384E-01
   27000.0000000000000000   2.5562224800320635E+02   2.1946448386119366E-01
   28000.0000000000000000   2.6393055200642920E+02   2.1399169573181998E-01
   29000.0000000000000000   2.7221581862510646E+02   2.0776557277616686E-01
   30000.0000000000000000   2.8046642025556122E+02   2.0031650625784986E-01
   31000.0000000000000000   2.8869406956636391E+02   1.9508317705707975E-01
   32000.0000000000000000   2.9689937304352907E+02   1.8919992010004313E-01
   33000.0000000000000000   3.0505584293163383E+02   1.8601052164610524E-01
   34000.0000000000000000   3.1319714267656690E+02   1.8134701300238501E-01
   35000.0000000000000000   3.2132828244852163E+02   1.7561720040434242E-01
   36000.0000000000000000   3.2942840960450394E+02   1.7166156638148922E-01
   37000.0000000000000000   3.3749858875245377E+02   1.6844670228315850E-01
   38000.0000000000000000   3.4554229148666980E+02   1.6415477037570025E-01
   39000.0000000000000000   3.5357902322442317E+02   1.5988362013510701E-01
   40000.0000000000000000   3.6160731580576061E+02   1.5597506143747383E-01
   41000.0000000000000000   3.6957443614879514E+02   1.5291092892559427E-01
   42000.0000000000000000   3.7756663631077123E+02   1.5006207018759549E-01
   43000.0000000000000000   3.8550890326499149E+02   1.4642497415350686E-01
   44000.0000000000000000   3.9342627588491740E+02   1.4598718213033804E-01
   45000.0000000000000000   4.0136543747092378E+02   1.4236659738529292E-01
   46000.0000000000000000   4.0926985433408817E+02   1.3822932481036879E-01
   47000.0000000000000000   4.1712555956917441E+02   1.3624550757420681E-01
   48000.0000000000000000   4.2498863156931770E+02   1.3452694567276910E-01
   49000.0000000000000000   4.3285778276296418E+02   1.3128948923952194E-01
   50000.0000000000000000   4.4070374079807851E+02   1.2869017027141574E-01
