       0.1000000000000000   1.0000000000000000E+30
       0.2000000000000000   1.0000000000000000E+30
       0.3000000000000000   1.0000000000000000E+30
       0.4000000000000000   1.0000000000000000E+30
       0.5000000000000000   1.0000000000000000E+30
       0.6000000000000000   1.0000000000000000E+30
       0.7000000000000000   1.0000000000000000E+30
       0.7999999999999999   1.0000000000000000E+30
       0.8999999999999999   1.0000000000000000E+30
       0.9999999999999999   1.0000000000000000E+30
       2.0000000000000000   1.0000000000000000E+30
       3.0000000000000000   1.0000000000000000E+30
       4.0000000000000000   1.0000000000000000E+30
       5.0000000000000000   1.0000000000000000E+30
       6.0000000000000000   1.0000000000000000E+30
       7.0000000000000000   1.0000000000000000E+30
       8.0000000000000000   1.0000000000000000E+30
       9.0000000000000000   1.0000000000000000E+30
      10.0000000000000000   1.0000000000000000E+30
      11.0000000000000000   1.0000000000000000E+30
      12.0000000000000000   1.0000000000000000E+30
      13.0000000000000000   1.0000000000000000E+30
      14.0000000000000000   1.0000000000000000E+30
      15.0000000000000000   1.0000000000000000E+30
      16.0000000000000000   1.0000000000000000E+30
      17.0000000000000000   1.0000000000000000E+30
      18.0000000000000000   1.0000000000000000E+30
      19.0000000000000000   1.0000000000000000E+30
      20.0000000000000000   1.0000000000000000E+30
      21.0000000000000000   1.0000000000000000E+30
      22.0000000000000000   1.0000000000000000E+30
      23.0000000000000000   1.0000000000000000E+30
      24.0000000000000000   1.0000000000000000E+30
      25.0000000000000000   1.0000000000000000E+30
      26.0000000000000000   1.0000000000000000E+30
      27.0000000000000000   1.0000000000000000E+30
      28.0000000000000000   1.0000000000000000E+30
      29.0000000000000000   1.0000000000000000E+30
      30.0000000000000000   1.0000000000000000E+30
      31.0000000000000000   1.0000000000000000E+30
      32.0000000000000000   1.0000000000000000E+30
      33.0000000000000000   1.0000000000000000E+30
      34.0000000000000000   1.0000000000000000E+30
      35.0000000000000000   1.0000000000000000E+30
      36.0000000000000000   1.0000000000000000E+30
      37.0000000000000000   1.0000000000000000E+30
      38.0000000000000000   1.0000000000000000E+30
      39.0000000000000000   1.0000000000000000E+30
      40.0000000000000000   1.0000000000000000E+30
      41.0000000000000000   1.0000000000000000E+30
      42.0000000000000000   1.0000000000000000E+30
      43.0000000000000000   1.0000000000000000E+30
      44.0000000000000000   1.0000000000000000E+30
      45.0000000000000000   1.0000000000000000E+30
      46.0000000000000000   1.0000000000000000E+30
      47.0000000000000000   1.0000000000000000E+30
      48.0000000000000000   1.0000000000000000E+30
      49.0000000000000000   1.0000000000000000E+30
      50.0000000000000000   1.0000000000000000E+30
      51.0000000000000000   1.0000000000000000E+30
      52.0000000000000000   1.0000000000000000E+30
      52.9990000000000023   1.0000000000000000E+30
      53.0000000000000000   1.0000000000000000E+30
      53.0009999999999977   1.0000000000000000E+30
      54.0000000000000000   1.0000000000000000E+30
      54.9990000000000023   1.0000000000000000E+30
      55.0000000000000000   1.0000000000000000E+30
      55.0009999999999977   1.7499715298755291E+03
      56.0000000000000000   1.8196592225665720E+03
      57.0000000000000000   1.8952060168847120E+03
      58.0000000000000000   1.9681858631164253E+03
      59.0000000000000000   2.0440805467502908E+03
      60.0000000000000000   2.1260834063313409E+03
      61.0000000000000000   2.2027251909630240E+03
      62.0000000000000000   2.2916752616828148E+03
      63.0000000000000000   2.3638523274875315E+03
      64.0000000000000000   2.4776434810112351E+03
      65.0000000000000000   2.6192838637183327E+03
      66.0000000000000000   2.7870170889925248E+03
      67.0000000000000000   2.9699346592639977E+03
      68.0000000000000000   3.1660099073280649E+03
      69.0000000000000000   3.3666532824796818E+03
      70.0000000000000000   3.5759336704805928E+03
      71.0000000000000000   3.7838761974390018E+03
      72.0000000000000000   4.0016610564023631E+03
      73.0000000000000000   4.1912696782992034E+03
      74.0000000000000000   4.3749051024052906E+03
      75.0000000000000000   4.5330911657141314E+03
      76.0000000000000000   4.6687290665592218E+03
      77.0000000000000000   4.7842911570790438E+03
      78.0000000000000000   4.8750178565830347E+03
      79.0000000000000000   4.9435932838376793E+03
      80.0000000000000000   5.0141254969239653E+03
      81.0000000000000000   5.0262389008089613E+03
      82.0000000000000000   5.0256870219516140E+03
      83.0000000000000000   5.0068854400856135E+03
      84.0000000000000000   4.9995060716520238E+03
      85.0000000000000000   4.9501487544206793E+03
      86.0000000000000000   4.9222598886372889E+03
      87.0000000000000000   4.8498804633498112E+03
      88.0000000000000000   4.8056089599609522E+03
      88.9989999999999952   4.7621814763299744E+03
      89.0000000000000000   4.7621383986048031E+03
      89.0010000000000048   4.7620953216589687E+03
      90.0000000000000000   4.6659264069755282E+03
      91.0000000000000000   4.6101291887478683E+03
      92.0000000000000000   4.5556506963962111E+03
      93.0000000000000000   4.4597758681301384E+03
      94.0000000000000000   4.3981397984931964E+03
      95.0000000000000000   4.3381841796236595E+03
      96.0000000000000000   4.2798412118517317E+03
      97.0000000000000000   4.2230466943790152E+03
      98.0000000000000000   4.1677397896163766E+03
      99.0000000000000000   4.1138628058004469E+03
     100.0000000000000000   4.0613609962558398E+03
     110.0000000000000000   3.5747507159260808E+03
     120.0000000000000000   3.2997018958229000E+03
     130.0000000000000000   3.1757087393909892E+03
     140.0000000000000000   3.0994081623469378E+03
     150.0000000000000000   3.1162912694860811E+03
     160.0000000000000000   3.1553648336771093E+03
     170.0000000000000000   3.2256169761169517E+03
     180.0000000000000000   3.3245954191406249E+03
     190.0000000000000000   3.4442110042287873E+03
     200.0000000000000000   3.5786169867359881E+03
     210.0000000000000000   3.7271948620356593E+03
     220.0000000000000000   3.8898435454632126E+03
     230.0000000000000000   4.0661862485726074E+03
     240.0000000000000000   4.2613340646365632E+03
     250.0000000000000000   4.4578473576228789E+03
     260.0000000000000000   4.6818914903984250E+03
     270.0000000000000000   4.8970566960488450E+03
     280.0000000000000000   5.1407593918323992E+03
     290.0000000000000000   5.3769413444845859E+03
     300.0000000000000000   5.6382911274634162E+03
     310.0000000000000000   5.8934201734771159E+03
     320.0000000000000000   6.1812665717998789E+03
     330.0000000000000000   6.4775329049956508E+03
     340.0000000000000000   6.7582537923622740E+03
     350.0000000000000000   7.0733839473647522E+03
     360.0000000000000000   7.4259621999299279E+03
     370.0000000000000000   7.7310873497423927E+03
     380.0000000000000000   8.0932052801346026E+03
     390.0000000000000000   8.4414043917076524E+03
     400.0000000000000000   8.7921901509622876E+03
     410.0000000000000000   9.1811173854565750E+03
     420.0000000000000000   9.6084992107921062E+03
     430.0000000000000000   9.9941026841144121E+03
     440.0000000000000000   1.0382075177654979E+04
     450.0000000000000000   1.0818457347227130E+04
     460.0000000000000000   1.1299369993465583E+04
     470.0000000000000000   1.1726118011609080E+04
     480.0000000000000000   1.2158977893472622E+04
     490.0000000000000000   1.2645397591948713E+04
     500.0000000000000000   1.3175043472927729E+04
     510.0000000000000000   1.3654341343084572E+04
     520.0000000000000000   1.4222267089647801E+04
     530.0000000000000000   1.4699476630080479E+04
     540.0000000000000000   1.5250538056912748E+04
     550.0000000000000000   1.5813069948953556E+04
     560.0000000000000000   1.6426881095325487E+04
     570.0000000000000000   1.6989815817449955E+04
     580.0000000000000000   1.7562357094171897E+04
     590.0000000000000000   1.8210505056159007E+04
     600.0000000000000000   1.8847075284895451E+04
     610.0000000000000000   1.9489527944557853E+04
     620.0000000000000000   2.0206481800356785E+04
     630.0000000000000000   2.0845633997742359E+04
     640.0000000000000000   2.1495214743224326E+04
     644.9990000000000236   2.1863156710226536E+04
     645.0009999999999764   2.1863306437266328E+04
     650.0000000000000000   2.2244069449681276E+04
     655.9990000000000236   2.2661178439769574E+04
     656.0009999999999764   2.2661332806018290E+04
     660.0000000000000000   2.2974252325696943E+04
     670.0000000000000000   2.3795924116403261E+04
     680.0000000000000000   2.4468786378158249E+04
     690.0000000000000000   2.5319744245376780E+04
     700.0000000000000000   2.6003133601252524E+04
     710.0000000000000000   2.6864213840705313E+04
     720.0000000000000000   2.7666288583410591E+04
     730.0000000000000000   2.8580283043942276E+04
     740.0000000000000000   2.9404987111631493E+04
     750.0000000000000000   3.0365151529637838E+04
     760.0000000000000000   3.1174057503515542E+04
     770.0000000000000000   3.2172357690642704E+04
     772.9189999999999827   3.2475930957877223E+04
     772.9209999999999354   3.2476140919999605E+04
     780.0000000000000000   3.2985183049227089E+04
     790.0000000000000000   3.4002602535784521E+04
     800.0000000000000000   3.4933066152855288E+04
     810.0000000000000000   3.6008579517235019E+04
     820.0000000000000000   3.6956892583920948E+04
     830.0000000000000000   3.8074290749834705E+04
     840.0000000000000000   3.9004864769542626E+04
     850.0000000000000000   4.0154083411897896E+04
     860.0000000000000000   4.1373077827383539E+04
     870.0000000000000000   4.2264076421893355E+04
     880.0000000000000000   4.3490632937447241E+04
     890.0000000000000000   4.4547808320089745E+04
     900.0000000000000000   4.5824413548312368E+04
     910.0000000000000000   4.6911691801834095E+04
     920.0000000000000000   4.8208185894879913E+04
     930.0000000000000000   4.9375425070934740E+04
     940.0000000000000000   5.0720496440928786E+04
     950.0000000000000000   5.1871011048612367E+04
     960.0000000000000000   5.3254705865625125E+04
     970.0000000000000000   5.4425492393055974E+04
     980.0000000000000000   5.5825091284084599E+04
     990.0000000000000000   5.7298573967592602E+04
    1000.0000000000000000   5.8569644895232515E+04
    1100.0000000000000000   7.3798830980608909E+04
    1200.0000000000000000   9.1629883678561615E+04
    1300.0000000000000000   1.1166695253835910E+05
    1400.0000000000000000   1.3495601992880093E+05
    1500.0000000000000000   1.6148375326920679E+05
    1600.0000000000000000   1.9120759781232319E+05
    1700.0000000000000000   2.2432544521525447E+05
    1800.0000000000000000   2.6109414718083545E+05
    1900.0000000000000000   3.0262258254581282E+05
    2000.0000000000000000   3.4695938268200052E+05
    2100.0000000000000000   3.9754796680372121E+05
    2200.0000000000000000   4.5302294737192872E+05
    2300.0000000000000000   5.1247055291788396E+05
    2400.0000000000000000   5.7700001408711483E+05
    2500.0000000000000000   6.4844424325243058E+05
    2600.0000000000000000   7.2453880802172003E+05
    2700.0000000000000000   8.0994543790610717E+05
    2800.0000000000000000   8.9836588323930930E+05
    2900.0000000000000000   9.9461357215612708E+05
    3000.0000000000000000   1.0976485461849486E+06
    3100.0000000000000000   1.2080298918886050E+06
    3200.0000000000000000   1.3258623678197844E+06
    3300.0000000000000000   1.4562364954535789E+06
    3400.0000000000000000   1.5890390243287773E+06
    3500.0000000000000000   1.7309631339321448E+06
    3600.0000000000000000   1.8874170719817039E+06
    3700.0000000000000000   2.0464574393178255E+06
    3800.0000000000000000   2.2203219035359044E+06
    3900.0000000000000000   2.4026385967360311E+06
    4000.0000000000000000   2.5982514112273073E+06
    4100.0000000000000000   2.7975295302091073E+06
    4200.0000000000000000   3.0136866618889705E+06
    4300.0000000000000000   3.2408835074954648E+06
    4400.0000000000000000   3.4783254789427524E+06
    4500.0000000000000000   3.7532396084088483E+06
    4600.0000000000000000   3.9962864489550195E+06
    4700.0000000000000000   4.2791288946910268E+06
    4800.0000000000000000   4.5724294217925528E+06
    4900.0000000000000000   4.8760044634888545E+06
    5000.0000000000000000   5.2058175536702657E+06
    5100.0000000000000000   5.5292346036469424E+06
    5200.0000000000000000   5.8780758486264013E+06
    5300.0000000000000000   6.2450976850714711E+06
    5400.0000000000000000   6.6326629624493970E+06
    5500.0000000000000000   7.0310039493966037E+06
    5600.0000000000000000   7.4415493871973250E+06
    5700.0000000000000000   7.8816866877307361E+06
    5800.0000000000000000   8.3396657314707972E+06
    5900.0000000000000000   8.8201375221968926E+06
    6000.0000000000000000   9.3014491828179527E+06
    6100.0000000000000000   9.8054629819198847E+06
    6200.0000000000000000   1.0338099114380369E+07
    6300.0000000000000000   1.0880508722537002E+07
    6400.0000000000000000   1.1438257281542959E+07
    6500.0000000000000000   1.2031770282687584E+07
    6543.9989999999997963   1.2316152241152292E+07
    6544.0010000000002037   1.2316165473448502E+07
    6600.0000000000000000   1.2648410175970798E+07
    6700.0000000000000000   1.3289395621822910E+07
    6800.0000000000000000   1.4002243772269610E+07
    6900.0000000000000000   1.4659772526692407E+07
    7000.0000000000000000   1.5349462531327937E+07
    7100.0000000000000000   1.6079410677102247E+07
    7200.0000000000000000   1.6819082828828827E+07
    7300.0000000000000000   1.7663421915629935E+07
    7400.0000000000000000   1.8430590521530174E+07
    7500.0000000000000000   1.9255010889513839E+07
    7600.0000000000000000   2.0109458602932047E+07
    7700.0000000000000000   2.0998769377387568E+07
    7800.0000000000000000   2.1919491706600275E+07
    7900.0000000000000000   2.2925055075484373E+07
    8000.0000000000000000   2.3859983261776503E+07
    8100.0000000000000000   2.4966613631322425E+07
    8200.0000000000000000   2.5948907690584123E+07
    8300.0000000000000000   2.7003325118912827E+07
    8400.0000000000000000   2.8065571930906769E+07
    8500.0000000000000000   2.9301528672113791E+07
    8600.0000000000000000   3.0388003732385084E+07
    8700.0000000000000000   3.1556640130320556E+07
    8800.0000000000000000   3.2904351884451691E+07
    8900.0000000000000000   3.4116249174140878E+07
    9000.0000000000000000   3.5393750262511902E+07
    9100.0000000000000000   3.6723545785039030E+07
    9200.0000000000000000   3.8210978939578712E+07
    9300.0000000000000000   3.9528158550651871E+07
    9400.0000000000000000   4.1126549330835357E+07
    9500.0000000000000000   4.2507634361728765E+07
    9600.0000000000000000   4.4002033490300879E+07
    9700.0000000000000000   4.5709376216712050E+07
    9800.0000000000000000   4.7214975764099479E+07
    9900.0000000000000000   4.8764298780442372E+07
   10000.0000000000000000   5.0569254558078215E+07
   11000.0000000000000000   6.9980324462841123E+07
   12000.0000000000000000   9.4429655680830300E+07
   13000.0000000000000000   1.2471373932609500E+08
   14000.0000000000000000   1.6208391814844623E+08
   15000.0000000000000000   2.0575984114228821E+08
   16000.0000000000000000   2.5826527160071751E+08
   17000.0000000000000000   3.2096405243027049E+08
   18000.0000000000000000   3.9234082949612576E+08
   19000.0000000000000000   4.7615309956065613E+08
   20000.0000000000000000   5.7280134562121749E+08
   21000.0000000000000000   6.8164273829461515E+08
   22000.0000000000000000   8.0873125114798081E+08
   23000.0000000000000000   9.4646300218635237E+08
   24000.0000000000000000   1.1088871378880882E+09
   25000.0000000000000000   1.2821318609780571E+09
   26000.0000000000000000   1.4778957220128248E+09
   27000.0000000000000000   1.6959612324132140E+09
   28000.0000000000000000   1.9368522615444300E+09
   29000.0000000000000000   2.2078472066348066E+09
   30000.0000000000000000   2.4952900476696172E+09
   31000.0000000000000000   2.8278954462201862E+09
   32000.0000000000000000   3.1647347057809572E+09
   33000.0000000000000000   3.5578885957964435E+09
   34000.0000000000000000   3.9678806006594248E+09
   35000.0000000000000000   4.4049832128191957E+09
   36000.0000000000000000   4.8893506971891308E+09
   37000.0000000000000000   5.4013239862269220E+09
   38000.0000000000000000   5.9721781878841591E+09
   39000.0000000000000000   6.5935523403427582E+09
   40000.0000000000000000   7.2247440360921497E+09
   41000.0000000000000000   7.9006407059193773E+09
   42000.0000000000000000   8.6547953561628437E+09
   43000.0000000000000000   9.4270858926509972E+09
   44000.0000000000000000   1.0278386199130907E+10
   45000.0000000000000000   1.1192688484500610E+10
   46000.0000000000000000   1.2166427166460209E+10
   47000.0000000000000000   1.3120891314398645E+10
   48000.0000000000000000   1.4205723539024229E+10
   49000.0000000000000000   1.5361639900363600E+10
   50000.0000000000000000   1.6514754437860897E+10
