       1.0000000000000000   1.0000000000000000E+30
       2.0000000000000000   1.0000000000000000E+30
       3.0000000000000000   1.0000000000000000E+30
       4.0000000000000000   1.0000000000000000E+30
       5.0000000000000000   1.0000000000000000E+30
       6.0000000000000000   1.0000000000000000E+30
       7.0000000000000000   1.0000000000000000E+30
       8.0000000000000000   1.0000000000000000E+30
       9.0000000000000000   1.0000000000000000E+30
      10.0000000000000000   1.0000000000000000E+30
      11.0000000000000000   1.0000000000000000E+30
      12.0000000000000000   1.0000000000000000E+30
      13.0000000000000000   1.0000000000000000E+30
      14.0000000000000000   1.0000000000000000E+30
      15.0000000000000000   1.0000000000000000E+30
      16.0000000000000000   1.0000000000000000E+30
      17.0000000000000000   1.0000000000000000E+30
      18.0000000000000000   1.0000000000000000E+30
      19.0000000000000000   1.0000000000000000E+30
      20.0000000000000000   1.0000000000000000E+30
      21.0000000000000000   1.0000000000000000E+30
      22.0000000000000000   1.0000000000000000E+30
      23.0000000000000000   1.0000000000000000E+30
      24.0000000000000000   1.0000000000000000E+30
      25.0000000000000000   1.0000000000000000E+30
      26.0000000000000000   1.0000000000000000E+30
      27.0000000000000000   1.0000000000000000E+30
      28.0000000000000000   1.0000000000000000E+30
      29.0000000000000000   1.0000000000000000E+30
      30.0000000000000000   1.0000000000000000E+30
      31.0000000000000000   1.0000000000000000E+30
      32.0000000000000000   1.0000000000000000E+30
      33.0000000000000000   1.0000000000000000E+30
      34.0000000000000000   1.0000000000000000E+30
      35.0000000000000000   1.0000000000000000E+30
      36.0000000000000000   1.0000000000000000E+30
      37.0000000000000000   1.0000000000000000E+30
      38.0000000000000000   1.0000000000000000E+30
      39.0000000000000000   1.0000000000000000E+30
      40.0000000000000000   1.0000000000000000E+30
      41.0000000000000000   1.0000000000000000E+30
      42.0000000000000000   1.0000000000000000E+30
      43.0000000000000000   1.0000000000000000E+30
      44.0000000000000000   1.0000000000000000E+30
      45.0000000000000000   1.0000000000000000E+30
      46.0000000000000000   1.0000000000000000E+30
      47.0000000000000000   1.0000000000000000E+30
      48.0000000000000000   1.0000000000000000E+30
      49.0000000000000000   1.0000000000000000E+30
      50.0000000000000000   1.0000000000000000E+30
      51.0000000000000000   1.0000000000000000E+30
      52.0000000000000000   1.0000000000000000E+30
      53.0000000000000000   1.0000000000000000E+30
      54.0000000000000000   1.0000000000000000E+30
      55.0000000000000000   1.0000000000000000E+30
      56.0000000000000000   1.0000000000000000E+30
      57.0000000000000000   1.0000000000000000E+30
      58.0000000000000000   1.0000000000000000E+30
      59.0000000000000000   1.0000000000000000E+30
      60.0000000000000000   1.0000000000000000E+30
      61.0000000000000000   1.0000000000000000E+30
      62.0000000000000000   1.0000000000000000E+30
      63.0000000000000000   1.0000000000000000E+30
      64.0000000000000000   1.0000000000000000E+30
      65.0000000000000000   1.0000000000000000E+30
      66.0000000000000000   1.0000000000000000E+30
      67.0000000000000000   1.0000000000000000E+30
      68.0000000000000000   1.0000000000000000E+30
      69.0000000000000000   1.0000000000000000E+30
      70.0000000000000000   1.0000000000000000E+30
      71.0000000000000000   1.0000000000000000E+30
      72.0000000000000000   1.0000000000000000E+30
      73.0000000000000000   1.0000000000000000E+30
      74.0000000000000000   1.0000000000000000E+30
      75.0000000000000000   1.0000000000000000E+30
      76.0000000000000000   1.0000000000000000E+30
      77.0000000000000000   1.0000000000000000E+30
      78.0000000000000000   1.0000000000000000E+30
      79.0000000000000000   1.0000000000000000E+30
      80.0000000000000000   1.0000000000000000E+30
      81.0000000000000000   1.0000000000000000E+30
      82.0000000000000000   1.0000000000000000E+30
      83.0000000000000000   1.0000000000000000E+30
      84.0000000000000000   1.0000000000000000E+30
      85.0000000000000000   1.0000000000000000E+30
      86.0000000000000000   1.0000000000000000E+30
      87.0000000000000000   1.0000000000000000E+30
      88.0000000000000000   1.0000000000000000E+30
      89.0000000000000000   1.0000000000000000E+30
      90.0000000000000000   1.0000000000000000E+30
      91.0000000000000000   1.0000000000000000E+30
      92.0000000000000000   1.0000000000000000E+30
      93.0000000000000000   1.0000000000000000E+30
      94.0000000000000000   1.0000000000000000E+30
      95.0000000000000000   1.0000000000000000E+30
      96.0000000000000000   1.0000000000000000E+30
      97.0000000000000000   1.0000000000000000E+30
      98.0000000000000000   1.0000000000000000E+30
      99.0000000000000000   1.0000000000000000E+30
     100.0000000000000000   1.0000000000000000E+30
     110.0000000000000000   1.0000000000000000E+30
     120.0000000000000000   1.0000000000000000E+30
     130.0000000000000000   1.0000000000000000E+30
     140.0000000000000000   1.0000000000000000E+30
     150.0000000000000000   1.0000000000000000E+30
     160.0000000000000000   1.0000000000000000E+30
     170.0000000000000000   1.0000000000000000E+30
     180.0000000000000000   1.0000000000000000E+30
     190.0000000000000000   1.0000000000000000E+30
     200.0000000000000000   1.0000000000000000E+30
     210.0000000000000000   1.0000000000000000E+30
     220.0000000000000000   1.0000000000000000E+30
     230.0000000000000000   1.0000000000000000E+30
     240.0000000000000000   1.0000000000000000E+30
     250.0000000000000000   1.0000000000000000E+30
     260.0000000000000000   1.0000000000000000E+30
     270.0000000000000000   1.0000000000000000E+30
     280.0000000000000000   1.0000000000000000E+30
     290.0000000000000000   1.0000000000000000E+30
     300.0000000000000000   1.0000000000000000E+30
     310.0000000000000000   1.0000000000000000E+30
     320.0000000000000000   1.0000000000000000E+30
     330.0000000000000000   1.0000000000000000E+30
     340.0000000000000000   1.0000000000000000E+30
     350.0000000000000000   1.0000000000000000E+30
     360.0000000000000000   1.0000000000000000E+30
     370.0000000000000000   1.0000000000000000E+30
     380.0000000000000000   1.0000000000000000E+30
     390.0000000000000000   1.0000000000000000E+30
     400.0000000000000000   1.0000000000000000E+30
     410.0000000000000000   1.0000000000000000E+30
     420.0000000000000000   1.0000000000000000E+30
     430.0000000000000000   1.0000000000000000E+30
     440.0000000000000000   1.0000000000000000E+30
     450.0000000000000000   1.0000000000000000E+30
     460.0000000000000000   1.0000000000000000E+30
     470.0000000000000000   1.0000000000000000E+30
     480.0000000000000000   1.0000000000000000E+30
     490.0000000000000000   1.0000000000000000E+30
     500.0000000000000000   1.0000000000000000E+30
     510.0000000000000000   1.0000000000000000E+30
     520.0000000000000000   1.0000000000000000E+30
     530.0000000000000000   1.0000000000000000E+30
     540.0000000000000000   1.0000000000000000E+30
     550.0000000000000000   1.0000000000000000E+30
     560.0000000000000000   1.0000000000000000E+30
     570.0000000000000000   1.0000000000000000E+30
     580.0000000000000000   1.0000000000000000E+30
     590.0000000000000000   1.0000000000000000E+30
     600.0000000000000000   1.0000000000000000E+30
     610.0000000000000000   1.0000000000000000E+30
     620.0000000000000000   1.0000000000000000E+30
     630.0000000000000000   1.0000000000000000E+30
     640.0000000000000000   1.0000000000000000E+30
     650.0000000000000000   1.0000000000000000E+30
     660.0000000000000000   1.0000000000000000E+30
     670.0000000000000000   1.0000000000000000E+30
     680.0000000000000000   1.0000000000000000E+30
     690.0000000000000000   1.0000000000000000E+30
     700.0000000000000000   1.0000000000000000E+30
     710.0000000000000000   1.0000000000000000E+30
     720.0000000000000000   1.0000000000000000E+30
     730.0000000000000000   1.0000000000000000E+30
     740.0000000000000000   1.0000000000000000E+30
     750.0000000000000000   1.0000000000000000E+30
     760.0000000000000000   1.0000000000000000E+30
     770.0000000000000000   1.0000000000000000E+30
     780.0000000000000000   1.0000000000000000E+30
     790.0000000000000000   1.0000000000000000E+30
     800.0000000000000000   1.0000000000000000E+30
     810.0000000000000000   1.0000000000000000E+30
     820.0000000000000000   1.0000000000000000E+30
     830.0000000000000000   1.0000000000000000E+30
     840.0000000000000000   1.0000000000000000E+30
     850.0000000000000000   1.0000000000000000E+30
     860.0000000000000000   1.0000000000000000E+30
     870.0000000000000000   1.0000000000000000E+30
     880.0000000000000000   1.0000000000000000E+30
     890.0000000000000000   1.0000000000000000E+30
     900.0000000000000000   1.0000000000000000E+30
     910.0000000000000000   1.0000000000000000E+30
     920.0000000000000000   1.0000000000000000E+30
     930.0000000000000000   1.0000000000000000E+30
     940.0000000000000000   1.0000000000000000E+30
     950.0000000000000000   1.0000000000000000E+30
     960.0000000000000000   1.0000000000000000E+30
     970.0000000000000000   1.0000000000000000E+30
     980.0000000000000000   1.0000000000000000E+30
     990.0000000000000000   1.0000000000000000E+30
    1000.0000000000000000   1.0000000000000000E+30
    1100.0000000000000000   7.0640559398820369E+03
    1200.0000000000000000   7.4738749697363801E+03
    1300.0000000000000000   8.2389224150555292E+03
    1400.0000000000000000   9.2960136373147998E+03
    1500.0000000000000000   1.0602295265623994E+04
    1600.0000000000000000   1.2127871549411579E+04
    1700.0000000000000000   1.3851372040311278E+04
    1800.0000000000000000   1.5757192293166729E+04
    1900.0000000000000000   1.7833722947398492E+04
    2000.0000000000000000   2.0072182345530633E+04
    2100.0000000000000000   2.2465828569642799E+04
    2200.0000000000000000   2.5009416237124493E+04
    2300.0000000000000000   2.7698814871022318E+04
    2400.0000000000000000   3.0530736165357306E+04
    2500.0000000000000000   3.3502536029365481E+04
    2600.0000000000000000   3.6612068864479726E+04
    2700.0000000000000000   3.9857578896816922E+04
    2800.0000000000000000   4.3237618174860596E+04
    2900.0000000000000000   4.6750984008347084E+04
    3000.0000000000000000   5.0396670753777362E+04
    3100.0000000000000000   5.4173832306136217E+04
    3200.0000000000000000   5.8081752663587133E+04
    3300.0000000000000000   6.2119822638736929E+04
    3400.0000000000000000   6.6287521292198333E+04
    3500.0000000000000000   7.0584401024986422E+04
    3600.0000000000000000   7.5010075528321904E+04
    3700.0000000000000000   7.9564209981625681E+04
    3800.0000000000000000   8.4246513031812967E+04
    3900.0000000000000000   8.9056730193310272E+04
    4000.0000000000000000   9.3994638388302483E+04
    4100.0000000000000000   9.9060041407511468E+04
    4200.0000000000000000   1.0425276611831046E+05
    4300.0000000000000000   1.0957265928279243E+05
    4400.0000000000000000   1.1501958487618424E+05
    4500.0000000000000000   1.2059342181766799E+05
    4600.0000000000000000   1.2629406204268544E+05
    4700.0000000000000000   1.3212140885923285E+05
    4800.0000000000000000   1.3807537554131934E+05
    4900.0000000000000000   1.4415588412127158E+05
    5000.0000000000000000   1.5036286434939495E+05
    5100.0000000000000000   1.5669625279500164E+05
    5200.0000000000000000   1.6315599206727048E+05
    5300.0000000000000000   1.6974203013802547E+05
    5400.0000000000000000   1.7645431975147521E+05
    5500.0000000000000000   1.8329281790838283E+05
    5600.0000000000000000   1.9025748541412994E+05
    5700.0000000000000000   1.9734828648178681E+05
    5800.0000000000000000   2.0456518838266874E+05
    5900.0000000000000000   2.1190816113799508E+05
    6000.0000000000000000   2.1937717724621698E+05
    6100.0000000000000000   2.2697221144137596E+05
    6200.0000000000000000   2.3469324047852072E+05
    6300.0000000000000000   2.4254024294277444E+05
    6400.0000000000000000   2.5051319907912088E+05
    6500.0000000000000000   2.5861209064037752E+05
    6600.0000000000000000   2.6683690075116919E+05
    6700.0000000000000000   2.7518761378600611E+05
    6800.0000000000000000   2.8366421525981883E+05
    6900.0000000000000000   2.9226669172951754E+05
    7000.0000000000000000   3.0099503070532356E+05
    7100.0000000000000000   3.0984922057078057E+05
    7200.0000000000000000   3.1882925051048852E+05
    7300.0000000000000000   3.2793511044471810E+05
    7400.0000000000000000   3.3716679097016895E+05
    7500.0000000000000000   3.4652428330621938E+05
    7600.0000000000000000   3.5600757924609369E+05
    7700.0000000000000000   3.6561667111244012E+05
    7800.0000000000000000   3.7535155171686941E+05
    7900.0000000000000000   3.8521221432305482E+05
    8000.0000000000000000   3.9519865261304216E+05
    8100.0000000000000000   4.0531086065645161E+05
    8200.0000000000000000   4.1554883288229257E+05
    8300.0000000000000000   4.2591256405314279E+05
    8400.0000000000000000   4.3640204924146389E+05
    8500.0000000000000000   4.4701728380785725E+05
    8600.0000000000000000   4.5775826338107925E+05
    8700.0000000000000000   4.6862498383965500E+05
    8800.0000000000000000   4.7961744129494566E+05
    8900.0000000000000000   4.9073563207554095E+05
    9000.0000000000000000   5.0197955271285836E+05
    9100.0000000000000000   5.1334919992784358E+05
    9200.0000000000000000   5.2484457061867800E+05
    9300.0000000000000000   5.3646566184940562E+05
    9400.0000000000000000   5.4821247083940345E+05
    9500.0000000000000000   5.6008499495362234E+05
    9600.0000000000000000   5.7208323169353721E+05
    9700.0000000000000000   5.8420717868874467E+05
    9800.0000000000000000   5.9645683368916041E+05
    9900.0000000000000000   6.0883219455776457E+05
   10000.0000000000000000   6.2133325926385017E+05
   11000.0000000000000000   7.5325723524724261E+05
   12000.0000000000000000   8.9774995435093180E+05
   13000.0000000000000000   1.0548104536442880E+06
   14000.0000000000000000   1.2244381012809256E+06
   15000.0000000000000000   1.4066324687271365E+06
   16000.0000000000000000   1.6013932570254137E+06
   17000.0000000000000000   1.8087202524712747E+06
   18000.0000000000000000   2.0286132990202673E+06
   19000.0000000000000000   2.2610722805787860E+06
   20000.0000000000000000   2.5060971093302555E+06
   21000.0000000000000000   2.7636877178554982E+06
   22000.0000000000000000   3.0338440537006860E+06
   23000.0000000000000000   3.3165660755610499E+06
   24000.0000000000000000   3.6118537505535306E+06
   25000.0000000000000000   3.9197070522372201E+06
   26000.0000000000000000   4.2401259591561332E+06
   27000.0000000000000000   4.5731104537525317E+06
   28000.0000000000000000   4.9186605215468984E+06
   29000.0000000000000000   5.2767761505123321E+06
   30000.0000000000000000   5.6474573305923967E+06
