       0.1000000000000000   1.0000000000000000E+30   0.0000000000000000E+00
       0.2000000000000000   1.0000000000000000E+30   0.0000000000000000E+00
       0.3000000000000000   1.0000000000000000E+30   0.0000000000000000E+00
       0.4000000000000000   1.0000000000000000E+30   0.0000000000000000E+00
       0.5000000000000000   1.0000000000000000E+30   0.0000000000000000E+00
       0.6000000000000000   1.0000000000000000E+30   0.0000000000000000E+00
       0.7000000000000000   1.0000000000000000E+30   0.0000000000000000E+00
       0.7999999999999999   1.0000000000000000E+30   0.0000000000000000E+00
       0.8999999999999999   1.0000000000000000E+30   0.0000000000000000E+00
       0.9999999999999999   1.0000000000000000E+30   0.0000000000000000E+00
       2.0000000000000000   1.0000000000000000E+30   0.0000000000000000E+00
       3.0000000000000000   1.0000000000000000E+30   0.0000000000000000E+00
       4.0000000000000000   1.0000000000000000E+30   0.0000000000000000E+00
       5.0000000000000000   1.0000000000000000E+30   0.0000000000000000E+00
       6.0000000000000000   1.0000000000000000E+30   0.0000000000000000E+00
       7.0000000000000000   1.0000000000000000E+30   0.0000000000000000E+00
       8.0000000000000000   1.0000000000000000E+30   0.0000000000000000E+00
       8.8990000000000009   1.0000000000000000E+30   0.0000000000000000E+00
       8.9009999999999998   9.2361746537329636E+03   9.6360239316207682E-04
       9.0000000000000000   8.4896450862747515E+03   1.0483359327221665E-03
      10.0000000000000000   3.9193778962495855E+02   2.3253618063341676E-02
      11.0000000000000000   1.5589235485027760E+02   6.0182842528368238E-02
      12.0000000000000000   1.0222361873918099E+02   9.3668656369817721E-02
      13.0000000000000000   7.2461929628268066E+01   1.3552350607496608E-01
      14.0000000000000000   5.5787416614216312E+01   1.8061241125448921E-01
      15.0000000000000000   4.6544848472045217E+01   2.2114906796373177E-01
      16.0000000000000000   3.9943374482189775E+01   2.6333643588848926E-01
      17.0000000000000000   3.4979798578532630E+01   3.0739033211111549E-01
      18.0000000000000000   3.1116962142833515E+01   3.5333896952855998E-01
      19.0000000000000000   2.8600210050876118E+01   3.9124133303626407E-01
      20.0000000000000000   2.5962462532381519E+01   4.4096909195759476E-01
      21.0000000000000000   2.4200333991380976E+01   4.8167592010769744E-01
      22.0000000000000000   2.2268308012103063E+01   5.3590523410793611E-01
      23.0000000000000000   2.0954254490995901E+01   5.8013507453424962E-01
      24.0000000000000000   1.9784030580503078E+01   6.2603859163118036E-01
      25.0000000000000000   1.8732844645465775E+01   6.7377281686106405E-01
      26.0000000000000000   1.7781622287243390E+01   7.2349164028659674E-01
      27.0000000000000000   1.6915027432541898E+01   7.7536531925442875E-01
      28.0000000000000000   1.6357803596814666E+01   8.1296262051341361E-01
      29.0000000000000000   1.5609899389038993E+01   8.6879303167983779E-01
      30.0000000000000000   1.4918750834410771E+01   9.2722876366603513E-01
      31.0000000000000000   1.4474126356265332E+01   9.6939081504266300E-01
      32.0000000000000000   1.3864049273036890E+01   1.0326268459091592E+00
      33.0000000000000000   1.3471644639962673E+01   1.0781446315093546E+00
      34.0000000000000000   1.3098181688035622E+01   1.1250792120770594E+00
      35.0000000000000000   1.2577121965314655E+01   1.1960318637389014E+00
      36.0000000000000000   1.2242238155814629E+01   1.2469411400204418E+00
      37.0000000000000000   1.1921527765484431E+01   1.2995336793884011E+00
      38.0000000000000000   1.1613889539769987E+01   1.3538902748096229E+00
      39.0000000000000000   1.1318406435487978E+01   1.4100854918535830E+00
      40.0000000000000000   1.0899473366227260E+01   1.4955816049724737E+00
      41.0000000000000000   1.0630495284008823E+01   1.5566744250863611E+00
      42.0000000000000000   1.0371410646506995E+01   1.6198324343483643E+00
      43.0000000000000000   1.0121714345058066E+01   1.6851123657541545E+00
      44.0000000000000000   9.9987692687305003E+00   1.7210087142511030E+00
      45.0000000000000000   9.7626412128316549E+00   1.7895984847042665E+00
      46.0000000000000000   9.5348239510028563E+00   1.8604356032931761E+00
      47.0000000000000000   9.3150088821252144E+00   1.9335526193008497E+00
      48.0000000000000000   9.1029208408765285E+00   2.0089740936670557E+00
      49.0000000000000000   8.8983156572932867E+00   2.0867139113706727E+00
      50.0000000000000000   8.7994396534249653E+00   2.1288001009820134E+00
      51.0000000000000000   8.6057759404333876E+00   2.2100519517387056E+00
      52.0000000000000000   8.4190988426364779E+00   2.2936020356630253E+00
      53.0000000000000000   8.3300523544575373E+00   2.3383547741533608E+00
      54.0000000000000000   8.1536347166575709E+00   2.4253046994311824E+00
      55.0000000000000000   8.0704323445106141E+00   2.4714604312094370E+00
      56.0000000000000000   7.9039557559755194E+00   2.5616591710541612E+00
      57.0000000000000000   7.7439113658910852E+00   2.6539254684710021E+00
      58.0000000000000000   7.6695392779899940E+00   2.7023439584012303E+00
      59.0000000000000000   7.5189900123689180E+00   2.7974922766817816E+00
      60.0000000000000000   7.4499329732780417E+00   2.8469408736175592E+00
      61.0000000000000000   7.3829439230131362E+00   2.8964945534169155E+00
      62.0000000000000000   7.2447113501607276E+00   2.9949468344157326E+00
      63.0000000000000000   7.1827743433850912E+00   3.0452539900613309E+00
      64.0000000000000000   7.0534561606643749E+00   3.1457813106560444E+00
      65.0000000000000000   6.9964043472491646E+00   3.1966110064195132E+00
      66.0000000000000000   6.9412056505038624E+00   3.2473563216379309E+00
      67.0000000000000000   6.8233924461179587E+00   3.3499124307075840E+00
      68.0000000000000000   6.7728269550078508E+00   3.4008447146134211E+00
      69.0000000000000000   6.7239902873144475E+00   3.4515774692565260E+00
      70.0000000000000000   6.6171500518500048E+00   3.5553382557745228E+00
      71.0000000000000000   6.5726822125752360E+00   3.6059164766341869E+00
      72.0000000000000000   6.5298196457689146E+00   3.6561831117030059E+00
      73.0000000000000000   6.4885231572993050E+00   3.7061133448140060E+00
      74.0000000000000000   6.3945877871177466E+00   3.8101015925127100E+00
      75.0000000000000000   6.3572977987205634E+00   3.8594688493726523E+00
      76.0000000000000000   6.3214511947424255E+00   3.9084002628475596E+00
      76.9989999999999952   6.2869943621564905E+00   3.9568817962280503E+00
      77.0000000000000000   6.2870111585136064E+00   3.9568751653297922E+00
      77.0010000000000048   6.2870279951158405E+00   3.9568685096136900E+00
      78.0000000000000000   6.2539403373257363E+00   4.0048749561720021E+00
      79.0000000000000000   6.2222023696890947E+00   4.0523819757527875E+00
      80.0000000000000000   6.1446219950650871E+00   4.1544159883879592E+00
      81.0000000000000000   6.1163508343443267E+00   4.2008815534204977E+00
      82.0000000000000000   6.0892958387981375E+00   4.2467821871105116E+00
      83.0000000000000000   6.0634233402924780E+00   4.2921055522521590E+00
      84.0000000000000000   6.0387008364554102E+00   4.3368400048793534E+00
      85.0000000000000000   6.0150955139260089E+00   4.3809761898098838E+00
      86.0000000000000000   5.9925764209390211E+00   4.4245046019652294E+00
      87.0000000000000000   5.9711117789750299E+00   4.4674185521952374E+00
      88.0000000000000000   5.9506726008075788E+00   4.5097100493813214E+00
      89.0000000000000000   5.9312293335715029E+00   4.5513737099305045E+00
      90.0000000000000000   5.9127531758611234E+00   4.5924049796711772E+00
      91.0000000000000000   5.8952166458419351E+00   4.6327995442504282E+00
      92.0000000000000000   5.8785922940801871E+00   4.6725548722740680E+00
      93.0000000000000000   5.8628540194731755E+00   4.7116684108179800E+00
      94.0000000000000000   5.8479764732879138E+00   4.7501383859398496E+00
      95.0000000000000000   5.8339342456463870E+00   4.7879647829645515E+00
      96.0000000000000000   5.8207029830797756E+00   4.8251478276424020E+00
      97.0000000000000000   5.8082595066948590E+00   4.8616877267297536E+00
      98.0000000000000000   5.7965808839416599E+00   4.8975859295903827E+00
      99.0000000000000000   5.7856448480359965E+00   4.9328444745668740E+00
     100.0000000000000000   5.7754297351107482E+00   4.9674660017304069E+00
     110.0000000000000000   5.7347099481467136E+00   5.2318088938979530E+00
     120.0000000000000000   5.7608019083334767E+00   5.4011002385809066E+00
     120.9989999999999952   5.7605118529435915E+00   5.4247260803090027E+00
     121.0010000000000048   5.7605566149649725E+00   5.4246846469627013E+00
     130.0000000000000000   5.8343515166605915E+00   5.4922503047116384E+00
     140.0000000000000000   5.9244496572815493E+00   5.5587927274301876E+00
     150.0000000000000000   6.0276331476312563E+00   5.6053628912951687E+00
     160.0000000000000000   6.1560542710973429E+00   5.6026678972387094E+00
     170.0000000000000000   6.2903881474239549E+00   5.5912990714110808E+00
     180.0000000000000000   6.4422428884835927E+00   5.5441816935276931E+00
     190.0000000000000000   6.5963659410003856E+00   5.4952692681331179E+00
     200.0000000000000000   6.7523507556424587E+00   5.4452500044469598E+00
     210.0000000000000000   6.9098826104959388E+00   5.3946364343838882E+00
     220.0000000000000000   7.0687128547454190E+00   5.3438140918483903E+00
     230.0000000000000000   7.2380709279683488E+00   5.2714175038850142E+00
     240.0000000000000000   7.4074163273610880E+00   5.2015184044172855E+00
     250.0000000000000000   7.5766996670753812E+00   5.1340339233747097E+00
     260.0000000000000000   7.7458849253842601E+00   5.0688714703676734E+00
     270.0000000000000000   7.9230119662273317E+00   4.9879885299069802E+00
     280.0000000000000000   8.0915938856974154E+00   4.9279649972884716E+00
     290.0000000000000000   8.2675603598337339E+00   4.8534328541149492E+00
     300.0000000000000000   8.4355376718713782E+00   4.7979604408245775E+00
     310.0000000000000000   8.6103937900551344E+00   4.7290353647079026E+00
     320.0000000000000000   8.7846234713734823E+00   4.6629448872630928E+00
     330.0000000000000000   8.9582477882555551E+00   4.5995074485688887E+00
     340.0000000000000000   9.1312876216534455E+00   4.5385563819821266E+00
     350.0000000000000000   9.3037634216674956E+00   4.4799385874646793E+00
     360.0000000000000000   9.4756950326106590E+00   4.4235133182715529E+00
     370.0000000000000000   9.6531656386697033E+00   4.3567832689469910E+00
     380.0000000000000000   9.8239037631185671E+00   4.3047573899148990E+00
     390.0000000000000000   9.9999833054470404E+00   4.2429072507032668E+00
     400.0000000000000000   1.0169612740432722E+01   4.1947608546721362E+00
     410.0000000000000000   1.0344389882538767E+01   4.1372388259633137E+00
     420.0000000000000000   1.0512988338660007E+01   4.0925315011738306E+00
     430.0000000000000000   1.0686544873224747E+01   4.0388672324422057E+00
     440.0000000000000000   1.0859483166611758E+01   3.9871094021354039E+00
     450.0000000000000000   1.1031821825397078E+01   3.9371527951283198E+00
     460.0000000000000000   1.1198422868335285E+01   3.8985189592446949E+00
     470.0000000000000000   1.1369686665487539E+01   3.8516473443611510E+00
     480.0000000000000000   1.1540401871420741E+01   3.8063145066531043E+00
     490.0000000000000000   1.1710584235095608E+01   3.7624416855549097E+00
     500.0000000000000000   1.1880248896561207E+01   3.7199554644300239E+00
     510.0000000000000000   1.2049410364068928E+01   3.6787873916496747E+00
     520.0000000000000000   1.2218082570130493E+01   3.6388735255442621E+00
     530.0000000000000000   1.2386278888106711E+01   3.6001540786381367E+00
     537.9990000000000236   1.2523244063778041E+01   3.5651847888094439E+00
     538.0009999999999764   1.2523279422082494E+01   3.5651741434590360E+00
     540.0000000000000000   1.2558610322915271E+01   3.5545682889265779E+00
     550.0000000000000000   1.2725825803915676E+01   3.5182416183793341E+00
     560.0000000000000000   1.2892603012115467E+01   3.4829456322445589E+00
     570.0000000000000000   1.3058953295957012E+01   3.4486344770704243E+00
     580.0000000000000000   1.3224887564197198E+01   3.4152650377044691E+00
     590.0000000000000000   1.3394741062952878E+01   3.3755587823613631E+00
     600.0000000000000000   1.3559809780316208E+01   3.3440941833745614E+00
     610.0000000000000000   1.3724493416123826E+01   3.3134517066262958E+00
     620.0000000000000000   1.3892987110758058E+01   3.2767535804131649E+00
     630.0000000000000000   1.4056864873358158E+01   3.2477833322147025E+00
     640.0000000000000000   1.4224496419961604E+01   3.2129286234252805E+00
     650.0000000000000000   1.4387604858225085E+01   3.1854939652923679E+00
     660.0000000000000000   1.4554409527041260E+01   3.1523387961263212E+00
     670.0000000000000000   1.4716782716260120E+01   3.1263177779034597E+00
     680.0000000000000000   1.4882793564231344E+01   3.0947331989741529E+00
     690.0000000000000000   1.5044463331607519E+01   3.0700165988126940E+00
     700.0000000000000000   1.5209711368466458E+01   3.0398866902375969E+00
     710.0000000000000000   1.5370707448939616E+01   3.0163764167597940E+00
     720.0000000000000000   1.5535221807447369E+01   2.9875966517691470E+00
     730.0000000000000000   1.5699372893780389E+01   2.9594980321103761E+00
     740.0000000000000000   1.5859380078910711E+01   2.9376802322621041E+00
     750.0000000000000000   1.6022837805171232E+01   2.9107910975648235E+00
     760.0000000000000000   1.6185951251065358E+01   2.8845144548838717E+00
     770.0000000000000000   1.6345027403883094E+01   2.8642108560348056E+00
     780.0000000000000000   1.6507484395465081E+01   2.8390222665163196E+00
     790.0000000000000000   1.6669614541117941E+01   2.8143866515347757E+00
     800.0000000000000000   1.6831423278166550E+01   2.7902853321468934E+00
     810.0000000000000000   1.6989319944903009E+01   2.7717904493699259E+00
     820.0000000000000000   1.7150516680666097E+01   2.7486385957473147E+00
     830.0000000000000000   1.7311407623721571E+01   2.7259715049673878E+00
     840.0000000000000000   1.7471997663256861E+01   2.7037735400283784E+00
     850.0000000000000000   1.7632291551030733E+01   2.6820297547827798E+00
     860.0000000000000000   1.7788816736628732E+01   2.6654914941992227E+00
     870.0000000000000000   1.7948547697017990E+01   2.6445549245461089E+00
     880.0000000000000000   1.8107996188741716E+01   2.6240327298202422E+00
     890.0000000000000000   1.8267166503727566E+01   2.6039122726923831E+00
     900.0000000000000000   1.8426062824575990E+01   2.5841814393802109E+00
     910.0000000000000000   1.8584689228088013E+01   2.5648286118893928E+00
     920.0000000000000000   1.8743049689165812E+01   2.5458426414951436E+00
     930.0000000000000000   1.8901148098958949E+01   2.5272128085915195E+00
     940.0000000000000000   1.9055678502118568E+01   2.5132523357638377E+00
     950.0000000000000000   1.9213280368891738E+01   2.4952550842088965E+00
     960.0000000000000000   1.9370631407736443E+01   2.4775852674074361E+00
     970.0000000000000000   1.9527735147647739E+01   2.4602337039357658E+00
     980.0000000000000000   1.9684595040767391E+01   2.4431915539133948E+00
     990.0000000000000000   1.9841214455780889E+01   2.4264503123151955E+00
    1000.0000000000000000   1.9997596693811467E+01   2.4100017801762226E+00
    1100.0000000000000000   2.1552092537739078E+01   2.2563657671619017E+00
    1200.0000000000000000   2.3085705699843963E+01   2.1255064098901051E+00
    1300.0000000000000000   2.4603566821401326E+01   2.0095254851251041E+00
    1400.0000000000000000   2.6107267631496583E+01   1.9055728641307677E+00
    1500.0000000000000000   2.7595498332221407E+01   1.8141128143710723E+00
    1563.9990000000000236   2.8541714304381522E+01   1.7599046726443974E+00
    1564.0009999999999764   2.8541744111737547E+01   1.7599027279549924E+00
    1600.0000000000000000   2.9069622051134964E+01   1.7329615126130864E+00
    1700.0000000000000000   3.0533281358604068E+01   1.6581363595157590E+00
    1800.0000000000000000   3.1987292995990966E+01   1.5886979823265437E+00
    1900.0000000000000000   3.3427582981724079E+01   1.5279761703541235E+00
    2000.0000000000000000   3.4859769842225703E+01   1.4708322926091097E+00
    2100.0000000000000000   3.6282087357924780E+01   1.4186632812647668E+00
    2200.0000000000000000   3.7697403795940659E+01   1.3690746108596941E+00
    2300.0000000000000000   3.9101704696892448E+01   1.3251222226549257E+00
    2400.0000000000000000   4.0499954167439448E+01   1.2829226073331483E+00
    2500.0000000000000000   4.1890336256022337E+01   1.2438351667163254E+00
    2600.0000000000000000   4.3273270296425601E+01   1.2075097328597151E+00
    2700.0000000000000000   4.4649128362108819E+01   1.1736536525413559E+00
    2800.0000000000000000   4.6018228154613837E+01   1.1420296959751350E+00
    2900.0000000000000000   4.7382879488057185E+01   1.1111193464670279E+00
    3000.0000000000000000   4.8741354688626998E+01   1.0820976824626916E+00
    3100.0000000000000000   5.0091909237316628E+01   1.0560307193950280E+00
    3200.0000000000000000   5.1438720140217505E+01   1.0303051849216256E+00
    3300.0000000000000000   5.2780078835007508E+01   1.0060108102648719E+00
    3400.0000000000000000   5.4116174731774798E+01   9.8303946717625990E-01
    3500.0000000000000000   5.5447199122831158E+01   9.6128661076663635E-01
    3600.0000000000000000   5.6773341594433994E+01   9.4065231603107857E-01
    3700.0000000000000000   5.8094810897649872E+01   9.2103050228264904E-01
    3800.0000000000000000   5.9413502173646670E+01   9.0140691834676268E-01
    3900.0000000000000000   6.0725927349028183E+01   8.8369433000805975E-01
    4000.0000000000000000   6.2035981127104478E+01   8.6581955999945326E-01
    4100.0000000000000000   6.3339980115291283E+01   8.4973049919618326E-01
    4200.0000000000000000   6.4641866659350882E+01   8.3340326703746659E-01
    4300.0000000000000000   6.5937967905964229E+01   8.1871598764178921E-01
    4400.0000000000000000   6.7232117988101649E+01   8.0376051576153784E-01
    4500.0000000000000000   6.8522633919901267E+01   7.8940516940664485E-01
    4600.0000000000000000   6.9809507791114797E+01   7.7565864369855153E-01
    4700.0000000000000000   7.1092976316548075E+01   7.6242582175799634E-01
    4800.0000000000000000   7.2371133855882363E+01   7.5058497074591202E-01
    4900.0000000000000000   7.3647833083284411E+01   7.3836906729393736E-01
    5000.0000000000000000   7.4921324545589002E+01   7.2660650089367984E-01
    5100.0000000000000000   7.6191675650392241E+01   7.1527659648738640E-01
    5200.0000000000000000   7.7458958593042951E+01   7.0435733163250192E-01
    5300.0000000000000000   7.8723264427361443E+01   6.9382031756850171E-01
    5400.0000000000000000   7.9986492595289135E+01   6.8287258842773735E-01
    5500.0000000000000000   8.1244992847708858E+01   6.7307093240351645E-01
    5600.0000000000000000   8.2500586492687361E+01   6.6364262846174282E-01
    5700.0000000000000000   8.3753717406873804E+01   6.5442913081196796E-01
    5800.0000000000000000   8.5003932033967217E+01   6.4560361481347606E-01
    5900.0000000000000000   8.6253542668468739E+01   6.3627416151030947E-01
    6000.0000000000000000   8.7498467391059421E+01   6.2805392405057459E-01
    6100.0000000000000000   8.8741262914985768E+01   6.1995766743615233E-01
    6200.0000000000000000   8.9983254984907632E+01   6.1147062372964378E-01
    6300.0000000000000000   9.1220829790707896E+01   6.0398761393810507E-01
    6400.0000000000000000   9.2457790161987475E+01   5.9607902913565913E-01
    6500.0000000000000000   9.3691078243605617E+01   5.8890455619975202E-01
    6600.0000000000000000   9.4922021314370241E+01   5.8196522578329501E-01
    6700.0000000000000000   9.6152361328522943E+01   5.7463118068382946E-01
    6800.0000000000000000   9.7378794000198965E+01   5.6811538406109796E-01
    6900.0000000000000000   9.8604701615184553E+01   5.6120092598203086E-01
    7000.0000000000000000   9.9828247461099039E+01   5.5455882036533255E-01
    7100.0000000000000000   1.0104842867370569E+02   5.4854050936120646E-01
    7200.0000000000000000   1.0226821063199326E+02   5.4212389938735928E-01
    7300.0000000000000000   1.0348455233959832E+02   5.3637151828965224E-01
    7400.0000000000000000   1.0470042514718490E+02   5.3025507831756646E-01
    7500.0000000000000000   1.0591368060273844E+02   5.2450368348124166E-01
    7600.0000000000000000   1.0712419039384638E+02   5.1918758184365810E-01
    7700.0000000000000000   1.0833461786120399E+02   5.1342836071773845E-01
    7800.0000000000000000   1.0954213755526838E+02   5.0812264330846657E-01
    7900.0000000000000000   1.1074744982837547E+02   5.0310419792583427E-01
    8000.0000000000000000   1.1195171544343327E+02   4.9794458933104202E-01
    8100.0000000000000000   1.1315490451126195E+02   4.9270617617684698E-01
    8200.0000000000000000   1.1435542946484820E+02   4.8786591564493015E-01
    8300.0000000000000000   1.1555379063180339E+02   4.8329811530043743E-01
    8400.0000000000000000   1.1675088822623525E+02   4.7867406522405426E-01
    8500.0000000000000000   1.1794766490670206E+02   4.7378785826838921E-01
    8600.0000000000000000   1.1914167606635651E+02   4.6931232698489966E-01
    8700.0000000000000000   1.2033410786293568E+02   4.6494009205324410E-01
    8800.0000000000000000   1.2152570919074238E+02   4.6045826883160318E-01
    8900.0000000000000000   1.2271386989242207E+02   4.5659530249536323E-01
    9000.0000000000000000   1.2390142562217184E+02   4.5253509355040089E-01
    9100.0000000000000000   1.2508838904169860E+02   4.4832033042545250E-01
    9200.0000000000000000   1.2627398705131982E+02   4.4415279475715935E-01
    9300.0000000000000000   1.2745769572759417E+02   4.4017135371452915E-01
    9400.0000000000000000   1.2863936410413638E+02   4.3641911031760755E-01
    9500.0000000000000000   1.2981954673041355E+02   4.3275675947837461E-01
    9600.0000000000000000   1.3099866651330402E+02   4.2907915140136732E-01
    9700.0000000000000000   1.3217661703496978E+02   4.2541515037521721E-01
    9800.0000000000000000   1.3335322062080979E+02   4.2181103734535674E-01
    9900.0000000000000000   1.3452841991942296E+02   4.1828303652585580E-01
   10000.0000000000000000   1.3570222263535825E+02   4.1483138408207521E-01
   11000.0000000000000000   1.4736965111423314E+02   3.8349241331784623E-01
   12000.0000000000000000   1.5891667979900603E+02   3.5735876411709427E-01
   13000.0000000000000000   1.7036033655806415E+02   3.3429117910517503E-01
   14000.0000000000000000   1.8170708901637374E+02   3.1427467105828516E-01
   15000.0000000000000000   1.9296475008292268E+02   2.9686133425698358E-01
   16000.0000000000000000   2.0414265106899688E+02   2.8117744846913778E-01
   17000.0000000000000000   2.1524523369868899E+02   2.6727895983285244E-01
   18000.0000000000000000   2.2627670064947708E+02   2.5493205577399713E-01
   19000.0000000000000000   2.3724630520092231E+02   2.4332338343516677E-01
   20000.0000000000000000   2.4815041594201074E+02   2.3343220740419690E-01
   21000.0000000000000000   2.5899856137005730E+02   2.2420889425279861E-01
   22000.0000000000000000   2.6979802221260059E+02   2.1502242726951409E-01
   23000.0000000000000000   2.8054128198924951E+02   2.0724376608079079E-01
   24000.0000000000000000   2.9123595284055574E+02   2.0003556288926799E-01
   25000.0000000000000000   3.0188378561159652E+02   1.9349813658432474E-01
   26000.0000000000000000   3.1248789352849599E+02   1.8739895843189636E-01
   27000.0000000000000000   3.2305789148039236E+02   1.8084988364554905E-01
   28000.0000000000000000   3.3357865662965787E+02   1.7572095282615671E-01
   29000.0000000000000000   3.4406184435852686E+02   1.7089735382465096E-01
   30000.0000000000000000   3.5451853639041275E+02   1.6520799241773063E-01
   31000.0000000000000000   3.6493152702332173E+02   1.6086597259827343E-01
   32000.0000000000000000   3.7531400239916024E+02   1.5632966237032894E-01
   33000.0000000000000000   3.8565141702857755E+02   1.5322759628489227E-01
   34000.0000000000000000   3.9596708327231636E+02   1.4940440316573630E-01
   35000.0000000000000000   4.0626216866568041E+02   1.4491273978519290E-01
   36000.0000000000000000   4.1651688147934885E+02   1.4168697667156924E-01
   37000.0000000000000000   4.2673955064186481E+02   1.3896269329157396E-01
   38000.0000000000000000   4.3694771903758141E+02   1.3512910320168209E-01
   39000.0000000000000000   4.4712179928895506E+02   1.3211508596999230E-01
   40000.0000000000000000   4.5727557716204171E+02   1.2901665205303631E-01
   41000.0000000000000000   4.6739494741275331E+02   1.2650351733104234E-01
   42000.0000000000000000   4.7749115457016865E+02   1.2428248611477020E-01
   43000.0000000000000000   4.8757011342286870E+02   1.2143092771050708E-01
   44000.0000000000000000   4.9761992921175937E+02   1.1937456923661599E-01
   45000.0000000000000000   5.0765228435657144E+02   1.1701346354214434E-01
   46000.0000000000000000   5.1766413600884243E+02   1.1450367816304667E-01
   47000.0000000000000000   5.2764184324298265E+02   1.1300920265349162E-01
   48000.0000000000000000   5.3761503104115491E+02   1.1066782747704236E-01
   49000.0000000000000000   5.4756236939934581E+02   1.0876289275490571E-01
   50000.0000000000000000   5.5749471750503187E+02   1.0664172992327860E-01
