       0.1000000000000000   3.1814594370245736E+01   9.1564325891548904E-04
       0.2000000000000000   2.7952934701690999E+01   1.7928989294927220E-03
       0.3000000000000000   2.6643240242116601E+01   2.6667990996096700E-03
       0.4000000000000000   2.6119656433639637E+01   3.5036216092037584E-03
       0.5000000000000000   2.5837288327495141E+01   4.3328051199714957E-03
       0.6000000000000000   2.5671515884892937E+01   5.1557606981144305E-03
       0.7000000000000000   2.5573789935412549E+01   5.9738016493430272E-03
       0.7999999999999999   2.5517301274939079E+01   6.7878302938812638E-03
       0.8999999999999999   2.5489686029087100E+01   7.5963017760742810E-03
       0.9999999999999999   2.5479088347633038E+01   8.4025017900992306E-03
       2.0000000000000000   2.5692727510850798E+01   1.6339320817199639E-02
       3.0000000000000000   2.5934666494865521E+01   2.4230288340582388E-02
       4.0000000000000000   2.6068469490671497E+01   3.2238234981203817E-02
       5.0000000000000000   2.6093858880629082E+01   4.0470468920040623E-02
       6.0000000000000000   2.6027700828922946E+01   4.9004774113194545E-02
       7.0000000000000000   2.5888655103758179E+01   5.7894050342097610E-02
       8.0000000000000000   2.5691409055953788E+01   6.7180701789530450E-02
       9.0000000000000000   2.5448143793200380E+01   7.6899067798055540E-02
      10.0000000000000000   2.5168297844578774E+01   8.7079807234668155E-02
      11.0000000000000000   2.4859748233494948E+01   9.7749260682847408E-02
      12.0000000000000000   2.4528769743286066E+01   1.0893102819027914E-01
      13.0000000000000000   2.4180631359064126E+01   1.2064671329613472E-01
      14.0000000000000000   2.3819291124294455E+01   1.3291878121917600E-01
      15.0000000000000000   2.3448045001671481E+01   1.4576929615266296E-01
      16.0000000000000000   2.3069672480269293E+01   1.5921951021189890E-01
      17.0000000000000000   2.2686284774769419E+01   1.7329257596072459E-01
      18.0000000000000000   2.2299702769231370E+01   1.8801189700711757E-01
      19.0000000000000000   2.1911326023865019E+01   2.0340224380147492E-01
      20.0000000000000000   2.1522294446926281E+01   2.1949034646329840E-01
      21.0000000000000000   2.1133494274218346E+01   2.3630495149489683E-01
      22.0000000000000000   2.0745665519633551E+01   2.5387637548224096E-01
      23.0000000000000000   2.0359376332442537E+01   2.7223744634040387E-01
      24.0000000000000000   1.9975040299942176E+01   2.9142423687674490E-01
      25.0000000000000000   1.9592982066506242E+01   3.1147554674486350E-01
      26.0000000000000000   1.9213438192906413E+01   3.3243351430085349E-01
      27.0000000000000000   1.8836573340544643E+01   3.5434390865363335E-01
      28.0000000000000000   1.8462499229172035E+01   3.7725637931568473E-01
      29.0000000000000000   1.8091273518156395E+01   4.0122497275380575E-01
      30.0000000000000000   1.7722925116741774E+01   4.2630833209707170E-01
      31.0000000000000000   1.7357446837398715E+01   4.5257025576164339E-01
      32.0000000000000000   1.6994819970397050E+01   4.8007984054852759E-01
      33.0000000000000000   1.6635001491321599E+01   5.0891226370180476E-01
      34.0000000000000000   1.6277942959177253E+01   5.3914901540893045E-01
      35.0000000000000000   1.5923589335945186E+01   5.7087843906403957E-01
      36.0000000000000000   1.5571885029052693E+01   6.0419620939787466E-01
      37.0000000000000000   1.5222777532762791E+01   6.3920581828428957E-01
      38.0000000000000000   1.4876221892700459E+01   6.7601903914263406E-01
      39.0000000000000000   1.4532183311381070E+01   7.1475635879168542E-01
      40.0000000000000000   1.4190642805419284E+01   7.5554729864588088E-01
      41.0000000000000000   1.3851599521360759E+01   7.9853069343933736E-01
      42.0000000000000000   1.3515075908393305E+01   8.4385472628991631E-01
      43.0000000000000000   1.3181122397427199E+01   8.9167675844986438E-01
      44.0000000000000000   1.2849822370173136E+01   9.4216275930214433E-01
      45.0000000000000000   1.2521296449619030E+01   9.9548640678038480E-01
      46.0000000000000000   1.2195708992376046E+01   1.0518274555738321E+00
      47.0000000000000000   1.1873273398706917E+01   1.1113694228594224E+00
      48.0000000000000000   1.1554257703462234E+01   1.1742963245101743E+00
      49.0000000000000000   1.1238989780247215E+01   1.2407883039016525E+00
      50.0000000000000000   1.0927861549715129E+01   1.3110159906016032E+00
      51.0000000000000000   1.0621331574445211E+01   1.3851334977266554E+00
      52.0000000000000000   1.0319925546354304E+01   1.4632700479871528E+00
      53.0000000000000000   1.0024233150754625E+01   1.5455204079568694E+00
      54.0000000000000000   9.7349009459465368E+00   1.6319345099851792E+00
      55.0000000000000000   9.4526201244889982E+00   1.7225069206373835E+00
      56.0000000000000000   9.1781091999864248E+00   1.8171670643589759E+00
      57.0000000000000000   8.9120918889127623E+00   1.9157710847812299E+00
      58.0000000000000000   8.6552695010547858E+00   2.0180972891105005E+00
      59.0000000000000000   8.4082929096812755E+00   2.1238451208414326E+00
      60.0000000000000000   8.1717347658669297E+00   2.2326388273392035E+00
      61.0000000000000000   7.9460629789580404E+00   2.3440366144973157E+00
      62.0000000000000000   7.7316221395553439E+00   2.4575433550205195E+00
      63.0000000000000000   7.5286215144349553E+00   2.5726268067457050E+00
      64.0000000000000000   7.3371316636725741E+00   2.6887353818812243E+00
      65.0000000000000000   7.1570892949886424E+00   2.8053159133625947E+00
      66.0000000000000000   6.9883089285853828E+00   2.9218299665148981E+00
      67.0000000000000000   6.8304995071825676E+00   3.0377676157803379E+00
      68.0000000000000000   6.6832838280783200E+00   3.1526580696099606E+00
      69.0000000000000000   6.5462188156829217E+00   3.2660769731123280E+00
      70.0000000000000000   6.4188150539146829E+00   3.3776505734750244E+00
      71.0000000000000000   6.3005544683766095E+00   3.4870571707926783E+00
      72.0000000000000000   6.1909055295723778E+00   3.5940263905070080E+00
      73.0000000000000000   6.0893357182589831E+00   3.6983368388457496E+00
      74.0000000000000000   5.9953213029376293E+00   3.7998126587580590E+00
      75.0000000000000000   5.9083546271609899E+00   3.8983194462828505E+00
      76.0000000000000000   5.8279494006825914E+00   3.9937597631335024E+00
      77.0000000000000000   5.7536439259302705E+00   4.0860687962449997E+00
      78.0000000000000000   5.6850031889645862E+00   4.1752099632777417E+00
      79.0000000000000000   5.6216196963726572E+00   4.2611708750303352E+00
      80.0000000000000000   5.5631135111491830E+00   4.3439596089496915E+00
      81.0000000000000000   5.5091316854340109E+00   4.4236013469928102E+00
      82.0000000000000000   5.4593472781787566E+00   4.5001353854394850E+00
      83.0000000000000000   5.4134580950565843E+00   4.5736125065051665E+00
      84.0000000000000000   5.3711852637940343E+00   4.6440926910781597E+00
      85.0000000000000000   5.3322717331884100E+00   4.7116431447834906E+00
      86.0000000000000000   5.2964807466447104E+00   4.7763366075874574E+00
      87.0000000000000000   5.2635943359254780E+00   4.8382499190047774E+00
      88.0000000000000000   5.2334118802519871E+00   4.8974627913108080E+00
      89.0000000000000000   5.2057487019319018E+00   4.9540568073960323E+00
      90.0000000000000000   5.1804347742838290E+00   5.0081145578911110E+00
      91.0000000000000000   5.1573135019220304E+00   5.0597189392008612E+00
      92.0000000000000000   5.1362405899286570E+00   5.1089525738719450E+00
      93.0000000000000000   5.1170830004829586E+00   5.1558973380482840E+00
      94.0000000000000000   5.0997179935068688E+00   5.2006339800935208E+00
      95.0000000000000000   5.0840322472018551E+00   5.2432418165325991E+00
      96.0000000000000000   5.0699210538200292E+00   5.2837984933366675E+00
      97.0000000000000000   5.0572875854837021E+00   5.3223798022381867E+00
      98.0000000000000000   5.0460422243703809E+00   5.3590595432651522E+00
      99.0000000000000000   5.0361019550970676E+00   5.3939094256932147E+00
     100.0000000000000000   5.0273898064960605E+00   5.4269990015354033E+00
     110.0000000000000000   4.9943172416498278E+00   5.6748106268596645E+00
     120.0000000000000000   5.0295197043356117E+00   5.8073694802173437E+00
     130.0000000000000000   5.1064115240619783E+00   5.8626050944903119E+00
     140.0000000000000000   5.2101894966631965E+00   5.8658063165846457E+00
     150.0000000000000000   5.3320522132378674E+00   5.8339068668229475E+00
     160.0000000000000000   5.4664807143027536E+00   5.7783728108645338E+00
     170.0000000000000000   5.6098610799588027E+00   5.7070646599612145E+00
     180.0000000000000000   5.7545569061586601E+00   5.6411444504233668E+00
     190.0000000000000000   5.9129183240112599E+00   5.5466938212380201E+00
     200.0000000000000000   6.0722325378275155E+00   5.4552560445040399E+00
     210.0000000000000000   6.2322544254642693E+00   5.3669562868868415E+00
     220.0000000000000000   6.3927981385174695E+00   5.2818246732443583E+00
     230.0000000000000000   6.5537207587057527E+00   5.1998300113522813E+00
     240.0000000000000000   6.7209576966851650E+00   5.1047146219971404E+00
     250.0000000000000000   6.8877970018655628E+00   5.0142260917899266E+00
     260.0000000000000000   7.0542230973138516E+00   4.9280441197770140E+00
     270.0000000000000000   7.2202277779229007E+00   4.8458725399940565E+00
     280.0000000000000000   7.3910196252726204E+00   4.7540474444499994E+00
     287.9990000000000236   7.5240147128738952E+00   4.6917126011876391E+00
     288.0009999999999764   7.5240517493812815E+00   4.6916875889874294E+00
     290.0000000000000000   7.5559726729554528E+00   4.6796800050985388E+00
     300.0000000000000000   7.7253974235126295E+00   4.5962169610682375E+00
     310.0000000000000000   7.8893462244319190E+00   4.5285709558834535E+00
     320.0000000000000000   8.0574808994122176E+00   4.4523333625951711E+00
     330.0000000000000000   8.2249426486874810E+00   4.3795493804580943E+00
     340.0000000000000000   8.3917541975983152E+00   4.3099793297650164E+00
     350.0000000000000000   8.5579375956974868E+00   4.2434053852711449E+00
     360.0000000000000000   8.7235141186555580E+00   4.1796292080305752E+00
     370.0000000000000000   8.8925936737070295E+00   4.1088811535710414E+00
     380.0000000000000000   9.0569153257918469E+00   4.0504747799589476E+00
     390.0000000000000000   9.2206916459145489E+00   3.9943513817469793E+00
     400.0000000000000000   9.3877819244055267E+00   3.9316219882710945E+00
     410.0000000000000000   9.5504247697217810E+00   3.8799185091484563E+00
     420.0000000000000000   9.7162755314559313E+00   3.8218345257477484E+00
     430.0000000000000000   9.8815117184509393E+00   3.7659789777066397E+00
     440.0000000000000000   1.0042544035131153E+01   3.7200691857027071E+00
     450.0000000000000000   1.0206650653837414E+01   3.6680918875665833E+00
     460.0000000000000000   1.0370194909075732E+01   3.6179883445064327E+00
     470.0000000000000000   1.0533192682596232E+01   3.5696551149954310E+00
     480.0000000000000000   1.0695659278610711E+01   3.5229962086141287E+00
     490.0000000000000000   1.0854270123853116E+01   3.4848610513738603E+00
     500.0000000000000000   1.1015761965838822E+01   3.4411325724578772E+00
     510.0000000000000000   1.1176764732070678E+01   3.3988357900071700E+00
     520.0000000000000000   1.1337291407603113E+01   3.3578985596881465E+00
     530.0000000000000000   1.1500520536699311E+01   3.3119042637648421E+00
     540.0000000000000000   1.1660089451711915E+01   3.2736217291862646E+00
     550.0000000000000000   1.1819218520250683E+01   3.2365048327691803E+00
     560.0000000000000000   1.1977918763103281E+01   3.2004989069488570E+00
     570.0000000000000000   1.2136200769115563E+01   3.1655527245244102E+00
     580.0000000000000000   1.2297067490429402E+01   3.1258771948935911E+00
     590.0000000000000000   1.2454502373060260E+01   3.0930188347816490E+00
     600.0000000000000000   1.2611548941967978E+01   3.0610804202349633E+00
     610.0000000000000000   1.2768216003101326E+01   3.0300227062891794E+00
     620.0000000000000000   1.2927375113392724E+01   2.9944806310717329E+00
     630.0000000000000000   1.3083269879771457E+01   2.9651683852298332E+00
     640.0000000000000000   1.3241626179745692E+01   2.9314827088972923E+00
     650.0000000000000000   1.3396780722524516E+01   2.9037729677730391E+00
     660.0000000000000000   1.3554367839422991E+01   2.8717922328808734E+00
     670.0000000000000000   1.3708813527062672E+01   2.8455550983372842E+00
     680.0000000000000000   1.3865660625740984E+01   2.8151480793887651E+00
     690.0000000000000000   1.4019427437484577E+01   2.7902663127867431E+00
     700.0000000000000000   1.4175562245299426E+01   2.7613146796824273E+00
     710.0000000000000000   1.4328677676241492E+01   2.7376841595386958E+00
     720.0000000000000000   1.4484127045609382E+01   2.7100800824148745E+00
     730.0000000000000000   1.4636616274227691E+01   2.6876081874861701E+00
     740.0000000000000000   1.4791405661052149E+01   2.6612540453171789E+00
     750.0000000000000000   1.4945865550262672E+01   2.6355293086011531E+00
     760.0000000000000000   1.5097444978295014E+01   2.6146659200714550E+00
     770.0000000000000000   1.5251281213379571E+01   2.5900584515665228E+00
     780.0000000000000000   1.5404804574811926E+01   2.5660170698369851E+00
     790.0000000000000000   1.5555523265287155E+01   2.5465954078766391E+00
     800.0000000000000000   1.5708455537214697E+01   2.5235578801672238E+00
     810.0000000000000000   1.5861090441291903E+01   2.5010311875377944E+00
     820.0000000000000000   1.6013437450120311E+01   2.4789906318234762E+00
     830.0000000000000000   1.6163066426960270E+01   2.4612866290711199E+00
     840.0000000000000000   1.6314857279208049E+01   2.4401276368010558E+00
     850.0000000000000000   1.6466371029461861E+01   2.4194138059844663E+00
     860.0000000000000000   1.6617615325193480E+01   2.3991255891111507E+00
     870.0000000000000000   1.6768594845641896E+01   2.3792486452944646E+00
     880.0000000000000000   1.6919312015287659E+01   2.3597725212503025E+00
     890.0000000000000000   1.7067411286961960E+01   2.3442876743647294E+00
     900.0000000000000000   1.7217617346782543E+01   2.3255462932184225E+00
     910.0000000000000000   1.7367573080780584E+01   2.3071700081519442E+00
     920.0000000000000000   1.7517282413716437E+01   2.2891474284138065E+00
     930.0000000000000000   1.7666748283878171E+01   2.2714689536943755E+00
     940.0000000000000000   1.7815973443888470E+01   2.2541255255797106E+00
     950.0000000000000000   1.7964960751140264E+01   2.2371081794849568E+00
     960.0000000000000000   1.8113713163541956E+01   2.2204080438749583E+00
     970.0000000000000000   1.8262233734076631E+01   2.2040163458660795E+00
     980.0000000000000000   1.8410525606903263E+01   2.1879244146078527E+00
     990.0000000000000000   1.8558591973716560E+01   2.1721237384710546E+00
    1000.0000000000000000   1.8706436013533654E+01   2.1566060421316338E+00
    1100.0000000000000000   2.0173289026381482E+01   2.0153904417226989E+00
    1200.0000000000000000   2.1622838389923416E+01   1.8928208321939197E+00
    1300.0000000000000000   2.3056940831694998E+01   1.7849772091433898E+00
    1400.0000000000000000   2.4477157818352254E+01   1.6889523196076908E+00
    1500.0000000000000000   2.5882957260913621E+01   1.6046272974275362E+00
    1600.0000000000000000   2.7277376588381863E+01   1.5280148953481927E+00
    1700.0000000000000000   2.8657784385179305E+01   1.4615476641387406E+00
    1800.0000000000000000   3.0030447712644868E+01   1.3983995562931271E+00
    1900.0000000000000000   3.1390904800863829E+01   1.3429831922333670E+00
    2000.0000000000000000   3.2743247285650085E+01   1.2911258907941161E+00
    2100.0000000000000000   3.4086350870201969E+01   1.2438598207713907E+00
    2200.0000000000000000   3.5422262825337889E+01   1.1992878305092958E+00
    2300.0000000000000000   3.6748478209912363E+01   1.1595927861617357E+00
    2400.0000000000000000   3.8068655301108954E+01   1.1215929592210263E+00
    2500.0000000000000000   3.9381397593741909E+01   1.0864942641521562E+00
    2600.0000000000000000   4.0687206464607549E+01   1.0538872142908429E+00
    2700.0000000000000000   4.1986410312458787E+01   1.0235150269209725E+00
    2800.0000000000000000   4.3279239272726052E+01   9.9521391320227082E-01
    2900.0000000000000000   4.4567740262775381E+01   9.6749211762964837E-01
    3000.0000000000000000   4.5848649114319016E+01   9.4276891957032427E-01
    3100.0000000000000000   4.7125527384781790E+01   9.1848112842492269E-01
    3200.0000000000000000   4.8397497565189454E+01   8.9536212267752746E-01
    3300.0000000000000000   4.9663887151998040E+01   8.7383128733337734E-01
    3400.0000000000000000   5.0925381762330723E+01   8.5347425105164409E-01
    3500.0000000000000000   5.2182413389873140E+01   8.3404526693721426E-01
    3600.0000000000000000   5.3434845685049339E+01   8.1564538335044290E-01
    3700.0000000000000000   5.4682217731702607E+01   7.9853358127001373E-01
    3800.0000000000000000   5.5927883864863482E+01   7.8078580646042972E-01
    3900.0000000000000000   5.7167078139294233E+01   7.6523032274094316E-01
    4000.0000000000000000   5.8402244251772771E+01   7.5042810741040544E-01
    4100.0000000000000000   5.9635103691248538E+01   7.3542154369351220E-01
    4200.0000000000000000   6.0864680001540798E+01   7.2082851538494730E-01
    4300.0000000000000000   6.2089269852624895E+01   7.0763890278690689E-01
    4400.0000000000000000   6.3310685913274696E+01   6.9474403386978834E-01
    4500.0000000000000000   6.4529480199215982E+01   6.8199183526278873E-01
    4600.0000000000000000   6.5743218521666535E+01   6.7066785200103607E-01
    4700.0000000000000000   6.6955772738369234E+01   6.5873310529230444E-01
    4800.0000000000000000   6.8163569803543808E+01   6.4800432996998658E-01
    4900.0000000000000000   6.9368934128151750E+01   6.3740856291490011E-01
    5000.0000000000000000   7.0571892935223246E+01   6.2693987272988927E-01
    5100.0000000000000000   7.1771673854872034E+01   6.1695828849171552E-01
    5200.0000000000000000   7.2968250372076554E+01   6.0748306800940244E-01
    5300.0000000000000000   7.4162135434991072E+01   5.9829691006514996E-01
    5400.0000000000000000   7.5354731917908865E+01   5.8882323534365510E-01
    5500.0000000000000000   7.6543601297889651E+01   5.8012800088463112E-01
    5600.0000000000000000   7.7729456469179183E+01   5.7181618120346644E-01
    5700.0000000000000000   7.8914690468700996E+01   5.6302467626141484E-01
    5800.0000000000000000   8.0094515563181716E+01   5.5572506929606824E-01
    5900.0000000000000000   8.1274115493817490E+01   5.4776525672148924E-01
    6000.0000000000000000   8.2449670949348530E+01   5.4068504497574077E-01
    6100.0000000000000000   8.3625273717863180E+01   5.3292761572979086E-01
    6200.0000000000000000   8.4796706801677360E+01   5.2608274271709199E-01
    6300.0000000000000000   8.5965248474130561E+01   5.1967983876226898E-01
    6400.0000000000000000   8.7132937576299170E+01   5.1305277752572431E-01
    6500.0000000000000000   8.8299444341851171E+01   5.0611541015540928E-01
    6600.0000000000000000   8.9462914750192368E+01   4.9981337865042641E-01
    6700.0000000000000000   9.0624492789443309E+01   4.9357873253402473E-01
    6800.0000000000000000   9.1783505996876187E+01   4.8767740210802801E-01
    6900.0000000000000000   9.2940935542931911E+01   4.8185748941719864E-01
    7000.0000000000000000   9.4095397321752529E+01   4.7645164750529384E-01
    7100.0000000000000000   9.5248506846309823E+01   4.7106423355547156E-01
    7200.0000000000000000   9.6398361926831484E+01   4.6623319027490590E-01
    7300.0000000000000000   9.7551342054416850E+01   4.5984467527654871E-01
    7400.0000000000000000   9.8699047098377477E+01   4.5478826750503765E-01
    7500.0000000000000000   9.9843475820100892E+01   4.5029852433045015E-01
    7600.0000000000000000   1.0098732217267775E+02   4.4560627072716613E-01
    7700.0000000000000000   1.0213194763185540E+02   4.4008921552231328E-01
    7800.0000000000000000   1.0327051177716574E+02   4.3622362893479510E-01
    7900.0000000000000000   1.0441283090057215E+02   4.3067895556670333E-01
    8000.0000000000000000   1.0554867813376235E+02   4.2668752821991546E-01
    8100.0000000000000000   1.0668528441953923E+02   4.2209101455542647E-01
    8200.0000000000000000   1.0781860388156919E+02   4.1825261490155774E-01
    8300.0000000000000000   1.0895336272418372E+02   4.1337321802337273E-01
    8400.0000000000000000   1.1008131553359121E+02   4.1021444889274866E-01
    8500.0000000000000000   1.1121285626153411E+02   4.0569328714347647E-01
    8600.0000000000000000   1.1233965320623705E+02   4.0222562895137670E-01
    8700.0000000000000000   1.1346629486896737E+02   3.9838512682502852E-01
    8800.0000000000000000   1.1459293400187693E+02   3.9409964935631647E-01
    8900.0000000000000000   1.1571570615176547E+02   3.9062302587333192E-01
    9000.0000000000000000   1.1683576888967117E+02   3.8773934209340805E-01
    9100.0000000000000000   1.1795938826541267E+02   3.8348448459486206E-01
    9200.0000000000000000   1.1907907206991004E+02   3.7999282315359073E-01
    9300.0000000000000000   1.2019863981260033E+02   3.7612632273909952E-01
    9400.0000000000000000   1.2131272259806673E+02   3.7347828976243808E-01
    9500.0000000000000000   1.2242586022097591E+02   3.7077870610426122E-01
    9600.0000000000000000   1.2353932318782905E+02   3.6771700801158924E-01
    9700.0000000000000000   1.2465348620885396E+02   3.6415239769152052E-01
    9800.0000000000000000   1.2576601467582263E+02   3.6078463414760759E-01
    9900.0000000000000000   1.2687663591002398E+02   3.5766701453933397E-01
   10000.0000000000000000   1.2798572601129923E+02   3.5467920732257197E-01
   11000.0000000000000000   1.3900969456854500E+02   3.2733838825306738E-01
   12000.0000000000000000   1.4991989893496094E+02   3.0488881750024655E-01
   13000.0000000000000000   1.6073586502979995E+02   2.8465838791370507E-01
   14000.0000000000000000   1.7145705880024414E+02   2.6732442045449356E-01
   15000.0000000000000000   1.8209556945152215E+02   2.5262727520805711E-01
   16000.0000000000000000   1.9265585975784242E+02   2.3932899861923532E-01
   17000.0000000000000000   2.0315101236872081E+02   2.2721464604166661E-01
   18000.0000000000000000   2.1357403621020131E+02   2.1693523159107969E-01
   19000.0000000000000000   2.2394960791943618E+02   2.0592734591899883E-01
   20000.0000000000000000   2.3424792160164921E+02   1.9826760801648147E-01
   21000.0000000000000000   2.4449567898734628E+02   1.9125090119982666E-01
   22000.0000000000000000   2.5471125519331258E+02   1.8225953433227401E-01
   23000.0000000000000000   2.6487677273075394E+02   1.7525598801133815E-01
   24000.0000000000000000   2.7497939599667734E+02   1.6916013728062687E-01
   25000.0000000000000000   2.8503580141719550E+02   1.6440700127763222E-01
   26000.0000000000000000   2.9505962251636953E+02   1.5931903276641093E-01
   27000.0000000000000000   3.0504983113366876E+02   1.5353236927313266E-01
   28000.0000000000000000   3.1501684504722925E+02   1.4833175206560023E-01
   29000.0000000000000000   3.2492000605573242E+02   1.4490237246476231E-01
   30000.0000000000000000   3.3481004790851142E+02   1.3925776513528468E-01
   31000.0000000000000000   3.4464600280858355E+02   1.3570749028323179E-01
   32000.0000000000000000   3.5447632874621291E+02   1.3176093209929451E-01
   33000.0000000000000000   3.6425339721204267E+02   1.2970747190218629E-01
   34000.0000000000000000   3.7400653036338139E+02   1.2651118159612090E-01
   35000.0000000000000000   3.8374212730511096E+02   1.2220023067995961E-01
   36000.0000000000000000   3.9342895597859359E+02   1.2025995859643686E-01
   37000.0000000000000000   4.0307927426839672E+02   1.1850153152909461E-01
   38000.0000000000000000   4.1272903042937969E+02   1.1380349415718025E-01
   39000.0000000000000000   4.2237617660283365E+02   1.1152973891302261E-01
   40000.0000000000000000   4.3196390820339718E+02   1.0882438044546951E-01
   41000.0000000000000000   4.4154629575500559E+02   1.0600533816767609E-01
   42000.0000000000000000   4.5107314492301941E+02   1.0526000894480840E-01
   43000.0000000000000000   4.6063782359318287E+02   1.0182290734457562E-01
   44000.0000000000000000   4.7010241930775260E+02   9.9937383128270676E-02
   45000.0000000000000000   4.7961343876576655E+02   9.8305801586837549E-02
   46000.0000000000000000   4.8909811203766213E+02   9.6147297525565861E-02
   47000.0000000000000000   4.9851922502724608E+02   9.5311410530397045E-02
   48000.0000000000000000   5.0792372829893134E+02   9.2997595388014109E-02
   49000.0000000000000000   5.1729802171176641E+02   9.2695734080070202E-02
   50000.0000000000000000   5.2670430653822780E+02   9.0173180927712024E-02
