       1.0000000000000000   1.0000000000000000E+30   0.0000000000000000E+00
       2.0000000000000000   1.0000000000000000E+30  -2.6636510908504052E+00
       3.0000000000000000   1.0000000000000000E+30  -3.7077376707278504E+00
       4.0000000000000000   1.0000000000000000E+30  -3.7834083698154766E+00
       5.0000000000000000   1.0000000000000000E+30  -3.5670989991834769E+00
       6.0000000000000000   1.0000000000000000E+30  -3.2795877282390862E+00
       7.0000000000000000   1.0000000000000000E+30  -2.9928987895338990E+00
       8.0000000000000000   1.0000000000000000E+30  -2.7295506437762738E+00
       9.0000000000000000   1.0000000000000000E+30  -2.4947577624116195E+00
      10.0000000000000000   1.0000000000000000E+30  -2.2876558302967296E+00
      11.0000000000000000   1.0000000000000000E+30  -2.1054346897957337E+00
      12.0000000000000000   1.0000000000000000E+30  -1.9448939389138529E+00
      13.0000000000000000   1.0000000000000000E+30  -1.8030113883495629E+00
      14.0000000000000000   1.0000000000000000E+30  -1.6771224814900112E+00
      15.0000000000000000   1.0000000000000000E+30  -1.5649469003096990E+00
      16.0000000000000000   1.0000000000000000E+30  -1.4645585747026360E+00
      17.0000000000000000   1.0000000000000000E+30  -1.3743386464477294E+00
      18.0000000000000000   1.0000000000000000E+30  -1.2929272771122273E+00
      19.0000000000000000   1.0000000000000000E+30  -1.2191801547152719E+00
      20.0000000000000000   1.0000000000000000E+30  -1.1521313214333089E+00
      21.0000000000000000   1.0000000000000000E+30  -1.0909622290444472E+00
      22.0000000000000000   1.0000000000000000E+30  -1.0349763095729565E+00
      23.0000000000000000   1.0000000000000000E+30  -9.8357819870957397E-01
      24.0000000000000000   1.0000000000000000E+30  -9.3625678968058867E-01
      25.0000000000000000   1.0000000000000000E+30  -8.9257140147279102E-01
      26.0000000000000000   1.0000000000000000E+30  -8.5214046430995904E-01
      27.0000000000000000   1.0000000000000000E+30  -8.1463223562907261E-01
      28.0000000000000000   1.0000000000000000E+30  -7.7975715446835292E-01
      29.0000000000000000   1.0000000000000000E+30  -7.4726152028520187E-01
      30.0000000000000000   1.0000000000000000E+30  -7.1692224533262150E-01
      31.0000000000000000   1.0000000000000000E+30  -6.8854248014190078E-01
      32.0000000000000000   1.0000000000000000E+30  -6.6194795170680787E-01
      33.0000000000000000   1.0000000000000000E+30  -6.3698388569843456E-01
      34.0000000000000000   1.0000000000000000E+30  -6.1351240918091587E-01
      35.0000000000000000   1.0000000000000000E+30  -5.9141035024046651E-01
      36.0000000000000000   1.0000000000000000E+30  -5.7056736679296172E-01
      37.0000000000000000   1.0000000000000000E+30  -5.5088434947230236E-01
      38.0000000000000000   1.0000000000000000E+30  -5.3227205360771634E-01
      39.0000000000000000   1.0000000000000000E+30  -5.1464992340792559E-01
      40.0000000000000000   1.0000000000000000E+30  -4.9794507800159582E-01
      41.0000000000000000   1.0000000000000000E+30  -4.8209143426343376E-01
      42.0000000000000000   1.0000000000000000E+30  -4.6702894563945180E-01
      43.0000000000000000   1.0000000000000000E+30  -4.5270293967408348E-01
      44.0000000000000000   1.0000000000000000E+30  -4.3906353979414586E-01
      45.0000000000000000   1.0000000000000000E+30  -4.2606515924474542E-01
      46.0000000000000000   1.0000000000000000E+30  -4.1366605699910580E-01
      47.0000000000000000   1.0000000000000000E+30  -4.0182794705643043E-01
      48.0000000000000000   1.0000000000000000E+30  -3.9051565386201947E-01
      49.0000000000000000   1.0000000000000000E+30  -3.7969680768205138E-01
      50.0000000000000000   1.0000000000000000E+30  -3.6934157468203266E-01
      51.0000000000000000   1.0000000000000000E+30  -3.5942241722536544E-01
      52.0000000000000000   1.0000000000000000E+30  -3.4991388055300771E-01
      53.0000000000000000   1.0000000000000000E+30  -3.4079240254818505E-01
      54.0000000000000000   1.0000000000000000E+30  -3.3203614374881191E-01
      55.0000000000000000   1.0000000000000000E+30  -3.2362483515893498E-01
      56.0000000000000000   1.0000000000000000E+30  -3.1553964174068388E-01
      57.0000000000000000   1.0000000000000000E+30  -3.0776303974950187E-01
      58.0000000000000000   1.0000000000000000E+30  -3.0027870631561321E-01
      59.0000000000000000   1.0000000000000000E+30  -2.9307141988040136E-01
      60.0000000000000000   1.0000000000000000E+30  -2.8612697027287542E-01
      61.0000000000000000   1.0000000000000000E+30  -2.7943207736330639E-01
      62.0000000000000000   1.0000000000000000E+30  -2.7297431736208572E-01
      63.0000000000000000   1.0000000000000000E+30  -2.6674205594505590E-01
      64.0000000000000000   1.0000000000000000E+30  -2.6072438748462068E-01
      65.0000000000000000   1.0000000000000000E+30  -2.5491107975105171E-01
      66.0000000000000000   1.0000000000000000E+30  -2.4929252352243353E-01
      67.0000000000000000   1.0000000000000000E+30  -2.4385968660621632E-01
      68.0000000000000000   1.0000000000000000E+30  -2.3860407183168564E-01
      69.0000000000000000   1.0000000000000000E+30  -2.3351767862195272E-01
      70.0000000000000000   1.0000000000000000E+30  -2.2859296779728513E-01
      71.0000000000000000   1.0000000000000000E+30  -2.2382282929953734E-01
      72.0000000000000000   1.0000000000000000E+30  -2.1920055256081650E-01
      73.0000000000000000   1.0000000000000000E+30  -2.1471979926893811E-01
      74.0000000000000000   1.0000000000000000E+30  -2.1037457830817896E-01
      75.0000000000000000   1.0000000000000000E+30  -2.0615922267679074E-01
      76.0000000000000000   1.0000000000000000E+30  -2.0206836820305626E-01
      77.0000000000000000   1.0000000000000000E+30  -1.9809693389969879E-01
      78.0000000000000000   1.0000000000000000E+30  -1.9424010381245416E-01
      79.0000000000000000   1.0000000000000000E+30  -1.9049331023286648E-01
      80.0000000000000000   1.0000000000000000E+30  -1.8685221815803921E-01
      81.0000000000000000   1.0000000000000000E+30  -1.8331271089139786E-01
      82.0000000000000000   1.0000000000000000E+30  -1.7987087668862148E-01
      83.0000000000000000   1.0000000000000000E+30  -1.7652299636193913E-01
      84.0000000000000000   1.0000000000000000E+30  -1.7326553176408932E-01
      85.0000000000000000   1.0000000000000000E+30  -1.7009511508049299E-01
      86.0000000000000000   1.0000000000000000E+30  -1.6700853886471653E-01
      87.0000000000000000   1.0000000000000000E+30  -1.6400274675815310E-01
      88.0000000000000000   1.0000000000000000E+30  -1.6107482484013552E-01
      89.0000000000000000   1.0000000000000000E+30  -1.5822199355943678E-01
      90.0000000000000000   1.0000000000000000E+30  -1.5544160020240760E-01
      91.0000000000000000   1.0000000000000000E+30  -1.5273111185687197E-01
      92.0000000000000000   1.0000000000000000E+30  -1.5008810883439933E-01
      93.0000000000000000   1.0000000000000000E+30  -1.4751027851674725E-01
      94.0000000000000000   1.0000000000000000E+30  -1.4499540959513335E-01
      95.0000000000000000   1.0000000000000000E+30  -1.4254138667360011E-01
      96.0000000000000000   1.0000000000000000E+30  -1.4014618521010647E-01
      97.0000000000000000   1.0000000000000000E+30  -1.3780786677111931E-01
      98.0000000000000000   1.0000000000000000E+30  -1.3552457457743908E-01
      99.0000000000000000   1.0000000000000000E+30  -1.3329452932077182E-01
     100.0000000000000000   1.0000000000000000E+30  -1.3111602523218049E-01
     110.0000000000000000   1.0000000000000000E+30  -1.1183626698648283E-01
     120.0000000000000000   1.0000000000000000E+30  -9.6261756960720063E-02
     130.0000000000000000   1.0000000000000000E+30  -8.3478045251800373E-02
     140.0000000000000000   1.0000000000000000E+30  -7.2841815239831936E-02
     150.0000000000000000   1.0000000000000000E+30  -6.3888507806019276E-02
     160.0000000000000000   1.0000000000000000E+30  -5.6275037883347492E-02
     170.0000000000000000   1.0000000000000000E+30  -4.9743048605882141E-02
     180.0000000000000000   1.0000000000000000E+30  -4.4094638964079322E-02
     190.0000000000000000   1.0000000000000000E+30  -3.9175914967784421E-02
     200.0000000000000000   1.0000000000000000E+30  -3.4865588137160022E-02
     210.0000000000000000   1.0000000000000000E+30  -3.1066912455336777E-02
     220.0000000000000000   1.0000000000000000E+30  -2.7701879043247241E-02
     230.0000000000000000   1.0000000000000000E+30  -2.4706968357871398E-02
     240.0000000000000000   1.0000000000000000E+30  -2.2029996317661175E-02
     250.0000000000000000   1.0000000000000000E+30  -1.9627741340378323E-02
     260.0000000000000000   1.0000000000000000E+30  -1.7464137157973458E-02
     270.0000000000000000   1.0000000000000000E+30  -1.5508881128497755E-02
     280.0000000000000000   1.0000000000000000E+30  -1.3736351498343482E-02
     290.0000000000000000   1.0000000000000000E+30  -1.2124757036162712E-02
     300.0000000000000000   1.0000000000000000E+30  -1.0655463301313993E-02
     310.0000000000000000   1.0000000000000000E+30  -9.3124545034241786E-03
     320.0000000000000000   1.0000000000000000E+30  -8.0819004010166152E-03
     330.0000000000000000   1.0000000000000000E+30  -6.9518052666172189E-03
     340.0000000000000000   1.0000000000000000E+30  -5.9117214818233789E-03
     350.0000000000000000   1.0000000000000000E+30  -4.9525144109737627E-03
     360.0000000000000000   1.0000000000000000E+30  -4.0661682455573837E-03
     370.0000000000000000   1.0000000000000000E+30  -3.2456247994151377E-03
     380.0000000000000000   1.0000000000000000E+30  -2.4846489692828336E-03
     390.0000000000000000   1.0000000000000000E+30  -1.7777159006650788E-03
     400.0000000000000000   1.0000000000000000E+30  -1.1199159195105007E-03
     410.0000000000000000   1.0000000000000000E+30  -5.0687408143843243E-04
     420.0000000000000000   1.0000000000000000E+30   6.5318192048279664E-05
     430.0000000000000000   1.0000000000000000E+30   6.0016143567569852E-04
     440.0000000000000000   1.0000000000000000E+30   1.1007980826241723E-03
     450.0000000000000000   1.0000000000000000E+30   1.5700553837899496E-03
     460.0000000000000000   1.0000000000000000E+30   2.0104824173395514E-03
     470.0000000000000000   1.0000000000000000E+30   2.4243821060430841E-03
     480.0000000000000000   1.0000000000000000E+30   2.8138390018035103E-03
     490.0000000000000000   1.0000000000000000E+30   3.1807434685605209E-03
     500.0000000000000000   1.0000000000000000E+30   3.5268127902390819E-03
     510.0000000000000000   1.0000000000000000E+30   3.8536096448738228E-03
     520.0000000000000000   1.0000000000000000E+30   4.1625583157335732E-03
     530.0000000000000000   1.0000000000000000E+30   4.4549589522544760E-03
     540.0000000000000000   1.0000000000000000E+30   4.7320001455330649E-03
     550.0000000000000000   1.0000000000000000E+30   4.9947700431746513E-03
     560.0000000000000000   1.0000000000000000E+30   5.2442661949570098E-03
     570.0000000000000000   1.0000000000000000E+30   5.4814042928604447E-03
     580.0000000000000000   1.0000000000000000E+30   5.7070259455746335E-03
     590.0000000000000000   3.0241122939943462E+06   5.9219056078423623E-03
     600.0000000000000000   1.4154546766665757E+06   6.1267567683085684E-03
     610.0000000000000000   9.1778692957570776E+05   6.3222374853945697E-03
     620.0000000000000000   6.7635264023713360E+05   6.5089553486922455E-03
     630.0000000000000000   5.3417513367334299E+05   6.6874719331220227E-03
     640.0000000000000000   4.4071554467887408E+05   6.8583068043399009E-03
     650.0000000000000000   3.7474187661893229E+05   7.0219411263725507E-03
     660.0000000000000000   3.2577892174736114E+05   7.1788209160157093E-03
     670.0000000000000000   2.8806412077819079E+05   7.3293599829794744E-03
     680.0000000000000000   2.5816672120523624E+05   7.4739425899771755E-03
     690.0000000000000000   2.3391761889774958E+05   7.6129258628120063E-03
     700.0000000000000000   2.1387886665925349E+05   7.7466419769257515E-03
     710.0000000000000000   1.9705998903744126E+05   7.8754001437567264E-03
     720.0000000000000000   1.8275679963612428E+05   7.9994884175395957E-03
     730.0000000000000000   1.7045516022877829E+05   8.1191753408134081E-03
     740.0000000000000000   1.5977108427594430E+05   8.2347114448366454E-03
     750.0000000000000000   1.5041212605565094E+05   8.3463306192972566E-03
     760.0000000000000000   1.4215172778957363E+05   8.4542513641188369E-03
     770.0000000000000000   1.3481172278141827E+05   8.5586779347686884E-03
     780.0000000000000000   1.2825012355479113E+05   8.6598013912467121E-03
     790.0000000000000000   1.2235242331878631E+05   8.7578005598512674E-03
     800.0000000000000000   1.1702528656596232E+05   8.8528429158636103E-03
     810.0000000000000000   1.1219189755819755E+05   8.9450853944468122E-03
     820.0000000000000000   1.0778848039018014E+05   9.0346751363070011E-03
     830.0000000000000000   1.0376166069178314E+05   9.1217501740007041E-03
     840.0000000000000000   1.0006644104025548E+05   9.2064400641825340E-03
     850.0000000000000000   9.6664630014903523E+04   9.2888664705623823E-03
     860.0000000000000000   9.3523610783865704E+04   9.3691437018740310E-03
     870.0000000000000000   9.0615366746997941E+04   9.4473792087398836E-03
     880.0000000000000000   8.7915703863005911E+04   9.5236740429443748E-03
     890.0000000000000000   8.5403624948607438E+04   9.5981232822946721E-03
     900.0000000000000000   8.3060822474089611E+04   9.6708164239495530E-03
     910.0000000000000000   8.0871264538462070E+04   9.7418377488296005E-03
     920.0000000000000000   7.8820854697099116E+04   9.8112666594808145E-03
     930.0000000000000000   7.6897150757389420E+04   9.8791779935495094E-03
     940.0000000000000000   7.5089130984840347E+04   9.9456423148297432E-03
     950.0000000000000000   7.3386998676006697E+04   1.0010726183671912E-02
     960.0000000000000000   7.1782017970308487E+04   1.0074492408381097E-02
     970.0000000000000000   7.0266375244265393E+04   1.0137000279092673E-02
     980.0000000000000000   6.8833061570407313E+04   1.0198305785483225E-02
     990.0000000000000000   6.7475772610608328E+04   1.0258461819558425E-02
    1000.0000000000000000   6.6188823009901185E+04   1.0317518364653562E-02
    1100.0000000000000000   5.6258454473372243E+04   1.0856848800354375E-02
    1200.0000000000000000   4.9791186655952479E+04   1.1325136147621855E-02
    1300.0000000000000000   4.5287460201125112E+04   1.1743704550237743E-02
    1400.0000000000000000   4.1999438236897950E+04   1.2125418307013950E-02
    1500.0000000000000000   3.9514194800782963E+04   1.2478239021880883E-02
    1600.0000000000000000   3.7585830770005603E+04   1.2807225938857433E-02
    1700.0000000000000000   3.6059095616997642E+04   1.3115691677294872E-02
    1800.0000000000000000   3.4831290306139970E+04   1.3405884434601615E-02
    1900.0000000000000000   3.3831840169268551E+04   1.3679397428980965E-02
    2000.0000000000000000   3.3010683019845244E+04   1.3937417712135830E-02
    2100.0000000000000000   3.2331341633959448E+04   1.4180878670247150E-02
    2200.0000000000000000   3.1766619432647589E+04   1.4410553946398296E-02
    2300.0000000000000000   3.1295831630929468E+04   1.4627115343762357E-02
    2400.0000000000000000   3.0902969902574754E+04   1.4831168411039482E-02
    2500.0000000000000000   3.0575453563995095E+04   1.5023274139657077E-02
    2600.0000000000000000   3.0303260025633586E+04   1.5203962011899306E-02
    2700.0000000000000000   3.0078306809115835E+04   1.5373737680968185E-02
    2800.0000000000000000   2.9894004244815282E+04   1.5533087347737323E-02
    2900.0000000000000000   2.9744926342320843E+04   1.5682480136151956E-02
    3000.0000000000000000   2.9626564987409070E+04   1.5822369287140682E-02
    3100.0000000000000000   2.9535143874483238E+04   1.5953192684557072E-02
    3200.0000000000000000   2.9467475911969868E+04   1.6075373031363263E-02
    3300.0000000000000000   2.9420852703810131E+04   1.6189317869677391E-02
    3400.0000000000000000   2.9392957998652990E+04   1.6295419559003158E-02
    3500.0000000000000000   2.9381799257440613E+04   1.6394055276792434E-02
    3600.0000000000000000   2.9385653065472779E+04   1.6485587074102345E-02
    3700.0000000000000000   2.9403021228988568E+04   1.6570361999823903E-02
    3800.0000000000000000   2.9432595194144400E+04   1.6648712295458022E-02
    3900.0000000000000000   2.9473227004554974E+04   1.6720955655884499E-02
    4000.0000000000000000   2.9523905437394285E+04   1.6787395548186056E-02
    4100.0000000000000000   2.9583736271918202E+04   1.6848321579158141E-02
    4200.0000000000000000   2.9651925878964503E+04   1.6904009901887895E-02
    4300.0000000000000000   2.9727767497084609E+04   1.6954723652223273E-02
    4400.0000000000000000   2.9810629695743686E+04   1.7000713406756355E-02
    4500.0000000000000000   2.9899946629433482E+04   1.7042217654915055E-02
    4600.0000000000000000   2.9995209766480752E+04   1.7079463278771155E-02
    4700.0000000000000000   3.0095960838575989E+04   1.7112666035155433E-02
    4800.0000000000000000   3.0201785805838768E+04   1.7142031035585748E-02
    4900.0000000000000000   3.0312309670730468E+04   1.7167753220336476E-02
    5000.0000000000000000   3.0427192004682081E+04   1.7190017823706966E-02
    5100.0000000000000000   3.0546123075700172E+04   1.7209000828177945E-02
    5200.0000000000000000   3.0668820484799919E+04   1.7224869405686256E-02
    5300.0000000000000000   3.0795026234919376E+04   1.7237782344709251E-02
    5400.0000000000000000   3.0924504168789314E+04   1.7247890462233764E-02
    5500.0000000000000000   3.1057037722680030E+04   1.7255337000007032E-02
    5600.0000000000000000   3.1192427951499980E+04   1.7260258004729665E-02
    5700.0000000000000000   3.1330491787753959E+04   1.7262782692067286E-02
    5800.0000000000000000   3.1471060502675740E+04   1.7263033794530386E-02
    5900.0000000000000000   3.1613978342664679E+04   1.7261127893411551E-02
    6000.0000000000000000   3.1759101318161815E+04   1.7257175735077117E-02
    6100.0000000000000000   3.1906296125448240E+04   1.7251282531995722E-02
    6200.0000000000000000   3.2055439184653344E+04   1.7243548248948089E-02
    6300.0000000000000000   3.2206415779620438E+04   1.7234067874909571E-02
    6400.0000000000000000   3.2359119287268295E+04   1.7222931681128643E-02
    6500.0000000000000000   3.2513450485772886E+04   1.7210225465944955E-02
    6600.0000000000000000   3.2669316932325000E+04   1.7196030786901632E-02
    6700.0000000000000000   3.2826632402438045E+04   1.7180425180709783E-02
    6800.0000000000000000   3.2985316383821701E+04   1.7163482371621134E-02
    6900.0000000000000000   3.3145293618728443E+04   1.7145272468756169E-02
    7000.0000000000000000   3.3306493689445262E+04   1.7125862152925459E-02
    7100.0000000000000000   3.3468850642261968E+04   1.7105314853466863E-02
    7200.0000000000000000   3.3632302645816104E+04   1.7083690915605472E-02
    7300.0000000000000000   3.3796791680206232E+04   1.7061047758825734E-02
    7400.0000000000000000   3.3962263253691730E+04   1.7037440026726650E-02
    7500.0000000000000000   3.4128666144168026E+04   1.7012919728811308E-02
    7600.0000000000000000   3.4295952162928646E+04   1.6987536374642769E-02
    7700.0000000000000000   3.4464075938507151E+04   1.6961337100778771E-02
    7800.0000000000000000   3.4632994718638263E+04   1.6934366790877807E-02
    7900.0000000000000000   3.4802668188593241E+04   1.6906668189350611E-02
    8000.0000000000000000   3.4973058304334016E+04   1.6878282008911699E-02
    8100.0000000000000000   3.5144129139096927E+04   1.6849247032368269E-02
    8200.0000000000000000   3.5315846742164227E+04   1.6819600208964898E-02
    8300.0000000000000000   3.5488179008710285E+04   1.6789376745586983E-02
    8400.0000000000000000   3.5661095559724752E+04   1.6758610193108609E-02
    8500.0000000000000000   3.5834567631115853E+04   1.6727332528154747E-02
    8600.0000000000000000   3.6008567971187142E+04   1.6695574230534208E-02
    8700.0000000000000000   3.6183070745761222E+04   1.6663364356583520E-02
    8800.0000000000000000   3.6358051450294515E+04   1.6630730608650373E-02
    8900.0000000000000000   3.6533486828391375E+04   1.6597699400930963E-02
    9000.0000000000000000   3.6709354796181586E+04   1.6564295921864272E-02
    9100.0000000000000000   3.6885634372076544E+04   1.6530544193274533E-02
    9200.0000000000000000   3.7062305611464297E+04   1.6496467126441955E-02
    9300.0000000000000000   3.7239349545944373E+04   1.6462086575272154E-02
    9400.0000000000000000   3.7416748126739549E+04   1.6427423386724010E-02
    9500.0000000000000000   3.7594484171954682E+04   1.6392497448647542E-02
    9600.0000000000000000   3.7772541317381896E+04   1.6357327735173909E-02
    9700.0000000000000000   3.7950903970578220E+04   1.6321932349791742E-02
    9800.0000000000000000   3.8129557267965320E+04   1.6286328566236533E-02
    9900.0000000000000000   3.8308487034722806E+04   1.6250532867312081E-02
   10000.0000000000000000   3.8487679747266346E+04   1.6214560981756453E-02
   11000.0000000000000000   4.0291495153299053E+04   1.5848138183429592E-02
   12000.0000000000000000   4.2110451025864524E+04   1.5476950948533586E-02
   13000.0000000000000000   4.3937833948136984E+04   1.5108449698038536E-02
   14000.0000000000000000   4.5769169295421845E+04   1.4747237929103419E-02
   15000.0000000000000000   4.7601413467281331E+04   1.4396084576219324E-02
   16000.0000000000000000   4.9432466174158522E+04   1.4056565849382530E-02
   17000.0000000000000000   5.1260865005410749E+04   1.3729478737459333E-02
   18000.0000000000000000   5.3085588152195625E+04   1.3415111100331875E-02
   19000.0000000000000000   5.4905923581804382E+04   1.3113420119270086E-02
   20000.0000000000000000   5.6721380286690903E+04   1.2824151273331572E-02
   21000.0000000000000000   5.8531626879534655E+04   1.2546918185104438E-02
   22000.0000000000000000   6.0336448373692598E+04   1.2281256409945056E-02
   23000.0000000000000000   6.2135715304205296E+04   1.2026659694842602E-02
   24000.0000000000000000   6.3929361374703345E+04   1.1782604340944875E-02
   25000.0000000000000000   6.5717367089705527E+04   1.1548565437009085E-02
   26000.0000000000000000   6.7499747649372031E+04   1.1324027509479235E-02
   27000.0000000000000000   6.9276543918962750E+04   1.1108491325460221E-02
   28000.0000000000000000   7.1047815641974288E+04   1.0901478042359811E-02
   29000.0000000000000000   7.2813636307640467E+04   1.0702531530586489E-02
   30000.0000000000000000   7.4574089249734185E+04   1.0511219444556231E-02
