       0.1000000000000000   2.3893436912131794E+01   1.2188174966198042E-03
       0.2000000000000000   2.1007718970223490E+01   2.3837383776221118E-03
       0.3000000000000000   2.0037999597807058E+01   3.5412011456809156E-03
       0.4000000000000000   1.9658488622339810E+01   4.6466143496746168E-03
       0.5000000000000000   1.9460503443988440E+01   5.7390192578642939E-03
       0.6000000000000000   1.9350400398049310E+01   6.8202827602691562E-03
       0.7000000000000000   1.9291798006836739E+01   7.8921299848470818E-03
       0.7999999999999999   1.9264544446075412E+01   8.9557509640448060E-03
       0.8999999999999999   1.9259334321933274E+01   1.0009052146746538E-02
       0.9999999999999999   1.9267260946765816E+01   1.1056424651046818E-02
       2.0000000000000000   1.9601488935035849E+01   2.1201636842004941E-02
       3.0000000000000000   1.9974874133478902E+01   3.0990144467038086E-02
       4.0000000000000000   2.0275462718116533E+01   4.0638723635483168E-02
       5.0000000000000000   2.0496592209804344E+01   5.0290970818424881E-02
       6.0000000000000000   2.0646740769151265E+01   6.0050299366391786E-02
       7.0000000000000000   2.0737256365730531E+01   6.9986334597126096E-02
       8.0000000000000000   2.0777265094800825E+01   8.0154170100578639E-02
       9.0000000000000000   2.0774681438994705E+01   9.0597739285525128E-02
      10.0000000000000000   2.0735738709306172E+01   1.0135572871487269E-01
      11.0000000000000000   2.0665866021732334E+01   1.1246063257409789E-01
      12.0000000000000000   2.0569496087777953E+01   1.2394117960675037E-01
      13.0000000000000000   2.0450535693770579E+01   1.3582281747860059E-01
      14.0000000000000000   2.0311974038439050E+01   1.4813171449391693E-01
      15.0000000000000000   2.0156429431058942E+01   1.6089276248854961E-01
      16.0000000000000000   1.9986231284645402E+01   1.7412908746507957E-01
      17.0000000000000000   1.9803231600290506E+01   1.8786537481592908E-01
      18.0000000000000000   1.9609143030835487E+01   2.0212560041277966E-01
      19.0000000000000000   1.9405358081696338E+01   2.1693439401955528E-01
      20.0000000000000000   1.9193109793569391E+01   2.3231758704274511E-01
      21.0000000000000000   1.8973440372476951E+01   2.4830219157513872E-01
      22.0000000000000000   1.8747297344866773E+01   2.6491570898949013E-01
      23.0000000000000000   1.8515493758029631E+01   2.8218719663713598E-01
      24.0000000000000000   1.8278712430100541E+01   3.0014797483346489E-01
      25.0000000000000000   1.8037564525876878E+01   3.1883089377243606E-01
      26.0000000000000000   1.7792582587028456E+01   3.3827092935167874E-01
      27.0000000000000000   1.7544230169277530E+01   3.5850538063293574E-01
      28.0000000000000000   1.7292917202513269E+01   3.7957400659029439E-01
      29.0000000000000000   1.7038992863331647E+01   4.0151949104925788E-01
      30.0000000000000000   1.6782771589427359E+01   4.2438747913486652E-01
      31.0000000000000000   1.6524519227900448E+01   4.4822706908606041E-01
      32.0000000000000000   1.6264480392186879E+01   4.7309076029414848E-01
      33.0000000000000000   1.6002859538573134E+01   4.9903518549127535E-01
      34.0000000000000000   1.5739842444802882E+01   5.2612115265239712E-01
      35.0000000000000000   1.5475592009163885E+01   5.5441406737426413E-01
      36.0000000000000000   1.5210254185874048E+01   5.8398427672563658E-01
      37.0000000000000000   1.4943960670593745E+01   6.1490744066249636E-01
      38.0000000000000000   1.4676832889353534E+01   6.4726490644524359E-01
      39.0000000000000000   1.4408983064425753E+01   6.8114409694840072E-01
      40.0000000000000000   1.4140519580487918E+01   7.1663884182400706E-01
      41.0000000000000000   1.3871547615221186E+01   7.5384978530945457E-01
      42.0000000000000000   1.3602173170389486E+01   7.9288466380032840E-01
      43.0000000000000000   1.3332506398394171E+01   8.3385857387835050E-01
      44.0000000000000000   1.3062664601155049E+01   8.7689407857645629E-01
      45.0000000000000000   1.2792774590816574E+01   9.2212133416153452E-01
      46.0000000000000000   1.2522977453048686E+01   9.6967786728262018E-01
      47.0000000000000000   1.2253431887313228E+01   1.0197081983288350E+00
      47.9990000000000023   1.1984587035517984E+01   1.0723091034944849E+00
      48.0000000000000000   1.1984318203925163E+01   1.0723631209447808E+00
      48.0009999999999977   1.1984049372967906E+01   1.0724171411753041E+00
      48.9990000000000023   1.1716110700284991E+01   1.1277416962390301E+00
      49.0000000000000000   1.1715842619414492E+01   1.1277985734405194E+00
      49.0009999999999977   1.1715574539415487E+01   1.1278554535818666E+00
      50.0000000000000000   1.1448241499478621E+01   1.1861739884163767E+00
      51.0000000000000000   1.1181785593287461E+01   1.2476500182799402E+00
      52.0000000000000000   1.0916784520812618E+01   1.3123854976876634E+00
      53.0000000000000000   1.0653590268939539E+01   1.3805335509596934E+00
      54.0000000000000000   1.0392600289848156E+01   1.4522367507289680E+00
      55.0000000000000000   1.0134259081970132E+01   1.5276213093632665E+00
      56.0000000000000000   9.8790583776462562E+00   1.6067903489198572E+00
      57.0000000000000000   9.6275352996949923E+00   1.6898161477989417E+00
      58.0000000000000000   9.3802656887745197E+00   1.7767325844251007E+00
      59.0000000000000000   9.1378565078117671E+00   1.8675269671302384E+00
      60.0000000000000000   8.9009346772025228E+00   1.9621324802116111E+00
      61.0000000000000000   8.6701298528355490E+00   2.0604228234828068E+00
      62.0000000000000000   8.4460576044622169E+00   2.1622081765489183E+00
      63.0000000000000000   8.2292994451359700E+00   2.2672344744785877E+00
      64.0000000000000000   8.0203828784009996E+00   2.3751859321719615E+00
      65.0000000000000000   7.8197631580817601E+00   2.4856910175667362E+00
      66.0000000000000000   7.6278081572934511E+00   2.5983315895096721E+00
      67.0000000000000000   7.4447877683672052E+00   2.7126545317417659E+00
      68.0000000000000000   7.2708686090056807E+00   2.8281849334908480E+00
      69.0000000000000000   7.1061141473711915E+00   2.9444397401336997E+00
      70.0000000000000000   6.9504897767188805E+00   3.0609408360615715E+00
      71.0000000000000000   6.8038718934659315E+00   3.1772267064294506E+00
      72.0000000000000000   6.6660597810329314E+00   3.2928620861923803E+00
      73.0000000000000000   6.5367890221587492E+00   3.4074453001848806E+00
      74.0000000000000000   6.4157453168370981E+00   3.5206132577300733E+00
      75.0000000000000000   6.3025777546727415E+00   3.6320442914162405E+00
      76.0000000000000000   6.1969111326815955E+00   3.7414589992181422E+00
      77.0000000000000000   6.0983563376107766E+00   3.8486197970793707E+00
      78.0000000000000000   6.0065194299619344E+00   3.9533290896007980E+00
      79.0000000000000000   5.9210088164605166E+00   4.0554267525875520E+00
      79.9989999999999952   5.8415175926183860E+00   4.1546891262214958E+00
      80.0000000000000000   5.8414408682144288E+00   4.1547870853535471E+00
      80.0010000000000048   5.8413641493803992E+00   4.1548850416513590E+00
      81.0000000000000000   5.7674441155328715E+00   4.2513154987324242E+00
      82.0000000000000000   5.6986622310779538E+00   4.3449451259979801E+00
      83.0000000000000000   5.6347559962472182E+00   4.4356334934322952E+00
      84.0000000000000000   5.5754044539787095E+00   4.5233593455424064E+00
      85.0000000000000000   5.5203054328849941E+00   4.6081196842195125E+00
      86.0000000000000000   5.4691755780552880E+00   4.6899270561192230E+00
      87.0000000000000000   5.4217500222586335E+00   4.7688071056622601E+00
      88.0000000000000000   5.3777818170903267E+00   4.8447963724356109E+00
      89.0000000000000000   5.3370411505909789E+00   4.9179403776395780E+00
      90.0000000000000000   5.2993144906596417E+00   4.9882919125420555E+00
      91.0000000000000000   5.2644036514337760E+00   5.0559095644389664E+00
      92.0000000000000000   5.2321248338708104E+00   5.1208564385172277E+00
      93.0000000000000000   5.2023076686251093E+00   5.1831990588473822E+00
      94.0000000000000000   5.1747942794323567E+00   5.2430064287646001E+00
      95.0000000000000000   5.1494383801262664E+00   5.3003492319740984E+00
      96.0000000000000000   5.1261044141391867E+00   5.3552991571113608E+00
      97.0000000000000000   5.1046667415735776E+00   5.4079283300241645E+00
      98.0000000000000000   5.0850088757780547E+00   5.4583088396723438E+00
      99.0000000000000000   5.0670227748583878E+00   5.5065123446613216E+00
     100.0000000000000000   5.0506081753071905E+00   5.5526097501183171E+00
     110.0000000000000000   4.9553071124232924E+00   5.9124119667155268E+00
     120.0000000000000000   4.9462183029849296E+00   6.1284962870012532E+00
     130.0000000000000000   4.9891014530234266E+00   6.2454303259669262E+00
     140.0000000000000000   5.0651651267518849E+00   6.2940382946900142E+00
     150.0000000000000000   5.1633930735649143E+00   6.2954240643968777E+00
     160.0000000000000000   5.2769618259833049E+00   6.2641104757300772E+00
     170.0000000000000000   5.4014488134419629E+00   6.2101910315285780E+00
     180.0000000000000000   5.5338780099952611E+00   6.1407569927226131E+00
     190.0000000000000000   5.6711668803919908E+00   6.0644692451454896E+00
     200.0000000000000000   5.8068843204402656E+00   6.0020759970789221E+00
     210.0000000000000000   5.9600862082581445E+00   5.8932216089516380E+00
     220.0000000000000000   6.1061322845213191E+00   5.8103924391403288E+00
     230.0000000000000000   6.2529472661480892E+00   5.7297206725126184E+00
     240.0000000000000000   6.4068018642159341E+00   5.6323759470890931E+00
     250.0000000000000000   6.5604932969075733E+00   5.5393094377801395E+00
     260.0000000000000000   6.7139830155316034E+00   5.4502775906549221E+00
     270.0000000000000000   6.8672432511219350E+00   5.3650457160685150E+00
     280.0000000000000000   7.0257530209167705E+00   5.2677594366473572E+00
     290.0000000000000000   7.1782765397425399E+00   5.1901562123779392E+00
     300.0000000000000000   7.3356741746377567E+00   5.1013165222573704E+00
     310.0000000000000000   7.4874633736780289E+00   5.0303611119704215E+00
     320.0000000000000000   7.6437913388627603E+00   4.9488849234222201E+00
     330.0000000000000000   7.7995404206254237E+00   4.8709797631627074E+00
     340.0000000000000000   7.9547279679299185E+00   4.7964065679166188E+00
     350.0000000000000000   8.1093711740415131E+00   4.7249471148247322E+00
     360.0000000000000000   8.2634869221311984E+00   4.6564018853464848E+00
     370.0000000000000000   8.4213585892855338E+00   4.5794365631510914E+00
     380.0000000000000000   8.5743581416574308E+00   4.5165416032612473E+00
     390.0000000000000000   8.7268811765587628E+00   4.4560367957809728E+00
     400.0000000000000000   8.8829402857540583E+00   4.3876136433293773E+00
     410.0000000000000000   9.0344509848006904E+00   4.3317807082745627E+00
     420.0000000000000000   9.1893750078403169E+00   4.2683305401209761E+00
     430.0000000000000000   9.3437316610283947E+00   4.2072803607612004E+00
     440.0000000000000000   9.4937929665622587E+00   4.1576020788835208E+00
     450.0000000000000000   9.6471133300212237E+00   4.1007159514178850E+00
     460.0000000000000000   9.7999136036272088E+00   4.0458536019302249E+00
     470.0000000000000000   9.9522084765915810E+00   3.9929042377122981E+00
     480.0000000000000000   1.0100508338571073E+01   3.9500030144914504E+00
     490.0000000000000000   1.0251881307496120E+01   3.9003883952865870E+00
     500.0000000000000000   1.0402789025878999E+01   3.8524082281733900E+00
     510.0000000000000000   1.0553243937864341E+01   3.8059795575349966E+00
     520.0000000000000000   1.0703257979176200E+01   3.7610250895389301E+00
     530.0000000000000000   1.0856113157019854E+01   3.7101150397788740E+00
     540.0000000000000000   1.1005234013925413E+01   3.6680528279067430E+00
     550.0000000000000000   1.1153947542363543E+01   3.6272561340797806E+00
     560.0000000000000000   1.1302263943884407E+01   3.5876661609637104E+00
     570.0000000000000000   1.1450193040160419E+01   3.5492277417142204E+00
     579.9990000000000236   1.1597728946343805E+01   3.5118940593237236E+00
     580.0000000000000000   1.1597744296087345E+01   3.5118890506353626E+00
     580.0009999999999764   1.1597759645826969E+01   3.5118840419622126E+00
     588.9990000000000236   1.1732643346358964E+01   3.4739649321619450E+00
     589.0009999999999764   1.1732673969895776E+01   3.4739551624348324E+00
     590.0000000000000000   1.1747968460543779E+01   3.4690825932677787E+00
     600.0000000000000000   1.1894747295261945E+01   3.4339254869175186E+00
     610.0000000000000000   1.2041174831616265E+01   3.3997265989412755E+00
     620.0000000000000000   1.2190207949476996E+01   3.3602766881005661E+00
     630.0000000000000000   1.2335914851731594E+01   3.3279867671790315E+00
     640.0000000000000000   1.2484191442420951E+01   3.2905831834590513E+00
     650.0000000000000000   1.2629209254762729E+01   3.2600435743511951E+00
     660.0000000000000000   1.2773914142588415E+01   3.2302752347639982E+00
     670.0000000000000000   1.2921117921887051E+01   3.1955923091021092E+00
     680.0000000000000000   1.3065176978787727E+01   3.1673709605525966E+00
     690.0000000000000000   1.3211697267431951E+01   3.1343598019300769E+00
     700.0000000000000000   1.3357883387621085E+01   3.1021742264366718E+00
     701.9990000000000236   1.3384866479663581E+01   3.1001406737333048E+00
     702.0009999999999764   1.3384896218033695E+01   3.1001332633455836E+00
     710.0000000000000000   1.3500999628356968E+01   3.0761020557380925E+00
     720.0000000000000000   1.3646541015974146E+01   3.0454027824807075E+00
     730.0000000000000000   1.3789074053917943E+01   3.0205996452840136E+00
     740.0000000000000000   1.3933993800773662E+01   2.9912813556481441E+00
     750.0000000000000000   1.4078607101463863E+01   2.9626515714207615E+00
     760.0000000000000000   1.4220286411660247E+01   2.9396220726715536E+00
     770.0000000000000000   1.4364311602301079E+01   2.9122290145043248E+00
     780.0000000000000000   1.4508043531156627E+01   2.8854596430057144E+00
     790.0000000000000000   1.4648917434696608E+01   2.8640169834219922E+00
     800.0000000000000000   1.4792092554504290E+01   2.8383585578203561E+00
     810.0000000000000000   1.4934988338667374E+01   2.8132643244884261E+00
     820.0000000000000000   1.5077609190916368E+01   2.7887155100787662E+00
     830.0000000000000000   1.5217465426016618E+01   2.7691603878156985E+00
     840.0000000000000000   1.5359567152085571E+01   2.7455791986106224E+00
     850.0000000000000000   1.5501406465010021E+01   2.7224938609326412E+00
     860.0000000000000000   1.5642988548938767E+01   2.6998864931908964E+00
     870.0000000000000000   1.5784319516299060E+01   2.6777381763119430E+00
     880.0000000000000000   1.5925404067101397E+01   2.6560330285178635E+00
     890.0000000000000000   1.6063838872367072E+01   2.6389046639028999E+00
     900.0000000000000000   1.6204446365644511E+01   2.6180062935087065E+00
     910.0000000000000000   1.6344815758912780E+01   2.5975170191716814E+00
     920.0000000000000000   1.6484951627045334E+01   2.5774227020188336E+00
     930.0000000000000000   1.6624857976901403E+01   2.5577105673951257E+00
     940.0000000000000000   1.6764538092156933E+01   2.5383694076190793E+00
     950.0000000000000000   1.6903994841283978E+01   2.5193890167314219E+00
     960.0000000000000000   1.7043230974871687E+01   2.5007596611074558E+00
     970.0000000000000000   1.7182249264445442E+01   2.4824718368756433E+00
     980.0000000000000000   1.7321052516943343E+01   2.4645162356086230E+00
     990.0000000000000000   1.7459643562717321E+01   2.4468837554571286E+00
    1000.0000000000000000   1.7598025236774280E+01   2.4295655239330989E+00
    1100.0000000000000000   1.8970917535224011E+01   2.2719159498267247E+00
    1200.0000000000000000   2.0327678258660789E+01   2.1348873279223524E+00
    1300.0000000000000000   2.1670046833112622E+01   2.0141512729846629E+00
    1400.0000000000000000   2.2999441767971668E+01   1.9065563895441096E+00
    1500.0000000000000000   2.4315247541913440E+01   1.8120211321492223E+00
    1600.0000000000000000   2.5618600717690601E+01   1.7283013822488382E+00
    1700.0000000000000000   2.6912327321960941E+01   1.6514626015972189E+00
    1800.0000000000000000   2.8197173145313933E+01   1.5804608372178435E+00
    1900.0000000000000000   2.9470322373323572E+01   1.5182444871881691E+00
    2000.0000000000000000   3.0735942905014941E+01   1.4599605977245036E+00
    2100.0000000000000000   3.1992863837896760E+01   1.4068109242455893E+00
    2200.0000000000000000   3.3241597806634473E+01   1.3581522551597978E+00
    2300.0000000000000000   3.4484196725256254E+01   1.3119008326801540E+00
    2400.0000000000000000   3.5719576771327510E+01   1.2691484387989891E+00
    2500.0000000000000000   3.6947963899461186E+01   1.2296287415989617E+00
    2600.0000000000000000   3.8169820105764970E+01   1.1929040201226779E+00
    2700.0000000000000000   3.9385501885532662E+01   1.1586512523893406E+00
    2800.0000000000000000   4.0595051107663153E+01   1.1268152669377243E+00
    2900.0000000000000000   4.1800639858207830E+01   1.0956036857385654E+00
    3000.0000000000000000   4.2999043363095225E+01   1.0677175452275638E+00
    3100.0000000000000000   4.4193835917097182E+01   1.0402366803487619E+00
    3200.0000000000000000   4.5383752022903060E+01   1.0142669201911916E+00
    3300.0000000000000000   4.6568704799195181E+01   9.8985742978646918E-01
    3400.0000000000000000   4.7748915380652306E+01   9.6685845755740518E-01
    3500.0000000000000000   4.8924828278501913E+01   9.4497649390592664E-01
    3600.0000000000000000   5.0096277789332184E+01   9.2433432780691460E-01
    3700.0000000000000000   5.1263315386282933E+01   9.0489263210374449E-01
    3800.0000000000000000   5.2428457895114832E+01   8.8499655504249342E-01
    3900.0000000000000000   5.3587839290755802E+01   8.6729144316633011E-01
    4000.0000000000000000   5.4743244711342257E+01   8.5054050109399315E-01
    4100.0000000000000000   5.5896543776489004E+01   8.3355857230346575E-01
    4200.0000000000000000   5.7045234602181417E+01   8.1805243964934593E-01
    4300.0000000000000000   5.8191834398917280E+01   8.0235543220549188E-01
    4400.0000000000000000   5.9334313662031242E+01   7.8778227417270230E-01
    4500.0000000000000000   6.0474583063833634E+01   7.7322454326825218E-01
    4600.0000000000000000   6.1609462538889581E+01   7.6058056362273330E-01
    4700.0000000000000000   6.2743679945973255E+01   7.4707856780056980E-01
    4800.0000000000000000   6.3873602488408267E+01   7.3477919275671533E-01
    4900.0000000000000000   6.5000765152404341E+01   7.2287796555779382E-01
    5000.0000000000000000   6.6125698946926491E+01   7.1111994163549863E-01
    5100.0000000000000000   6.7247776085952125E+01   6.9984374633426538E-01
    5200.0000000000000000   6.8366928027607216E+01   6.8908722842221071E-01
    5300.0000000000000000   6.9483668823888777E+01   6.7859970954179771E-01
    5400.0000000000000000   7.0598872477730666E+01   6.6797594221960099E-01
    5500.0000000000000000   7.1710504269190920E+01   6.5822511243146009E-01
    5600.0000000000000000   7.2819625902190353E+01   6.4875065514542740E-01
    5700.0000000000000000   7.3928039516060380E+01   6.3884758742806780E-01
    5800.0000000000000000   7.5031322714360954E+01   6.3059514685030982E-01
    5900.0000000000000000   7.6134511676447730E+01   6.2158621150777327E-01
    5994.9989999999997963   7.7179105238499460E+01   6.1380680191400749E-01
    5995.0010000000002037   7.7179126828781108E+01   6.1380681740627085E-01
    6000.0000000000000000   7.7233832588641164E+01   6.1351059775246863E-01
    6100.0000000000000000   7.8332981278663212E+01   6.0481552989009479E-01
    6200.0000000000000000   7.9428540042774131E+01   5.9704358250790956E-01
    6300.0000000000000000   8.0521513849935744E+01   5.8966844791284412E-01
    6400.0000000000000000   8.1612961405974971E+01   5.8229158102396839E-01
    6500.0000000000000000   8.2703884372972425E+01   5.7445887211966362E-01
    6600.0000000000000000   8.3791837322558521E+01   5.6731116126342473E-01
    6700.0000000000000000   8.4877874992889957E+01   5.6025712880600287E-01
    6800.0000000000000000   8.5961821598149896E+01   5.5356323901095339E-01
    6900.0000000000000000   8.7043754521052307E+01   5.4700380417323002E-01
    7000.0000000000000000   8.8123497368915466E+01   5.4085754882585402E-01
    7100.0000000000000000   8.9201356776756242E+01   5.3476523664676789E-01
    7200.0000000000000000   9.0276913478269563E+01   5.2919751937705517E-01
    7300.0000000000000000   9.1354427358425426E+01   5.2213921987170331E-01
    7400.0000000000000000   9.2427943661894943E+01   5.1631500175261169E-01
    7500.0000000000000000   9.3497816019961320E+01   5.1124209509002372E-01
    7600.0000000000000000   9.4567184424263814E+01   5.0588995673147363E-01
    7700.0000000000000000   9.5637756669371541E+01   4.9965966203838463E-01
    7800.0000000000000000   9.6701862695660765E+01   4.9527032784630792E-01
    7900.0000000000000000   9.7769577624726537E+01   4.8915865807066167E-01
    8000.0000000000000000   9.8832070990676513E+01   4.8452205480285837E-01
    8100.0000000000000000   9.9893296532701171E+01   4.7978181398833486E-01
    8200.0000000000000000   1.0095378577624354E+02   4.7497859102536100E-01
    8300.0000000000000000   1.0201487010955987E+02   4.6955008458480496E-01
    8400.0000000000000000   1.0306979308008614E+02   4.6579293361726681E-01
    8500.0000000000000000   1.0412733368830742E+02   4.6069578219807217E-01
    8600.0000000000000000   1.0517933841812615E+02   4.5723102986332675E-01
    8700.0000000000000000   1.0623413003253125E+02   4.5242221121925313E-01
    8800.0000000000000000   1.0728778607783406E+02   4.4754373328237268E-01
    8900.0000000000000000   1.0833677036698144E+02   4.4378775203697213E-01
    9000.0000000000000000   1.0938405810085568E+02   4.4028723196567748E-01
    9100.0000000000000000   1.1043395301670434E+02   4.3562392573780395E-01
    9200.0000000000000000   1.1148099802232993E+02   4.3157925422424026E-01
    9300.0000000000000000   1.1252753014028960E+02   4.2733225912827683E-01
    9400.0000000000000000   1.1356907062767665E+02   4.2434541889792637E-01
    9500.0000000000000000   1.1460927753897526E+02   4.2145951242370322E-01
    9600.0000000000000000   1.1565143623097082E+02   4.1753412789772143E-01
    9700.0000000000000000   1.1669273298241912E+02   4.1355544527765159E-01
    9800.0000000000000000   1.1773225563730070E+02   4.0984635874843856E-01
    9900.0000000000000000   1.1877012262421161E+02   4.0636465462687898E-01
   10000.0000000000000000   1.1980670281516750E+02   4.0298692546919479E-01
   11000.0000000000000000   1.3011207737334007E+02   3.7182772575925410E-01
   12000.0000000000000000   1.4030942745223868E+02   3.4633471156279655E-01
   13000.0000000000000000   1.5041701484266892E+02   3.2364903729648870E-01
   14000.0000000000000000   1.6043647736346534E+02   3.0415861403602529E-01
   15000.0000000000000000   1.7037933138099922E+02   2.8701699333220698E-01
   16000.0000000000000000   1.8025029125712857E+02   2.7189226648048004E-01
   17000.0000000000000000   1.9005325394693540E+02   2.5851765484474709E-01
   18000.0000000000000000   1.9979054603517372E+02   2.4735492036723258E-01
   19000.0000000000000000   2.0948909360170001E+02   2.3471235633579499E-01
   20000.0000000000000000   2.1911482796146271E+02   2.2508180275061160E-01
   21000.0000000000000000   2.2868674490460421E+02   2.1747708444914446E-01
   22000.0000000000000000   2.3823377257114592E+02   2.0749495483720101E-01
   23000.0000000000000000   2.4772574126073624E+02   1.9935064293273727E-01
   24000.0000000000000000   2.5716623767493081E+02   1.9315682280894361E-01
   25000.0000000000000000   2.6656267834723127E+02   1.8686053145299422E-01
   26000.0000000000000000   2.7592675531160324E+02   1.8107812640316234E-01
   27000.0000000000000000   2.8526617255842473E+02   1.7411664966514742E-01
   28000.0000000000000000   2.9456080331291935E+02   1.7016779161232559E-01
   29000.0000000000000000   3.0381236478141636E+02   1.6502016640515166E-01
   30000.0000000000000000   3.1306019372824039E+02   1.5871565997340406E-01
   31000.0000000000000000   3.2223663818371858E+02   1.5513293083994587E-01
   32000.0000000000000000   3.3141831131584962E+02   1.5035972920300428E-01
   33000.0000000000000000   3.4055543148535673E+02   1.4761461042586879E-01
   34000.0000000000000000   3.4966738914877919E+02   1.4387158311370071E-01
   35000.0000000000000000   3.5876343975132511E+02   1.3890431335844514E-01
   36000.0000000000000000   3.6780357553865406E+02   1.3697014590892800E-01
   37000.0000000000000000   3.7681949162971785E+02   1.3419930118395901E-01
   38000.0000000000000000   3.8583513189524569E+02   1.3011548403242137E-01
   39000.0000000000000000   3.9485668614141190E+02   1.2607158990890507E-01
   40000.0000000000000000   4.0378958726702774E+02   1.2398744353727684E-01
   41000.0000000000000000   4.1275554349518472E+02   1.2079025965830195E-01
   42000.0000000000000000   4.2163934727735602E+02   1.1960626040430015E-01
   43000.0000000000000000   4.3057921769866454E+02   1.1605620625393619E-01
   44000.0000000000000000   4.3941330846657996E+02   1.1472102495336366E-01
   45000.0000000000000000   4.4827995772612894E+02   1.1271848085767247E-01
   46000.0000000000000000   4.5715684379771153E+02   1.0921783521697163E-01
   47000.0000000000000000   4.6597166710051829E+02   1.0760065846106408E-01
   48000.0000000000000000   4.7473986112812923E+02   1.0664653037813830E-01
   49000.0000000000000000   4.8351378259276692E+02   1.0433849745327288E-01
   50000.0000000000000000   4.9228680747178498E+02   1.0173318046676762E-01
