       0.1000000000000000   4.5335101504750263E+01   6.4284401260608637E-04
       0.2000000000000000   3.9750943527558327E+01   1.2621979235836621E-03
       0.3000000000000000   3.7812098144779178E+01   1.8826442504051046E-03
       0.4000000000000000   3.6996832458586042E+01   2.4801126958995225E-03
       0.5000000000000000   3.6526897749769020E+01   3.0752905645323588E-03
       0.6000000000000000   3.6224239355540817E+01   3.6690898230973593E-03
       0.7000000000000000   3.6019442634298400E+01   4.2623779047648493E-03
       0.7999999999999999   3.5874167767262271E+01   4.8557381792517316E-03
       0.8999999999999999   3.5770817175370091E+01   5.4479661161339820E-03
       0.9999999999999999   3.5692311277341737E+01   6.0414080553857340E-03
       2.0000000000000000   3.5393790160752189E+01   1.2031216498278192E-02
       3.0000000000000000   3.5184982002361863E+01   1.8231833781868052E-02
       4.0000000000000000   3.4867685575200937E+01   2.4743045418580863E-02
       5.0000000000000000   3.4439732270574709E+01   3.1633128401981001E-02
       6.0000000000000000   3.3923762892380608E+01   3.8953274308806081E-02
       7.0000000000000000   3.3345121002508087E+01   4.6737205442074416E-02
       8.0000000000000000   3.2723262976613441E+01   5.5011437523033002E-02
       9.0000000000000000   3.2073828276040643E+01   6.3796351008749266E-02
      10.0000000000000000   3.1408317873231919E+01   7.3109621231590968E-02
      11.0000000000000000   3.0735867321266820E+01   8.2965345551408720E-02
      12.0000000000000000   3.0063242463500707E+01   9.3375140731348033E-02
      13.0000000000000000   2.9395730347458979E+01   1.0434896763556521E-01
      14.0000000000000000   2.8736741719484222E+01   1.1589778189383769E-01
      15.0000000000000000   2.8088792280656513E+01   1.2803240747585762E-01
      16.0000000000000000   2.7453748555358377E+01   1.4076297607780316E-01
      17.0000000000000000   2.6832618295160877E+01   1.5410172551479115E-01
      18.0000000000000000   2.6226110154944102E+01   1.6806125171978831E-01
      19.0000000000000000   2.5634471095415009E+01   1.8265557382043865E-01
      20.0000000000000000   2.5057697592929504E+01   1.9790073016028656E-01
      21.0000000000000000   2.4495559827936123E+01   2.1381472571349927E-01
      22.0000000000000000   2.3947749114221381E+01   2.3041693172076713E-01
      23.0000000000000000   2.3413833838789714E+01   2.4772897360333318E-01
      24.0000000000000000   2.2893278695815827E+01   2.6577543169132178E-01
      25.0000000000000000   2.2385530362860095E+01   2.8458310407710796E-01
      26.0000000000000000   2.1890010141513805E+01   3.0418152891355826E-01
      27.0000000000000000   2.1406129199786296E+01   3.2460314397310391E-01
      28.0000000000000000   2.0933306797365319E+01   3.4588338675932501E-01
      29.0000000000000000   2.0470961230812328E+01   3.6806108176541186E-01
      30.0000000000000000   2.0018536583469988E+01   3.9117847270381079E-01
      31.0000000000000000   1.9575486685337200E+01   4.1528163840554216E-01
      32.0000000000000000   1.9141301284122200E+01   4.4042043793225555E-01
      33.0000000000000000   1.8715482868104935E+01   4.6664917024631308E-01
      34.0000000000000000   1.8297565887193130E+01   4.9402660782634805E-01
      35.0000000000000000   1.7887110102426153E+01   5.2261637711828635E-01
      36.0000000000000000   1.7483703173518578E+01   5.5248727870854264E-01
      37.0000000000000000   1.7086960484449381E+01   5.8371363145711930E-01
      38.0000000000000000   1.6696526058447226E+01   6.1637562435154103E-01
      39.0000000000000000   1.6312071342263106E+01   6.5055968193630798E-01
      40.0000000000000000   1.5933297844447017E+01   6.8635878275653484E-01
      41.0000000000000000   1.5559935212306343E+01   7.2387284202726376E-01
      42.0000000000000000   1.5191743220276198E+01   7.6320897888080119E-01
      43.0000000000000000   1.4828512760083612E+01   8.0448177199034543E-01
      44.0000000000000000   1.4470067380789020E+01   8.4781335312269557E-01
      45.0000000000000000   1.4116263304187310E+01   8.9333352028259094E-01
      46.0000000000000000   1.3766992802797782E+01   9.4117950926692995E-01
      47.0000000000000000   1.3422185934562217E+01   9.9149560707156992E-01
      47.9990000000000023   1.3082151289606738E+01   1.0443781277212454E+00
      48.0000000000000000   1.3081813132504369E+01   1.0444324250841961E+00
      48.0009999999999977   1.3081474979845892E+01   1.0444867252233609E+00
      48.9990000000000023   1.2746221769935975E+01   1.1000886102962968E+00
      49.0000000000000000   1.2745888082522725E+01   1.1001457633450258E+00
      49.0009999999999977   1.2745554399612972E+01   1.1002029193295009E+00
      50.0000000000000000   1.2414470728843980E+01   1.1587949550920535E+00
      51.0000000000000000   1.2087670236832746E+01   1.2205405858898855E+00
      52.0000000000000000   1.1765648179905140E+01   1.2855414529496012E+00
      53.0000000000000000   1.1448620850781371E+01   1.3539506680892706E+00
      54.0000000000000000   1.1136861004226574E+01   1.4259108127756295E+00
      55.0000000000000000   1.0830698063338781E+01   1.5015481259129921E+00
      56.0000000000000000   1.0530516815558826E+01   1.5809657720344612E+00
      57.0000000000000000   1.0236754114856808E+01   1.6642360834386658E+00
      58.0000000000000000   9.9498903112549506E+00   1.7513930019554003E+00
      59.0000000000000000   9.6704400551955310E+00   1.8424239060727741E+00
      60.0000000000000000   9.3989394442382999E+00   1.9372620557831286E+00
      61.0000000000000000   9.1359269766591709E+00   2.0357812279406762E+00
      62.0000000000000000   8.8819253647049603E+00   2.1377916798338563E+00
      63.0000000000000000   8.6374203347151575E+00   2.2430394230344595E+00
      64.0000000000000000   8.4028399384352195E+00   2.3512087460761957E+00
      65.0000000000000000   8.1785359981156702E+00   2.4619281869335445E+00
      66.0000000000000000   7.9647691967309084E+00   2.5747796703035970E+00
      67.0000000000000000   7.7616991670150162E+00   2.6893101414557550E+00
      68.0000000000000000   7.5693802699480850E+00   2.8050447470972930E+00
      69.0000000000000000   7.3877630569446291E+00   2.9215004864408405E+00
      70.0000000000000000   7.2167008044009942E+00   3.0381992949616818E+00
      71.0000000000000000   7.0559600281343950E+00   3.1546797066567027E+00
      72.0000000000000000   6.9052336725109615E+00   3.2705065040095458E+00
      73.0000000000000000   6.7641556189365142E+00   3.3852780587153726E+00
      74.0000000000000000   6.6323153454867159E+00   3.4986313268604183E+00
      75.0000000000000000   6.5092717752411025E+00   3.6102446880490437E+00
      76.0000000000000000   6.3945659289131465E+00   3.7198387881486394E+00
      77.0000000000000000   6.2877314090426388E+00   3.8271760915310797E+00
      78.0000000000000000   6.1883034233861851E+00   3.9320590521543139E+00
      79.0000000000000000   6.0958257521419688E+00   4.0343275959886000E+00
      79.9989999999999952   6.0099389263603644E+00   4.1337579472954271E+00
      80.0000000000000000   6.0098560644623662E+00   4.1338560732222076E+00
      80.0010000000000048   6.0097732086460365E+00   4.1339541963120618E+00
      81.0000000000000000   5.9299697482597011E+00   4.2305499461297620E+00
      82.0000000000000000   5.8557624894630047E+00   4.3243423998093169E+00
      83.0000000000000000   5.7868518236912632E+00   4.4151910126354776E+00
      84.0000000000000000   5.7228778754560992E+00   4.5030745811978106E+00
      85.0000000000000000   5.6635034792046479E+00   4.5879901593541490E+00
      86.0000000000000000   5.6084138305093560E+00   4.6699503454327731E+00
      87.0000000000000000   5.5573158007060854E+00   4.7489808350867175E+00
      88.0000000000000000   5.5099370438139124E+00   4.8251182185831691E+00
      89.0000000000000000   5.4660249106854186E+00   4.8984080671277992E+00
      90.0000000000000000   5.4253453251092276E+00   4.9689032212154292E+00
      91.0000000000000000   5.3876816038086037E+00   5.0366623165342119E+00
      92.0000000000000000   5.3528332781039101E+00   5.1017485057605390E+00
      93.0000000000000000   5.3206149406199970E+00   5.1642283595040412E+00
      94.0000000000000000   5.2908551336651444E+00   5.2241709266530254E+00
      95.0000000000000000   5.2633952904735448E+00   5.2816469354547531E+00
      96.0000000000000000   5.2380887361680468E+00   5.3367281180596393E+00
      97.0000000000000000   5.2147997517810749E+00   5.3894866427950348E+00
      98.0000000000000000   5.1934027018023379E+00   5.4399946400440298E+00
      99.0000000000000000   5.1737812277606672E+00   5.4883238088605193E+00
     100.0000000000000000   5.1558274973862916E+00   5.5345450937363534E+00
     110.0000000000000000   5.0491666410755638E+00   5.8954959254824226E+00
     120.0000000000000000   5.0334468965060344E+00   6.1125868345719079E+00
     130.0000000000000000   5.0723321761185005E+00   6.2304110199555032E+00
     140.0000000000000000   5.1459890443506788E+00   6.2798124612823969E+00
     150.0000000000000000   5.2428338522483209E+00   6.2819105171806227E+00
     160.0000000000000000   5.3557110667350480E+00   6.2512403314205542E+00
     170.0000000000000000   5.4799922269130930E+00   6.1979053066757865E+00
     180.0000000000000000   5.6125675175625229E+00   6.1290047631552174E+00
     190.0000000000000000   5.7502506725916769E+00   6.0531964262730575E+00
     200.0000000000000000   5.8864721136227187E+00   5.9911978364674274E+00
     210.0000000000000000   6.0407219301576811E+00   5.8827083322190887E+00
     220.0000000000000000   6.1876706640408887E+00   5.8002176420479685E+00
     230.0000000000000000   6.3354550106872063E+00   5.7198608223460976E+00
     240.0000000000000000   6.4905047310516730E+00   5.6228099737409902E+00
     250.0000000000000000   6.6454198766058390E+00   5.5300183957513491E+00
     260.0000000000000000   6.8001577925975152E+00   5.4412443776583821E+00
     270.0000000000000000   6.9546873429268485E+00   5.3562548371650411E+00
     280.0000000000000000   7.1146246930480350E+00   5.2591968053083438E+00
     290.0000000000000000   7.2684452050587200E+00   5.1818089817052098E+00
     300.0000000000000000   7.4272833055917111E+00   5.0931729410109217E+00
     310.0000000000000000   7.5803907818231044E+00   5.0224104011195587E+00
     320.0000000000000000   7.7381679165986093E+00   4.9411171697921734E+00
     330.0000000000000000   7.8953675236595835E+00   4.8633858273880017E+00
     340.0000000000000000   8.0520065161433969E+00   4.7889780044428383E+00
     350.0000000000000000   8.2081017278949027E+00   4.7176761020983822E+00
     360.0000000000000000   8.3636697449393882E+00   4.6492811646657985E+00
     370.0000000000000000   8.5230973917141224E+00   4.5724593849096120E+00
     380.0000000000000000   8.6775459747903341E+00   4.5097016795305382E+00
     390.0000000000000000   8.8315177967153335E+00   4.4493282583495537E+00
     400.0000000000000000   8.9891214263460846E+00   4.3810310064556441E+00
     410.0000000000000000   9.1420772123445033E+00   4.3253188355285204E+00
     420.0000000000000000   9.2985376651643268E+00   4.2619846147832483E+00
     430.0000000000000000   9.4544260457050289E+00   4.2010458593273263E+00
     440.0000000000000000   9.6059254675432371E+00   4.1514747472888223E+00
     450.0000000000000000   9.7607698127181948E+00   4.0946917836509220E+00
     460.0000000000000000   9.9150896077216046E+00   4.0399288207512702E+00
     470.0000000000000000   1.0068899635990753E+01   3.9870752772307574E+00
     480.0000000000000000   1.0218627940284337E+01   3.9442665043893479E+00
     490.0000000000000000   1.0371508904754210E+01   3.8947411465042339E+00
     500.0000000000000000   1.0523920512863505E+01   3.8468472198959485E+00
     510.0000000000000000   1.0675875301117246E+01   3.8005019253395553E+00
     520.0000000000000000   1.0827385295861939E+01   3.7556281145792423E+00
     530.0000000000000000   1.0981808754893247E+01   3.7047961388996642E+00
     540.0000000000000000   1.1132416786300386E+01   3.6628095445927742E+00
     550.0000000000000000   1.1282613847396632E+01   3.6220861301558451E+00
     560.0000000000000000   1.1432410223213392E+01   3.5825672089712279E+00
     570.0000000000000000   1.1581815817116262E+01   3.5441977178991255E+00
     579.9990000000000236   1.1730824662941918E+01   3.5069309305850451E+00
     580.0000000000000000   1.1730840173983310E+01   3.5069259284886281E+00
     580.0009999999999764   1.1730855685020771E+01   3.5069209264073988E+00
     588.9990000000000236   1.1867118117559647E+01   3.4690603579942296E+00
     589.0009999999999764   1.1867149062809643E+01   3.4690506011097524E+00
     590.0000000000000000   1.1882604227299138E+01   3.4641844375669875E+00
     600.0000000000000000   1.2030848482957895E+01   3.4290904482230329E+00
     610.0000000000000000   1.2178738282133635E+01   3.3949529085058425E+00
     620.0000000000000000   1.2329298241867221E+01   3.3555626531551672E+00
     630.0000000000000000   1.2476460236566268E+01   3.3233307665619929E+00
     640.0000000000000000   1.2626255285196956E+01   3.2859836635586221E+00
     650.0000000000000000   1.2772721337868186E+01   3.2554990453346284E+00
     660.0000000000000000   1.2918871665934304E+01   3.2257842670692538E+00
     670.0000000000000000   1.3067582091118620E+01   3.1911535301701623E+00
     680.0000000000000000   1.3213080171944535E+01   3.1629830517807460E+00
     690.0000000000000000   1.3361099509263623E+01   3.1300214958284598E+00
     700.0000000000000000   1.3508780902782311E+01   3.0978843039717407E+00
     701.9990000000000236   1.3536012482775208E+01   3.0958602810435050E+00
     702.0009999999999764   1.3536042532118460E+01   3.0958528801669756E+00
     710.0000000000000000   1.3653326483157775E+01   3.0718593438483954E+00
     720.0000000000000000   1.3800355979185277E+01   3.0412061517517057E+00
     730.0000000000000000   1.3944312584508880E+01   3.0164480077696343E+00
     740.0000000000000000   1.4090713523950788E+01   2.9871736628282055E+00
     750.0000000000000000   1.4236804533092373E+01   2.9585868122839298E+00
     760.0000000000000000   1.4379898686594405E+01   2.9355992719147856E+00
     770.0000000000000000   1.4525395052917057E+01   2.9082472308403129E+00
     780.0000000000000000   1.4670594795511045E+01   2.8815179675704807E+00
     790.0000000000000000   1.4812875358158017E+01   2.8601145382756772E+00
     800.0000000000000000   1.4957512125506568E+01   2.8344944945346642E+00
     810.0000000000000000   1.5101866349921782E+01   2.8094378228146581E+00
     820.0000000000000000   1.5245942484925569E+01   2.7849257766910132E+00
     830.0000000000000000   1.5387194945410794E+01   2.7654066551241336E+00
     840.0000000000000000   1.5530746231586514E+01   2.7418607236401864E+00
     850.0000000000000000   1.5674032087769751E+01   2.7188099242627874E+00
     860.0000000000000000   1.5817057770681215E+01   2.6962363979524784E+00
     870.0000000000000000   1.5959829487180711E+01   2.6741212472375167E+00
     880.0000000000000000   1.6102352001139913E+01   2.6524486110420171E+00
     890.0000000000000000   1.6242168283136696E+01   2.6353521233094748E+00
     900.0000000000000000   1.6384208439250703E+01   2.6144850141219309E+00
     910.0000000000000000   1.6526007777331778E+01   2.5940264035885732E+00
     920.0000000000000000   1.6667570937480019E+01   2.5739621703803106E+00
     930.0000000000000000   1.6808901979995962E+01   2.5542795566935097E+00
     940.0000000000000000   1.6950004226764147E+01   2.5349673710398033E+00
     950.0000000000000000   1.7090880576096882E+01   2.5160154230269316E+00
     960.0000000000000000   1.7231533806654873E+01   2.4974139940014028E+00
     970.0000000000000000   1.7371966719322156E+01   2.4791535944956382E+00
     980.0000000000000000   1.7512182151968158E+01   2.4612249299458790E+00
     990.0000000000000000   1.7652182967148196E+01   2.4436189118515066E+00
    1000.0000000000000000   1.7791972032897110E+01   2.4263266805820893E+00
    1100.0000000000000000   1.9178814481428031E+01   2.2689142292765880E+00
    1200.0000000000000000   2.0549365322800863E+01   2.1320877812531926E+00
    1300.0000000000000000   2.1905381067231513E+01   2.0115263405065242E+00
    1400.0000000000000000   2.3248294106023938E+01   1.9040839292607701E+00
    1500.0000000000000000   2.4577461536424696E+01   1.8096830693774288E+00
    1600.0000000000000000   2.5894033072437232E+01   1.7260827583749436E+00
    1700.0000000000000000   2.7200885929724233E+01   1.6493508876287686E+00
    1800.0000000000000000   2.8498773248229945E+01   1.5784454279137781E+00
    1900.0000000000000000   2.9784811263526446E+01   1.5163163213324431E+00
    2000.0000000000000000   3.1063251004832907E+01   1.4581118684022327E+00
    2100.0000000000000000   3.2332890698944020E+01   1.4050348545527569E+00
    2200.0000000000000000   3.3594248927519267E+01   1.3564429222893459E+00
    2300.0000000000000000   3.4849416837715658E+01   1.3102530283173153E+00
    2400.0000000000000000   3.6097283393815935E+01   1.2675575571429252E+00
    2500.0000000000000000   3.7338075726742204E+01   1.2280906886662162E+00
    2600.0000000000000000   3.8572262355268435E+01   1.1914151396313726E+00
    2700.0000000000000000   3.9800204331804999E+01   1.1572082646959823E+00
    2800.0000000000000000   4.1021941673565628E+01   1.1254152183476196E+00
    2900.0000000000000000   4.2239689842123063E+01   1.0942439061334563E+00
    3000.0000000000000000   4.3450153611486968E+01   1.0663956124162890E+00
    3100.0000000000000000   4.4656980582235725E+01   1.0389503898934915E+00
    3200.0000000000000000   4.5858876543930059E+01   1.0130142597247838E+00
    3300.0000000000000000   4.7055750955228774E+01   9.8863655703771536E-01
    3400.0000000000000000   4.8247827907777200E+01   9.6566768145642368E-01
    3500.0000000000000000   4.9435559665284664E+01   9.4381425826299792E-01
    3600.0000000000000000   5.0618775561296239E+01   9.2319919715307364E-01
    3700.0000000000000000   5.1797526771389549E+01   9.0378327935659231E-01
    3800.0000000000000000   5.2974381521494031E+01   8.8391175072048012E-01
    3900.0000000000000000   5.4145391594355409E+01   8.6623004592271402E-01
    4000.0000000000000000   5.5312378383908751E+01   8.4950144938030236E-01
    4100.0000000000000000   5.6477249484710129E+01   8.3254087700365920E-01
    4200.0000000000000000   5.7637449704825819E+01   8.1705517755139434E-01
    4300.0000000000000000   5.8795547836322584E+01   8.0137774019807262E-01
    4400.0000000000000000   5.9949471103324520E+01   7.8682334407194654E-01
    4500.0000000000000000   6.1101169142278692E+01   7.7228361719376781E-01
    4600.0000000000000000   6.2247394827149833E+01   7.5965692985400790E-01
    4700.0000000000000000   6.3392973678019104E+01   7.4617155705476357E-01
    4800.0000000000000000   6.4534196533472226E+01   7.3388817483717239E-01
    4900.0000000000000000   6.5672629615527242E+01   7.2200234632960048E-01
    5000.0000000000000000   6.6808814280151012E+01   7.1025916029031422E-01
    5100.0000000000000000   6.7942109045463752E+01   6.9899727291167768E-01
    5200.0000000000000000   6.9072443335318056E+01   6.8825456155912657E-01
    5300.0000000000000000   7.0200341279364366E+01   6.7778037442500771E-01
    5400.0000000000000000   7.1326694423649414E+01   6.6716948871978843E-01
    5500.0000000000000000   7.2449425329074117E+01   6.5743111339959359E-01
    5600.0000000000000000   7.3569617196812942E+01   6.4796870485477487E-01
    5700.0000000000000000   7.4689108967245602E+01   6.3807730014707342E-01
    5800.0000000000000000   7.5803386238778216E+01   6.2983615553328842E-01
    5900.0000000000000000   7.6917588942072527E+01   6.2083816659188085E-01
    5994.9989999999997963   7.7972594227018888E+01   6.1306884711905774E-01
    5995.0010000000002037   7.7972616028399429E+01   6.1306886282067519E-01
    6000.0000000000000000   7.8027864767511076E+01   6.1277316605070475E-01
    6100.0000000000000000   7.9137985514080583E+01   6.0408839357124022E-01
    6200.0000000000000000   8.0244462441264332E+01   5.9632643815528308E-01
    6300.0000000000000000   8.1348320906699655E+01   5.8896100565464804E-01
    6400.0000000000000000   8.2450641094151479E+01   5.8159356372875248E-01
    6500.0000000000000000   8.3552444946885018E+01   5.7377001465110811E-01
    6600.0000000000000000   8.4651236229508626E+01   5.6663120978924719E-01
    6700.0000000000000000   8.5748091101348535E+01   5.5958584015631152E-01
    6800.0000000000000000   8.6842829825477722E+01   5.5290038008184395E-01
    6900.0000000000000000   8.7935531064578626E+01   5.4634915137182338E-01
    7000.0000000000000000   8.9026014490038492E+01   5.4021088755335589E-01
    7100.0000000000000000   9.0114592757678523E+01   5.3412636081644727E-01
    7200.0000000000000000   9.1200837688889067E+01   5.2856623096433475E-01
    7300.0000000000000000   9.2289096512413593E+01   5.2151532849381443E-01
    7400.0000000000000000   9.3373291697272194E+01   5.1569832427550211E-01
    7500.0000000000000000   9.4453783926803780E+01   5.1063245526041234E-01
    7600.0000000000000000   9.5533777495052391E+01   5.0528718483213797E-01
    7700.0000000000000000   9.6615015006691323E+01   4.9906359456492999E-01
    7800.0000000000000000   9.7689668608257264E+01   4.9468080720382979E-01
    7900.0000000000000000   9.8768020105625794E+01   4.8857553228883499E-01
    8000.0000000000000000   9.9841057490193720E+01   4.8394517726812497E-01
    8100.0000000000000000   1.0091281546499714E+02   4.7921104319196417E-01
    8200.0000000000000000   1.0198383623910044E+02   4.7441379032626091E-01
    8300.0000000000000000   1.0305547828012037E+02   4.6899112198605653E-01
    8400.0000000000000000   1.0412084639623951E+02   4.6523968155543238E-01
    8500.0000000000000000   1.0518889938465250E+02   4.6014811734440830E-01
    8600.0000000000000000   1.0625131642106869E+02   4.5668883293610252E-01
    8700.0000000000000000   1.0731659062097255E+02   4.5188536680642410E-01
    8800.0000000000000000   1.0838071896184258E+02   4.4701212967394049E-01
    8900.0000000000000000   1.0944009268253927E+02   4.4326128106639201E-01
    9000.0000000000000000   1.1049774775785022E+02   4.3976578885972933E-01
    9100.0000000000000000   1.1155807582365492E+02   4.3510740897439504E-01
    9200.0000000000000000   1.1261550793087393E+02   4.3106756539763047E-01
    9300.0000000000000000   1.1367242876237768E+02   4.2682530282127301E-01
    9400.0000000000000000   1.1472426783034545E+02   4.2384310256060792E-01
    9500.0000000000000000   1.1577475787184900E+02   4.2096174625828447E-01
    9600.0000000000000000   1.1682725123842866E+02   4.1704082474917908E-01
    9700.0000000000000000   1.1787887652760492E+02   4.1306652052977327E-01
    9800.0000000000000000   1.1892870280355139E+02   4.0936173022496880E-01
    9900.0000000000000000   1.1997685078319664E+02   4.0588424249746918E-01
   10000.0000000000000000   1.2102369674187811E+02   4.0251065215987225E-01
   11000.0000000000000000   1.3143107517575629E+02   3.7138901432821242E-01
   12000.0000000000000000   1.4172919973010545E+02   3.4592775946369431E-01
   13000.0000000000000000   1.5193660812203353E+02   3.2326931330937653E-01
   14000.0000000000000000   1.6205489204978656E+02   3.0380250903400896E-01
   15000.0000000000000000   1.7209573497714908E+02   2.8668158384570025E-01
   16000.0000000000000000   1.8206389000919745E+02   2.7157514985545866E-01
   17000.0000000000000000   1.9196328421169062E+02   2.5821683138167378E-01
   18000.0000000000000000   2.0179624897154838E+02   2.4706870718655097E-01
   19000.0000000000000000   2.1159021638147681E+02   2.3443932321078106E-01
   20000.0000000000000000   2.2131039781341872E+02   2.2482072348805338E-01
   21000.0000000000000000   2.3097614330169344E+02   2.1722689949049936E-01
   22000.0000000000000000   2.4061693677243721E+02   2.0725474209913028E-01
   23000.0000000000000000   2.5020197793735602E+02   1.9911959479301164E-01
   24000.0000000000000000   2.5973490486415335E+02   1.9293422774090321E-01
   25000.0000000000000000   2.6922326410425336E+02   1.8664575922154761E-01
   26000.0000000000000000   2.7867896477193642E+02   1.8087061602148435E-01
   27000.0000000000000000   2.8810984899068256E+02   1.7391589951426459E-01
   28000.0000000000000000   2.9749537186807771E+02   1.6997335127193078E-01
   29000.0000000000000000   3.0683727182838800E+02   1.6483162985060534E-01
   30000.0000000000000000   3.1617566027944895E+02   1.5853265987261925E-01
   31000.0000000000000000   3.2544152035296941E+02   1.5495513374266548E-01
   32000.0000000000000000   3.3471298655292770E+02   1.5018683145937076E-01
   33000.0000000000000000   3.4393927202150059E+02   1.4744633470503074E-01
   34000.0000000000000000   3.5314014543546932E+02   1.4370767541922738E-01
   35000.0000000000000000   3.6232503814433380E+02   1.3874454045751680E-01
   36000.0000000000000000   3.7145313603549357E+02   1.3681429310806656E-01
   37000.0000000000000000   3.8055675923606469E+02   1.3404717039650313E-01
   38000.0000000000000000   3.8966032148941440E+02   1.2996689209283002E-01
   39000.0000000000000000   3.9877012857337905E+02   1.2592636709685831E-01
   40000.0000000000000000   4.0778972332186282E+02   1.2384543228088422E-01
   41000.0000000000000000   4.1684323194401992E+02   1.2065131339085583E-01
   42000.0000000000000000   4.2581314767996480E+02   1.1947024255318056E-01
   43000.0000000000000000   4.3484043466074718E+02   1.1592298934368113E-01
   44000.0000000000000000   4.4376002186953707E+02   1.1459048980771909E-01
   45000.0000000000000000   4.5271299396452923E+02   1.1259051588774840E-01
   46000.0000000000000000   4.6167658008678040E+02   1.0909233578454804E-01
   47000.0000000000000000   4.7057703953112218E+02   1.0747752630768713E-01
   48000.0000000000000000   4.7943010889078590E+02   1.0652567311198294E-01
   49000.0000000000000000   4.8828918074220400E+02   1.0421982808687073E-01
   50000.0000000000000000   4.9714749532191121E+02   1.0161661699964490E-01
