       0.1000000000000000   2.1864304413287996E+01   1.3318735311555509E-03
       0.2000000000000000   1.9245214489317256E+01   2.6016830162936835E-03
       0.3000000000000000   1.8376099898261224E+01   3.8604993974989577E-03
       0.4000000000000000   1.8045789772130632E+01   5.0600322254649392E-03
       0.5000000000000000   1.7880537683971973E+01   6.2431335430405592E-03
       0.6000000000000000   1.7794922678135325E+01   7.4120492350243598E-03
       0.7000000000000000   1.7755673434553263E+01   8.5688356951572654E-03
       0.7999999999999999   1.7744430767198967E+01   9.7149379584475955E-03
       0.8999999999999999   1.7752691703556913E+01   1.0848373782767016E-02
       0.9999999999999999   1.7772392974006216E+01   1.1973876022539482E-02
       2.0000000000000000   1.8176521661696324E+01   2.2818809667090038E-02
       3.0000000000000000   1.8581906821240320E+01   3.3227026260322923E-02
       4.0000000000000000   1.8897692481568306E+01   4.3472452899577060E-02
       5.0000000000000000   1.9125030631786736E+01   5.3728967549585553E-02
       6.0000000000000000   1.9276205900178329E+01   6.4117686662405332E-02
       7.0000000000000000   1.9364345954155990E+01   7.4720849809049791E-02
       8.0000000000000000   1.9399765843108259E+01   8.5603179054651327E-02
       9.0000000000000000   1.9391031022984102E+01   9.6816936145074597E-02
      10.0000000000000000   1.9344855217186726E+01   1.0840819835376936E-01
      11.0000000000000000   1.9266898685289529E+01   1.2041694875980823E-01
      12.0000000000000000   1.9161756164752845E+01   1.3287959075589903E-01
      13.0000000000000000   1.9033364401355751E+01   1.4582990661588882E-01
      14.0000000000000000   1.8884806610797181E+01   1.5930243556015197E-01
      15.0000000000000000   1.8718734724278391E+01   1.7333117806179535E-01
      16.0000000000000000   1.8537459825553473E+01   1.8794943228191491E-01
      17.0000000000000000   1.8342855161259614E+01   2.0319258110380492E-01
      18.0000000000000000   1.8136600847586568E+01   2.1909653237953378E-01
      19.0000000000000000   1.7920086339276821E+01   2.3569894950544010E-01
      20.0000000000000000   1.7694525539425111E+01   2.5303987019290980E-01
      21.0000000000000000   1.7460950696205867E+01   2.7116187806481429E-01
      22.0000000000000000   1.7220282482604272E+01   2.9010979957523259E-01
      23.0000000000000000   1.6973312446049693E+01   3.0993173118957151E-01
      24.0000000000000000   1.6720712829489329E+01   3.3067982368758708E-01
      25.0000000000000000   1.6463079125465249E+01   3.5240998375448590E-01
      26.0000000000000000   1.6200930555119626E+01   3.7518260824902583E-01
      27.0000000000000000   1.5934720539607495E+01   3.9906304086659883E-01
      28.0000000000000000   1.5664849910112899E+01   4.2412200941816214E-01
      29.0000000000000000   1.5391666471578116E+01   4.5043632579996046E-01
      30.0000000000000000   1.5115483673831417E+01   4.7808930176282327E-01
      31.0000000000000000   1.4836575962516577E+01   5.0717151388493287E-01
      32.0000000000000000   1.4555197688656863E+01   5.3778119452169304E-01
      33.0000000000000000   1.4271575497347815E+01   5.7002519808629504E-01
      34.0000000000000000   1.3985923813654152E+01   6.0401946385543037E-01
      35.0000000000000000   1.3698445929884285E+01   6.3988972964827495E-01
      36.0000000000000000   1.3409340972667518E+01   6.7777213707878314E-01
      37.0000000000000000   1.3118809380171088E+01   7.1781376345787118E-01
      38.0000000000000000   1.2827059453807061E+01   7.6017300770447049E-01
      39.0000000000000000   1.2534312839395794E+01   8.0501976232202521E-01
      40.0000000000000000   1.2240812790158776E+01   8.5253522212500932E-01
      41.0000000000000000   1.1946830472559695E+01   9.0291129412239590E-01
      41.9990000000000023   1.1652967752365331E+01   9.5629426549764085E-01
      42.0000000000000000   1.1652673621810878E+01   9.5634930190715717E-01
      42.0009999999999977   1.1652379491430377E+01   9.5640434158687582E-01
      43.0000000000000000   1.1358695221944023E+01   1.0130578729054351E+00
      44.0000000000000000   1.1065302271889895E+01   1.0732496742011906E+00
      44.9990000000000023   1.0773255676393109E+01   1.1370710795736476E+00
      45.0000000000000000   1.0772964038577001E+01   1.1371368819347212E+00
      45.0009999999999977   1.0772672402349405E+01   1.1372026881978146E+00
      46.0000000000000000   1.0482220803414767E+01   1.2049248887918498E+00
      47.0000000000000000   1.0193690273752729E+01   1.2768042088264837E+00
      48.0000000000000000   9.9080716033549496E+00   1.3529403930604300E+00
      49.0000000000000000   9.6261454597192593E+00   1.4334620747593168E+00
      50.0000000000000000   9.3487684971955112E+00   1.5184475496307592E+00
      51.0000000000000000   9.0768608935576012E+00   1.6079107130391355E+00
      52.0000000000000000   8.8113861916289373E+00   1.7017875936816085E+00
      53.0000000000000000   8.5533229267539568E+00   1.7999251249130739E+00
      54.0000000000000000   8.3036296467762654E+00   1.9020739477249196E+00
      55.0000000000000000   8.0632056398214029E+00   2.0078868897233049E+00
      56.0000000000000000   7.8328514973297612E+00   2.1169241817103051E+00
      57.0000000000000000   7.6132339520659853E+00   2.2286653691321261E+00
      58.0000000000000000   7.4048581574694188E+00   2.3425276434906581E+00
      59.0000000000000000   7.2080523103208893E+00   2.4578878355056979E+00
      60.0000000000000000   7.0229646666049943E+00   2.5741060902414654E+00
      61.0000000000000000   6.8495710584798521E+00   2.6905493550629904E+00
      62.0000000000000000   6.6876931621215920E+00   2.8066114833900793E+00
      63.0000000000000000   6.5370223649060373E+00   2.9217295203352824E+00
      64.0000000000000000   6.3971467130350046E+00   3.0353952213139337E+00
      65.0000000000000000   6.2675781046776491E+00   3.1471619421446895E+00
      66.0000000000000000   6.1477775304626530E+00   3.2566474450949841E+00
      67.0000000000000000   6.0371771047308647E+00   3.3635334125131444E+00
      67.9989999999999952   5.9352961556111623E+00   3.4674599980648386E+00
      68.0000000000000000   5.9351982910675387E+00   3.4675625288937035E+00
      68.0010000000000048   5.9351004345694252E+00   3.4676650566606080E+00
      69.0000000000000000   5.8412662481384450E+00   3.5685339372366860E+00
      70.0000000000000000   5.7548205807790822E+00   3.6662977509324728E+00
      71.0000000000000000   5.6753229643067131E+00   3.7607491566932807E+00
      72.0000000000000000   5.6022621847300274E+00   3.8518224964155423E+00
      73.0000000000000000   5.5351571161394455E+00   3.9394855937295850E+00
      74.0000000000000000   5.4735581216137854E+00   4.0237344885961672E+00
      75.0000000000000000   5.4170472672917169E+00   4.1045886838778909E+00
      76.0000000000000000   5.3652378039948418E+00   4.1820868426238347E+00
      77.0000000000000000   5.3177728809144469E+00   4.2562831721134886E+00
      78.0000000000000000   5.2743241008954458E+00   4.3272441493727962E+00
      79.0000000000000000   5.2345897629256370E+00   4.3950457895877229E+00
      80.0000000000000000   5.1982930278495019E+00   4.4597713153526444E+00
      81.0000000000000000   5.1651800648317199E+00   4.5215091956098092E+00
      82.0000000000000000   5.1350182371295912E+00   4.5803515081319777E+00
      83.0000000000000000   5.1075943563590682E+00   4.6363925820892868E+00
      84.0000000000000000   5.0827130307674286E+00   4.6897278815719377E+00
      85.0000000000000000   5.0601951249298507E+00   4.7404530941764769E+00
      86.0000000000000000   5.0398763277150413E+00   4.7886633938738106E+00
      87.0000000000000000   5.0216058327036261E+00   4.8344528532337092E+00
      88.0000000000000000   5.0052451385591112E+00   4.8779139668683467E+00
      89.0000000000000000   4.9906669314561247E+00   4.9191373026719249E+00
      90.0000000000000000   4.9777540881105891E+00   4.9582112144993831E+00
      91.0000000000000000   4.9663987618151717E+00   4.9952216385243862E+00
      92.0000000000000000   4.9565015532280414E+00   5.0302519461419806E+00
      93.0000000000000000   4.9479707594175615E+00   5.0633828453770704E+00
      94.0000000000000000   4.9407216938067871E+00   5.0946923219995073E+00
      95.0000000000000000   4.9346760705063071E+00   5.1242556129499670E+00
      96.0000000000000000   4.9297614471188380E+00   5.1521452058816219E+00
      97.0000000000000000   4.9259107203681456E+00   5.1784308596400068E+00
      98.0000000000000000   4.9230616689955147E+00   5.2031796414019169E+00
      99.0000000000000000   4.9211565420992054E+00   5.2264559766500192E+00
     100.0000000000000000   4.9201416811867018E+00   5.2483217095819938E+00
     110.0000000000000000   4.9494849419422788E+00   5.4013032837984563E+00
     120.0000000000000000   5.0293362397925954E+00   5.4650085825993218E+00
     130.0000000000000000   5.1405076271789332E+00   5.4704410202455609E+00
     140.0000000000000000   5.2720860232090194E+00   5.4377265791048748E+00
     150.0000000000000000   5.4174678105105700E+00   5.3800922235472202E+00
     160.0000000000000000   5.5724531998227524E+00   5.3063551896010432E+00
     170.0000000000000000   5.7333794051303695E+00   5.2271566290015832E+00
     180.0000000000000000   5.8979361223660396E+00   5.1462791336204399E+00
     190.0000000000000000   6.0641053749356528E+00   5.0669379799122831E+00
     200.0000000000000000   6.2382095082908950E+00   4.9722048597173565E+00
     210.0000000000000000   6.4124500844815167E+00   4.8817999530825755E+00
     220.0000000000000000   6.5927772298416585E+00   4.7801486035396206E+00
     230.0000000000000000   6.7666682379983039E+00   4.6986477539729137E+00
     233.9989999999999952   6.8361825930053515E+00   4.6670866838807656E+00
     234.0010000000000048   6.8362230068490462E+00   4.6670568236034189E+00
     236.9989999999999952   6.8911120873064355E+00   4.6367803369008342E+00
     237.0010000000000048   6.8911524138594675E+00   4.6367509746511244E+00
     240.0000000000000000   6.9459809936284040E+00   4.6069886918918304E+00
     250.0000000000000000   7.1246588925430716E+00   4.5201344636558067E+00
     260.0000000000000000   7.3027096167079781E+00   4.4377123548734758E+00
     270.0000000000000000   7.4801447561491488E+00   4.3593849598925916E+00
     280.0000000000000000   7.6569783692326983E+00   4.2848469165218752E+00
     290.0000000000000000   7.8378355674460529E+00   4.2028896193199285E+00
     300.0000000000000000   8.0178429799833779E+00   4.1250713476998149E+00
     310.0000000000000000   8.1926382288832329E+00   4.0611851912460528E+00
     320.0000000000000000   8.3711425106830166E+00   3.9903512426628338E+00
     330.0000000000000000   8.5488846687451634E+00   3.9228164736911548E+00
     340.0000000000000000   8.7258926291032761E+00   3.8583453188319550E+00
     350.0000000000000000   8.9021931230367528E+00   3.7967243949566125E+00
     360.0000000000000000   9.0778116715987665E+00   3.7377599791376173E+00
     370.0000000000000000   9.2527726047036118E+00   3.6812757887936889E+00
     380.0000000000000000   9.4308095697929897E+00   3.6191612210232900E+00
     390.0000000000000000   9.6044348716569061E+00   3.5674106499322411E+00
     398.9990000000000236   9.7626822143242205E+00   3.5173168271522703E+00
     399.0009999999999764   9.7627189219796247E+00   3.5173025572349701E+00
     400.0000000000000000   9.7810509936500711E+00   3.5101902640307592E+00
     410.0000000000000000   9.9534311806307638E+00   3.4625848074478509E+00
     415.9990000000000236   1.0059362899076918E+01   3.4291564715088043E+00
     416.0009999999999764   1.0059399341286257E+01   3.4291430715187943E+00
     420.0000000000000000   1.0128716114636568E+01   3.4096727818482653E+00
     430.0000000000000000   1.0299933190174004E+01   3.3657189115254655E+00
     440.0000000000000000   1.0473968457027263E+01   3.3166212552041627E+00
     450.0000000000000000   1.0647386916591062E+01   3.2693526999741311E+00
     460.0000000000000000   1.0820206518567884E+01   3.2238088985221460E+00
     470.0000000000000000   1.0989234679829366E+01   3.1861309872892725E+00
     480.0000000000000000   1.1160947399768499E+01   3.1436088006407399E+00
     490.0000000000000000   1.1332110526280154E+01   3.1025490098284996E+00
     500.0000000000000000   1.1502739249393024E+01   3.0628742089846672E+00
     510.0000000000000000   1.1672848037565744E+01   3.0245126075380222E+00
     510.9989999999999668   1.1690420090828635E+01   3.0196154452023660E+00
     511.0009999999999195   1.1690455264716112E+01   3.0196056583560886E+00
     520.0000000000000000   1.1842450700929295E+01   2.9873974869827324E+00
     530.0000000000000000   1.2011560476796971E+01   2.9514666721906018E+00
     540.0000000000000000   1.2180190069511699E+01   2.9166621243442172E+00
     550.0000000000000000   1.2351249036112931E+01   2.8777004876314298E+00
     560.0000000000000000   1.2518916559269565E+01   2.8450938622489326E+00
     570.0000000000000000   1.2686139556775025E+01   2.8134567343458379E+00
     580.0000000000000000   1.2852928853875431E+01   2.7827447368434877E+00
     590.0000000000000000   1.3022073114020669E+01   2.7480800693062979E+00
     600.0000000000000000   1.3187987610974931E+01   2.7191882498569879E+00
     610.0000000000000000   1.3353499206608523E+01   2.6911000607297195E+00
     620.0000000000000000   1.3521317078403735E+01   2.6591995921231493E+00
     630.0000000000000000   1.3686011338315273E+01   2.6327028092794991E+00
     640.0000000000000000   1.3850329841735885E+01   2.6069092522839874E+00
     650.0000000000000000   1.4016902626263549E+01   2.5774391974221542E+00
     660.0000000000000000   1.4180455763734297E+01   2.5530450869169381E+00
     670.0000000000000000   1.4346237914201881E+01   2.5250582059064737E+00
     680.0000000000000000   1.4509058928264325E+01   2.5019488729641060E+00
     690.0000000000000000   1.4674079920801123E+01   2.4753322400724849E+00
     700.0000000000000000   1.4836198840144734E+01   2.4534067989107800E+00
     710.0000000000000000   1.5000487884504860E+01   2.4280565814340811E+00
     720.0000000000000000   1.5164413484482409E+01   2.4033393373529468E+00
     730.0000000000000000   1.5325516955379721E+01   2.3830478633968926E+00
     740.0000000000000000   1.5488750360680617E+01   2.3594596433049837E+00
     750.0000000000000000   1.5649218082298832E+01   2.3401420773748671E+00
     760.0000000000000000   1.5811785471646672E+01   2.3176010309062254E+00
     770.0000000000000000   1.5974023517082058E+01   2.2955828726694709E+00
     780.0000000000000000   1.6133565316218959E+01   2.2776227057859075E+00
     790.0000000000000000   1.6295169495083407E+01   2.2565480335588757E+00
     800.0000000000000000   1.6456462386303965E+01   2.2359418440007874E+00
     810.0000000000000000   1.6617452904715659E+01   2.2157825446322854E+00
     820.0000000000000000   1.6775817816187811E+01   2.1994449211931624E+00
     830.0000000000000000   1.6936209828998170E+01   2.1801162099984994E+00
     840.0000000000000000   1.7096313087968749E+01   2.1611928817446220E+00
     850.0000000000000000   1.7256131234110736E+01   2.1426630127357589E+00
     860.0000000000000000   1.7415665420658918E+01   2.1245185516631508E+00
     870.0000000000000000   1.7574917165296867E+01   2.1067511448700675E+00
     880.0000000000000000   1.7731639910022583E+01   2.0924939910190021E+00
     890.0000000000000000   1.7890354564752247E+01   2.0753998274386749E+00
     900.0000000000000000   1.8048803550862409E+01   2.0586436542086233E+00
     910.0000000000000000   1.8206989286221333E+01   2.0422172015111570E+00
     920.0000000000000000   1.8364914393321143E+01   2.0261121358209033E+00
     930.0000000000000000   1.8522581882820759E+01   2.0103198292709297E+00
     940.0000000000000000   1.8679995335857612E+01   1.9948311328055564E+00
     950.0000000000000000   1.8837158744234731E+01   1.9796365987096591E+00
     960.0000000000000000   1.8994076237496458E+01   1.9647268476236388E+00
     970.0000000000000000   1.9150751834472562E+01   1.9500928948374388E+00
     980.0000000000000000   1.9307189262503556E+01   1.9357263717448965E+00
     990.0000000000000000   1.9463391902811821E+01   1.9216195727287624E+00
    1000.0000000000000000   1.9619362859597413E+01   1.9077653422694527E+00
    1100.0000000000000000   2.1166955295412571E+01   1.7817274773230554E+00
    1200.0000000000000000   2.2696241076859017E+01   1.6724851553668432E+00
    1300.0000000000000000   2.4209202250862148E+01   1.5764723731482522E+00
    1400.0000000000000000   2.5707513026196690E+01   1.4910389069325340E+00
    1500.0000000000000000   2.7190711414250725E+01   1.4160884233550959E+00
    1600.0000000000000000   2.8660106903398532E+01   1.3497622530384346E+00
    1700.0000000000000000   3.0118528176631241E+01   1.2890115005623783E+00
    1800.0000000000000000   3.1565148321404472E+01   1.2344951671548086E+00
    1900.0000000000000000   3.3002409314986366E+01   1.1838786263397807E+00
    2000.0000000000000000   3.4429298557292412E+01   1.1380275622761729E+00
    2100.0000000000000000   3.5846646055105857E+01   1.0961585458101106E+00
    2200.0000000000000000   3.7255093677660227E+01   1.0577099516831117E+00
    2300.0000000000000000   3.8656306462449649E+01   1.0213692048214007E+00
    2400.0000000000000000   4.0049622364702728E+01   9.8771201191621205E-01
    2500.0000000000000000   4.1433624374956942E+01   9.5774655829215183E-01
    2526.9989999999997963   4.1806443740339660E+01   9.4973762820981811E-01
    2527.0010000000002037   4.1806471409061508E+01   9.4973699120111876E-01
    2600.0000000000000000   4.2811909051538322E+01   9.2885316845458887E-01
    2631.9989999999997963   4.3251821992887812E+01   9.1979786271997299E-01
    2632.0010000000002037   4.3251849651574972E+01   9.1979717738186917E-01
    2700.0000000000000000   4.4184820254686933E+01   9.0089391010301800E-01
    2800.0000000000000000   4.5549310265517043E+01   8.7598078287224768E-01
    2871.9989999999997963   4.6527781220098930E+01   8.5908153956374200E-01
    2872.0010000000002037   4.6527808504951899E+01   8.5908098847304282E-01
    2900.0000000000000000   4.6909194268418851E+01   8.5157353809778036E-01
    3000.0000000000000000   4.8261498424747764E+01   8.2966334259710439E-01
    3100.0000000000000000   4.9609764169105006E+01   8.0799882046701499E-01
    3200.0000000000000000   5.0951988875321213E+01   7.8786696245605692E-01
    3300.0000000000000000   5.2289480345535530E+01   7.6853500518379669E-01
    3400.0000000000000000   5.3621486736111173E+01   7.5045181699233887E-01
    3500.0000000000000000   5.4948353109747742E+01   7.3343672375256186E-01
    3600.0000000000000000   5.6269938440456073E+01   7.1757004380121769E-01
    3700.0000000000000000   5.7588036573807884E+01   7.0193824011105566E-01
    3800.0000000000000000   5.8900580532176171E+01   6.8761952177291397E-01
    3900.0000000000000000   6.0211337739706195E+01   6.7270520590605309E-01
    4000.0000000000000000   6.1516028596276037E+01   6.5945305585252689E-01
    4100.0000000000000000   6.2818102206793249E+01   6.4605192708765546E-01
    4200.0000000000000000   6.4114408280070762E+01   6.3419572831297988E-01
    4300.0000000000000000   6.5407906523701968E+01   6.2231205146479263E-01
    4400.0000000000000000   6.6698399214598155E+01   6.1064644352566166E-01
    4500.0000000000000000   6.7984419337986736E+01   5.9990205998297030E-01
    4600.0000000000000000   6.9267017852075455E+01   5.8950437390572041E-01
    4700.0000000000000000   7.0547124560820038E+01   5.7916014570692553E-01
    4800.0000000000000000   7.1824623253502082E+01   5.6888929189665816E-01
    4900.0000000000000000   7.3097950095870914E+01   5.5939748649403209E-01
    5000.0000000000000000   7.4367660217307701E+01   5.5046735013174952E-01
    5100.0000000000000000   7.5634699002248311E+01   5.4171287803352364E-01
    5200.0000000000000000   7.6899264345076176E+01   5.3306785729728667E-01
    5300.0000000000000000   7.8160708309998029E+01   5.2480527622424356E-01
    5400.0000000000000000   7.9418256613108667E+01   5.1723754074251227E-01
    5500.0000000000000000   8.0672330733451432E+01   5.1017616956051337E-01
    5600.0000000000000000   8.1926862646678160E+01   5.0215973641067990E-01
    5700.0000000000000000   8.3177305559079457E+01   4.9491601568635696E-01
    5800.0000000000000000   8.4425109340069454E+01   4.8793529098102206E-01
    5900.0000000000000000   8.5670047300129681E+01   4.8132187786555841E-01
    6000.0000000000000000   8.6913346061257968E+01   4.7455365996383581E-01
    6100.0000000000000000   8.8151938078183477E+01   4.6873165085421470E-01
    6200.0000000000000000   8.9391267642459979E+01   4.6212795177931365E-01
    6300.0000000000000000   9.0628167844239044E+01   4.5568609220333794E-01
    6400.0000000000000000   9.1861360821428477E+01   4.4983530850480236E-01
    6500.0000000000000000   9.3090271633045631E+01   4.4496121707298963E-01
    6600.0000000000000000   9.4318903616133596E+01   4.3947939456832180E-01
    6700.0000000000000000   9.5544907211402688E+01   4.3434619169236299E-01
    6800.0000000000000000   9.6770208390257878E+01   4.2889886175396119E-01
    6900.0000000000000000   9.7992154191245859E+01   4.2394708207945447E-01
    7000.0000000000000000   9.9214682406465087E+01   4.1837627444030145E-01
    7100.0000000000000000   1.0043480321581571E+02   4.1293048488398881E-01
    7200.0000000000000000   1.0165149964445820E+02   4.0825608022376775E-01
    7300.0000000000000000   1.0286496746163360E+02   4.0393517468606782E-01
    7400.0000000000000000   1.0407532078662636E+02   4.0018732235976762E-01
    7500.0000000000000000   1.0528890998923181E+02   3.9493235558645062E-01
    7600.0000000000000000   1.0649748574704856E+02   3.9070124510813925E-01
    7700.0000000000000000   1.0770270856093551E+02   3.8719601834674255E-01
    7800.0000000000000000   1.0891151999764547E+02   3.8199444728146525E-01
    7900.0000000000000000   1.1011355100968258E+02   3.7842787737869088E-01
    8000.0000000000000000   1.1131549160374927E+02   3.7457185492741191E-01
    8100.0000000000000000   1.1251551582539275E+02   3.7076691250610033E-01
    8200.0000000000000000   1.1371357892031604E+02   3.6701731239011159E-01
    8300.0000000000000000   1.1491118866652513E+02   3.6325412364759785E-01
    8400.0000000000000000   1.1610830621070036E+02   3.5918309002887483E-01
    8500.0000000000000000   1.1729695790206819E+02   3.5697384545269023E-01
    8600.0000000000000000   1.1849152634916049E+02   3.5275703068568037E-01
    8700.0000000000000000   1.1968300521567528E+02   3.4911625110922506E-01
    8800.0000000000000000   1.2086946957241949E+02   3.4659655637963155E-01
    8900.0000000000000000   1.2205899897693270E+02   3.4281086318080045E-01
    9000.0000000000000000   1.2324609696881413E+02   3.3925146376122156E-01
    9100.0000000000000000   1.2442782291457046E+02   3.3674409655329091E-01
    9200.0000000000000000   1.2560789666612345E+02   3.3442840954214331E-01
    9300.0000000000000000   1.2679241136142764E+02   3.3069559434771212E-01
    9400.0000000000000000   1.2797326609825734E+02   3.2766532241419644E-01
    9500.0000000000000000   1.2915338152341209E+02   3.2448273703911945E-01
    9600.0000000000000000   1.3033221537972463E+02   3.2128929649374582E-01
    9700.0000000000000000   1.3150761727235485E+02   3.1863924709726149E-01
    9800.0000000000000000   1.3268042500968963E+02   3.1634026867284371E-01
    9900.0000000000000000   1.3385188915684827E+02   3.1408306306259459E-01
   10000.0000000000000000   1.3502270302442329E+02   3.1170191871228264E-01
   11000.0000000000000000   1.4667391209247680E+02   2.8761444632939009E-01
   12000.0000000000000000   1.5821181750426274E+02   2.6656561165098347E-01
   13000.0000000000000000   1.6963797050823010E+02   2.4945998535059971E-01
   14000.0000000000000000   1.8097642615193411E+02   2.3395360124438386E-01
   15000.0000000000000000   1.9222248095882304E+02   2.2069809288047720E-01
   16000.0000000000000000   2.0339206872226083E+02   2.0907066875649402E-01
   17000.0000000000000000   2.1447667636808131E+02   1.9970857796652614E-01
   18000.0000000000000000   2.2550823716387038E+02   1.8960914293902092E-01
   19000.0000000000000000   2.3646681188626837E+02   1.8074696370408633E-01
   20000.0000000000000000   2.4737336593735492E+02   1.7295479955754395E-01
   20005.9989999999997963   2.4744088186597025E+02   1.7258810414966921E-01
   20006.0010000000002037   2.4744090413693283E+02   1.7258801377929872E-01
   21000.0000000000000000   2.5821379918840120E+02   1.6660734575976793E-01
   22000.0000000000000000   2.6900511216335929E+02   1.5948553697964293E-01
   23000.0000000000000000   2.7974168673279485E+02   1.5342686901033994E-01
   24000.0000000000000000   2.9043713601057743E+02   1.4816282664185074E-01
   25000.0000000000000000   3.0108843624710818E+02   1.4324279992678485E-01
   26000.0000000000000000   3.1169322344467457E+02   1.3867754297665039E-01
   27000.0000000000000000   3.2224731405459653E+02   1.3483993759911220E-01
   28000.0000000000000000   3.3276613236847538E+02   1.2988197718460151E-01
   29000.0000000000000000   3.4326422338475163E+02   1.2628187664440385E-01
   30000.0000000000000000   3.5370721405859979E+02   1.2212980208404005E-01
   31000.0000000000000000   3.6414065277037651E+02   1.1862034389818800E-01
   32000.0000000000000000   3.7451164280918721E+02   1.1538872675039803E-01
   33000.0000000000000000   3.8483616266891801E+02   1.1332302281195550E-01
   34000.0000000000000000   3.9515008060774966E+02   1.1053868913138717E-01
   35000.0000000000000000   4.0545176723051355E+02   1.0673926128002555E-01
   36000.0000000000000000   4.1570152685750156E+02   1.0579928277138496E-01
   37000.0000000000000000   4.2595503781359201E+02   1.0300064790294633E-01
   38000.0000000000000000   4.3617786239693379E+02   9.9127204440083064E-02
   39000.0000000000000000   4.4630042379727973E+02   9.8668343396796379E-02
   40000.0000000000000000   4.5651009321892332E+02   9.5237694466176137E-02
   41000.0000000000000000   4.6658962450342636E+02   9.4468503523909647E-02
   42000.0000000000000000   4.7672136455797727E+02   9.2974242486168951E-02
   43000.0000000000000000   4.8677310819684755E+02   8.9752256604015604E-02
   44000.0000000000000000   4.9688039774591579E+02   8.7512045076520564E-02
   45000.0000000000000000   5.0692497139618968E+02   8.5599252628768371E-02
   46000.0000000000000000   5.1689408523127031E+02   8.4364941247206754E-02
   47000.0000000000000000   5.2689229998144640E+02   8.2484101213487690E-02
   48000.0000000000000000   5.3689106752322039E+02   8.0863774796437249E-02
   49000.0000000000000000   5.4683650067071278E+02   8.0934927512928703E-02
   50000.0000000000000000   5.5677824059388706E+02   7.9317182478081560E-02
