       0.1000000000000000   1.0000000000000000E+30   0.0000000000000000E+00
       0.2000000000000000   1.0000000000000000E+30   0.0000000000000000E+00
       0.3000000000000000   1.0000000000000000E+30   0.0000000000000000E+00
       0.4000000000000000   1.0000000000000000E+30   0.0000000000000000E+00
       0.5000000000000000   1.0000000000000000E+30   0.0000000000000000E+00
       0.6000000000000000   1.0000000000000000E+30   0.0000000000000000E+00
       0.7000000000000000   1.0000000000000000E+30   0.0000000000000000E+00
       0.7999999999999999   1.0000000000000000E+30   0.0000000000000000E+00
       0.8999999999999999   1.0000000000000000E+30   0.0000000000000000E+00
       0.9999999999999999   1.0000000000000000E+30   0.0000000000000000E+00
       2.0000000000000000   1.0000000000000000E+30   0.0000000000000000E+00
       3.0000000000000000   1.0000000000000000E+30   0.0000000000000000E+00
       4.0000000000000000   1.0000000000000000E+30   0.0000000000000000E+00
       5.0000000000000000   1.0000000000000000E+30   0.0000000000000000E+00
       6.0000000000000000   1.0000000000000000E+30   0.0000000000000000E+00
       7.0000000000000000   1.0000000000000000E+30   0.0000000000000000E+00
       8.0000000000000000   1.0000000000000000E+30   0.0000000000000000E+00
       9.0000000000000000   1.0000000000000000E+30   0.0000000000000000E+00
      10.0000000000000000   1.0000000000000000E+30   0.0000000000000000E+00
      11.0000000000000000   1.0000000000000000E+30   0.0000000000000000E+00
      12.0000000000000000   1.0000000000000000E+30   0.0000000000000000E+00
      13.0000000000000000   1.0000000000000000E+30   0.0000000000000000E+00
      14.0000000000000000   1.0000000000000000E+30   0.0000000000000000E+00
      15.0000000000000000   1.0000000000000000E+30   0.0000000000000000E+00
      16.0000000000000000   1.0000000000000000E+30   0.0000000000000000E+00
      17.0000000000000000   1.0000000000000000E+30   0.0000000000000000E+00
      18.0000000000000000   1.0000000000000000E+30   0.0000000000000000E+00
      19.0000000000000000   1.0000000000000000E+30   0.0000000000000000E+00
      20.0000000000000000   1.0000000000000000E+30   0.0000000000000000E+00
      21.0000000000000000   1.0000000000000000E+30   0.0000000000000000E+00
      22.0000000000000000   1.0000000000000000E+30   0.0000000000000000E+00
      23.0000000000000000   1.0000000000000000E+30   0.0000000000000000E+00
      24.0000000000000000   1.0000000000000000E+30   0.0000000000000000E+00
      25.0000000000000000   1.0000000000000000E+30   0.0000000000000000E+00
      26.0000000000000000   1.0000000000000000E+30   0.0000000000000000E+00
      27.0000000000000000   1.0000000000000000E+30   0.0000000000000000E+00
      28.0000000000000000   1.0000000000000000E+30   0.0000000000000000E+00
      29.0000000000000000   1.0000000000000000E+30   0.0000000000000000E+00
      30.0000000000000000   1.0000000000000000E+30   0.0000000000000000E+00
      31.0000000000000000   1.0000000000000000E+30   0.0000000000000000E+00
      32.0000000000000000   1.0000000000000000E+30   0.0000000000000000E+00
      33.0000000000000000   1.0000000000000000E+30   0.0000000000000000E+00
      34.0000000000000000   1.0000000000000000E+30   0.0000000000000000E+00
      35.0000000000000000   1.0000000000000000E+30   0.0000000000000000E+00
      36.0000000000000000   1.0000000000000000E+30   0.0000000000000000E+00
      37.0000000000000000   1.0000000000000000E+30   0.0000000000000000E+00
      38.0000000000000000   1.0000000000000000E+30   0.0000000000000000E+00
      39.0000000000000000   1.0000000000000000E+30   0.0000000000000000E+00
      40.0000000000000000   1.0000000000000000E+30   0.0000000000000000E+00
      41.0000000000000000   1.0000000000000000E+30   0.0000000000000000E+00
      41.9990000000000023   1.0000000000000000E+30   0.0000000000000000E+00
      42.0000000000000000   1.0000000000000000E+30   0.0000000000000000E+00
      42.0009999999999977   1.0000000000000000E+30   0.0000000000000000E+00
      43.0000000000000000   1.0000000000000000E+30   0.0000000000000000E+00
      44.0000000000000000   1.0000000000000000E+30   0.0000000000000000E+00
      44.9990000000000023   1.0000000000000000E+30   0.0000000000000000E+00
      45.0000000000000000   1.0000000000000000E+30   0.0000000000000000E+00
      45.0009999999999977   1.0000000000000000E+30   0.0000000000000000E+00
      46.0000000000000000   1.0000000000000000E+30   0.0000000000000000E+00
      47.0000000000000000   1.0000000000000000E+30   0.0000000000000000E+00
      48.0000000000000000   1.0000000000000000E+30   0.0000000000000000E+00
      49.0000000000000000   1.0000000000000000E+30   0.0000000000000000E+00
      50.0000000000000000   1.0000000000000000E+30   0.0000000000000000E+00
      51.0000000000000000   1.0000000000000000E+30   0.0000000000000000E+00
      52.0000000000000000   1.0000000000000000E+30   0.0000000000000000E+00
      53.0000000000000000   1.0000000000000000E+30   0.0000000000000000E+00
      54.0000000000000000   1.0000000000000000E+30   0.0000000000000000E+00
      55.0000000000000000   1.0000000000000000E+30   0.0000000000000000E+00
      56.0000000000000000   1.0000000000000000E+30   0.0000000000000000E+00
      57.0000000000000000   1.0000000000000000E+30   0.0000000000000000E+00
      58.0000000000000000   1.0000000000000000E+30   0.0000000000000000E+00
      59.0000000000000000   1.0000000000000000E+30   0.0000000000000000E+00
      60.0000000000000000   1.0000000000000000E+30   0.0000000000000000E+00
      61.0000000000000000   1.0000000000000000E+30   0.0000000000000000E+00
      62.0000000000000000   1.0000000000000000E+30   0.0000000000000000E+00
      63.0000000000000000   1.0000000000000000E+30   0.0000000000000000E+00
      64.0000000000000000   1.0000000000000000E+30   0.0000000000000000E+00
      65.0000000000000000   1.0000000000000000E+30   0.0000000000000000E+00
      66.0000000000000000   1.0000000000000000E+30   0.0000000000000000E+00
      67.0000000000000000   1.0000000000000000E+30   0.0000000000000000E+00
      67.9989999999999952   1.0000000000000000E+30   0.0000000000000000E+00
      68.0000000000000000   1.0000000000000000E+30   0.0000000000000000E+00
      68.0010000000000048   1.0000000000000000E+30   0.0000000000000000E+00
      69.0000000000000000   1.0000000000000000E+30   0.0000000000000000E+00
      70.0000000000000000   1.0000000000000000E+30   0.0000000000000000E+00
      71.0000000000000000   1.0000000000000000E+30   0.0000000000000000E+00
      72.0000000000000000   1.0000000000000000E+30   0.0000000000000000E+00
      73.0000000000000000   1.0000000000000000E+30   0.0000000000000000E+00
      74.0000000000000000   1.0000000000000000E+30   0.0000000000000000E+00
      75.0000000000000000   1.0000000000000000E+30   0.0000000000000000E+00
      76.0000000000000000   1.0000000000000000E+30   0.0000000000000000E+00
      77.0000000000000000   1.0000000000000000E+30   0.0000000000000000E+00
      78.0000000000000000   1.0000000000000000E+30   0.0000000000000000E+00
      79.0000000000000000   1.0000000000000000E+30   0.0000000000000000E+00
      80.0000000000000000   1.0000000000000000E+30   0.0000000000000000E+00
      81.0000000000000000   1.0000000000000000E+30   0.0000000000000000E+00
      82.0000000000000000   1.0000000000000000E+30   0.0000000000000000E+00
      83.0000000000000000   1.0000000000000000E+30   0.0000000000000000E+00
      84.0000000000000000   1.0000000000000000E+30   0.0000000000000000E+00
      85.0000000000000000   1.0000000000000000E+30   0.0000000000000000E+00
      86.0000000000000000   1.0000000000000000E+30   0.0000000000000000E+00
      87.0000000000000000   1.0000000000000000E+30   0.0000000000000000E+00
      88.0000000000000000   1.0000000000000000E+30   0.0000000000000000E+00
      89.0000000000000000   1.0000000000000000E+30   0.0000000000000000E+00
      90.0000000000000000   1.0000000000000000E+30   0.0000000000000000E+00
      91.0000000000000000   1.0000000000000000E+30   0.0000000000000000E+00
      92.0000000000000000   1.0000000000000000E+30   0.0000000000000000E+00
      93.0000000000000000   1.0000000000000000E+30   0.0000000000000000E+00
      94.0000000000000000   1.0000000000000000E+30   0.0000000000000000E+00
      95.0000000000000000   1.0000000000000000E+30   0.0000000000000000E+00
      96.0000000000000000   1.0000000000000000E+30   0.0000000000000000E+00
      97.0000000000000000   1.0000000000000000E+30   0.0000000000000000E+00
      98.0000000000000000   1.0000000000000000E+30   0.0000000000000000E+00
      99.0000000000000000   1.0000000000000000E+30   0.0000000000000000E+00
     100.0000000000000000   1.0000000000000000E+30   0.0000000000000000E+00
     110.0000000000000000   1.0000000000000000E+30   0.0000000000000000E+00
     120.0000000000000000   1.0000000000000000E+30   0.0000000000000000E+00
     130.0000000000000000   1.0000000000000000E+30   0.0000000000000000E+00
     140.0000000000000000   1.0000000000000000E+30   0.0000000000000000E+00
     150.0000000000000000   1.0000000000000000E+30   0.0000000000000000E+00
     160.0000000000000000   1.0000000000000000E+30   0.0000000000000000E+00
     170.0000000000000000   1.0000000000000000E+30   0.0000000000000000E+00
     180.0000000000000000   1.0000000000000000E+30   0.0000000000000000E+00
     190.0000000000000000   1.0000000000000000E+30   0.0000000000000000E+00
     200.0000000000000000   1.0000000000000000E+30   0.0000000000000000E+00
     210.0000000000000000   1.0000000000000000E+30   0.0000000000000000E+00
     220.0000000000000000   1.0000000000000000E+30   0.0000000000000000E+00
     230.0000000000000000   1.0000000000000000E+30   0.0000000000000000E+00
     233.9989999999999952   1.0000000000000000E+30   0.0000000000000000E+00
     234.0010000000000048   1.0000000000000000E+30   0.0000000000000000E+00
     236.9989999999999952   1.0000000000000000E+30   0.0000000000000000E+00
     237.0010000000000048   1.0000000000000000E+30   0.0000000000000000E+00
     240.0000000000000000   1.0000000000000000E+30   0.0000000000000000E+00
     250.0000000000000000   1.0000000000000000E+30   0.0000000000000000E+00
     260.0000000000000000   1.0000000000000000E+30   0.0000000000000000E+00
     270.0000000000000000   1.0000000000000000E+30   0.0000000000000000E+00
     280.0000000000000000   1.0000000000000000E+30   0.0000000000000000E+00
     290.0000000000000000   1.0000000000000000E+30   0.0000000000000000E+00
     300.0000000000000000   1.0000000000000000E+30   0.0000000000000000E+00
     310.0000000000000000   1.0000000000000000E+30   0.0000000000000000E+00
     320.0000000000000000   1.0000000000000000E+30   0.0000000000000000E+00
     330.0000000000000000   1.0000000000000000E+30   0.0000000000000000E+00
     340.0000000000000000   1.0000000000000000E+30   0.0000000000000000E+00
     350.0000000000000000   1.0000000000000000E+30   0.0000000000000000E+00
     360.0000000000000000   1.0000000000000000E+30   0.0000000000000000E+00
     370.0000000000000000   1.0000000000000000E+30   0.0000000000000000E+00
     380.0000000000000000   1.0000000000000000E+30   0.0000000000000000E+00
     390.0000000000000000   1.0000000000000000E+30   0.0000000000000000E+00
     398.9990000000000236   1.0000000000000000E+30   0.0000000000000000E+00
     399.0009999999999764   3.3700744071407758E+11   1.1839501203729145E-09
     400.0000000000000000   5.1436986683020584E+07   7.7616300583680501E-06
     410.0000000000000000   1.4149606495391696E+06   2.8378753478328225E-04
     415.9990000000000236   7.2926479285280849E+05   5.5250404124698249E-04
     416.0009999999999764   7.2912170246273314E+05   5.5261322556001650E-04
     420.0000000000000000   5.2770708641396149E+05   7.6525794642255457E-04
     430.0000000000000000   2.8979861883018049E+05   1.4012894767133700E-03
     440.0000000000000000   1.8801138903892701E+05   2.1718558214429786E-03
     450.0000000000000000   1.3398014822642479E+05   3.0643458166634430E-03
     460.0000000000000000   1.0143840726289705E+05   4.0692538193671654E-03
     470.0000000000000000   8.0126575605256003E+04   5.1791508167898367E-03
     480.0000000000000000   6.5318024885953062E+04   6.3870757765021897E-03
     490.0000000000000000   5.4557603289309096E+04   7.6871165430991853E-03
     500.0000000000000000   4.6461123782538561E+04   9.0739872422029872E-03
     510.0000000000000000   4.0198211487340290E+04   1.0542342848459604E-02
     510.9989999999999668   3.9651318895192788E+04   1.0693281015812250E-02
     511.0009999999999195   3.9650253276502932E+04   1.0693579431268814E-02
     520.0000000000000000   3.5240760746569242E+04   1.2087677668090158E-02
     530.0000000000000000   3.1240927365376083E+04   1.3705569142693925E-02
     540.0000000000000000   2.7961575329140578E+04   1.5391512662327583E-02
     550.0000000000000000   2.5234915085573957E+04   1.7141676936605354E-02
     560.0000000000000000   2.2939999381523889E+04   1.8952400217215042E-02
     570.0000000000000000   2.0988423611970404E+04   2.0819509610734695E-02
     580.0000000000000000   1.9312957459578698E+04   2.2739696492721995E-02
     590.0000000000000000   1.7862495028074169E+04   2.4709555901030605E-02
     600.0000000000000000   1.6597438797168183E+04   2.6725763711686206E-02
     610.0000000000000000   1.5486821648133289E+04   2.8784780757552111E-02
     620.0000000000000000   1.4505709345409266E+04   3.0883781659991869E-02
     630.0000000000000000   1.3634304612036080E+04   3.3019484813753663E-02
     640.0000000000000000   1.2856410854235410E+04   3.5188991035573873E-02
     650.0000000000000000   1.2158883163416613E+04   3.7389111657611523E-02
     660.0000000000000000   1.1530718895046033E+04   3.9617164387723683E-02
     670.0000000000000000   1.0962866739952169E+04   4.1870179988645638E-02
     680.0000000000000000   1.0447694119529742E+04   4.4145414403525998E-02
     690.0000000000000000   9.9787833583311440E+03   4.6440076249657125E-02
     700.0000000000000000   9.5506659071403319E+03   4.8751548184455623E-02
     710.0000000000000000   9.1586758990336402E+03   5.1077252205950351E-02
     720.0000000000000000   8.7988372358042616E+03   5.3414507081260235E-02
     730.0000000000000000   8.4677114835880002E+03   5.5760732174499394E-02
     740.0000000000000000   8.1622791926995642E+03   5.8113695433958015E-02
     750.0000000000000000   7.8799715574629799E+03   6.0470786610366777E-02
     760.0000000000000000   7.6184970478443647E+03   6.2829831989204818E-02
     770.0000000000000000   7.3758667053719746E+03   6.5188541640127634E-02
     780.0000000000000000   7.1503270110298199E+03   6.7544736597748109E-02
     790.0000000000000000   6.9403215365917631E+03   6.9896344768999044E-02
     800.0000000000000000   6.7444881067495571E+03   7.2241200673312272E-02
     810.0000000000000000   6.5615702821018431E+03   7.4577745456135866E-02
     820.0000000000000000   6.3905164658620661E+03   7.6903625955609969E-02
     830.0000000000000000   6.2303210425103334E+03   7.9217426980342384E-02
     840.0000000000000000   6.0801152559686434E+03   8.1517358851609101E-02
     850.0000000000000000   5.9391071368994617E+03   8.3801883389914400E-02
     860.0000000000000000   5.8065886000683849E+03   8.6069445137432643E-02
     870.0000000000000000   5.6819135761572570E+03   8.8318685932245969E-02
     880.0000000000000000   5.5644980490245243E+03   9.0548307350773294E-02
     890.0000000000000000   5.4538172742078514E+03   9.2757004923073580E-02
     900.0000000000000000   5.3493886917668051E+03   9.4943649306359068E-02
     910.0000000000000000   5.2507721920939402E+03   9.7107223978810858E-02
     920.0000000000000000   5.1575645692682219E+03   9.9246807370402035E-02
     930.0000000000000000   5.0694053421576664E+03   1.0136138307047413E-01
     940.0000000000000000   4.9859548076499696E+03   1.0345023568087459E-01
     950.0000000000000000   4.9069044259035545E+03   1.0551264111027774E-01
     960.0000000000000000   4.8319727937100670E+03   1.0754790388171456E-01
     970.0000000000000000   4.7608966748614948E+03   1.0955550241205655E-01
     980.0000000000000000   4.6934390884566719E+03   1.1153484151559187E-01
     990.0000000000000000   4.6293757020396415E+03   1.1348553442233998E-01
    1000.0000000000000000   4.5685018586101887E+03   1.1540719282865021E-01
    1100.0000000000000000   4.0994467641223600E+03   1.3298289170824884E-01
    1200.0000000000000000   3.8055916592301969E+03   1.4759460648337269E-01
    1300.0000000000000000   3.6177562926686805E+03   1.5947278000890258E-01
    1400.0000000000000000   3.4979082114208882E+03   1.6896753243939197E-01
    1500.0000000000000000   3.4237483553095331E+03   1.7644672750371235E-01
    1600.0000000000000000   3.3814977054838992E+03   1.8224966423999459E-01
    1700.0000000000000000   3.3622554486425656E+03   1.8667118576235187E-01
    1800.0000000000000000   3.3600569375272503E+03   1.8995931280496711E-01
    1900.0000000000000000   3.3707738300552005E+03   1.9231944699016990E-01
    2000.0000000000000000   3.3914694945716401E+03   1.9392024376051753E-01
    2100.0000000000000000   3.4200040419306306E+03   1.9489971657982447E-01
    2200.0000000000000000   3.4547861081053497E+03   1.9537061844481102E-01
    2300.0000000000000000   3.4946097251659680E+03   1.9542518832025346E-01
    2400.0000000000000000   3.5385461972631342E+03   1.9513899143541802E-01
    2500.0000000000000000   3.5858700959057087E+03   1.9457406306511782E-01
    2526.9989999999997963   3.5991503555245822E+03   1.9438060465994461E-01
    2527.0010000000002037   3.5991513466507868E+03   1.9438058973549840E-01
    2600.0000000000000000   3.6360071807047389E+03   1.9378147898540282E-01
    2631.9989999999997963   3.6525669606254855E+03   1.9348687773369186E-01
    2632.0010000000002037   3.6525680029110276E+03   1.9348685875188529E-01
    2700.0000000000000000   3.6884978834058543E+03   1.9280337554700197E-01
    2800.0000000000000000   3.7429702285185667E+03   1.9167463402556817E-01
    2871.9989999999997963   3.7832441016457710E+03   1.9078511115693295E-01
    2872.0010000000002037   3.7832452315534792E+03   1.9078508565877952E-01
    2900.0000000000000000   3.7991206095003063E+03   1.9042416804644283E-01
    3000.0000000000000000   3.8566989035981642E+03   1.8907602367889431E-01
    3100.0000000000000000   3.9154974555965791E+03   1.8765023118551294E-01
    3200.0000000000000000   3.9753427325666175E+03   1.8616350341042628E-01
    3300.0000000000000000   4.0360885989416720E+03   1.8462981893246577E-01
    3400.0000000000000000   4.0976114897478146E+03   1.8306086254148654E-01
    3500.0000000000000000   4.1598060447706475E+03   1.8146643864316331E-01
    3600.0000000000000000   4.2225822816368591E+03   1.7985475183198829E-01
    3700.0000000000000000   4.2858627683322165E+03   1.7823268441116602E-01
    3800.0000000000000000   4.3495807160974682E+03   1.7660599895286549E-01
    3900.0000000000000000   4.4136781217668913E+03   1.7497952957626375E-01
    4000.0000000000000000   4.4781046830264604E+03   1.7335730399947175E-01
    4100.0000000000000000   4.5428163343473361E+03   1.7174269547158311E-01
    4200.0000000000000000   4.6077745609807407E+03   1.7013850287453544E-01
    4300.0000000000000000   4.6729455482644980E+03   1.6854704424394129E-01
    4400.0000000000000000   4.7382994459084885E+03   1.6697023453079349E-01
    4500.0000000000000000   4.8038099368517960E+03   1.6540963963507282E-01
    4600.0000000000000000   4.8685516953463175E+03   1.6400617300530326E-01
    4700.0000000000000000   4.9342694503969888E+03   1.6253298571321542E-01
    4800.0000000000000000   4.9998637599367521E+03   1.6110027600421470E-01
    4900.0000000000000000   5.0653375805303212E+03   1.5970629134559894E-01
    5000.0000000000000000   5.1306939936019044E+03   1.5834937060977575E-01
    5100.0000000000000000   5.1959359895403941E+03   1.5702795202773362E-01
    5200.0000000000000000   5.2610666193766856E+03   1.5574055440771803E-01
    5300.0000000000000000   5.3260888374646283E+03   1.5448578280846662E-01
    5400.0000000000000000   5.3961252719760350E+03   1.5275083518830412E-01
    5500.0000000000000000   5.4608488975318487E+03   1.5156845996000420E-01
    5600.0000000000000000   5.5254744280621135E+03   1.5041455338848372E-01
    5700.0000000000000000   5.5949285863355872E+03   1.4880711096626051E-01
    5800.0000000000000000   5.6592786604117964E+03   1.4771683593115525E-01
    5900.0000000000000000   5.7235401775052387E+03   1.4665154479027548E-01
    6000.0000000000000000   5.7924497285126054E+03   1.4515697352994794E-01
    6100.0000000000000000   5.8564572560640472E+03   1.4414791614046774E-01
    6200.0000000000000000   5.9250176800385534E+03   1.4272406853197336E-01
    6300.0000000000000000   5.9887850622571796E+03   1.4176676235902788E-01
    6400.0000000000000000   6.0570110333319799E+03   1.4040835505202043E-01
    6500.0000000000000000   6.1205513346608068E+03   1.3949878233509311E-01
    6600.0000000000000000   6.1884568543951273E+03   1.3820105358936127E-01
    6700.0000000000000000   6.2517823211936538E+03   1.3733560614849122E-01
    6800.0000000000000000   6.3193806949411737E+03   1.3609425442493958E-01
    6900.0000000000000000   6.3868209852832351E+03   1.3488264412987733E-01
    7000.0000000000000000   6.4498066477537504E+03   1.3408081336105146E-01
    7100.0000000000000000   6.5169583758277722E+03   1.3291970470620165E-01
    7200.0000000000000000   6.5839607661040491E+03   1.3178535583475071E-01
    7300.0000000000000000   6.6466322118521830E+03   1.3104029747096485E-01
    7400.0000000000000000   6.7133632527642067E+03   1.2995137519990152E-01
    7500.0000000000000000   6.7799530682126651E+03   1.2888662718236316E-01
    7600.0000000000000000   6.8423336022908006E+03   1.2819244827878734E-01
    7700.0000000000000000   6.9086679467774720E+03   1.2716872315980149E-01
    7800.0000000000000000   6.9748686071876082E+03   1.2616691645859382E-01
    7900.0000000000000000   7.0409379252303297E+03   1.2518630133883385E-01
    8000.0000000000000000   7.1068781757634079E+03   1.2422618413620411E-01
    8100.0000000000000000   7.1687723743675060E+03   1.2360921353301432E-01
    8200.0000000000000000   7.2344809860330915E+03   1.2268383554992890E-01
    8300.0000000000000000   7.3000671987871456E+03   1.2177714940097473E-01
    8400.0000000000000000   7.3655330824025514E+03   1.2088856956736546E-01
    8500.0000000000000000   7.4308806564750685E+03   1.2001753524437545E-01
    8600.0000000000000000   7.4961119051781516E+03   1.1916350841640637E-01
    8700.0000000000000000   7.5574794411970488E+03   1.1862436244072770E-01
    8800.0000000000000000   7.6225038682524118E+03   1.1779910419049199E-01
    8900.0000000000000000   7.6874177049644713E+03   1.1698945132167593E-01
    9000.0000000000000000   7.7522227648656362E+03   1.1619494415202924E-01
    9100.0000000000000000   7.8169207933263642E+03   1.1541514300863787E-01
    9200.0000000000000000   7.8815135157493733E+03   1.1464962392664692E-01
    9300.0000000000000000   7.9460026092822482E+03   1.1389798009470790E-01
    9400.0000000000000000   8.0103897052158709E+03   1.1315982066727895E-01
    9500.0000000000000000   8.0746764227243220E+03   1.1243476821167780E-01
    9600.0000000000000000   8.1388643215947695E+03   1.1172246083001298E-01
    9700.0000000000000000   8.2029549421463580E+03   1.1102254910123993E-01
    9800.0000000000000000   8.2669497764748048E+03   1.1033469737218077E-01
    9900.0000000000000000   8.3308502901857228E+03   1.0965858183631536E-01
   10000.0000000000000000   8.3946579207014638E+03   1.0899389018900167E-01
   11000.0000000000000000   9.0311993748713594E+03   1.0268401928544506E-01
   12000.0000000000000000   9.6594530337310243E+03   9.7285473687610577E-02
   13000.0000000000000000   1.0286451020092249E+04   9.2224300788315908E-02
   14000.0000000000000000   1.0903570299241899E+04   8.7980169051363230E-02
   15000.0000000000000000   1.1520290414738463E+04   8.3904485318317679E-02
   16000.0000000000000000   1.2128423275432762E+04   8.0437859105241802E-02
   17000.0000000000000000   1.2734056841283644E+04   7.7189685878907802E-02
   18000.0000000000000000   1.3337405350966295E+04   7.4129981450117649E-02
   19000.0000000000000000   1.3933561956929500E+04   7.1489018285387770E-02
   20000.0000000000000000   1.4528021196352882E+04   6.8964232385276561E-02
   20005.9989999999997963   1.4531649709663858E+04   6.8946151731382993E-02
   20006.0010000000002037   1.4531650919346375E+04   6.8946145705194264E-02
   21000.0000000000000000   1.5120916862039432E+04   6.6542640258953636E-02
   22000.0000000000000000   1.5707561249094493E+04   6.4431119676602366E-02
   23000.0000000000000000   1.6293053491588684E+04   6.2381771306938200E-02
   24000.0000000000000000   1.6872821229076748E+04   6.0588163729275328E-02
   25000.0000000000000000   1.7451745847719078E+04   5.8829266846895989E-02
   26000.0000000000000000   1.8027637998764458E+04   5.7194110940267683E-02
   27000.0000000000000000   1.8602876239894460E+04   5.5581635210132450E-02
   28000.0000000000000000   1.9173121786272808E+04   5.4160205026916861E-02
   29000.0000000000000000   1.9742918516371090E+04   5.2747216738025231E-02
   30000.0000000000000000   2.0308048117667040E+04   5.1499394147372771E-02
   31000.0000000000000000   2.0872896969508100E+04   5.0249679805639248E-02
   32000.0000000000000000   2.1435418756092971E+04   4.9072138545468783E-02
   33000.0000000000000000   2.1995714151732351E+04   4.7960355107608890E-02
   34000.0000000000000000   2.2553866999301572E+04   4.6908983816238696E-02
   35000.0000000000000000   2.3109957647912241E+04   4.5913192977815785E-02
   36000.0000000000000000   2.3664064518580744E+04   4.4968559444005067E-02
   37000.0000000000000000   2.4216266853884812E+04   4.4070935242520239E-02
   38000.0000000000000000   2.4768594718451888E+04   4.3155232804518329E-02
   39000.0000000000000000   2.5317129222256401E+04   4.2344080878771714E-02
   40000.0000000000000000   2.5865916627230752E+04   4.1510821735542096E-02
   41000.0000000000000000   2.6411037061308114E+04   4.0773799102972713E-02
   42000.0000000000000000   2.6956491379519521E+04   4.0012414375440689E-02
   43000.0000000000000000   2.7498408617834360E+04   3.9339831650290015E-02
   44000.0000000000000000   2.8040728854725981E+04   3.8641184723623580E-02
   45000.0000000000000000   2.8581543645677681E+04   3.7971643656778326E-02
   46000.0000000000000000   2.9120883119751230E+04   3.7329739925844124E-02
   47000.0000000000000000   2.9658780329140482E+04   3.6713972081407024E-02
   48000.0000000000000000   3.0193499705718728E+04   3.6169899138105061E-02
   49000.0000000000000000   3.0728716837973043E+04   3.5598815911958397E-02
   50000.0000000000000000   3.1262621184742133E+04   3.5049187999311213E-02
