       0.1000000000000000   4.3531735165687415E+01   6.6952715788303971E-04
       0.2000000000000000   3.8195523691824533E+01   1.3138274744773847E-03
       0.3000000000000000   3.6354448347647519E+01   1.9586632522724198E-03
       0.4000000000000000   3.5590181924646920E+01   2.5790763479133570E-03
       0.5000000000000000   3.5155467713489664E+01   3.1967102924975320E-03
       0.6000000000000000   3.4879821688249095E+01   3.8125945426349629E-03
       0.7000000000000000   3.4696589310249820E+01   4.4277005845753878E-03
       0.7999999999999999   3.4569113807258958E+01   5.0426916808978053E-03
       0.8999999999999999   3.4480534644315988E+01   5.6564452086288507E-03
       0.9999999999999999   3.4414616871374598E+01   6.2713659258157852E-03
       2.0000000000000000   3.4170707276511664E+01   1.2484966864988489E-02
       3.0000000000000000   3.3949555952790462E+01   1.8949380880179681E-02
       4.0000000000000000   3.3588783305443222E+01   2.5784610071646737E-02
       5.0000000000000000   3.3103305908912695E+01   3.3069557784117160E-02
       6.0000000000000000   3.2525046458179865E+01   4.0861337334108377E-02
       7.0000000000000000   3.1884128661189543E+01   4.9197953887773468E-02
       8.0000000000000000   3.1202900773060598E+01   5.8109047811494154E-02
       9.0000000000000000   3.0498428938529180E+01   6.7617769374662962E-02
      10.0000000000000000   2.9782953796186682E+01   7.7744322186435122E-02
      11.0000000000000000   2.9065698517549382E+01   8.8505799317468742E-02
      12.0000000000000000   2.8353239489753751E+01   9.9917431432122561E-02
      13.0000000000000000   2.7650391737951871E+01   1.1199375045814716E-01
      14.0000000000000000   2.6960152465484494E+01   1.2475086392205793E-01
      15.0000000000000000   2.6284535281199524E+01   1.3820584537239158E-01
      16.0000000000000000   2.5624849976638004E+01   1.5237648434264287E-01
      17.0000000000000000   2.4981643633109769E+01   1.6728365647946628E-01
      18.0000000000000000   2.4355137896711057E+01   1.8295013292191267E-01
      19.0000000000000000   2.3745172886210312E+01   1.9940155057921383E-01
      20.0000000000000000   2.3151372842492044E+01   2.1666703393480172E-01
      21.0000000000000000   2.2573191698527243E+01   2.3477930019130411E-01
      22.0000000000000000   2.2010023866042129E+01   2.5377437798342489E-01
      23.0000000000000000   2.1461187920692389E+01   2.7369246253467422E-01
      24.0000000000000000   2.0925948181082394E+01   2.9457865578264836E-01
      25.0000000000000000   2.0403574650913793E+01   3.1648262246129766E-01
      26.0000000000000000   1.9893341942397090E+01   3.3945923506337622E-01
      27.0000000000000000   1.9394541334525634E+01   3.6356896907875608E-01
      28.0000000000000000   1.8906493236181145E+01   3.8887828236341848E-01
      29.0000000000000000   1.8428542914321909E+01   4.1546023225163486E-01
      30.0000000000000000   1.7960076648561191E+01   4.4339486282650753E-01
      31.0000000000000000   1.7500513079575338E+01   4.7276989425314420E-01
      32.0000000000000000   1.7049318458895375E+01   5.0368109128692995E-01
      33.0000000000000000   1.6605994045217354E+01   5.3623316233081952E-01
      34.0000000000000000   1.6170087648189106E+01   5.7054020087528257E-01
      35.0000000000000000   1.5741191039844626E+01   6.0672635689283894E-01
      36.0000000000000000   1.5318942811742472E+01   6.4492641441176835E-01
      37.0000000000000000   1.4903030249463299E+01   6.8528629472761537E-01
      38.0000000000000000   1.4493192328178534E+01   7.2796341837489864E-01
      39.0000000000000000   1.4089222271761455E+01   7.7312685420385574E-01
      40.0000000000000000   1.3690972749034360E+01   8.2095711318111475E-01
      41.0000000000000000   1.3298359363087068E+01   8.7164553600664452E-01
      41.9990000000000023   1.2911751002985474E+01   9.2533764167234211E-01
      42.0000000000000000   1.2911366831605147E+01   9.2539298594271979E-01
      42.0009999999999977   1.2910982665898846E+01   9.2544833348001831E-01
      43.0000000000000000   1.2530055075165304E+01   9.8240772395241105E-01
      44.0000000000000000   1.2154565843789399E+01   1.0429021323057894E+00
      44.9990000000000023   1.1785494607463983E+01   1.1070220729543561E+00
      45.0000000000000000   1.1785128292205245E+01   1.1070881722067807E+00
      45.0009999999999977   1.1784761983312983E+01   1.1071542753572938E+00
      46.0000000000000000   1.1422065385442979E+01   1.1751710845571777E+00
      47.0000000000000000   1.1065797634282548E+01   1.2473412854460992E+00
      48.0000000000000000   1.0716844234268045E+01   1.3237642747478238E+00
      49.0000000000000000   1.0375819889674910E+01   1.4045686735465213E+00
      50.0000000000000000   1.0043425764074527E+01   1.4898327975281378E+00
      51.0000000000000000   9.7204331625526272E+00   1.5795705860735942E+00
      52.0000000000000000   9.4076593362073684E+00   1.6737181296433947E+00
      53.0000000000000000   9.1059352103969466E+00   1.7721224336882804E+00
      54.0000000000000000   8.8160668421554789E+00   1.8745342148825710E+00
      55.0000000000000000   8.5387933809038330E+00   1.9806063738752027E+00
      56.0000000000000000   8.2747459613094456E+00   2.0898992077232674E+00
      57.0000000000000000   8.0244122643359326E+00   2.2018923169265876E+00
      58.0000000000000000   7.7881097619096575E+00   2.3160029355581617E+00
      59.0000000000000000   7.5659726533539979E+00   2.4316079242040782E+00
      60.0000000000000000   7.3579520282316979E+00   2.5480674472093323E+00
      61.0000000000000000   7.1638268843316082E+00   2.6647484617840274E+00
      62.0000000000000000   6.9832259800867806E+00   2.7810448255472857E+00
      63.0000000000000000   6.8156548506570473E+00   2.8963935851962290E+00
      64.0000000000000000   6.6605253272577087E+00   3.0102864977382779E+00
      65.0000000000000000   6.5171845550284324E+00   3.1222769231220839E+00
      66.0000000000000000   6.3849413540824891E+00   3.2319826320251641E+00
      67.0000000000000000   6.2630887296333553E+00   3.3390853206545694E+00
      67.9989999999999952   6.1510296134799871E+00   3.4432249511035504E+00
      68.0000000000000000   6.1509220539142531E+00   3.4433276934663875E+00
      68.0010000000000048   6.1508145033438701E+00   3.4434304327638272E+00
      69.0000000000000000   6.0477529791822864E+00   3.5445089196246324E+00
      70.0000000000000000   5.9529194896813271E+00   3.6424791448454958E+00
      71.0000000000000000   5.8657926607097819E+00   3.7371335937278123E+00
      72.0000000000000000   5.7857807527852643E+00   3.8284066511470711E+00
      73.0000000000000000   5.7123312240488824E+00   3.9162661881108836E+00
      74.0000000000000000   5.6449311885006157E+00   4.0007082956618518E+00
      75.0000000000000000   5.5831067365374718E+00   4.0817525307140823E+00
      76.0000000000000000   5.5264215924575284E+00   4.1594376129046617E+00
      77.0000000000000000   5.4744750704506613E+00   4.2338178077238258E+00
      78.0000000000000000   5.4268999544974132E+00   4.3049596517179012E+00
      79.0000000000000000   5.3833601352739651E+00   4.3729392203814443E+00
      80.0000000000000000   5.3435482400618675E+00   4.4378397970022760E+00
      81.0000000000000000   5.3071833074248556E+00   4.4997499112569681E+00
      82.0000000000000000   5.2740085573625270E+00   4.5587617013938955E+00
      83.0000000000000000   5.2437892834893329E+00   4.6149695566038913E+00
      84.0000000000000000   5.2163108846137440E+00   4.6684690002796581E+00
      85.0000000000000000   5.1913770464824029E+00   4.7193557784889082E+00
      86.0000000000000000   5.1688080685592022E+00   4.7677251227045288E+00
      87.0000000000000000   5.1484393327218259E+00   4.8136711619315067E+00
      88.0000000000000000   5.1301199214503264E+00   4.8572864460817078E+00
      89.0000000000000000   5.1137113369237657E+00   4.8986615971592888E+00
      90.0000000000000000   5.0990863658099128E+00   4.9378850218891062E+00
      91.0000000000000000   5.0861280412261820E+00   4.9750427080666384E+00
      92.0000000000000000   5.0747287061063853E+00   5.0102180774444172E+00
      93.0000000000000000   5.0647891678113233E+00   5.0434918871383774E+00
      94.0000000000000000   5.0562179351240868E+00   5.0749421707484670E+00
      95.0000000000000000   5.0489305296481239E+00   5.1046442117961170E+00
      96.0000000000000000   5.0428488643445775E+00   5.1326705432824014E+00
      97.0000000000000000   5.0379006824738441E+00   5.1590909681882007E+00
      98.0000000000000000   5.0340190505451448E+00   5.1839725966234038E+00
      99.0000000000000000   5.0311419017377945E+00   5.2073798958790674E+00
     100.0000000000000000   5.0292116196881729E+00   5.2293747507848574E+00
     110.0000000000000000   5.0518387861657104E+00   5.3835544197602108E+00
     120.0000000000000000   5.1279636801713151E+00   5.4483109820750775E+00
     130.0000000000000000   5.2371751252781849E+00   5.4546740677033672E+00
     140.0000000000000000   5.3679111355174518E+00   5.4227899539340942E+00
     150.0000000000000000   5.5131953779140339E+00   5.3659015454380716E+00
     160.0000000000000000   5.6686002027436020E+00   5.2928387707194062E+00
     170.0000000000000000   5.8303639423458238E+00   5.2142074681738766E+00
     180.0000000000000000   5.9960300085389324E+00   5.1338247777885737E+00
     190.0000000000000000   6.1634506734785894E+00   5.0549377945237959E+00
     200.0000000000000000   6.3391403861617404E+00   4.9606231951193376E+00
     210.0000000000000000   6.5150307449596649E+00   4.8706053489506198E+00
     220.0000000000000000   6.6972547595973326E+00   4.7693131469348531E+00
     230.0000000000000000   6.8728822968567425E+00   4.6881465567021401E+00
     233.9989999999999952   6.9431024227532490E+00   4.6567127843033509E+00
     234.0010000000000048   6.9431433692702864E+00   4.6566829868251078E+00
     236.9989999999999952   6.9986531017928755E+00   4.6264996868249337E+00
     237.0010000000000048   6.9986939601219333E+00   4.6264703861146241E+00
     240.0000000000000000   7.0541440503111206E+00   4.5967994614305807E+00
     250.0000000000000000   7.2347866892188097E+00   4.5102371481897814E+00
     260.0000000000000000   7.4148152658161290E+00   4.4280888475278424E+00
     270.0000000000000000   7.5942392401320671E+00   4.3500188506514972E+00
     280.0000000000000000   7.7730709286216939E+00   4.2757232828464176E+00
     290.0000000000000000   7.9560740892406274E+00   4.1939948484103491E+00
     300.0000000000000000   8.1382241913070867E+00   4.1163929847937997E+00
     310.0000000000000000   8.3150262597079951E+00   4.0527118094860199E+00
     320.0000000000000000   8.4956695189749105E+00   3.9820723309293697E+00
     330.0000000000000000   8.6755465571820416E+00   3.9147223394902850E+00
     340.0000000000000000   8.8546852098816249E+00   3.8504270038575625E+00
     350.0000000000000000   9.0331121604142890E+00   3.7889736013823043E+00
     360.0000000000000000   9.2108529146784175E+00   3.7301690050318941E+00
     370.0000000000000000   9.3879318129205362E+00   3.6738374713257476E+00
     380.0000000000000000   9.5681914017069616E+00   3.6118688863518993E+00
     390.0000000000000000   9.7439233651911596E+00   3.5602580688489351E+00
     398.9990000000000236   9.9041362020530492E+00   3.5102850208369207E+00
     399.0009999999999764   9.9041733925339166E+00   3.5102707772577526E+00
     400.0000000000000000   9.9227465925368286E+00   3.5031716125763568E+00
     410.0000000000000000   1.0097222662682769E+01   3.4556946318434307E+00
     415.9990000000000236   1.0204490805862338E+01   3.4223408934850870E+00
     416.0009999999999764   1.0204527727015394E+01   3.4223275180659085E+00
     420.0000000000000000   1.0274699918184456E+01   3.4029059671817237E+00
     430.0000000000000000   1.0448002645082830E+01   3.3590706537173181E+00
     440.0000000000000000   1.0624216178526119E+01   3.3100870358461862E+00
     450.0000000000000000   1.0799805460411074E+01   3.2629282636923223E+00
     460.0000000000000000   1.0974788634013411E+01   3.2174902325633949E+00
     470.0000000000000000   1.1145881132047478E+01   3.1799143030729184E+00
     480.0000000000000000   1.1319744805699216E+01   3.1374905170511367E+00
     490.0000000000000000   1.1493052174907314E+01   3.0965257380528208E+00
     500.0000000000000000   1.1665818607470900E+01   3.0569427387269008E+00
     510.0000000000000000   1.1838058741757157E+01   3.0186698944605439E+00
     510.9989999999999668   1.1855860652216991E+01   3.0137814377463692E+00
     511.0009999999999195   1.1855896286202444E+01   3.0137716682999449E+00
     520.0000000000000000   1.2009786550856861E+01   2.9816406412457117E+00
     530.0000000000000000   1.2181015429717661E+01   2.9457929479751597E+00
     540.0000000000000000   1.2351758235378780E+01   2.9110689102589484E+00
     550.0000000000000000   1.2525006756550916E+01   2.8721852979136666E+00
     560.0000000000000000   1.2694774960651765E+01   2.8396543286825731E+00
     570.0000000000000000   1.2864093198622179E+01   2.8080905988261873E+00
     580.0000000000000000   1.3032972429231394E+01   2.7774498445275322E+00
     590.0000000000000000   1.3204279727803669E+01   2.7428543622934884E+00
     600.0000000000000000   1.3372272747805216E+01   2.7140297613515627E+00
     610.0000000000000000   1.3539857960268852E+01   2.6860069096410517E+00
     620.0000000000000000   1.3709820455516988E+01   2.6541699780647718E+00
     630.0000000000000000   1.3876577677085592E+01   2.6277350079317343E+00
     640.0000000000000000   1.4042954586853165E+01   2.6020016110888378E+00
     650.0000000000000000   1.4211654679404569E+01   2.5725901315819133E+00
     660.0000000000000000   1.4377256264324609E+01   2.5482530756709565E+00
     670.0000000000000000   1.4545154670618045E+01   2.5203217890632366E+00
     680.0000000000000000   1.4710014645721653E+01   2.4972666476674372E+00
     690.0000000000000000   1.4877141237277872E+01   2.4707028577832721E+00
     700.0000000000000000   1.5041290045320377E+01   2.4488289625869042E+00
     710.0000000000000000   1.5207674448933547E+01   2.4235290428931462E+00
     720.0000000000000000   1.5373690189719662E+01   2.3988608948035455E+00
     730.0000000000000000   1.5536810227176307E+01   2.3786173591256725E+00
     740.0000000000000000   1.5702124096254414E+01   2.3550759615076609E+00
     750.0000000000000000   1.5864600224752948E+01   2.3358041421205238E+00
     760.0000000000000000   1.6029238793899399E+01   2.3133078042251887E+00
     770.0000000000000000   1.6193543335571743E+01   2.2913333527556623E+00
     780.0000000000000000   1.6355081426716637E+01   2.2734159253055735E+00
     790.0000000000000000   1.6518743249447198E+01   2.2523830580581943E+00
     800.0000000000000000   1.6682089384183726E+01   2.2318177704053550E+00
     810.0000000000000000   1.6845128924521180E+01   2.2116984998321954E+00
     820.0000000000000000   1.7005474522033882E+01   2.1954000607078674E+00
     830.0000000000000000   1.7167907134727553E+01   2.1761097167160237E+00
     840.0000000000000000   1.7330046956315439E+01   2.1572239647301985E+00
     850.0000000000000000   1.7491897668242860E+01   2.1387309061053141E+00
     860.0000000000000000   1.7653460397468393E+01   2.1206225135174201E+00
     870.0000000000000000   1.7814736647199609E+01   2.1028904562854493E+00
     880.0000000000000000   1.7973418117800144E+01   2.0886679550914966E+00
     890.0000000000000000   1.8134149840994429E+01   2.0716077683776066E+00
     900.0000000000000000   1.8294612158126260E+01   2.0548849164770289E+00
     910.0000000000000000   1.8454807503008958E+01   2.0384911490099644E+00
     920.0000000000000000   1.8614738521053397E+01   2.0224181511142305E+00
     930.0000000000000000   1.8774408257761934E+01   2.0066573128500207E+00
     940.0000000000000000   1.8933820345944358E+01   1.9911995023890667E+00
     950.0000000000000000   1.9092978841441823E+01   1.9760352885781016E+00
     960.0000000000000000   1.9251887942666016E+01   1.9611553079860367E+00
     970.0000000000000000   1.9410551735303439E+01   1.9465505912282834E+00
     980.0000000000000000   1.9568974006572390E+01   1.9322127844497068E+00
     990.0000000000000000   1.9727158189085987E+01   1.9181341962365901E+00
    1000.0000000000000000   1.9885107431818707E+01   1.9043076847508351E+00
    1100.0000000000000000   2.1452312537528332E+01   1.7785226399857565E+00
    1200.0000000000000000   2.3000979617157611E+01   1.6694959083175009E+00
    1300.0000000000000000   2.4533116162228712E+01   1.5736693524385070E+00
    1400.0000000000000000   2.6050418526032708E+01   1.4883985170999274E+00
    1500.0000000000000000   2.7552393398057209E+01   1.4135914004374128E+00
    1600.0000000000000000   2.9040369661150848E+01   1.3473926521053825E+00
    1700.0000000000000000   3.0517238060579835E+01   1.2867559649463978E+00
    1800.0000000000000000   3.1982137897217164E+01   1.2323423898284573E+00
    1900.0000000000000000   3.3437565978318077E+01   1.1818189455422936E+00
    2000.0000000000000000   3.4882473870562428E+01   1.1360526529419241E+00
    2100.0000000000000000   3.6317705811540698E+01   1.0942611806574178E+00
    2200.0000000000000000   3.7743913724896622E+01   1.0558838138114393E+00
    2300.0000000000000000   3.9162800381763894E+01   1.0196087389734207E+00
    2400.0000000000000000   4.0573680612777970E+01   9.8601230516189886E-01
    2500.0000000000000000   4.1975095104653747E+01   9.5610324338043051E-01
    2526.9989999999997963   4.2352608763368941E+01   9.4810885198204731E-01
    2527.0010000000002037   4.2352636781419143E+01   9.4810821604001738E-01
    2600.0000000000000000   4.3370730531833921E+01   9.2726234482712200E-01
    2631.9989999999997963   4.3816183972720289E+01   9.1822307919503743E-01
    2632.0010000000002037   4.3816211982254401E+01   9.1822239484853907E-01
    2700.0000000000000000   4.4760935489416056E+01   8.9935207881319945E-01
    2800.0000000000000000   4.6142578427901448E+01   8.7448479255633194E-01
    2871.9989999999997963   4.7133343411663930E+01   8.5761677433606265E-01
    2872.0010000000002037   4.7133371041305345E+01   8.5761622409318916E-01
    2900.0000000000000000   4.7519571132029057E+01   8.5012053980801372E-01
    3000.0000000000000000   4.8888858608784140E+01   8.2825075179875074E-01
    3100.0000000000000000   5.0254072033498396E+01   8.0662428487047999E-01
    3200.0000000000000000   5.1613153606896198E+01   7.8652833463530958E-01
    3300.0000000000000000   5.2967442753693739E+01   7.6723031914665962E-01
    3400.0000000000000000   5.4316165618585721E+01   7.4917926803378920E-01
    3500.0000000000000000   5.5659674070548618E+01   7.3219465105111992E-01
    3600.0000000000000000   5.6997821359432976E+01   7.1635691531974421E-01
    3700.0000000000000000   5.8332446102169271E+01   7.0075263944329580E-01
    3800.0000000000000000   5.9661425700684411E+01   6.8646013664086181E-01
    3900.0000000000000000   6.0988623828268473E+01   6.7157081806427588E-01
    4000.0000000000000000   6.2309648019347641E+01   6.5834253219676797E-01
    4100.0000000000000000   6.3628035472502305E+01   6.4496421179842889E-01
    4200.0000000000000000   6.4940552691355037E+01   6.3312983589209704E-01
    4300.0000000000000000   6.6250234838896759E+01   6.2126706054510272E-01
    4400.0000000000000000   6.7556877745118825E+01   6.0962149135266075E-01
    4500.0000000000000000   6.8858975166530485E+01   5.9889633748216697E-01
    4600.0000000000000000   7.0157604145010779E+01   5.8851712126230027E-01
    4700.0000000000000000   7.1453717437351628E+01   5.7819064839482892E-01
    4800.0000000000000000   7.2747194751573531E+01   5.6793687710303797E-01
    4900.0000000000000000   7.4036430822681410E+01   5.5846151989252057E-01
    5000.0000000000000000   7.5321994207816857E+01   5.4954723296427199E-01
    5100.0000000000000000   7.6604853812937407E+01   5.4080804446572606E-01
    5200.0000000000000000   7.7885211762307932E+01   5.3217777201719307E-01
    5300.0000000000000000   7.9162402563279926E+01   5.2392943225764510E-01
    5400.0000000000000000   8.0435631183751511E+01   5.1637545746190561E-01
    5500.0000000000000000   8.1705329242986622E+01   5.0932739086725809E-01
    5600.0000000000000000   8.2975529313124994E+01   5.0132382907250805E-01
    5700.0000000000000000   8.4241566710630423E+01   4.9409256781448313E-01
    5800.0000000000000000   8.5504928004382165E+01   4.8712391063294824E-01
    5900.0000000000000000   8.6765380029545710E+01   4.8052219176125704E-01
    6000.0000000000000000   8.8024180354083470E+01   4.7376531230439489E-01
    6100.0000000000000000   8.9278181929698505E+01   4.6795430223322737E-01
    6200.0000000000000000   9.0532968492173509E+01   4.6136127817836770E-01
    6300.0000000000000000   9.1785291113650501E+01   4.5492978406388668E-01
    6400.0000000000000000   9.3033838574360558E+01   4.4908906986951341E-01
    6500.0000000000000000   9.4278020691398254E+01   4.4422476479039052E-01
    6600.0000000000000000   9.5521943134562520E+01   4.3875245755519626E-01
    6700.0000000000000000   9.6763195517067288E+01   4.3362851024890797E-01
    6800.0000000000000000   9.8003752772905756E+01   4.2819018692722177E-01
    6900.0000000000000000   9.9240893414646848E+01   4.2324717507098208E-01
    7000.0000000000000000   1.0047865580216799E+02   4.1768490605438413E-01
    7100.0000000000000000   1.0171397299744193E+02   4.1224743501314404E-01
    7200.0000000000000000   1.0294580156676025E+02   4.0758113736850538E-01
    7300.0000000000000000   1.0417434193418910E+02   4.0326813550620033E-01
    7400.0000000000000000   1.0539971078993558E+02   3.9952799125480726E-01
    7500.0000000000000000   1.0662842076645863E+02   3.9428054430284099E-01
    7600.0000000000000000   1.0785201090284346E+02   3.9005677237128356E-01
    7700.0000000000000000   1.0907218391391244E+02   3.8655870951595822E-01
    7800.0000000000000000   1.1029605866729428E+02   3.8136413402616548E-01
    7900.0000000000000000   1.1151300044611288E+02   3.7780439737423915E-01
    8000.0000000000000000   1.1272987012303706E+02   3.7395505156921915E-01
    8100.0000000000000000   1.1394479471874747E+02   3.7015663464066739E-01
    8200.0000000000000000   1.1515772803872221E+02   3.6641341406181438E-01
    8300.0000000000000000   1.1637021610550696E+02   3.6265646386011891E-01
    8400.0000000000000000   1.1758221876826694E+02   3.5859153252027104E-01
    8500.0000000000000000   1.1878555840518291E+02   3.5638825848316597E-01
    8600.0000000000000000   1.1999498477174201E+02   3.5217728683721167E-01
    8700.0000000000000000   1.2120126119329593E+02   3.4854222709624394E-01
    8800.0000000000000000   1.2240241337416802E+02   3.4602813287004291E-01
    8900.0000000000000000   1.2360672687834854E+02   3.4224792462665815E-01
    9000.0000000000000000   1.2480856468377583E+02   3.3869389823844254E-01
    9100.0000000000000000   1.2600491091857836E+02   3.3619179560983031E-01
    9200.0000000000000000   1.2719958014285896E+02   3.3388126805409851E-01
    9300.0000000000000000   1.2839882064198312E+02   3.3015351038286078E-01
    9400.0000000000000000   1.2959432467729795E+02   3.2712819710251023E-01
    9500.0000000000000000   1.3078908716137667E+02   3.2395047444982805E-01
    9600.0000000000000000   1.3198255179919306E+02   3.2076180351855521E-01
    9700.0000000000000000   1.3317251319718432E+02   3.1811643333935791E-01
    9800.0000000000000000   1.3435983033843451E+02   3.1582204634134248E-01
    9900.0000000000000000   1.3554578546408709E+02   3.1356934687211369E-01
   10000.0000000000000000   1.3673108934942059E+02   3.1119262578734364E-01
   11000.0000000000000000   1.4852656680844134E+02   2.8714529812218142E-01
   12000.0000000000000000   1.6020723124509510E+02   2.6613040858442150E-01
   13000.0000000000000000   1.7177453819657035E+02   2.4905388584804067E-01
   14000.0000000000000000   1.8325304076469939E+02   2.3357274875561285E-01
   15000.0000000000000000   1.9463782195675680E+02   2.2033936335472376E-01
   16000.0000000000000000   2.0594513856218600E+02   2.0873149457042955E-01
   17000.0000000000000000   2.1716619351163979E+02   1.9938682202616606E-01
   18000.0000000000000000   2.2833366614766774E+02   1.8930300666669861E-01
   19000.0000000000000000   2.3942706137288070E+02   1.8045491848864106E-01
   20000.0000000000000000   2.5046782656729360E+02   1.7267553481190379E-01
   20005.9989999999997963   2.5053620220821674E+02   1.7230891249578903E-01
   20006.0010000000002037   2.5053622475980700E+02   1.7230882214977977E-01
   21000.0000000000000000   2.6144146521751907E+02   1.6633972896424817E-01
   22000.0000000000000000   2.7236536887336888E+02   1.5922858252692537E-01
   23000.0000000000000000   2.8323374489334151E+02   1.5317971361549323E-01
   24000.0000000000000000   2.9406051841662213E+02   1.4792470971854232E-01
   25000.0000000000000000   3.0484256232543157E+02   1.4301304776853102E-01
   26000.0000000000000000   3.1557742850418396E+02   1.3845555588760874E-01
   27000.0000000000000000   3.2626080600858342E+02   1.3462517933578699E-01
   28000.0000000000000000   3.3690848508995606E+02   1.2967396622594571E-01
   29000.0000000000000000   3.4753535560797530E+02   1.2608017892169390E-01
   30000.0000000000000000   3.5810616591572705E+02   1.2193402488600756E-01
   31000.0000000000000000   3.6866758813757519E+02   1.1843013072972328E-01
   32000.0000000000000000   3.7916538672915300E+02   1.1520375297056364E-01
   33000.0000000000000000   3.8961592635993850E+02   1.1314299191320330E-01
   34000.0000000000000000   4.0005595865417541E+02   1.1036332954968026E-01
   35000.0000000000000000   4.1048380052059701E+02   1.0656832364714389E-01
   36000.0000000000000000   4.2085875314440415E+02   1.0563253753756956E-01
   37000.0000000000000000   4.3123787419581777E+02   1.0283788327133103E-01
   38000.0000000000000000   4.4158585574672321E+02   9.8968224564915247E-02
   39000.0000000000000000   4.5183137610653012E+02   9.8512966805876678E-02
   40000.0000000000000000   4.6216647092283392E+02   9.5085752674719609E-02
   41000.0000000000000000   4.7236846787870206E+02   9.4319839812512546E-02
   42000.0000000000000000   4.8262425183428326E+02   9.2828710820017479E-02
   43000.0000000000000000   4.9279831496371139E+02   8.9609720674115434E-02
   44000.0000000000000000   5.0302956889626017E+02   8.7372377446719163E-02
   45000.0000000000000000   5.1319679900641825E+02   8.5462333974810373E-02
   46000.0000000000000000   5.2328693840381823E+02   8.4230659676113831E-02
   47000.0000000000000000   5.3340714441252214E+02   8.2352351653259576E-02
   48000.0000000000000000   5.4352815174912473E+02   8.0734458447498880E-02
   49000.0000000000000000   5.5359472693759483E+02   8.0807951353947055E-02
   50000.0000000000000000   5.6365774060377669E+02   7.9192458819787037E-02
