       1.0000000000000000   1.0000000000000000E+30   0.0000000000000000E+00
       2.0000000000000000   1.0000000000000000E+30  -6.8197896203997095E+00
       3.0000000000000000   1.0000000000000000E+30  -9.4134494128703423E+00
       4.0000000000000000   1.0000000000000000E+30  -9.5390516455713552E+00
       5.0000000000000000   1.0000000000000000E+30  -8.9391347245006170E+00
       6.0000000000000000   1.0000000000000000E+30  -8.1735258239211497E+00
       7.0000000000000000   1.0000000000000000E+30  -7.4211841464404529E+00
       8.0000000000000000   1.0000000000000000E+30  -6.7359738717734183E+00
       9.0000000000000000   1.0000000000000000E+30  -6.1287677054735585E+00
      10.0000000000000000   1.0000000000000000E+30  -5.5957403983072682E+00
      11.0000000000000000   1.0000000000000000E+30  -5.1286360885789852E+00
      12.0000000000000000   1.0000000000000000E+30  -4.7185516368315925E+00
      13.0000000000000000   1.0000000000000000E+30  -4.3572678204288628E+00
      14.0000000000000000   1.0000000000000000E+30  -4.0376308610931355E+00
      15.0000000000000000   1.0000000000000000E+30  -3.7535710457251086E+00
      16.0000000000000000   1.0000000000000000E+30  -3.4999939143786261E+00
      17.0000000000000000   1.0000000000000000E+30  -3.2726387418034184E+00
      18.0000000000000000   1.0000000000000000E+30  -3.0679410225112611E+00
      19.0000000000000000   1.0000000000000000E+30  -2.8829114990049214E+00
      20.0000000000000000   1.0000000000000000E+30  -2.7150343486559718E+00
      21.0000000000000000   1.0000000000000000E+30  -2.5621833081847929E+00
      22.0000000000000000   1.0000000000000000E+30  -2.4225532736493114E+00
      23.0000000000000000   1.0000000000000000E+30  -2.2946047470818307E+00
      24.0000000000000000   1.0000000000000000E+30  -2.1770187425499832E+00
      25.0000000000000000   1.0000000000000000E+30  -2.0686601268270968E+00
      26.0000000000000000   1.0000000000000000E+30  -1.9685477342077453E+00
      27.0000000000000000   1.0000000000000000E+30  -1.8758299175162094E+00
      28.0000000000000000   1.0000000000000000E+30  -1.7897644668431754E+00
      29.0000000000000000   1.0000000000000000E+30  -1.7097020461439503E+00
      30.0000000000000000   1.0000000000000000E+30  -1.6350724723499246E+00
      31.0000000000000000   1.0000000000000000E+30  -1.5653732998153460E+00
      32.0000000000000000   1.0000000000000000E+30  -1.5001602818958366E+00
      33.0000000000000000   1.0000000000000000E+30  -1.4390393673133040E+00
      34.0000000000000000   1.0000000000000000E+30  -1.3816599566595174E+00
      35.0000000000000000   1.0000000000000000E+30  -1.3277091978719544E+00
      36.0000000000000000   1.0000000000000000E+30  -1.2769071418811924E+00
      37.0000000000000000   1.0000000000000000E+30  -1.2290026132970382E+00
      38.0000000000000000   1.0000000000000000E+30  -1.1837696778517726E+00
      39.0000000000000000   1.0000000000000000E+30  -1.1410046098134663E+00
      40.0000000000000000   1.0000000000000000E+30  -1.1005232798554885E+00
      41.0000000000000000   1.0000000000000000E+30  -1.0621588978031493E+00
      42.0000000000000000   1.0000000000000000E+30  -1.0257600559642359E+00
      43.0000000000000000   1.0000000000000000E+30  -9.9118902792582697E-01
      44.0000000000000000   1.0000000000000000E+30  -9.5832028518854140E-01
      45.0000000000000000   1.0000000000000000E+30  -9.2703920014420560E-01
      46.0000000000000000   1.0000000000000000E+30  -8.9724090894720920E-01
      47.0000000000000000   1.0000000000000000E+30  -8.6882931199236035E-01
      48.0000000000000000   1.0000000000000000E+30  -8.4171619315892521E-01
      49.0000000000000000   1.0000000000000000E+30  -8.1582044184462987E-01
      50.0000000000000000   1.0000000000000000E+30  -7.9106736420115009E-01
      51.0000000000000000   1.0000000000000000E+30  -7.6738807197960446E-01
      52.0000000000000000   1.0000000000000000E+30  -7.4471893907004327E-01
      53.0000000000000000   1.0000000000000000E+30  -7.2300111722894367E-01
      54.0000000000000000   1.0000000000000000E+30  -7.0218010367879335E-01
      55.0000000000000000   1.0000000000000000E+30  -6.8220535427119355E-01
      56.0000000000000000   1.0000000000000000E+30  -6.6302993676001343E-01
      57.0000000000000000   1.0000000000000000E+30  -6.4461021945885333E-01
      58.0000000000000000   1.0000000000000000E+30  -6.2690559117811595E-01
      59.0000000000000000   1.0000000000000000E+30  -6.0987820886830246E-01
      60.0000000000000000   1.0000000000000000E+30  -5.9349276985179478E-01
      61.0000000000000000   1.0000000000000000E+30  -5.7771630591714529E-01
      62.0000000000000000   1.0000000000000000E+30  -5.6251799688744453E-01
      63.0000000000000000   1.0000000000000000E+30  -5.4786900156588536E-01
      64.0000000000000000   1.0000000000000000E+30  -5.3374230421398583E-01
      65.0000000000000000   1.0000000000000000E+30  -5.2011257493681207E-01
      66.0000000000000000   1.0000000000000000E+30  -5.0695604253982940E-01
      67.0000000000000000   1.0000000000000000E+30  -4.9425037858770016E-01
      68.0000000000000000   1.0000000000000000E+30  -4.8197459153998667E-01
      69.0000000000000000   1.0000000000000000E+30  -4.7010892996515496E-01
      70.0000000000000000   1.0000000000000000E+30  -4.5863479394506368E-01
      71.0000000000000000   1.0000000000000000E+30  -4.4753465387931812E-01
      72.0000000000000000   1.0000000000000000E+30  -4.3679197598434855E-01
      73.0000000000000000   1.0000000000000000E+30  -4.2639115385732551E-01
      74.0000000000000000   1.0000000000000000E+30  -4.1631744554143063E-01
      75.0000000000000000   1.0000000000000000E+30  -4.0655691558765805E-01
      76.0000000000000000   1.0000000000000000E+30  -3.9709638166024180E-01
      77.0000000000000000   1.0000000000000000E+30  -3.8792336527882804E-01
      78.0000000000000000   1.0000000000000000E+30  -3.7902604633135334E-01
      79.0000000000000000   1.0000000000000000E+30  -3.7039322102791988E-01
      80.0000000000000000   1.0000000000000000E+30  -3.6201426299827827E-01
      81.0000000000000000   1.0000000000000000E+30  -3.5387908726437689E-01
      82.0000000000000000   1.0000000000000000E+30  -3.4597811684515667E-01
      83.0000000000000000   1.0000000000000000E+30  -3.3830225177378270E-01
      84.0000000000000000   1.0000000000000000E+30  -3.3084284032811850E-01
      85.0000000000000000   1.0000000000000000E+30  -3.2359165229369197E-01
      86.0000000000000000   1.0000000000000000E+30  -3.1654085409496968E-01
      87.0000000000000000   1.0000000000000000E+30  -3.0968298564567259E-01
      88.0000000000000000   1.0000000000000000E+30  -3.0301093878221935E-01
      89.0000000000000000   1.0000000000000000E+30  -2.9651793715647595E-01
      90.0000000000000000   1.0000000000000000E+30  -2.9019751747486811E-01
      91.0000000000000000   1.0000000000000000E+30  -2.8404351198070543E-01
      92.0000000000000000   1.0000000000000000E+30  -2.7805003208547868E-01
      93.0000000000000000   1.0000000000000000E+30  -2.7221145306288747E-01
      94.0000000000000000   1.0000000000000000E+30  -2.6652239972665337E-01
      95.0000000000000000   1.0000000000000000E+30  -2.6097773301973665E-01
      96.0000000000000000   1.0000000000000000E+30  -2.5557253744859315E-01
      97.0000000000000000   1.0000000000000000E+30  -2.5030210930150304E-01
      98.0000000000000000   1.0000000000000000E+30  -2.4516194559497870E-01
      99.0000000000000000   1.0000000000000000E+30  -2.4014773369673278E-01
     100.0000000000000000   1.0000000000000000E+30  -2.3525534157779862E-01
     110.0000000000000000   1.0000000000000000E+30  -1.9223476793824085E-01
     120.0000000000000000   1.0000000000000000E+30  -1.5789847210850810E-01
     130.0000000000000000   1.0000000000000000E+30  -1.3005050636248075E-01
     140.0000000000000000   1.0000000000000000E+30  -1.0715450727880391E-01
     150.0000000000000000   1.0000000000000000E+30  -8.8107059307845820E-02
     160.0000000000000000   1.0000000000000000E+30  -7.2097698397252871E-02
     170.0000000000000000   1.0000000000000000E+30  -5.8519441766387188E-02
     180.0000000000000000   1.0000000000000000E+30  -4.6909900869184180E-02
     190.0000000000000000   1.0000000000000000E+30  -3.6911514029730551E-02
     200.0000000000000000   1.0000000000000000E+30  -2.8244075361895066E-02
     210.0000000000000000   1.0000000000000000E+30  -2.0685372070336848E-02
     220.0000000000000000   1.0000000000000000E+30  -1.4057289015871333E-02
     230.0000000000000000   1.0000000000000000E+30  -8.2156740583687309E-03
     240.0000000000000000   1.0000000000000000E+30  -3.0428373194218952E-03
     250.0000000000000000   1.0000000000000000E+30   1.5580745109335724E-03
     260.0000000000000000   1.0000000000000000E+30   5.6673490831601328E-03
     270.0000000000000000   1.0000000000000000E+30   9.3519870356618996E-03
     280.0000000000000000   1.0000000000000000E+30   1.2668244782383367E-02
     290.0000000000000000   1.0000000000000000E+30   1.5663625286418546E-02
     300.0000000000000000   1.0000000000000000E+30   1.8378450317086365E-02
     310.0000000000000000   1.0000000000000000E+30   2.0847112267813838E-02
     320.0000000000000000   1.0000000000000000E+30   2.3099078375808619E-02
     330.0000000000000000   1.0000000000000000E+30   2.5159701990627802E-02
     340.0000000000000000   1.0000000000000000E+30   2.7050882277192219E-02
     350.0000000000000000   2.4400988817238240E+05   2.8791603972746629E-02
     360.0000000000000000   1.0649737304173989E+05   3.0398381555967420E-02
     370.0000000000000000   6.7498579604537023E+04   3.1885626738635930E-02
     380.0000000000000000   4.9197780796257786E+04   3.3265954068341388E-02
     390.0000000000000000   3.8633803606600770E+04   3.4550436286928596E-02
     400.0000000000000000   3.1788989763625341E+04   3.5748818673625601E-02
     410.0000000000000000   2.7011969170775268E+04   3.6869699732166215E-02
     420.0000000000000000   2.3500139963892190E+04   3.7920684124524255E-02
     430.0000000000000000   2.0816996390983175E+04   3.8908512611657009E-02
     440.0000000000000000   1.8705075818892092E+04   3.9839172860578066E-02
     450.0000000000000000   1.7002889805097806E+04   4.0717994262151086E-02
     460.0000000000000000   1.5604135698350083E+04   4.1549729333646805E-02
     470.0000000000000000   1.4436055427143850E+04   4.2338623822717872E-02
     480.0000000000000000   1.3447222045372988E+04   4.3088477260830274E-02
     490.0000000000000000   1.2600290361332833E+04   4.3802695415696181E-02
     500.0000000000000000   1.1867509326700205E+04   4.4484335849451155E-02
     510.0000000000000000   1.1227843397264915E+04   4.5136147590956084E-02
     520.0000000000000000   1.0665068713756715E+04   4.5760605767879582E-02
     530.0000000000000000   1.0166480155313811E+04   4.6359941910183437E-02
     540.0000000000000000   9.7219926060341659E+03   4.6936170525833862E-02
     550.0000000000000000   9.3235032693727098E+03   4.7491112457600439E-02
     560.0000000000000000   8.9644308471197746E+03   4.8026415453247692E-02
     570.0000000000000000   8.6393770180824340E+03   4.8543572317440629E-02
     580.0000000000000000   8.3438740501110806E+03   4.9043936960063317E-02
     590.0000000000000000   8.0741940870991893E+03   4.9528738610554124E-02
     600.0000000000000000   7.8272032667833764E+03   4.9999094429827758E-02
     610.0000000000000000   7.6002488755298791E+03   5.0456020719188907E-02
     620.0000000000000000   7.3910711567334301E+03   5.0900442898348518E-02
     630.0000000000000000   7.1977337305672972E+03   5.1333204401452288E-02
     640.0000000000000000   7.0185682142781679E+03   5.1755074620236985E-02
     650.0000000000000000   6.8521297850214323E+03   5.2166756006512646E-02
     660.0000000000000000   6.6971612523331023E+03   5.2568890431673752E-02
     670.0000000000000000   6.5525638049568333E+03   5.2962064888483922E-02
     680.0000000000000000   6.4173730344212572E+03   5.3346816609664081E-02
     690.0000000000000000   6.2907391616258728E+03   5.3723637668560642E-02
     700.0000000000000000   6.1719106346626722E+03   5.4092979119168466E-02
     710.0000000000000000   6.0602204485252405E+03   5.4455254725864391E-02
     720.0000000000000000   5.9550746760618540E+03   5.4810844327178129E-02
     730.0000000000000000   5.8559428058378207E+03   5.5160096872705594E-02
     740.0000000000000000   5.7623495646665642E+03   5.5503333167702833E-02
     750.0000000000000000   5.6738679664164665E+03   5.5840848355920479E-02
     760.0000000000000000   5.5901133786915598E+03   5.6172914167755432E-02
     770.0000000000000000   5.5107384383761746E+03   5.6499780957749234E-02
     780.0000000000000000   5.4354286782614881E+03   5.6821679552781050E-02
     790.0000000000000000   5.3638987518705317E+03   5.7138822929954536E-02
     800.0000000000000000   5.2958891635585742E+03   5.7451407741106755E-02
     810.0000000000000000   5.2311634270511759E+03   5.7759615699038674E-02
     820.0000000000000000   5.1695055886088849E+03   5.8063614838955897E-02
     830.0000000000000000   5.1107180616074966E+03   5.8363560667185885E-02
     840.0000000000000000   5.0546197279870121E+03   5.8659597207971030E-02
     850.0000000000000000   5.0010442691352528E+03   5.8951857958018994E-02
     860.0000000000000000   4.9498386946353257E+03   5.9240466757502719E-02
     870.0000000000000000   4.9008620421589276E+03   5.9525538585311955E-02
     880.0000000000000000   4.8539842258188773E+03   5.9807180285578458E-02
     890.0000000000000000   4.8090850136558938E+03   6.0085491231791910E-02
     900.0000000000000000   4.7660531177475059E+03   6.0360563934202457E-02
     910.0000000000000000   4.7247853827886693E+03   6.0632484595643930E-02
     920.0000000000000000   4.6851860609830119E+03   6.0901333620416366E-02
     930.0000000000000000   4.6471661627646026E+03   6.1167186080413521E-02
     940.0000000000000000   4.6106428742948747E+03   6.1430112142290404E-02
     950.0000000000000000   4.5755390338903071E+03   6.1690177459094414E-02
     960.0000000000000000   4.5417826605688761E+03   6.1947443529472526E-02
     970.0000000000000000   4.5093065287854815E+03   6.2201968027268621E-02
     980.0000000000000000   4.4780477841828997E+03   6.2453805104067880E-02
     990.0000000000000000   4.4479475958343601E+03   6.2703005667010522E-02
    1000.0000000000000000   4.4189508410134094E+03   6.2949617633984073E-02
    1100.0000000000000000   4.1796931879861877E+03   6.5282186720830776E-02
    1200.0000000000000000   4.0092703946526235E+03   6.7393452346089622E-02
    1300.0000000000000000   3.8854095482351145E+03   6.9305934032154543E-02
    1400.0000000000000000   3.7944845946831006E+03   7.1036369648310088E-02
    1500.0000000000000000   3.7276977552171911E+03   7.2598736542923786E-02
    1600.0000000000000000   3.6791175530056944E+03   7.4005559938794083E-02
    1700.0000000000000000   3.6446005406389518E+03   7.5268456931916070E-02
    1800.0000000000000000   3.6211652852862471E+03   7.6398344727026751E-02
    1900.0000000000000000   3.6066119708153451E+03   7.7405508494843123E-02
    2000.0000000000000000   3.5992821743213362E+03   7.8299617140181979E-02
    2100.0000000000000000   3.5979020783242731E+03   7.9089725524630589E-02
    2200.0000000000000000   3.6014771751614303E+03   7.9784278616861576E-02
    2300.0000000000000000   3.6092197644338507E+03   8.0391122554153441E-02
    2400.0000000000000000   3.6204979188224870E+03   8.0917523065749342E-02
    2500.0000000000000000   3.6347988515022189E+03   8.1370189970073767E-02
    2600.0000000000000000   3.6517021568373143E+03   8.1755305992477073E-02
    2700.0000000000000000   3.6708599530928977E+03   8.2078558227909854E-02
    2800.0000000000000000   3.6919819356086759E+03   8.2345170848613425E-02
    2900.0000000000000000   3.7148239796260905E+03   8.2559937973358422E-02
    3000.0000000000000000   3.7391793465564574E+03   8.2727255905984245E-02
    3100.0000000000000000   3.7648718251920227E+03   8.2851154194243340E-02
    3200.0000000000000000   3.7917503286240294E+03   8.2935325152190945E-02
    3300.0000000000000000   3.8196845986712392E+03   8.2983151635642460E-02
    3400.0000000000000000   3.8485617616812747E+03   8.2997732968229918E-02
    3500.0000000000000000   3.8782835451171582E+03   8.2981908993116513E-02
    3600.0000000000000000   3.9087640116014045E+03   8.2938282279430647E-02
    3700.0000000000000000   3.9399277015601438E+03   8.2869238548677629E-02
    3800.0000000000000000   3.9717081010239435E+03   8.2776965409390196E-02
    3900.0000000000000000   4.0040463700691462E+03   8.2663469501657025E-02
    4000.0000000000000000   4.0368902816129653E+03   8.2530592159616972E-02
    4100.0000000000000000   4.0701933310681738E+03   8.2380023701630084E-02
    4200.0000000000000000   4.1039139856175143E+03   8.2213316456110311E-02
    4300.0000000000000000   4.1380150482303416E+03   8.2031896627091663E-02
    4400.0000000000000000   4.1724631164845568E+03   8.1837075098300877E-02
    4500.0000000000000000   4.2072281201200703E+03   8.1630057268419307E-02
    4600.0000000000000000   4.2422829242908547E+03   8.1411952003752855E-02
    4700.0000000000000000   4.2776029878910840E+03   8.1183779787987284E-02
    4800.0000000000000000   4.3131660682498450E+03   8.0946480142274874E-02
    4900.0000000000000000   4.3489519650265047E+03   8.0700918382716536E-02
    5000.0000000000000000   4.3849422973774126E+03   8.0447891776449260E-02
    5100.0000000000000000   4.4211203094675639E+03   8.0188135152063258E-02
    5200.0000000000000000   4.4574707002168543E+03   7.9922326014986153E-02
    5300.0000000000000000   4.4939794738375385E+03   7.9651089213771301E-02
    5400.0000000000000000   4.5306338082672319E+03   7.9375001198927944E-02
    5500.0000000000000000   4.5674219390533617E+03   7.9094593911989600E-02
    5600.0000000000000000   4.6043330566188406E+03   7.8810358338940595E-02
    5700.0000000000000000   4.6413572151495209E+03   7.8522747758860534E-02
    5800.0000000000000000   4.6784852516032261E+03   7.8232180715700275E-02
    5900.0000000000000000   4.7157087135572192E+03   7.7939043738431801E-02
    6000.0000000000000000   4.7530197947933166E+03   7.7643693832399441E-02
    6100.0000000000000000   4.7904112776736474E+03   7.7346460762522065E-02
    6200.0000000000000000   4.8278764814899851E+03   7.7047649147026886E-02
    6300.0000000000000000   4.8654092160798855E+03   7.6747540378621082E-02
    6400.0000000000000000   4.9030037400966758E+03   7.6446394388406363E-02
    6500.0000000000000000   4.9406547234004111E+03   7.6144451266397822E-02
    6600.0000000000000000   4.9783572131053043E+03   7.5841932751207805E-02
    6700.0000000000000000   5.0161066028780142E+03   7.5539043600279451E-02
    6800.0000000000000000   5.0538986051315578E+03   7.5235972850999436E-02
    6900.0000000000000000   5.0917292258032894E+03   7.4932894982057102E-02
    7000.0000000000000000   5.1295947414429538E+03   7.4629970983565871E-02
    7100.0000000000000000   5.1674916783694562E+03   7.4327349343672397E-02
    7200.0000000000000000   5.2054167936833437E+03   7.4025166958685287E-02
    7300.0000000000000000   5.2433670579465243E+03   7.3723549973115227E-02
    7400.0000000000000000   5.2813396393623752E+03   7.3422614555445492E-02
    7500.0000000000000000   5.3193318893079886E+03   7.3122467614932046E-02
    7600.0000000000000000   5.3573413290869175E+03   7.2823207464262893E-02
    7700.0000000000000000   5.3953656377850048E+03   7.2524924432480709E-02
    7800.0000000000000000   5.4334026411247123E+03   7.2227701432186389E-02
    7900.0000000000000000   5.4714503012244077E+03   7.1931614484692361E-02
    8000.0000000000000000   5.5095067071789326E+03   7.1636733206478051E-02
    8100.0000000000000000   5.5475700663864754E+03   7.1343121260009537E-02
    8200.0000000000000000   5.5856386965544461E+03   7.1050836771729256E-02
    8300.0000000000000000   5.6237110183238756E+03   7.0759932719776764E-02
    8400.0000000000000000   5.6617855484578577E+03   7.0470457293793587E-02
    8500.0000000000000000   5.6998608935450675E+03   7.0182454228963284E-02
    8600.0000000000000000   5.7379357441739776E+03   6.9895963116259979E-02
    8700.0000000000000000   5.7760088695378608E+03   6.9611019690718992E-02
    8800.0000000000000000   5.8140791124343523E+03   6.9327656099389651E-02
    8900.0000000000000000   5.8521453846268168E+03   6.9045901150499855E-02
    9000.0000000000000000   5.8902066625377911E+03   6.8765780545233995E-02
    9100.0000000000000000   5.9282619832475357E+03   6.8487317093417058E-02
    9200.0000000000000000   5.9663104407731716E+03   6.8210530914291814E-02
    9300.0000000000000000   6.0043511826060785E+03   6.7935439623482391E-02
    9400.0000000000000000   6.0423834064872744E+03   6.7662058507151818E-02
    9500.0000000000000000   6.0804063574022002E+03   6.7390400684282814E-02
    9600.0000000000000000   6.1184193247780349E+03   6.7120477257936434E-02
    9700.0000000000000000   6.1564216398680846E+03   6.6852297456279311E-02
    9800.0000000000000000   6.1944126733091143E+03   6.6585868764108769E-02
    9900.0000000000000000   6.2323918328386926E+03   6.6321197045548771E-02
   10000.0000000000000000   6.2703585611607086E+03   6.6058286658539203E-02
   11000.0000000000000000   6.6492408783926821E+03   6.3526132045422873E-02
   12000.0000000000000000   7.0264635115963129E+03   6.1167065811023012E-02
   13000.0000000000000000   7.4018233971484578E+03   5.8972274058003454E-02
   14000.0000000000000000   7.7752264674714161E+03   5.6930228629756795E-02
   15000.0000000000000000   8.1466434954441265E+03   5.5028651574305990E-02
   16000.0000000000000000   8.5160841924058823E+03   5.3255500905566085E-02
   17000.0000000000000000   8.8835815749620688E+03   5.1599439733406943E-02
   18000.0000000000000000   9.2491823199320352E+03   5.0050031008239473E-02
   19000.0000000000000000   9.6129407171675139E+03   4.8597787551686457E-02
   20000.0000000000000000   9.9749148385724056E+03   4.7234147791325988E-02
   21000.0000000000000000   1.0335164100682365E+04   4.5951415717274777E-02
   22000.0000000000000000   1.0693747718387745E+04   4.4742686094943723E-02
   23000.0000000000000000   1.1050723736157870E+04   4.3601766260607216E-02
   24000.0000000000000000   1.1406148437241794E+04   4.2523100394443972E-02
   25000.0000000000000000   1.1760076001849298E+04   4.1501699121967453E-02
   26000.0000000000000000   1.2112558329763255E+04   4.0533075601020388E-02
   27000.0000000000000000   1.2463644971331718E+04   3.9613188326918271E-02
   28000.0000000000000000   1.2813383129338137E+04   3.8738390403347915E-02
   29000.0000000000000000   1.3161817706484477E+04   3.7905384792232752E-02
   30000.0000000000000000   1.3508991381388549E+04   3.7111184962668825E-02
