       0.1000000000000000   6.7789973930422661E+01   4.3007345456235596E-04
       0.2000000000000000   5.9269976741238317E+01   8.4740823085204702E-04
       0.3000000000000000   5.6222727634853278E+01   1.2683842942993078E-03
       0.4000000000000000   5.4864060996034517E+01   1.6765793860369083E-03
       0.5000000000000000   5.4027386764919022E+01   2.0858181744614133E-03
       0.6000000000000000   5.3444978537908526E+01   2.4966322465382997E-03
       0.7000000000000000   5.3012705285611588E+01   2.9095455058754821E-03
       0.7999999999999999   5.2672802208494758E+01   3.3249008313094687E-03
       0.8999999999999999   5.2398960544433479E+01   3.7417365745084914E-03
       0.9999999999999999   5.2165111911724019E+01   4.1617022823644068E-03
       2.0000000000000000   5.0690270660072471E+01   8.5127637439407766E-03
       3.0000000000000000   4.9544633061087062E+01   1.3193406367754516E-02
       4.0000000000000000   4.8386243552429370E+01   1.8253051407740317E-02
       5.0000000000000000   4.7181725019625141E+01   2.3728062065712409E-02
       6.0000000000000000   4.5944005210647973E+01   2.9647530322221640E-02
       7.0000000000000000   4.4696567817736288E+01   3.6028165844188817E-02
       8.0000000000000000   4.3456701329583893E+01   4.2881941515857641E-02
       9.0000000000000000   4.2238267456344957E+01   5.0215961369104264E-02
      10.0000000000000000   4.1050080237130558E+01   5.8035591934563723E-02
      11.0000000000000000   3.9898807085432878E+01   6.6342913559767139E-02
      12.0000000000000000   3.8788399617244636E+01   7.5137504152061524E-02
      13.0000000000000000   3.7721576287648666E+01   8.4417063301984424E-02
      14.0000000000000000   3.6698559921673834E+01   9.4180664259733468E-02
      15.0000000000000000   3.5718932136497791E+01   1.0442712069686978E-01
      16.0000000000000000   3.4781962795469902E+01   1.1515385573477099E-01
      17.0000000000000000   3.3885929063938207E+01   1.2636059208252282E-01
      18.0000000000000000   3.3029216832766878E+01   1.3804665884710959E-01
      19.0000000000000000   3.2209822951715147E+01   1.5021225704698146E-01
      20.0000000000000000   3.1425702241134562E+01   1.6285913939517438E-01
      21.0000000000000000   3.0674734601384134E+01   1.7599031934718135E-01
      22.0000000000000000   2.9954987873717531E+01   1.8960891679968803E-01
      23.0000000000000000   2.9264541234131375E+01   2.0371927084264477E-01
      24.0000000000000000   2.8601472953662004E+01   2.1832779553216711E-01
      25.0000000000000000   2.7964015067253843E+01   2.3344161246406350E-01
      26.0000000000000000   2.7350495818659926E+01   2.4906910679947933E-01
      27.0000000000000000   2.6759343793985547E+01   2.6521991573742293E-01
      28.0000000000000000   2.6189105344700810E+01   2.8190480014817504E-01
      29.0000000000000000   2.5638398486846910E+01   2.9913596956869504E-01
      30.0000000000000000   2.5105961069808828E+01   3.1692680556026259E-01
      31.0000000000000000   2.4590595182069173E+01   3.3529219212845762E-01
      32.0000000000000000   2.4091220964435919E+01   3.5424803773231062E-01
      33.0000000000000000   2.3606806700692264E+01   3.7381196427676711E-01
      34.0000000000000000   2.3136409114254977E+01   3.9400292370258150E-01
      35.0000000000000000   2.2679149257981408E+01   4.1484136641845032E-01
      36.0000000000000000   2.2234212656364559E+01   4.3634928738041184E-01
      37.0000000000000000   2.1800843246666421E+01   4.5855029253250856E-01
      38.0000000000000000   2.1378340614185920E+01   4.8146966708342204E-01
      39.0000000000000000   2.0966051986957947E+01   5.0513446644970583E-01
      40.0000000000000000   2.0563374752866267E+01   5.2957354045951210E-01
      41.0000000000000000   2.0169746036291492E+01   5.5481770839507660E-01
      42.0000000000000000   1.9784643235196157E+01   5.8089980056278756E-01
      43.0000000000000000   1.9407581147195319E+01   6.0785479072597015E-01
      44.0000000000000000   1.9038110553521648E+01   6.3571980415475948E-01
      45.0000000000000000   1.8675810931008396E+01   6.6453440102473116E-01
      46.0000000000000000   1.8320292891094358E+01   6.9434057569150820E-01
      47.0000000000000000   1.7971194749316627E+01   7.2518291318857853E-01
      48.0000000000000000   1.7628180928443015E+01   7.5710871393950074E-01
      49.0000000000000000   1.7290940527463874E+01   7.9016812506784651E-01
      50.0000000000000000   1.6959185936973672E+01   8.2441426652883354E-01
      51.0000000000000000   1.6632651236420273E+01   8.5990336678716295E-01
      52.0000000000000000   1.6311092020775792E+01   8.9669487757555100E-01
      53.0000000000000000   1.5994284031844686E+01   9.3485158931277124E-01
      54.0000000000000000   1.5682022748026020E+01   9.7443973028753472E-01
      55.0000000000000000   1.5374122333743093E+01   1.0155290701333730E+00
      56.0000000000000000   1.5070415963963759E+01   1.0581930163568327E+00
      57.0000000000000000   1.4770757982368469E+01   1.1025082057039179E+00
      58.0000000000000000   1.4475017606628617E+01   1.1485552362829488E+00
      59.0000000000000000   1.4183082862419239E+01   1.1964181786842840E+00
      60.0000000000000000   1.3894864481851084E+01   1.2461839281605378E+00
      61.0000000000000000   1.3610288328287927E+01   1.2979428911905353E+00
      62.0000000000000000   1.3329301139275476E+01   1.3517879796590178E+00
      63.0000000000000000   1.3051869810832088E+01   1.4078142625282466E+00
      64.0000000000000000   1.2777981723951521E+01   1.4661182994760922E+00
      65.0000000000000000   1.2507645500271542E+01   1.5267972869937791E+00
      66.0000000000000000   1.2240891543937176E+01   1.5899479925283098E+00
      67.0000000000000000   1.1977772557143060E+01   1.6556654504813431E+00
      68.0000000000000000   1.1718363957827133E+01   1.7240413981689355E+00
      69.0000000000000000   1.1462764065124972E+01   1.7951624368036581E+00
      70.0000000000000000   1.1211094014369241E+01   1.8691079107996273E+00
      71.0000000000000000   1.0963497260777340E+01   1.9459475174025418E+00
      72.0000000000000000   1.0720138647966694E+01   2.0257386717730137E+00
      73.0000000000000000   1.0481202851370931E+01   2.1085236822248099E+00
      74.0000000000000000   1.0246892153742968E+01   2.1943268143293744E+00
      75.0000000000000000   1.0017423297063559E+01   2.2831513964547447E+00
      76.0000000000000000   9.7930244787702083E+00   2.3749768420542408E+00
      77.0000000000000000   9.5739297208301704E+00   2.4697564054579360E+00
      78.0000000000000000   9.3603744602398802E+00   2.5674149667043080E+00
      79.0000000000000000   9.1525896391999915E+00   2.6678476800059836E+00
      79.9989999999999952   8.9509944012194964E+00   2.7708150392541531E+00
      80.0000000000000000   8.9507956691908852E+00   2.7709193765989637E+00
      80.0010000000000048   8.9505969433588124E+00   2.7710237164199736E+00
      81.0000000000000000   8.7551963350973505E+00   2.8764648861205080E+00
      81.9989999999999952   8.5661589427373528E+00   2.9841814498119796E+00
      82.0000000000000000   8.5659729578150152E+00   2.9842903428422822E+00
      82.0010000000000048   8.5657869794248498E+00   2.9843992379342241E+00
      83.0000000000000000   8.3832791010369796E+00   3.0941754767137559E+00
      84.0000000000000000   8.2072361197122081E+00   3.2058768187021607E+00
      85.0000000000000000   8.0379298136664215E+00   3.3191316807414086E+00
      86.0000000000000000   7.8754083048498833E+00   3.4336627167745521E+00
      87.0000000000000000   7.7196812129646002E+00   3.5491828413472466E+00
      88.0000000000000000   7.5707201926185421E+00   3.6654002208760272E+00
      89.0000000000000000   7.4284604582433449E+00   3.7820232085870407E+00
      90.0000000000000000   7.2928034687069898E+00   3.8987648794942196E+00
      91.0000000000000000   7.1636202917832739E+00   4.0153471093660453E+00
      92.0000000000000000   7.0407554998289852E+00   4.1315040449020728E+00
      93.0000000000000000   6.9240313537837856E+00   4.2469849119667638E+00
      94.0000000000000000   6.8132520617657146E+00   4.3615561478632259E+00
      95.0000000000000000   6.7082079348331956E+00   4.4750028816616156E+00
      96.0000000000000000   6.6086793029238402E+00   4.5871298149783062E+00
      97.0000000000000000   6.5144400938731657E+00   4.6977615742002712E+00
      98.0000000000000000   6.4252610144229783E+00   4.8067426149950698E+00
      99.0000000000000000   6.3409123145313773E+00   4.9139367619711347E+00
     100.0000000000000000   6.2611661084749946E+00   5.0192264649848894E+00
     110.0000000000000000   5.6708766616752868E+00   5.9526505402382988E+00
     120.0000000000000000   5.3417113212100880E+00   6.6619686575076367E+00
     126.9989999999999952   5.2060441792341230E+00   7.0398807616948442E+00
     127.0010000000000048   5.2060136179113865E+00   7.0399764675626351E+00
     130.0000000000000000   5.1646505086717767E+00   7.1762367424412776E+00
     140.0000000000000000   5.0797691728684287E+00   7.5372070215868154E+00
     150.0000000000000000   5.0535530202625107E+00   7.7819091454469360E+00
     160.0000000000000000   5.0663873130016395E+00   7.9394268814306663E+00
     170.0000000000000000   5.1062267373333965E+00   8.0317015537248242E+00
     180.0000000000000000   5.1653433090122611E+00   8.0750873399053162E+00
     190.0000000000000000   5.2385862999603923E+00   8.0817656028991873E+00
     200.0000000000000000   5.3224083945077858E+00   8.0608471846060397E+00
     210.0000000000000000   5.4142969005525945E+00   8.0191877611864939E+00
     220.0000000000000000   5.5124283767127942E+00   7.9619802440476972E+00
     230.0000000000000000   5.6154515631921811E+00   7.8931835703844095E+00
     240.0000000000000000   5.7223466876587947E+00   7.8158339995130364E+00
     250.0000000000000000   5.8249848424755131E+00   7.7624269254899456E+00
     260.0000000000000000   5.9372847533363808E+00   7.6790062903699745E+00
     270.0000000000000000   6.0582989137095256E+00   7.5676610222680223E+00
     280.0000000000000000   6.1717540838161931E+00   7.4880276285948577E+00
     290.0000000000000000   6.2858331848917901E+00   7.4097413873204037E+00
     300.0000000000000000   6.4073165304030164E+00   7.3076367642155864E+00
     310.0000000000000000   6.5286975206814386E+00   7.2091802175708635E+00
     320.0000000000000000   6.6499533471863943E+00   7.1142023223985325E+00
     330.0000000000000000   6.7648317776868652E+00   7.0449831607222464E+00
     340.0000000000000000   6.8859845458029243E+00   6.9556482469686056E+00
     350.0000000000000000   7.0128141353953879E+00   6.8485249354248845E+00
     360.0000000000000000   7.1334310537806331E+00   6.7658789977232594E+00
     370.0000000000000000   7.2538687165212492E+00   6.6859548350214890E+00
     380.0000000000000000   7.3741233178310708E+00   6.6086224632051094E+00
     390.0000000000000000   7.4994384974550066E+00   6.5155299238303561E+00
     400.0000000000000000   7.6191634641013097E+00   6.4435979453976611E+00
     410.0000000000000000   7.7437147574858498E+00   6.3567247501837363E+00
     420.0000000000000000   7.8629274485709244E+00   6.2896361833791747E+00
     430.0000000000000000   7.9867464848943106E+00   6.2083519261623987E+00
     440.0000000000000000   8.1101733230331927E+00   6.1298659332733507E+00
     450.0000000000000000   8.2285853009147782E+00   6.0693787359491518E+00
     460.0000000000000000   8.3513297021396227E+00   5.9956659191668695E+00
     470.0000000000000000   8.4737088336710169E+00   5.9243545753330187E+00
     480.0000000000000000   8.5957316937300714E+00   5.8553239839654054E+00
     490.0000000000000000   8.7174070401371964E+00   5.7884615195195872E+00
     500.0000000000000000   8.8387434167165431E+00   5.7236618848523406E+00
     510.0000000000000000   8.9597491301444467E+00   5.6608265769967785E+00
     520.0000000000000000   9.0804322410224270E+00   5.5998633634080353E+00
     530.0000000000000000   9.2008005643916118E+00   5.5406857944464116E+00
     540.0000000000000000   9.3208616709184913E+00   5.4832127508560093E+00
     550.0000000000000000   9.4406228922447788E+00   5.4273680400302338E+00
     560.0000000000000000   9.5600913226158397E+00   5.3730800273830308E+00
     570.0000000000000000   9.6830936249773014E+00   5.3086648193239956E+00
     580.0000000000000000   9.8019357479024212E+00   5.2575290525533216E+00
     590.0000000000000000   9.9205059388289829E+00   5.2077505631033398E+00
     600.0000000000000000   1.0038810381593491E+01   5.1592733059910030E+00
     610.0000000000000000   1.0160481724025782E+01   5.1013050691178377E+00
     620.0000000000000000   1.0278214072926245E+01   5.0554803175634939E+00
     630.0000000000000000   1.0395698920611258E+01   5.0107993920131442E+00
     640.0000000000000000   1.0516439820399457E+01   4.9570554203448252E+00
     650.0000000000000000   1.0633389085489382E+01   4.9147174969319547E+00
     660.0000000000000000   1.0753535957285445E+01   4.8635761712047660E+00
     670.0000000000000000   1.0869972538795805E+01   4.8233974640069244E+00
     680.0000000000000000   1.0989548055283239E+01   4.7746637610491574E+00
     690.0000000000000000   1.1105493374636005E+01   4.7364796078655429E+00
     700.0000000000000000   1.1224519102932256E+01   4.6899774498704803E+00
     710.0000000000000000   1.1339993202366568E+01   4.6536399086629183E+00
     720.0000000000000000   1.1458489505493930E+01   4.6092102978712930E+00
     730.0000000000000000   1.1576721832193604E+01   4.5658267221232061E+00
     740.0000000000000000   1.1691497280728761E+01   4.5320850015926775E+00
     750.0000000000000000   1.1809228525671344E+01   4.4905597017484000E+00
     760.0000000000000000   1.1926709099866008E+01   4.4499760557868324E+00
     770.0000000000000000   1.2040825911742161E+01   4.4185594645577329E+00
     780.0000000000000000   1.2157831583321313E+01   4.3796485634266507E+00
     790.0000000000000000   1.2274598509191836E+01   4.3415896242302923E+00
     800.0000000000000000   1.2388093560943867E+01   4.3122635305625732E+00
     810.0000000000000000   1.2504409852010935E+01   4.2757156745661726E+00
     820.0000000000000000   1.2620498740806337E+01   4.2399407066496702E+00
     830.0000000000000000   1.2736363773052329E+01   4.2049136871525645E+00
     840.0000000000000000   1.2852009096318326E+01   4.1706090149232979E+00
     850.0000000000000000   1.2964509736109060E+01   4.1443958437892681E+00
     860.0000000000000000   1.3079740049281630E+01   4.1113754651675984E+00
     870.0000000000000000   1.3194760303773108E+01   4.0790148230642647E+00
     880.0000000000000000   1.3309574188489444E+01   4.0472924012097407E+00
     890.0000000000000000   1.3424185067659884E+01   4.0161881701351785E+00
     900.0000000000000000   1.3538595844248082E+01   3.9856838559281682E+00
     910.0000000000000000   1.3650000219426513E+01   3.9626201587064807E+00
     920.0000000000000000   1.3764032352675859E+01   3.9331862068258578E+00
     930.0000000000000000   1.3877872839468468E+01   3.9043030612368264E+00
     937.9990000000000236   1.3968248290475502E+01   3.8829105596826037E+00
     938.0009999999999764   1.3968271558413463E+01   3.8829035946609363E+00
     940.0000000000000000   1.3991524597107256E+01   3.8759544463552746E+00
     950.0000000000000000   1.4104990337365210E+01   3.8481250525551056E+00
     957.9990000000000236   1.4195074795994069E+01   3.8275258700626558E+00
     958.0009999999999764   1.4195097985360444E+01   3.8275191363510426E+00
     960.0000000000000000   1.4218272613725469E+01   3.8208003865855082E+00
     970.0000000000000000   1.4331373882346282E+01   3.7939665953744521E+00
     980.0000000000000000   1.4444296559004878E+01   3.7676103097561064E+00
     990.0000000000000000   1.4557043030145316E+01   3.7417185977740233E+00
    1000.0000000000000000   1.4669615664535542E+01   3.7162789215498266E+00
    1100.0000000000000000   1.5786274995211709E+01   3.4842693854241551E+00
    1102.9990000000000236   1.5820274530795480E+01   3.4762161952885520E+00
    1103.0009999999999764   1.5820297199041010E+01   3.4762108404719845E+00
    1200.0000000000000000   1.6892634089030476E+01   3.2763030615758622E+00
    1300.0000000000000000   1.7985146025719001E+01   3.0969426099458146E+00
    1400.0000000000000000   1.9065205806521181E+01   2.9405483168013764E+00
    1500.0000000000000000   2.0136161968344453E+01   2.7988387606098870E+00
    1600.0000000000000000   2.1198763723159480E+01   2.6694222593901999E+00
    1700.0000000000000000   2.2251697683234273E+01   2.5537886859025742E+00
    1800.0000000000000000   2.3295683590190148E+01   2.4498329328176300E+00
    1900.0000000000000000   2.4333356258299347E+01   2.3526509449299331E+00
    2000.0000000000000000   2.5361246233092817E+01   2.2674070812093241E+00
    2100.0000000000000000   2.6383811166396761E+01   2.1866890590687569E+00
    2200.0000000000000000   2.7401392382937026E+01   2.1099412011414058E+00
    2300.0000000000000000   2.8410589215134721E+01   2.0419931524789123E+00
    2400.0000000000000000   2.9415516786720634E+01   1.9767078457259475E+00
    2500.0000000000000000   3.0414615524140586E+01   1.9162459474364304E+00
    2600.0000000000000000   3.1408183891435762E+01   1.8600820145987786E+00
    2700.0000000000000000   3.2396483514683808E+01   1.8077790653609114E+00
    2800.0000000000000000   3.3381412209769238E+01   1.7568838497452861E+00
    2900.0000000000000000   3.4359947223563708E+01   1.7111766312960754E+00
    3000.0000000000000000   3.5335520765865454E+01   1.6663688468080984E+00
    3100.0000000000000000   3.6305228226367873E+01   1.6259639094205678E+00
    3200.0000000000000000   3.7272036655417011E+01   1.5863974171866131E+00
    3300.0000000000000000   3.8234953998903393E+01   1.5488884182143015E+00
    3400.0000000000000000   3.9194017740218392E+01   1.5133793267338176E+00
    3500.0000000000000000   4.0149264995984815E+01   1.4798203874619646E+00
    3600.0000000000000000   4.1100889941230264E+01   1.4479965897088387E+00
    3700.0000000000000000   4.2050765523513384E+01   1.4159748150091065E+00
    3800.0000000000000000   4.2995389490258191E+01   1.3874041424911785E+00
    3900.0000000000000000   4.3936993177812035E+01   1.3599923981160704E+00
    4000.0000000000000000   4.4877013995045459E+01   1.3322858653685274E+00
    4100.0000000000000000   4.5812268073491069E+01   1.3074896216141361E+00
    4200.0000000000000000   4.6746180201723199E+01   1.2822464747108879E+00
    4300.0000000000000000   4.7675414730236774E+01   1.2597766857905330E+00
    4400.0000000000000000   4.8603490705908875E+01   1.2367409948371819E+00
    4500.0000000000000000   4.9529258410257491E+01   1.2143281165871675E+00
    4600.0000000000000000   5.0451621127696498E+01   1.1934476968548333E+00
    4700.0000000000000000   5.1370610353641979E+01   1.1741794841870736E+00
    4800.0000000000000000   5.2288384039633193E+01   1.1545005181846404E+00
    4900.0000000000000000   5.3203391651686907E+01   1.1358329510851548E+00
    5000.0000000000000000   5.4116150258715180E+01   1.1177763727055507E+00
    5100.0000000000000000   5.5026678871096102E+01   1.1003178312407136E+00
    5200.0000000000000000   5.5934974050316860E+01   1.0834662629229026E+00
    5300.0000000000000000   5.6841227083395381E+01   1.0670918204051114E+00
    5400.0000000000000000   5.7747075210285203E+01   1.0498887925138527E+00
    5500.0000000000000000   5.8648712713666711E+01   1.0348968092908117E+00
    5600.0000000000000000   5.9547722831323568E+01   1.0208154988372615E+00
    5700.0000000000000000   6.0446304625737007E+01   1.0060798879442634E+00
    5800.0000000000000000   6.1341399894408227E+01   9.9287268180664501E-01
    5900.0000000000000000   6.2237468033320297E+01   9.7799494633404083E-01
    6000.0000000000000000   6.3128263257113680E+01   9.6599927779930939E-01
    6100.0000000000000000   6.4019176926782933E+01   9.5305405799744547E-01
    6200.0000000000000000   6.4909094770308187E+01   9.3982489573445793E-01
    6300.0000000000000000   6.5794535528813086E+01   9.2888801940113619E-01
    6400.0000000000000000   6.6679502041392894E+01   9.1746598021849957E-01
    6500.0000000000000000   6.7564261380361529E+01   9.0530415992851876E-01
    6600.0000000000000000   6.8445890117791294E+01   8.9450901969270613E-01
    6700.0000000000000000   6.9327297269144438E+01   8.8303935132548006E-01
    6800.0000000000000000   7.0205235868973134E+01   8.7310900559326377E-01
    6900.0000000000000000   7.1083220250475293E+01   8.6239505994315102E-01
    7000.0000000000000000   7.1957840123972517E+01   8.5311160463928559E-01
    7100.0000000000000000   7.2832151399823829E+01   8.4331532379644736E-01
    7200.0000000000000000   7.3704910754625317E+01   8.3374005271700558E-01
    7300.0000000000000000   7.4576447459463779E+01   8.2440973054547795E-01
    7400.0000000000000000   7.5447684151161198E+01   8.1449473188494936E-01
    7500.0000000000000000   7.6315351399702763E+01   8.0616858515430023E-01
    7600.0000000000000000   7.7180911563024395E+01   7.9843634776396744E-01
    7700.0000000000000000   7.8049103425557519E+01   7.8855264865389241E-01
    7800.0000000000000000   7.8912351691257285E+01   7.8101476286749416E-01
    7900.0000000000000000   7.9775030771496887E+01   7.7318321654791444E-01
    8000.0000000000000000   8.0637395147834454E+01   7.6497651070193473E-01
    8100.0000000000000000   8.1497639082532316E+01   7.5742706578385810E-01
    8200.0000000000000000   8.2357406675362213E+01   7.4960931160421895E-01
    8300.0000000000000000   8.3214550245438616E+01   7.4269384852158060E-01
    8400.0000000000000000   8.4071356717942834E+01   7.3550999236783821E-01
    8500.0000000000000000   8.4928830365619490E+01   7.2742971592307082E-01
    8600.0000000000000000   8.5780718704986683E+01   7.2179048791951794E-01
    8700.0000000000000000   8.6635319208244638E+01   7.1429763441463034E-01
    8800.0000000000000000   8.7487593721982648E+01   7.0761618553793282E-01
    8900.0000000000000000   8.8336559807208744E+01   7.0213836755643910E-01
    8985.9989999999997963   8.9067935920339423E+01   6.9640230907527179E-01
    8986.0010000000002037   8.9067952454526704E+01   6.9640241721787344E-01
    9000.0000000000000000   8.9187223550910034E+01   6.9534606004040600E-01
    9100.0000000000000000   9.0037158841655454E+01   6.8843093173118197E-01
    9200.0000000000000000   9.0885750504795340E+01   6.8176219061545307E-01
    9300.0000000000000000   9.1730979613521157E+01   6.7638760740462878E-01
    9400.0000000000000000   9.2574836975089269E+01   6.7129091363391324E-01
    9500.0000000000000000   9.3419923253075410E+01   6.6521808538153904E-01
    9600.0000000000000000   9.4264326863928247E+01   6.5910069671764293E-01
    9700.0000000000000000   9.5107146291081236E+01   6.5334582700561350E-01
    9800.0000000000000000   9.5948681256972719E+01   6.4780512515860866E-01
    9900.0000000000000000   9.6789207747333734E+01   6.4235399398664539E-01
   10000.0000000000000000   9.7628727320022151E+01   6.3700265906654840E-01
   11000.0000000000000000   1.0597170590172807E+02   5.8865972644988007E-01
   12000.0000000000000000   1.1422601899643954E+02   5.4835427284073135E-01
   13000.0000000000000000   1.2240409515068779E+02   5.1285824495444932E-01
   14000.0000000000000000   1.3051043987641481E+02   4.8243170996137635E-01
   15000.0000000000000000   1.3855206938621518E+02   4.5550837913030867E-01
   16000.0000000000000000   1.4653552337033540E+02   4.3165754185837063E-01
   17000.0000000000000000   1.5446494515782246E+02   4.0934159837540818E-01
   18000.0000000000000000   1.6233879473561595E+02   3.9097219233896263E-01
   19000.0000000000000000   1.7016714685062820E+02   3.7444786654191808E-01
   20000.0000000000000000   1.7795096816200055E+02   3.5804957058727233E-01
   21000.0000000000000000   1.8569386048204834E+02   3.4331075432850838E-01
   22000.0000000000000000   1.9340107218812966E+02   3.2941550637058037E-01
   23000.0000000000000000   2.0106528334455112E+02   3.1778531157578971E-01
   24000.0000000000000000   2.0869425428922355E+02   3.0654321914687643E-01
   25000.0000000000000000   2.1628612766360914E+02   2.9633704605605365E-01
   26000.0000000000000000   2.2385166299081135E+02   2.8611978420705059E-01
   27000.0000000000000000   2.3137756988898309E+02   2.7882283084588255E-01
   28000.0000000000000000   2.3889171194680179E+02   2.6920764666035829E-01
   29000.0000000000000000   2.4636983817520084E+02   2.6055454068591433E-01
   30000.0000000000000000   2.5381295301945579E+02   2.5441567187862496E-01
   31000.0000000000000000   2.6124120550491034E+02   2.4576546212471548E-01
   32000.0000000000000000   2.6864088981243327E+02   2.4040759648201349E-01
   33000.0000000000000000   2.7602382031546421E+02   2.3306379537911739E-01
   34000.0000000000000000   2.8337508287153145E+02   2.2721104379257981E-01
   35000.0000000000000000   2.9070071777596996E+02   2.2230323613307701E-01
   36000.0000000000000000   2.9801313216051136E+02   2.1662116501210779E-01
   37000.0000000000000000   3.0529784226068915E+02   2.1176145998578705E-01
   38000.0000000000000000   3.1255748775857256E+02   2.0634982465876869E-01
   39000.0000000000000000   3.1979860744506652E+02   2.0467987324623346E-01
   40000.0000000000000000   3.2703486514619334E+02   1.9942532902384102E-01
   41000.0000000000000000   3.3423144512887154E+02   1.9581109862716142E-01
   42000.0000000000000000   3.4144968865683609E+02   1.8989815813227953E-01
   43000.0000000000000000   3.4862073937244048E+02   1.8617647642901208E-01
   44000.0000000000000000   3.5577256328222279E+02   1.8240303480238385E-01
   45000.0000000000000000   3.6293418909305461E+02   1.7860855615405166E-01
   46000.0000000000000000   3.7005330046688272E+02   1.7623733966218505E-01
   47000.0000000000000000   3.7714481247881110E+02   1.7344995388680431E-01
   48000.0000000000000000   3.8424597666124754E+02   1.6910173033955975E-01
   49000.0000000000000000   3.9132905915788444E+02   1.6711640887047574E-01
   50000.0000000000000000   3.9838730457507569E+02   1.6608738465571393E-01
