       0.0010000000000000   1.0000000000000000E+30
       0.1000000000000000   1.0000000000000000E+30
       0.2000000000000000   1.0000000000000000E+30
       0.3000000000000000   1.0000000000000000E+30
       0.4000000000000000   1.0000000000000000E+30
       0.5000000000000000   1.0000000000000000E+30
       0.6000000000000000   1.0000000000000000E+30
       0.7000000000000000   1.0000000000000000E+30
       0.7999999999999999   1.0000000000000000E+30
       0.8999999999999999   1.0000000000000000E+30
       0.9999999999999999   1.0000000000000000E+30
       2.0000000000000000   1.0000000000000000E+30
       3.0000000000000000   1.0000000000000000E+30
       4.0000000000000000   1.0000000000000000E+30
       5.0000000000000000   1.0000000000000000E+30
       6.0000000000000000   1.0000000000000000E+30
       7.0000000000000000   1.0000000000000000E+30
       8.0000000000000000   1.0000000000000000E+30
       9.0000000000000000   1.0000000000000000E+30
      10.0000000000000000   1.0000000000000000E+30
      11.0000000000000000   1.0000000000000000E+30
      12.0000000000000000   1.0000000000000000E+30
      13.0000000000000000   1.0000000000000000E+30
      14.0000000000000000   1.0000000000000000E+30
      15.0000000000000000   1.0000000000000000E+30
      16.0000000000000000   1.0000000000000000E+30
      17.0000000000000000   1.0000000000000000E+30
      18.0000000000000000   1.0000000000000000E+30
      19.0000000000000000   1.0000000000000000E+30
      20.0000000000000000   1.0000000000000000E+30
      21.0000000000000000   1.0000000000000000E+30
      22.0000000000000000   1.0000000000000000E+30
      23.0000000000000000   1.0000000000000000E+30
      24.0000000000000000   1.0000000000000000E+30
      25.0000000000000000   1.0000000000000000E+30
      26.0000000000000000   1.0000000000000000E+30
      27.0000000000000000   1.0000000000000000E+30
      28.0000000000000000   1.0000000000000000E+30
      28.9989999999999988   1.0000000000000000E+30
      29.0000000000000000   1.0000000000000000E+30
      29.0010000000000012   6.6305706937807918E+02
      29.9989999999999988   7.3816105049278622E+02
      30.0000000000000000   7.3824483851263153E+02
      30.0010000000000012   7.3832864555604669E+02
      31.0000000000000000   8.1404506659763445E+02
      32.0000000000000000   8.9948845147128691E+02
      33.0000000000000000   9.8216996494919374E+02
      34.0000000000000000   1.0902747007403098E+03
      35.0000000000000000   1.2138226971748777E+03
      36.0000000000000000   1.3499956268932601E+03
      37.0000000000000000   1.5049255584159259E+03
      38.0000000000000000   1.6773672592092964E+03
      39.0000000000000000   1.8666037306341550E+03
      40.0000000000000000   2.0773156314341650E+03
      41.0000000000000000   2.3094412445795078E+03
      42.0000000000000000   2.5534126418838669E+03
      43.0000000000000000   2.8278492984685990E+03
      44.0000000000000000   3.1338954311845414E+03
      45.0000000000000000   3.4496380159738619E+03
      46.0000000000000000   3.7892208287987755E+03
      47.0000000000000000   4.1578438851570654E+03
      47.9990000000000023   4.5631646393741730E+03
      48.0000000000000000   4.5636109187643733E+03
      48.0009999999999977   4.5640572854557304E+03
      49.0000000000000000   5.0028531543906720E+03
      50.0000000000000000   5.4257401728055929E+03
      51.0000000000000000   5.9049296511131142E+03
      52.0000000000000000   6.4046516461834708E+03
      53.0000000000000000   6.9364334769997768E+03
      54.0000000000000000   7.4944182417794673E+03
      55.0000000000000000   8.0003966400476456E+03
      56.0000000000000000   8.5698174065989879E+03
      57.0000000000000000   9.1682937633457059E+03
      58.0000000000000000   9.7597038637202513E+03
      59.0000000000000000   1.0381543289788551E+04
      60.0000000000000000   1.0998082788543536E+04
      61.0000000000000000   1.1639740022979218E+04
      62.0000000000000000   1.2362694664538627E+04
      63.0000000000000000   1.2959821439822577E+04
      64.0000000000000000   1.3626966067650368E+04
      65.0000000000000000   1.4214910262936541E+04
      66.0000000000000000   1.4871791138880324E+04
      67.0000000000000000   1.5459764589202123E+04
      68.0000000000000000   1.6104376254532343E+04
      69.0000000000000000   1.6671001430421376E+04
      70.0000000000000000   1.7288073442235971E+04
      71.0000000000000000   1.7976297660135617E+04
      72.0000000000000000   1.8422097112861902E+04
      73.0000000000000000   1.9078345952670832E+04
      74.0000000000000000   1.9463711467210927E+04
      75.0000000000000000   2.0056907236632280E+04
      76.0000000000000000   2.0687397293766244E+04
      76.9989999999999952   2.0954383772962992E+04
      77.0000000000000000   2.0954918911274457E+04
      77.0010000000000048   2.0955454076919614E+04
      78.0000000000000000   2.1504095909226355E+04
      79.0000000000000000   2.1790311132629486E+04
      80.0000000000000000   2.2263584579874365E+04
      81.0000000000000000   2.2757872931645179E+04
      82.0000000000000000   2.2967226761814105E+04
      83.0000000000000000   2.3388301638797177E+04
      84.0000000000000000   2.3825104614564654E+04
      85.0000000000000000   2.3964137513859081E+04
      86.0000000000000000   2.4331179289132884E+04
      87.0000000000000000   2.4709639390313281E+04
      88.0000000000000000   2.4789529231726079E+04
      89.0000000000000000   2.5100782218236804E+04
      90.0000000000000000   2.5419950665839755E+04
      91.0000000000000000   2.5480461650548321E+04
      92.0000000000000000   2.5740191957001069E+04
      93.0000000000000000   2.6005271817451256E+04
      94.0000000000000000   2.6275868225357641E+04
      95.0000000000000000   2.6250095813848584E+04
      96.0000000000000000   2.6463022894739563E+04
      97.0000000000000000   2.6679432531068243E+04
      98.0000000000000000   2.6899410866355145E+04
      99.0000000000000000   2.7123046908837168E+04
     100.0000000000000000   2.7028542597370233E+04
     110.0000000000000000   2.8324413405840020E+04
     120.0000000000000000   2.9422157931682414E+04
     120.9989999999999952   2.9541047327275191E+04
     121.0010000000000048   2.9541286307797538E+04
     130.0000000000000000   3.0657207345032766E+04
     140.0000000000000000   3.1625853943532933E+04
     150.0000000000000000   3.2863509803202724E+04
     160.0000000000000000   3.4206989893051752E+04
     160.9989999999999952   3.4347051227603864E+04
     161.0010000000000048   3.4347332781101053E+04
     170.0000000000000000   3.5662709215186020E+04
     180.0000000000000000   3.7211145266182051E+04
     190.0000000000000000   3.8786006858621906E+04
     200.0000000000000000   4.0536644023844630E+04
     210.0000000000000000   4.2240745760837643E+04
     220.0000000000000000   4.4169045674769150E+04
     230.0000000000000000   4.6018878568957916E+04
     240.0000000000000000   4.8093183404200310E+04
     250.0000000000000000   5.0097685707721241E+04
     260.0000000000000000   5.2341522348559563E+04
     270.0000000000000000   5.4640796475285722E+04
     280.0000000000000000   5.6731538402823608E+04
     290.0000000000000000   5.9241056053718778E+04
     300.0000000000000000   6.1670376469042931E+04
     310.0000000000000000   6.3889125692125090E+04
     320.0000000000000000   6.6412584217496100E+04
     330.0000000000000000   6.9207951806209865E+04
     340.0000000000000000   7.1631851262839875E+04
     350.0000000000000000   7.4439024991127735E+04
     360.0000000000000000   7.7134603929324177E+04
     370.0000000000000000   8.0174703489248088E+04
     380.0000000000000000   8.2821766084713905E+04
     390.0000000000000000   8.5839932158844895E+04
     400.0000000000000000   8.9134592220029866E+04
     410.0000000000000000   9.1997817229870823E+04
     420.0000000000000000   9.5471392929261012E+04
     430.0000000000000000   9.8239853964148904E+04
     440.0000000000000000   1.0158251028388794E+05
     450.0000000000000000   1.0527178039351477E+05
     460.0000000000000000   1.0834826770263723E+05
     470.0000000000000000   1.1218981710545003E+05
     480.0000000000000000   1.1517828616810861E+05
     490.0000000000000000   1.1877241820755538E+05
     500.0000000000000000   1.2273096205167545E+05
     510.0000000000000000   1.2610145735868557E+05
     520.0000000000000000   1.3017592780355639E+05
     530.0000000000000000   1.3452249067365201E+05
     540.0000000000000000   1.3763451976562027E+05
     550.0000000000000000   1.4159059914813601E+05
     560.0000000000000000   1.4598185319908473E+05
     570.0000000000000000   1.4969455063025584E+05
     580.0000000000000000   1.5420872389803021E+05
     590.0000000000000000   1.5790619170722025E+05
     600.0000000000000000   1.6244726218521706E+05
     610.0000000000000000   1.6674427001168008E+05
     620.0000000000000000   1.7155978712542186E+05
     630.0000000000000000   1.7666171668485642E+05
     640.0000000000000000   1.8038846043383094E+05
     650.0000000000000000   1.8551539347971612E+05
     660.0000000000000000   1.9094228331416450E+05
     670.0000000000000000   1.9436441311840381E+05
     680.0000000000000000   1.9909565651271373E+05
     690.0000000000000000   2.0435555677152096E+05
     700.0000000000000000   2.0990092088144924E+05
     710.0000000000000000   2.1417100756634597E+05
     720.0000000000000000   2.1975057363625456E+05
     730.0000000000000000   2.2562863284955514E+05
     740.0000000000000000   2.2964091532237959E+05
     750.0000000000000000   2.3541681938292939E+05
     760.0000000000000000   2.4054445905926195E+05
     770.0000000000000000   2.4652459411406735E+05
     780.0000000000000000   2.5170834557089745E+05
     790.0000000000000000   2.5781695249264070E+05
     800.0000000000000000   2.6286681675913150E+05
     810.0000000000000000   2.6905095378068456E+05
     820.0000000000000000   2.7553307390526921E+05
     830.0000000000000000   2.8034388369673712E+05
     840.0000000000000000   2.8677803389423399E+05
     850.0000000000000000   2.9258148457620863E+05
     860.0000000000000000   2.9924575402040780E+05
     870.0000000000000000   3.0507231983327842E+05
     880.0000000000000000   3.1182068203478202E+05
     890.0000000000000000   3.1887435255120730E+05
     900.0000000000000000   3.2433182421743753E+05
     910.0000000000000000   3.3140320424515929E+05
     920.0000000000000000   3.3878981055723026E+05
     930.0000000000000000   3.4401423884378868E+05
     940.0000000000000000   3.5127656968829420E+05
     950.0000000000000000   3.5885213676423428E+05
     960.0000000000000000   3.6516939852698514E+05
     970.0000000000000000   3.7292076338515367E+05
     980.0000000000000000   3.7926775487701321E+05
     990.0000000000000000   3.8698497227676079E+05
    1000.0000000000000000   3.9502276757043001E+05
    1100.0000000000000000   4.7306279596370878E+05
    1200.0000000000000000   5.5973776865644567E+05
    1300.0000000000000000   6.5736506742641050E+05
    1400.0000000000000000   7.6373441593228420E+05
    1500.0000000000000000   8.8157242878109321E+05
    1600.0000000000000000   1.0152962414751390E+06
    1700.0000000000000000   1.1550363415814415E+06
    1800.0000000000000000   1.3131510004872880E+06
    1900.0000000000000000   1.4754219542915933E+06
    2000.0000000000000000   1.6581516042939408E+06
    2100.0000000000000000   1.8462733517834423E+06
    2200.0000000000000000   2.0564363881047876E+06
    2300.0000000000000000   2.2813576825310290E+06
    2400.0000000000000000   2.5286943056201953E+06
    2500.0000000000000000   2.7843646379458741E+06
    2600.0000000000000000   3.0571657072494095E+06
    2700.0000000000000000   3.3578474566102219E+06
    2800.0000000000000000   3.6617313530143374E+06
    2900.0000000000000000   3.9864864079352352E+06
    3000.0000000000000000   4.3402070707385149E+06
    3100.0000000000000000   4.7245568797293324E+06
    3200.0000000000000000   5.1017786751417136E+06
    3300.0000000000000000   5.5238962255262798E+06
    3400.0000000000000000   5.9644629877216127E+06
    3500.0000000000000000   6.3976615534707913E+06
    3600.0000000000000000   6.8911742911967402E+06
    3700.0000000000000000   7.4048506750332052E+06
    3800.0000000000000000   7.9352142927411040E+06
    3900.0000000000000000   8.5031403351580519E+06
    4000.0000000000000000   9.0499825324040689E+06
    4100.0000000000000000   9.6589423880713861E+06
    4200.0000000000000000   1.0288531809219534E+07
    4300.0000000000000000   1.0977832293507371E+07
    4400.0000000000000000   1.1671924693041451E+07
    4500.0000000000000000   1.2397207725087894E+07
    4600.0000000000000000   1.3166436402205467E+07
    4700.0000000000000000   1.3951181867177382E+07
    4800.0000000000000000   1.4751785728170382E+07
    4900.0000000000000000   1.5637329630576456E+07
    5000.0000000000000000   1.6509573831510030E+07
    5100.0000000000000000   1.7419670850911774E+07
    5200.0000000000000000   1.8383263335634682E+07
    5300.0000000000000000   1.9359849293710943E+07
    5400.0000000000000000   2.0358597742008191E+07
    5500.0000000000000000   2.1445367050246738E+07
    5600.0000000000000000   2.2573005102717020E+07
    5700.0000000000000000   2.3702130387410946E+07
    5800.0000000000000000   2.4878932607950393E+07
    5900.0000000000000000   2.6216773778146923E+07
    6000.0000000000000000   2.7412637745268494E+07
    6100.0000000000000000   2.8644515052070089E+07
    6200.0000000000000000   3.0011118108912606E+07
    6300.0000000000000000   3.1424804925445803E+07
    6400.0000000000000000   3.2985387469709314E+07
    6500.0000000000000000   3.4427447334633119E+07
    6600.0000000000000000   3.5930386399701111E+07
    6700.0000000000000000   3.7513124048411950E+07
    6800.0000000000000000   3.9111189237400196E+07
    6900.0000000000000000   4.0927542800005928E+07
    7000.0000000000000000   4.2571491443038560E+07
    7100.0000000000000000   4.4373561182304129E+07
    7200.0000000000000000   4.6219276057220951E+07
    7300.0000000000000000   4.8318806621108845E+07
    7400.0000000000000000   5.0149690814351492E+07
    7500.0000000000000000   5.2067107718118653E+07
    7600.0000000000000000   5.4103850766460434E+07
    7700.0000000000000000   5.6155364385636151E+07
    7800.0000000000000000   5.8472258245456815E+07
    7900.0000000000000000   6.0573554203183651E+07
    8000.0000000000000000   6.2859878830148913E+07
    8100.0000000000000000   6.5395573878546849E+07
    8200.0000000000000000   6.7771083900986642E+07
    8300.0000000000000000   7.0239090957687780E+07
    8400.0000000000000000   7.3048087301631287E+07
    8500.0000000000000000   7.5472239127922177E+07
    8600.0000000000000000   7.8023509227416083E+07
    8700.0000000000000000   8.0998745259538457E+07
    8800.0000000000000000   8.3531925081037194E+07
    8900.0000000000000000   8.6661886706637695E+07
    9000.0000000000000000   8.9264095755973071E+07
    9100.0000000000000000   9.2486651285475805E+07
    9200.0000000000000000   9.5458993416543722E+07
    9300.0000000000000000   9.8890475991852567E+07
    9400.0000000000000000   1.0197871406544228E+08
    9500.0000000000000000   1.0522423238368744E+08
    9600.0000000000000000   1.0886517079301625E+08
    9700.0000000000000000   1.1276710551348794E+08
    9800.0000000000000000   1.1583463987163721E+08
    9900.0000000000000000   1.1920551566486762E+08
   10000.0000000000000000   1.2314249189149067E+08
   11000.0000000000000000   1.6453976456206042E+08
   12000.0000000000000000   2.1602065225599337E+08
   13000.0000000000000000   2.7674404649675763E+08
   14000.0000000000000000   3.5018417780345821E+08
   15000.0000000000000000   4.3699519734716660E+08
   16000.0000000000000000   5.3799673549709451E+08
   17000.0000000000000000   6.5681271962097788E+08
   18000.0000000000000000   7.9311173353145742E+08
   19000.0000000000000000   9.4954445671591794E+08
   20000.0000000000000000   1.1270806836955016E+09
   21000.0000000000000000   1.3231368395172837E+09
   22000.0000000000000000   1.5490421870392702E+09
   23000.0000000000000000   1.7943094509067979E+09
   24000.0000000000000000   2.0694871845443089E+09
   25000.0000000000000000   2.3758552379118071E+09
   26000.0000000000000000   2.7101236180316391E+09
   27000.0000000000000000   3.0833929550931921E+09
   28000.0000000000000000   3.4976669991737709E+09
   29000.0000000000000000   3.9394199809819331E+09
   30000.0000000000000000   4.4268915469794035E+09
   31000.0000000000000000   4.9470800908930349E+09
   32000.0000000000000000   5.5166559604605017E+09
   33000.0000000000000000   6.1392487831948156E+09
   34000.0000000000000000   6.8264453896764584E+09
   35000.0000000000000000   7.5385579305007763E+09
   36000.0000000000000000   8.2941296643410196E+09
   37000.0000000000000000   9.1341715378526649E+09
   38000.0000000000000000   1.0050993850244053E+10
   39000.0000000000000000   1.0975313752831982E+10
   40000.0000000000000000   1.1988465049972820E+10
   41000.0000000000000000   1.3078819058416685E+10
   42000.0000000000000000   1.4255199904177244E+10
   43000.0000000000000000   1.5449490952673740E+10
   44000.0000000000000000   1.6762135297637676E+10
   45000.0000000000000000   1.8140859664297153E+10
   46000.0000000000000000   1.9621444158984669E+10
   47000.0000000000000000   2.1186028561755310E+10
   48000.0000000000000000   2.2769116768492054E+10
   49000.0000000000000000   2.4525536836255215E+10
   50000.0000000000000000   2.6344243334830757E+10
