       0.1000000000000000   6.8532691548612362E+01   4.2564104930862650E-04
       0.2000000000000000   5.9911442039321479E+01   8.3945435315224812E-04
       0.3000000000000000   5.6816457659491626E+01   1.2578648612067897E-03
       0.4000000000000000   5.5426381281485071E+01   1.6645567005483251E-03
       0.5000000000000000   5.4559667037445244E+01   2.0733605716932320E-03
       0.6000000000000000   5.3946790381966856E+01   2.4848732611589134E-03
       0.7000000000000000   5.3482137260422498E+01   2.8996820981894277E-03
       0.7999999999999999   5.3107678065726425E+01   3.3181805178910564E-03
       0.8999999999999999   5.2796928778859254E+01   3.7395533823815150E-03
       0.9999999999999999   5.2523891551319295E+01   4.1653931571862023E-03
       2.0000000000000000   5.0559779654387519E+01   8.6620559398289231E-03
       3.0000000000000000   4.8826496622888953E+01   1.3668540415914920E-02
       4.0000000000000000   4.7062653628585409E+01   1.9253876604042864E-02
       5.0000000000000000   4.5283436397786808E+01   2.5461819158858239E-02
       6.0000000000000000   4.3526634639001323E+01   3.2320813112108986E-02
       7.0000000000000000   4.1824620305885816E+01   3.9843296018360341E-02
       8.0000000000000000   4.0196142662579945E+01   4.8034363984168472E-02
       9.0000000000000000   3.8651309558058848E+01   5.6893674803828842E-02
      10.0000000000000000   3.7193240608972509E+01   6.6419203512828068E-02
      11.0000000000000000   3.5821455215426383E+01   7.6607467041096167E-02
      12.0000000000000000   3.4532802362853964E+01   8.7454692295900138E-02
      13.0000000000000000   3.3322920407837756E+01   9.8958189415327233E-02
      14.0000000000000000   3.2186188095618284E+01   1.1111843593476918E-01
      15.0000000000000000   3.1116914880521829E+01   1.2393834713255707E-01
      16.0000000000000000   3.0109650628866348E+01   1.3742259261262169E-01
      17.0000000000000000   2.9158947455439368E+01   1.5157987279241394E-01
      18.0000000000000000   2.8259865229824420E+01   1.6642128634609968E-01
      19.0000000000000000   2.7407769783716986E+01   1.8196104210390096E-01
      20.0000000000000000   2.6598422591780068E+01   1.9821687574665547E-01
      21.0000000000000000   2.5827952092456041E+01   2.1520985408309518E-01
      22.0000000000000000   2.5092913056376723E+01   2.3296377170625057E-01
      23.0000000000000000   2.4390176166543579E+01   2.5150584605453102E-01
      24.0000000000000000   2.3716889605114460E+01   2.7086731489738652E-01
      25.0000000000000000   2.3070504898733962E+01   2.9108276812737660E-01
      26.0000000000000000   2.2448724431602550E+01   3.1219062445126750E-01
      27.0000000000000000   2.1849477189499616E+01   3.3423331417284180E-01
      28.0000000000000000   2.1270901144690878E+01   3.5725743078616284E-01
      29.0000000000000000   2.0711307819541950E+01   3.8131414772003175E-01
      30.0000000000000000   2.0169179973693868E+01   4.0645935760197299E-01
      31.0000000000000000   1.9643139435670136E+01   4.3275414815529345E-01
      32.0000000000000000   1.9131950263995442E+01   4.6026489665006448E-01
      33.0000000000000000   1.8634486313976179E+01   4.8906398790516953E-01
      34.0000000000000000   1.8149733704862395E+01   5.1923000662031105E-01
      35.0000000000000000   1.7676775952057827E+01   5.5084823050183762E-01
      36.0000000000000000   1.7214787127669606E+01   5.8401107516732276E-01
      37.0000000000000000   1.6763024668035644E+01   6.1881854955219451E-01
      38.0000000000000000   1.6320824111737629E+01   6.5537869968741747E-01
      39.0000000000000000   1.5887593728008792E+01   6.9380802923013229E-01
      40.0000000000000000   1.5462812733687439E+01   7.3423182631869410E-01
      41.0000000000000000   1.5046027029357324E+01   7.7678446160558701E-01
      42.0000000000000000   1.4636848875916730E+01   8.2160947137975060E-01
      43.0000000000000000   1.4234956359006553E+01   8.6885946794137114E-01
      44.0000000000000000   1.3840094234760290E+01   9.1869568831706849E-01
      45.0000000000000000   1.3452073813766411E+01   9.7128727123426972E-01
      46.0000000000000000   1.3070776103189820E+01   1.0268098662381349E+00
      47.0000000000000000   1.2696153885477338E+01   1.0854436391887901E+00
      48.0000000000000000   1.2328234513082652E+01   1.1473704193954268E+00
      49.0000000000000000   1.1967122604124446E+01   1.2127698345685227E+00
      50.0000000000000000   1.1613002198139112E+01   1.2818142691384744E+00
      51.0000000000000000   1.1266137640684834E+01   1.3546625338605378E+00
      52.0000000000000000   1.0926872792087574E+01   1.4314521974083105E+00
      53.0000000000000000   1.0595627167444162E+01   1.5122906877279765E+00
      54.0000000000000000   1.0272888502553643E+01   1.5972454442528847E+00
      55.0000000000000000   9.9592006855907922E+00   1.6863336561251323E+00
      56.0000000000000000   9.6551469485310317E+00   1.7795123642653576E+00
      57.0000000000000000   9.3613284810544890E+00   1.8766696943363672E+00
      58.0000000000000000   9.0783372182733473E+00   1.9776191275169817E+00
      59.0000000000000000   8.8067280452514378E+00   2.0820967711317357E+00
      60.0000000000000000   8.5469905603055665E+00   2.1897629495384798E+00
      60.9990000000000023   8.2997624071030387E+00   2.3000974732064261E+00
      61.0000000000000000   8.2995211700701574E+00   2.3002091568712819E+00
      61.0009999999999977   8.2992799455989310E+00   2.3003208428531208E+00
      62.0000000000000000   8.0646026193432476E+00   2.4129687035569813E+00
      63.0000000000000000   7.8423894719707832E+00   2.5275313044175687E+00
      64.0000000000000000   7.6329020994003764E+00   2.6433598365640956E+00
      65.0000000000000000   7.4360290611813991E+00   2.7599077930411631E+00
      66.0000000000000000   7.2515367916728426E+00   2.8766359366887158E+00
      67.0000000000000000   7.0790848762067400E+00   2.9930269378729855E+00
      68.0000000000000000   6.9182448260432539E+00   3.1085971946941666E+00
      69.0000000000000000   6.7685202936685123E+00   3.2229054773445935E+00
      70.0000000000000000   6.6293670008137253E+00   3.3355584235313267E+00
      71.0000000000000000   6.5002110934509796E+00   3.4462131944964600E+00
      72.0000000000000000   6.3804651440713416E+00   3.5545777633451840E+00
      73.0000000000000000   6.2695414196903076E+00   3.6604093720576412E+00
      74.0000000000000000   6.1668623816762151E+00   3.7635116793032588E+00
      75.0000000000000000   6.0718685671803874E+00   3.8637310816038681E+00
      75.9989999999999952   5.9841087831361426E+00   3.9608567781684254E+00
      76.0000000000000000   5.9840243385296956E+00   3.9609524725210896E+00
      76.0010000000000048   5.9839399005620599E+00   3.9610481637924200E+00
      77.0000000000000000   5.9028214099065135E+00   4.0550950283913885E+00
      78.0000000000000000   5.8277811278959009E+00   4.1461078437749874E+00
      79.0000000000000000   5.7584553826571803E+00   4.2339658591612057E+00
      80.0000000000000000   5.6944266347219115E+00   4.3186660548825992E+00
      81.0000000000000000   5.6353072748768644E+00   4.4002239818095692E+00
      82.0000000000000000   5.5807385215573477E+00   4.4786706491593558E+00
      83.0000000000000000   5.5303890122206836E+00   4.5540497685322148E+00
      84.0000000000000000   5.4839532114725378E+00   4.6264153397291725E+00
      85.0000000000000000   5.4411497326107963E+00   4.6958295549698130E+00
      86.0000000000000000   5.4017196335459889E+00   4.7623609941608818E+00
      86.9989999999999952   5.3654595380566548E+00   4.8260207406295770E+00
      87.0000000000000000   5.3654247347797099E+00   4.8260830848244742E+00
      87.0010000000000048   5.3653899344174469E+00   4.8261454262867822E+00
      88.0000000000000000   5.3320460127776794E+00   4.8870727793085722E+00
      89.0000000000000000   5.3013820333486752E+00   4.9454094668760122E+00
      90.0000000000000000   5.2732475134906949E+00   5.0011740337227488E+00
      90.9989999999999952   5.2474966130428413E+00   5.0543960357276312E+00
      91.0000000000000000   5.2474719624887971E+00   5.0544480929917199E+00
      91.0010000000000048   5.2474473141357363E+00   5.0545001478470297E+00
      92.0000000000000000   5.2238984244294606E+00   5.1053133451159356E+00
      93.0000000000000000   5.2023823186685574E+00   5.1538510526075045E+00
      94.0000000000000000   5.1827903746126909E+00   5.2001416126373554E+00
      95.0000000000000000   5.1649996561379465E+00   5.2442642128506227E+00
      96.0000000000000000   5.1488966702778054E+00   5.2862965577755343E+00
      97.0000000000000000   5.1343765543354589E+00   5.3263146548971205E+00
      98.0000000000000000   5.1213423351585110E+00   5.3643926510131230E+00
      99.0000000000000000   5.1097042569328837E+00   5.4006027106326409E+00
     100.0000000000000000   5.0993791662067709E+00   5.4350149299187569E+00
     110.0000000000000000   5.0537932103866678E+00   5.6941445371248447E+00
     113.9989999999999952   5.0578787155877265E+00   5.7621821161521032E+00
     114.0010000000000048   5.0578832242272771E+00   5.7622119424020690E+00
     120.0000000000000000   5.0808276280603168E+00   5.8351037412526825E+00
     130.0000000000000000   5.1520413365898259E+00   5.8965513181863827E+00
     140.0000000000000000   5.2516760899808430E+00   5.9043463621177530E+00
     150.0000000000000000   5.3703981697751955E+00   5.8758414308948597E+00
     160.0000000000000000   5.5023719950656051E+00   5.8228059493375950E+00
     170.0000000000000000   5.6437850175559170E+00   5.7533207031158753E+00
     180.0000000000000000   5.7891726540586124E+00   5.6819308795511336E+00
     190.0000000000000000   5.9379318088844020E+00   5.6109524871178742E+00
     200.0000000000000000   6.0965997091744732E+00   5.5190154228507575E+00
     210.0000000000000000   6.2560520643225033E+00   5.4301773612835076E+00
     220.0000000000000000   6.4229779985737192E+00   5.3260683464205814E+00
     230.0000000000000000   6.5830543593876776E+00   5.2445429642845136E+00
     240.0000000000000000   6.7496970849446543E+00   5.1495062377250180E+00
     250.0000000000000000   6.9159866653354483E+00   5.0590394003734627E+00
     260.0000000000000000   7.0819024569298890E+00   4.9728320868068856E+00
     270.0000000000000000   7.2474319955963429E+00   4.8905962537257484E+00
     280.0000000000000000   7.4125687318579123E+00   4.8120657748816020E+00
     290.0000000000000000   7.5824531006717439E+00   4.7239654959475654E+00
     300.0000000000000000   7.7465996487506441E+00   4.6526768641326646E+00
     310.0000000000000000   7.9151818054145489E+00   4.5723678514739126E+00
     320.0000000000000000   8.0830793373372902E+00   4.4957778458397772E+00
     330.0000000000000000   8.2503145387010139E+00   4.4226437039024571E+00
     338.9990000000000236   8.3989113309257473E+00   4.3628320201795621E+00
     339.0009999999999764   8.3989472985813354E+00   4.3628117789208840E+00
     340.0000000000000000   8.4169093206078074E+00   4.3527265583872712E+00
     350.0000000000000000   8.5828850177293674E+00   4.2858092243570285E+00
     356.9990000000000236   8.6991235492762176E+00   4.2396383413631025E+00
     357.0009999999999764   8.6991591844920162E+00   4.2396195351126291E+00
     360.0000000000000000   8.7482622759893633E+00   4.2216938523254521E+00
     370.0000000000000000   8.9130610211867101E+00   4.1601998000781828E+00
     380.0000000000000000   9.0813868039603118E+00   4.0917215929646291E+00
     390.0000000000000000   9.2449828295486078E+00   4.0352787211617986E+00
     400.0000000000000000   9.4119932792384997E+00   3.9720909150921568E+00
     410.0000000000000000   9.5744657526530581E+00   3.9200825943889868E+00
     420.0000000000000000   9.7402413669121604E+00   3.8615634486213972E+00
     430.0000000000000000   9.9016627161775848E+00   3.8134706087113668E+00
     440.0000000000000000   1.0066277430805659E+01   3.7590937534689544E+00
     450.0000000000000000   1.0230314194946951E+01   3.7067147817589157E+00
     460.0000000000000000   1.0393789603542277E+01   3.6562211187895244E+00
     470.0000000000000000   1.0553211127166961E+01   3.6148995943030866E+00
     480.0000000000000000   1.0715656679994641E+01   3.5676981786389566E+00
     490.0000000000000000   1.0877586454629256E+01   3.5220991998083733E+00
     500.0000000000000000   1.1039014456673577E+01   3.4780191089502277E+00
     510.0000000000000000   1.1199954171366299E+01   3.4353800761373181E+00
     520.0000000000000000   1.1360418572720629E+01   3.3941095357445819E+00
     530.0000000000000000   1.1520420107653607E+01   3.3541398161100018E+00
     537.9990000000000236   1.1649996898533358E+01   3.3192589516382851E+00
     538.0009999999999764   1.1650030059934265E+01   3.3192487557277666E+00
     540.0000000000000000   1.1679970716911917E+01   3.3154077383641476E+00
     547.9990000000000236   1.1809169071872132E+01   3.2815528531382467E+00
     548.0009999999999764   1.1809202128707547E+01   3.2815429413659669E+00
     550.0000000000000000   1.1842233371395318E+01   3.2716682517210542E+00
     560.0000000000000000   1.2000873026339152E+01   3.2353634021179132E+00
     570.0000000000000000   1.2159095135117493E+01   3.2001255248139349E+00
     580.0000000000000000   1.2316909833542727E+01   3.1659063385653288E+00
     590.0000000000000000   1.2477344161855340E+01   3.1269408364489300E+00
     600.0000000000000000   1.2634331575576368E+01   3.0947328281572384E+00
     610.0000000000000000   1.2790940398467630E+01   3.0634111742189170E+00
     620.0000000000000000   1.2950104866647258E+01   3.0275275270257542E+00
     630.0000000000000000   1.3105940746914589E+01   2.9979661491162872E+00
     640.0000000000000000   1.3261424313553000E+01   2.9691800311387779E+00
     644.9990000000000236   1.3341876699716147E+01   2.9498925096795041E+00
     645.0009999999999764   1.3341908869609149E+01   2.9498848447846924E+00
     650.0000000000000000   1.3419398077146345E+01   2.9360062336482859E+00
     660.0000000000000000   1.3574157723358136E+01   2.9087700036843911E+00
     670.0000000000000000   1.3731376362668593E+01   2.8772500438892670E+00
     680.0000000000000000   1.3885441878200959E+01   2.8514408053723499E+00
     690.0000000000000000   1.4041934409798872E+01   2.8214479435404747E+00
     700.0000000000000000   1.4195334434479379E+01   2.7969543355697790E+00
     710.0000000000000000   1.4351127781252998E+01   2.7683752792376510E+00
     720.0000000000000000   1.4506574829408343E+01   2.7405018850606089E+00
     730.0000000000000000   1.4659008733259119E+01   2.7178297849303577E+00
     740.0000000000000000   1.4813794931005228E+01   2.6912171491217647E+00
     750.0000000000000000   1.4965626125058206E+01   2.6696294071005267E+00
     760.0000000000000000   1.5119775812669417E+01   2.6441879738860039E+00
     763.9990000000000236   1.5182369429762277E+01   2.6324637996928697E+00
     764.0009999999999764   1.5182400722212250E+01   2.6324579640551584E+00
     770.0000000000000000   1.5273606388414958E+01   2.6193391752778639E+00
     780.0000000000000000   1.5424560762053060E+01   2.5992601097493178E+00
     790.0000000000000000   1.5577789244166182E+01   2.5754609678078073E+00
     800.0000000000000000   1.5730714308161414E+01   2.5521964375448043E+00
     810.0000000000000000   1.5883344941512611E+01   2.5294417836105305E+00
     820.0000000000000000   1.6033191357551676E+01   2.5111552925602885E+00
     830.0000000000000000   1.6185256890921305E+01   2.4893192598461971E+00
     840.0000000000000000   1.6337040047555149E+01   2.4679482101593448E+00
     850.0000000000000000   1.6488548918271885E+01   2.4470212802780003E+00
     860.0000000000000000   1.6639788460439856E+01   2.4265231410865074E+00
     870.0000000000000000   1.6788337814887786E+01   2.4101817952309124E+00
     880.0000000000000000   1.6939050494688555E+01   2.3904722333895743E+00
     890.0000000000000000   1.7089503770923603E+01   2.3711565286262779E+00
     900.0000000000000000   1.7239702980789509E+01   2.3522203387792251E+00
     910.0000000000000000   1.7389651681236177E+01   2.3336524196037796E+00
     920.0000000000000000   1.7539352605386924E+01   2.3154430804335560E+00
     930.0000000000000000   1.7688808466357557E+01   2.2975829328640964E+00
     940.0000000000000000   1.7838022123104196E+01   2.2800626330282694E+00
     950.0000000000000000   1.7986996624712983E+01   2.2628728167396082E+00
     960.0000000000000000   1.8135735234792545E+01   2.2460040664611016E+00
     970.0000000000000000   1.8284241366414378E+01   2.2294470053636513E+00
     980.0000000000000000   1.8432518463111673E+01   2.2131924614904874E+00
     990.0000000000000000   1.8578291127565439E+01   2.2004992812707855E+00
    1000.0000000000000000   1.8726132554822232E+01   2.1847867708156183E+00
    1100.0000000000000000   2.0195094390183272E+01   2.0388795552679890E+00
    1200.0000000000000000   2.1644490784166123E+01   1.9150231476626265E+00
    1300.0000000000000000   2.3078440975000170E+01   1.8060361271082408E+00
    1400.0000000000000000   2.4498557422169071E+01   1.7089259685250686E+00
    1500.0000000000000000   2.5904192747583288E+01   1.6236803348509139E+00
    1600.0000000000000000   2.7296580705646985E+01   1.5482287186224708E+00
    1700.0000000000000000   2.8678660589805531E+01   1.4790115713066510E+00
    1800.0000000000000000   3.0049390758686499E+01   1.4169089748824781E+00
    1900.0000000000000000   3.1411385066018642E+01   1.3591220009891012E+00
    2000.0000000000000000   3.2763378235349350E+01   1.3068033474674055E+00
    2100.0000000000000000   3.4106230498335265E+01   1.2590163326975572E+00
    2200.0000000000000000   3.5440565866555211E+01   1.2151220650246879E+00
    2209.9989999999997963   3.5574197326381622E+01   1.2103502615197170E+00
    2210.0010000000002037   3.5574224111278824E+01   1.2103492567435603E+00
    2294.9989999999997963   3.6701477799099393E+01   1.1759455258912135E+00
    2295.0010000000002037   3.6701504416255780E+01   1.1759446103177564E+00
    2300.0000000000000000   3.6768088192376311E+01   1.1736051304452650E+00
    2400.0000000000000000   3.8087957566403496E+01   1.1352141101424595E+00
    2500.0000000000000000   3.9399037870663598E+01   1.1008403675137208E+00
    2600.0000000000000000   4.0704609170735431E+01   1.0677972846861039E+00
    2700.0000000000000000   4.2004945713645647E+01   1.0359586856970313E+00
    2747.9989999999997963   4.2625883540004672E+01   1.0221406494235563E+00
    2748.0010000000002037   4.2625909479991698E+01   1.0221400080842669E+00
    2800.0000000000000000   4.3297456916099691E+01   1.0073340114869622E+00
    2900.0000000000000000   4.4583934085332423E+01   9.8054550551471109E-01
    3000.0000000000000000   4.5866168541363642E+01   9.5433327806675194E-01
    3100.0000000000000000   4.7143061076136846E+01   9.2956373273721826E-01
    3152.9989999999997963   4.7816590787786893E+01   9.1771352871431322E-01
    3153.0010000000002037   4.7816616267466792E+01   9.1771302571614799E-01
    3200.0000000000000000   4.8414059005061304E+01   9.0658196117831324E-01
    3300.0000000000000000   4.9680516777234104E+01   8.8455164570171674E-01
    3400.0000000000000000   5.0941905106506546E+01   8.6381456726234285E-01
    3429.9989999999997963   5.1318852325935694E+01   8.5813486493452440E-01
    3430.0010000000002037   5.1318877718304655E+01   8.5813431944131990E-01
    3500.0000000000000000   5.2198249436082634E+01   8.4436015999410341E-01
    3600.0000000000000000   5.3449867394522940E+01   8.2600518983212534E-01
    3700.0000000000000000   5.4697955772582304E+01   8.0808391403775259E-01
    3800.0000000000000000   5.5940627802516474E+01   7.9166934996032823E-01
    3900.0000000000000000   5.7181402445705181E+01   7.7476877095714447E-01
    4000.0000000000000000   5.8416698289371560E+01   7.5951587618995764E-01
    4100.0000000000000000   5.9649511986663889E+01   7.4415893137642242E-01
    4200.0000000000000000   6.0876602916937117E+01   7.3056392065882481E-01
    4300.0000000000000000   6.2101252287669908E+01   7.1689105230972971E-01
    4400.0000000000000000   6.3323573060610315E+01   7.0318114849790925E-01
    4500.0000000000000000   6.4540261196611709E+01   6.9121035369188333E-01
    4600.0000000000000000   6.5755078726751961E+01   6.7892355825911865E-01
    4700.0000000000000000   6.6966015072313283E+01   6.6743037285378637E-01
    4800.0000000000000000   6.8175382169830925E+01   6.5565087227069407E-01
    4900.0000000000000000   6.9381019420579705E+01   6.4460349716380161E-01
    5000.0000000000000000   7.0583123733391915E+01   6.3420254727756653E-01
    5100.0000000000000000   7.1782395982386490E+01   6.2413622520588086E-01
    5200.0000000000000000   7.2979043607856283E+01   6.1432847441681582E-01
    5300.0000000000000000   7.4172575962204775E+01   6.0501289988752349E-01
    5400.0000000000000000   7.5362685848671603E+01   5.9632649793730841E-01
    5500.0000000000000000   7.6549835311409055E+01   5.8804689738376770E-01
    5600.0000000000000000   7.7737323603402913E+01   5.7883773854669340E-01
    5700.0000000000000000   7.8920363368316984E+01   5.7065072725744781E-01
    5800.0000000000000000   8.0101941373714965E+01   5.6231871366923325E-01
    5900.0000000000000000   8.1279069712867127E+01   5.5508111135503913E-01
    6000.0000000000000000   8.2456008532989898E+01   5.4720070729366466E-01
    6100.0000000000000000   8.3628568755038089E+01   5.4032453466586794E-01
    6200.0000000000000000   8.4800687072575727E+01   5.3299187965254879E-01
    6300.0000000000000000   8.5971056636348123E+01   5.2560147501976151E-01
    6400.0000000000000000   8.7138662999223470E+01   5.1869919628284988E-01
    6500.0000000000000000   8.8301694048331569E+01   5.1290557708402285E-01
    6600.0000000000000000   8.9464188325738618E+01   5.0660148065280719E-01
    6700.0000000000000000   9.0624137853016649E+01   5.0079330816490619E-01
    6800.0000000000000000   9.1783294704076638E+01   4.9451717215683449E-01
    6900.0000000000000000   9.2939969840735827E+01   4.8875428645230118E-01
    7000.0000000000000000   9.4096509208642757E+01   4.8233537608836086E-01
    7100.0000000000000000   9.5250813912187411E+01   4.7630937998252582E-01
    7200.0000000000000000   9.6401002480177524E+01   4.7111125325015790E-01
    7300.0000000000000000   9.7549772330676078E+01   4.6601891746516805E-01
    7400.0000000000000000   9.8694317166081589E+01   4.6171090218070282E-01
    7500.0000000000000000   9.9843464853987285E+01   4.5547256698214861E-01
    7600.0000000000000000   1.0098652101984349E+02   4.5076748673844191E-01
    7700.0000000000000000   1.0212580709909280E+02   4.4682090245252359E-01
    7800.0000000000000000   1.0327043675629038E+02   4.4075748152922378E-01
    7900.0000000000000000   1.0440721127476181E+02   4.3670483882268762E-01
    8000.0000000000000000   1.0554451793186294E+02   4.3204210026988593E-01
    8100.0000000000000000   1.0667952542932795E+02   4.2787759557471505E-01
    8200.0000000000000000   1.0781398393953579E+02   4.2328433277667915E-01
    8300.0000000000000000   1.0894528885247031E+02   4.1928385038457633E-01
    8400.0000000000000000   1.1007781111529722E+02   4.1460282070211046E-01
    8500.0000000000000000   1.1120267810139191E+02   4.1196142236929240E-01
    8600.0000000000000000   1.1233297236837089E+02   4.0712109811771480E-01
    8700.0000000000000000   1.1346005555713896E+02   4.0282668509711039E-01
    8800.0000000000000000   1.1458095216437056E+02   4.0013641420506080E-01
    8900.0000000000000000   1.1570689729623919E+02   3.9567510495565522E-01
    9000.0000000000000000   1.1683001880075831E+02   3.9167788196100062E-01
    9100.0000000000000000   1.1794890099681540E+02   3.8848610646494108E-01
    9200.0000000000000000   1.1906433677414933E+02   3.8596028478478600E-01
    9300.0000000000000000   1.2018391434854360E+02   3.8184285985340755E-01
    9400.0000000000000000   1.2130078244343257E+02   3.7825610429012740E-01
    9500.0000000000000000   1.2241655931057070E+02   3.7469090271915634E-01
    9600.0000000000000000   1.2353163095448490E+02   3.7103458605127049E-01
    9700.0000000000000000   1.2464386829067868E+02   3.6786883548327060E-01
    9800.0000000000000000   1.2575358583891354E+02   3.6510209212029648E-01
    9900.0000000000000000   1.2686189673612465E+02   3.6242428194128051E-01
   10000.0000000000000000   1.2796945066115252E+02   3.5965287915548522E-01
   11000.0000000000000000   1.3898701279947184E+02   3.3219375749839392E-01
   11922.9989999999997963   1.4905908451916901E+02   3.1020204936183504E-01
   11923.0010000000002037   1.4905910574162291E+02   3.1020210317025426E-01
   12000.0000000000000000   1.4989818608427930E+02   3.0795235518144065E-01
   13000.0000000000000000   1.6070366811500702E+02   2.8816416612968776E-01
   13737.9989999999997963   1.6861452761124582E+02   2.7651825376174000E-01
   13738.0010000000002037   1.6861454842206589E+02   2.7651835533627955E-01
   14000.0000000000000000   1.7142228396363745E+02   2.7040024463897683E-01
   14355.9989999999997963   1.7521255221823918E+02   2.6514218008246737E-01
   14356.0010000000002037   1.7521257198631270E+02   2.6514245178620532E-01
   15000.0000000000000000   1.8205642986847442E+02   2.5502807373462427E-01
   16000.0000000000000000   1.9261127396089941E+02   2.4167419640700868E-01
   17000.0000000000000000   2.0309250911467510E+02   2.3085227625975996E-01
   18000.0000000000000000   2.1351796126053202E+02   2.1926384415948891E-01
   19000.0000000000000000   2.2387408952156235E+02   2.0906504807008730E-01
   20000.0000000000000000   2.3418206585079247E+02   1.9995369804354227E-01
   21000.0000000000000000   2.4442620479496586E+02   1.9269107778649935E-01
   22000.0000000000000000   2.5462098344667604E+02   1.8475269009575268E-01
   23000.0000000000000000   2.6477944882776598E+02   1.7746048411669238E-01
   24000.0000000000000000   2.7487392443658700E+02   1.7156997034232507E-01
   25000.0000000000000000   2.8493985149307025E+02   1.6570628576400701E-01
   26000.0000000000000000   2.9495970580951956E+02   1.6047907802188732E-01
   27000.0000000000000000   3.0492945987114035E+02   1.5596672107278348E-01
   28000.0000000000000000   3.1487455237764544E+02   1.5043607459969632E-01
   29000.0000000000000000   3.2479585764224947E+02   1.4612322720652929E-01
   30000.0000000000000000   3.3465587324562159E+02   1.4124367855461742E-01
   31000.0000000000000000   3.4450721512377766E+02   1.3784962603745177E-01
   32000.0000000000000000   3.5432388168472352E+02   1.3335546566826464E-01
   33000.0000000000000000   3.6407820075149965E+02   1.3102810540224963E-01
   34000.0000000000000000   3.7381850148300009E+02   1.2781102142224682E-01
   35000.0000000000000000   3.8355199955520658E+02   1.2356259697018704E-01
   36000.0000000000000000   3.9323774164443523E+02   1.2213199509766255E-01
   37000.0000000000000000   4.0290848653048823E+02   1.1918462425324838E-01
   38000.0000000000000000   4.1254928072748538E+02   1.1519364161600648E-01
   39000.0000000000000000   4.2212904229091134E+02   1.1417180586576917E-01
   40000.0000000000000000   4.3177033784900686E+02   1.0999202291833822E-01
   41000.0000000000000000   4.4128168120652225E+02   1.0910702066595285E-01
   42000.0000000000000000   4.5085920860899131E+02   1.0709419196176610E-01
   43000.0000000000000000   4.6035672290048984E+02   1.0395663397764475E-01
   44000.0000000000000000   4.6987785876690322E+02   1.0180234659512293E-01
   45000.0000000000000000   4.7937458484267211E+02   9.9851045740913108E-02
   46000.0000000000000000   4.8881834554510709E+02   9.7476858624615526E-02
   47000.0000000000000000   4.9823391316729931E+02   9.5423258859361398E-02
   48000.0000000000000000   5.0765776928149711E+02   9.4080518889320564E-02
   49000.0000000000000000   5.1705653996306091E+02   9.3741206578879424E-02
   50000.0000000000000000   5.2644586881383418E+02   9.2064018415317694E-02
   80728.9989999999961583   8.0747026745263997E+02   6.0482861179390890E-02
   80729.0010000000038417   8.0747028725722851E+02   6.0482844105130620E-02
