       0.1000000000000000   2.3484010047649555E+01   1.2400785303171755E-03
       0.2000000000000000   2.0660239443348260E+01   2.4238457572483049E-03
       0.3000000000000000   1.9717541256080992E+01   3.5987520740216549E-03
       0.4000000000000000   1.9354125070461137E+01   4.7196379672300622E-03
       0.5000000000000000   1.9168398715966976E+01   5.8263467118929704E-03
       0.6000000000000000   1.9068505281817032E+01   6.9208931066301205E-03
       0.7000000000000000   1.9018690105752487E+01   8.0051298602044022E-03
       0.7999999999999999   1.8999201194426632E+01   9.0803490198167712E-03
       0.8999999999999999   1.9000902183443969E+01   1.0144597515059446E-02
       0.9999999999999999   1.9015095659992461E+01   1.1202301275874439E-02
       2.0000000000000000   1.9388774595629283E+01   2.1433435414554808E-02
       3.0000000000000000   1.9776075492790707E+01   3.1306533325791711E-02
       4.0000000000000000   2.0075501025897971E+01   4.1063202143079416E-02
       5.0000000000000000   2.0285953484371777E+01   5.0859149758309866E-02
       6.0000000000000000   2.0419214819807848E+01   6.0804232005436311E-02
       7.0000000000000000   2.0488557880431610E+01   7.0972918546045302E-02
       8.0000000000000000   2.0504484848870945E+01   8.1424029748627877E-02
       9.0000000000000000   2.0475812439724066E+01   9.2204950638943864E-02
      10.0000000000000000   2.0409459897984281E+01   1.0335751099964836E-01
      11.0000000000000000   2.0311304704850912E+01   1.1491770000740252E-01
      12.0000000000000000   2.0186121473887617E+01   1.2691800614093893E-01
      13.0000000000000000   2.0038023529762452E+01   1.3938821866765702E-01
      14.0000000000000000   1.9870207352504021E+01   1.5235885883785161E-01
      15.0000000000000000   1.9685428260815424E+01   1.6585971110563283E-01
      16.0000000000000000   1.9486093855251799E+01   1.7991953583866033E-01
      17.0000000000000000   1.9274138797211876E+01   1.9456895431318894E-01
      18.0000000000000000   1.9051305457496110E+01   2.0983870018456544E-01
      19.0000000000000000   1.8819022766685489E+01   2.2576084950818931E-01
      20.0000000000000000   1.8578536740645688E+01   2.4236940448153252E-01
      21.0000000000000000   1.8330899567807734E+01   2.5970038909404297E-01
      22.0000000000000000   1.8077049668660660E+01   2.7779142139075319E-01
      23.0000000000000000   1.7817787981684081E+01   2.9668271871169893E-01
      24.0000000000000000   1.7553787259410822E+01   3.1641783761240205E-01
      25.0000000000000000   1.7285640853919684E+01   3.3704322441731799E-01
      26.0000000000000000   1.7013861519084578E+01   3.5860887709573996E-01
      27.0000000000000000   1.6738892347608033E+01   3.8116869428457384E-01
      28.0000000000000000   1.6461121125828242E+01   4.0478079044518050E-01
      29.0000000000000000   1.6180878336293311E+01   4.2950808690084469E-01
      30.0000000000000000   1.5898458214543627E+01   4.5541858093727333E-01
      31.0000000000000000   1.5614111724623054E+01   4.8258598864292213E-01
      32.0000000000000000   1.5328067921970206E+01   5.1108997181262061E-01
      33.0000000000000000   1.5040523145599128E+01   5.4101699922444824E-01
      34.0000000000000000   1.4751658054104364E+01   5.7246066432691367E-01
      35.0000000000000000   1.4461637065574175E+01   6.0552230351073644E-01
      36.0000000000000000   1.4170614687156597E+01   6.4031153971056942E-01
      37.0000000000000000   1.3878739779448464E+01   6.7694681742489748E-01
      37.9990000000000023   1.3586453700194323E+01   7.1551624749800680E-01
      38.0000000000000000   1.3586160819575678E+01   7.1555588740363996E-01
      38.0009999999999977   1.3585867938404151E+01   7.1559552941969318E-01
      38.9990000000000023   1.3293322861208503E+01   7.5623439401164350E-01
      39.0000000000000000   1.3293029507024933E+01   7.5627621713796589E-01
      39.0009999999999977   1.3292736152449152E+01   7.5631804252213730E-01
      40.0000000000000000   1.2999507411120211E+01   7.9925522928345660E-01
      41.0000000000000000   1.2705769828120568E+01   8.4465041427984511E-01
      42.0000000000000000   1.2412012231884090E+01   8.9262908332720026E-01
      43.0000000000000000   1.2118456558466942E+01   9.4336776222358631E-01
      44.0000000000000000   1.1825357653642332E+01   9.9705099175586798E-01
      45.0000000000000000   1.1533009464301907E+01   1.0538695433230003E+00
      46.0000000000000000   1.1241752865656908E+01   1.1140176065596932E+00
      47.0000000000000000   1.0951982319981902E+01   1.1776889434294653E+00
      48.0000000000000000   1.0664152293993709E+01   1.2450717142071297E+00
      49.0000000000000000   1.0378782589272468E+01   1.3163418237911282E+00
      50.0000000000000000   1.0096461614471867E+01   1.3916546907522662E+00
      51.0000000000000000   9.8178466895196284E+00   1.4711355019274968E+00
      52.0000000000000000   9.5436605407169033E+00   1.5548682069827235E+00
      53.0000000000000000   9.2746823533145264E+00   1.6428838203209775E+00
      54.0000000000000000   9.0117331234542668E+00   1.7351488977715503E+00
      55.0000000000000000   8.7556546704739233E+00   1.8315553716060087E+00
      56.0000000000000000   8.5072832425327203E+00   1.9319130996978455E+00
      57.0000000000000000   8.2674192454262947E+00   2.0359462512392241E+00
      58.0000000000000000   8.0367942713443323E+00   2.1432952847220710E+00
      59.0000000000000000   7.8160411463776889E+00   2.2535239661118416E+00
      60.0000000000000000   7.6056688006528601E+00   2.3661316137202415E+00
      61.0000000000000000   7.4060432039681032E+00   2.4805701746860378E+00
      62.0000000000000000   7.2173793594767464E+00   2.5962632082872266E+00
      63.0000000000000000   7.0397419812998088E+00   2.7126259048201913E+00
      63.9990000000000023   6.8732161037042614E+00   2.8289676016974972E+00
      64.0000000000000000   6.8730548286779944E+00   2.8290839221399988E+00
      64.0010000000000048   6.8728935644095230E+00   2.8292002421269062E+00
      65.0000000000000000   6.7171167361782746E+00   2.9450896758123131E+00
      66.0000000000000000   6.5716218112914966E+00   3.0601351890171591E+00
      67.0000000000000000   6.4361814767557792E+00   3.1737611593954895E+00
      68.0000000000000000   6.3103463438622240E+00   3.2855623643297491E+00
      69.0000000000000000   6.1936264321168997E+00   3.3951898464950681E+00
      70.0000000000000000   6.0855088325595279E+00   3.5023504905727592E+00
      71.0000000000000000   5.9854723985086409E+00   3.6068046506839897E+00
      72.0000000000000000   5.8929994269823407E+00   3.7083624443436896E+00
      73.0000000000000000   5.8075845230640120E+00   3.8068792435866685E+00
      74.0000000000000000   5.7287409974844810E+00   3.9022507842525158E+00
      75.0000000000000000   5.6560051712022217E+00   3.9944082262312506E+00
      76.0000000000000000   5.5889391327447466E+00   4.0833132777413610E+00
      77.0000000000000000   5.5271319459238750E+00   4.1689537954694371E+00
      78.0000000000000000   5.4702001260599493E+00   4.2513395829512852E+00
      79.0000000000000000   5.4177872721996625E+00   4.3304986966417687E+00
      80.0000000000000000   5.3695632227975381E+00   4.4064741581679314E+00
      81.0000000000000000   5.3252228759325204E+00   4.4793210778272199E+00
      82.0000000000000000   5.2844848071839063E+00   4.5491041635855725E+00
      83.0000000000000000   5.2470897731708970E+00   4.6158955827132209E+00
      84.0000000000000000   5.2127991745954336E+00   4.6797731408496368E+00
      85.0000000000000000   5.1813935344178761E+00   4.7408187419705730E+00
      86.0000000000000000   5.1526710153292905E+00   4.7991170951394295E+00
      87.0000000000000000   5.1264460031880583E+00   4.8547546384125821E+00
      88.0000000000000000   5.1025477823463801E+00   4.9078186340257455E+00
      89.0000000000000000   5.0808192709212951E+00   4.9583964501487641E+00
      90.0000000000000000   5.0611158718624685E+00   5.0065749504131754E+00
      91.0000000000000000   5.0433044026067551E+00   5.0524400125522471E+00
      92.0000000000000000   5.0272621113762579E+00   5.0960761417828202E+00
      93.0000000000000000   5.0128757766258989E+00   5.1375661663731389E+00
      94.0000000000000000   5.0000408841528419E+00   5.1769910022521115E+00
      95.0000000000000000   4.9886608765258806E+00   5.2144294753963285E+00
      96.0000000000000000   4.9786464695502435E+00   5.2499581923842289E+00
      97.0000000000000000   4.9699150303277229E+00   5.2836514509418908E+00
      98.0000000000000000   4.9623900112357342E+00   5.3155811835862385E+00
      99.0000000000000000   4.9560004381234197E+00   5.3458169282363679E+00
     100.0000000000000000   4.9506804396378392E+00   5.3744258214786322E+00
     110.0000000000000000   4.9447203354508069E+00   5.5841478177850838E+00
     120.0000000000000000   4.9987679272673065E+00   5.6887671925369672E+00
     130.0000000000000000   5.0897144256870330E+00   5.7235930547189602E+00
     140.0000000000000000   5.2045721364657425E+00   5.7119118776958349E+00
     150.0000000000000000   5.3355596228557438E+00   5.6692027931208013E+00
     160.0000000000000000   5.4777673727619183E+00   5.6058853522658678E+00
     170.0000000000000000   5.6279648341215234E+00   5.5290638251393238E+00
     180.0000000000000000   5.7762951603175088E+00   5.4675618262334993E+00
     190.0000000000000000   5.9401240625113712E+00   5.3706957777428155E+00
     200.0000000000000000   6.1046135326309585E+00   5.2774744411507610E+00
     210.0000000000000000   6.2695623355751726E+00   5.1879015055978437E+00
     220.0000000000000000   6.4348195226168530E+00   5.1019113403833334E+00
     230.0000000000000000   6.6063590637438354E+00   5.0032934961730611E+00
     240.0000000000000000   6.7715823074501138E+00   4.9249992970472718E+00
     250.0000000000000000   6.9423939360217712E+00   4.8353490891625324E+00
     260.0000000000000000   7.1127001396063898E+00   4.7500995017116665E+00
     270.0000000000000000   7.2876806275444546E+00   4.6557377977907350E+00
     280.0000000000000000   7.4567818221024291E+00   4.5789527480124956E+00
     290.0000000000000000   7.6253996578918342E+00   4.5056526565548980E+00
     300.0000000000000000   7.7982137204429502E+00   4.4240056239354466E+00
     310.0000000000000000   7.9702715707581140E+00   4.3462984797503790E+00
     320.0000000000000000   8.1415993559475606E+00   4.2722411388506698E+00
     330.0000000000000000   8.3078863254030964E+00   4.2119320240214755E+00
     340.0000000000000000   8.4779359177521165E+00   4.1440516831615062E+00
     350.0000000000000000   8.6514536793814862E+00   4.0694662429690105E+00
     360.0000000000000000   8.8201082536473709E+00   4.0076191684828135E+00
     370.0000000000000000   8.9881517710616325E+00   3.9483315960915637E+00
     380.0000000000000000   9.1556052028944208E+00   3.8914402313340171E+00
     390.0000000000000000   9.3262749651514323E+00   3.8282856712637745E+00
     400.0000000000000000   9.4925144676110449E+00   3.7760050160172645E+00
     410.0000000000000000   9.6618727442226504E+00   3.7176631817641437E+00
     420.0000000000000000   9.8269786494923625E+00   3.6694375942146702E+00
     430.0000000000000000   9.9951060576830226E+00   3.6153500880390257E+00
     440.0000000000000000   1.0162624441897217E+01   3.5633038817613572E+00
     450.0000000000000000   1.0326121524498516E+01   3.5204042243113349E+00
     458.9990000000000236   1.0475212800839570E+01   3.4781067678231783E+00
     459.0009999999999764   1.0475247381416033E+01   3.4780943827854314E+00
     460.0000000000000000   1.0492517565390488E+01   3.4719198892492731E+00
     464.9990000000000236   1.0575488142400278E+01   3.4483353380767698E+00
     465.0009999999999764   1.0575522647835291E+01   3.4483232040276621E+00
     470.0000000000000000   1.0658355727792129E+01   3.4251569988029624E+00
     480.0000000000000000   1.0823651636816010E+01   3.3800219121772770E+00
     490.0000000000000000   1.0988420417785576E+01   3.3364274774770752E+00
     500.0000000000000000   1.1152676578147100E+01   3.2942927390913193E+00
     510.0000000000000000   1.1316433965593999E+01   3.2535425311654684E+00
     520.0000000000000000   1.1479705818994221E+01   3.2141069359648022E+00
     530.0000000000000000   1.1642504844715628E+01   3.1759207475939450E+00
     537.9990000000000236   1.1771181395640577E+01   3.1485952083261197E+00
     538.0009999999999764   1.1771215049738029E+01   3.1485855095930773E+00
     540.0000000000000000   1.1804843246026383E+01   3.1389230690034626E+00
     550.0000000000000000   1.1966732733274432E+01   3.1030569842139060E+00
     560.0000000000000000   1.2128184562573393E+01   3.0682692123223960E+00
     566.9990000000000236   1.2242102589580934E+01   3.0423111342428846E+00
     567.0009999999999764   1.2242135950141719E+01   3.0423022054616178E+00
     570.0000000000000000   1.2292139604262186E+01   3.0289778976015307E+00
     580.0000000000000000   1.2452708831111918E+01   2.9963072804133946E+00
     590.0000000000000000   1.2612872100826708E+01   2.9645701225790924E+00
     600.0000000000000000   1.2772638836871192E+01   2.9337256583345210E+00
     610.0000000000000000   1.2934823276348240E+01   2.8986076938790828E+00
     620.0000000000000000   1.3093786041566329E+01   2.8695277040629867E+00
     630.0000000000000000   1.3255140423644978E+01   2.8362759762541594E+00
     640.0000000000000000   1.3413333161937663E+01   2.8088132076845365E+00
     650.0000000000000000   1.3571174406627406E+01   2.7820625366948688E+00
     660.0000000000000000   1.3731348084002876E+01   2.7512946601202621E+00
     670.0000000000000000   1.3888467593682014E+01   2.7259699135095370E+00
     680.0000000000000000   1.4047892115616710E+01   2.6967193348569247E+00
     690.0000000000000000   1.4204320078582787E+01   2.6727071784874386E+00
     700.0000000000000000   1.4363023330777859E+01   2.6448598504551826E+00
     710.0000000000000000   1.4518787878125110E+01   2.6220589116545847E+00
     720.0000000000000000   1.4676796578346249E+01   2.5955113711053159E+00
     730.0000000000000000   1.4834459970731045E+01   2.5696150112225631E+00
     740.0000000000000000   1.4989263011673781E+01   2.5484899930643445E+00
     750.0000000000000000   1.5146270362708028E+01   2.5237526505653203E+00
     760.0000000000000000   1.5302949877787613E+01   2.4995997083022803E+00
     770.0000000000000000   1.5456845562951697E+01   2.4799702388428573E+00
     780.0000000000000000   1.5612903196516877E+01   2.4568569332541430E+00
     790.0000000000000000   1.5768651416011494E+01   2.4342665523591585E+00
     800.0000000000000000   1.5924100750743143E+01   2.4121725134165559E+00
     810.0000000000000000   1.6076844452540080E+01   2.3943271116408957E+00
     820.0000000000000000   1.6231707006990462E+01   2.3731467440181264E+00
     830.0000000000000000   1.6386284222239038E+01   2.3524164041862794E+00
     840.0000000000000000   1.6540580708166829E+01   2.3321211766733017E+00
     850.0000000000000000   1.6692249824710416E+01   2.3158293267686649E+00
     860.0000000000000000   1.6845994622034919E+01   2.2963375512641471E+00
     870.0000000000000000   1.6999471128456541E+01   2.2772417110179739E+00
     880.0000000000000000   1.7152683529410236E+01   2.2585292004388084E+00
     890.0000000000000000   1.7305634183391998E+01   2.2401904978676210E+00
     900.0000000000000000   1.7458325359447151E+01   2.2222164809474250E+00
     910.0000000000000000   1.7610759689448898E+01   2.2045977507536572E+00
     920.0000000000000000   1.7760679465266826E+01   2.1906195965265125E+00
     930.0000000000000000   1.7912622768129868E+01   2.1736397118768687E+00
     940.0000000000000000   1.8064323147272855E+01   2.1569808913708743E+00
     950.0000000000000000   1.8215783383732234E+01   2.1406346997791079E+00
     960.0000000000000000   1.8367006332819567E+01   2.1245928233776286E+00
     970.0000000000000000   1.8517994948111610E+01   2.1088470270044817E+00
     980.0000000000000000   1.8668752230662356E+01   2.0933892210349301E+00
     990.0000000000000000   1.8819281211635374E+01   2.0782114816690762E+00
    1000.0000000000000000   1.8969584940072732E+01   2.0633060616958998E+00
    1100.0000000000000000   2.0460867343217174E+01   1.9277028416368649E+00
    1200.0000000000000000   2.1936492213579871E+01   1.8076182304679858E+00
    1300.0000000000000000   2.3394380761583868E+01   1.7043440502048581E+00
    1400.0000000000000000   2.4836256876488374E+01   1.6145620487778158E+00
    1500.0000000000000000   2.6265450194952891E+01   1.5337290320184476E+00
    1600.0000000000000000   2.7683077111511199E+01   1.4602890742969024E+00
    1700.0000000000000000   2.9088300182054009E+01   1.3948394241185373E+00
    1800.0000000000000000   3.0482106335506383E+01   1.3360733685209245E+00
    1900.0000000000000000   3.1866849882729987E+01   1.2815584634468327E+00
    2000.0000000000000000   3.3240144083645909E+01   1.2334291399415869E+00
    2100.0000000000000000   3.4607233409246746E+01   1.1868441617122829E+00
    2200.0000000000000000   3.5964012256522587E+01   1.1454693869726638E+00
    2300.0000000000000000   3.7312677973221390E+01   1.1073122922981582E+00
    2400.0000000000000000   3.8654697388875817E+01   1.0711711606422163E+00
    2500.0000000000000000   3.9989604013774013E+01   1.0374852777717485E+00
    2600.0000000000000000   4.1317366297563737E+01   1.0062780726512295E+00
    2700.0000000000000000   4.2638300083104355E+01   9.7730940917792364E-01
    2800.0000000000000000   4.3954529491882454E+01   9.4905048765314182E-01
    2900.0000000000000000   4.5262927894993311E+01   9.2379879684644328E-01
    3000.0000000000000000   4.6567107418562600E+01   8.9901247567739762E-01
    3100.0000000000000000   4.7864207564472153E+01   8.7671212952302124E-01
    3200.0000000000000000   4.9157125222541431E+01   8.5489605182864425E-01
    3300.0000000000000000   5.0445053840551161E+01   8.3421574116957142E-01
    3400.0000000000000000   5.1728062069917442E+01   8.1463861879563948E-01
    3500.0000000000000000   5.3006045172707431E+01   7.9623321594030094E-01
    3600.0000000000000000   5.4279546189371992E+01   7.7870422495054248E-01
    3700.0000000000000000   5.5550480087956572E+01   7.6095410590466539E-01
    3800.0000000000000000   5.6814535924109727E+01   7.4551236065713644E-01
    3900.0000000000000000   5.8075029521026352E+01   7.3049622398817771E-01
    4000.0000000000000000   5.9333166735731176E+01   7.1525241736316081E-01
    4100.0000000000000000   6.0585644202706781E+01   7.0164223213850307E-01
    4200.0000000000000000   6.1835445560901064E+01   6.8801830372507167E-01
    4300.0000000000000000   6.3080249331976319E+01   6.7568631620073316E-01
    4400.0000000000000000   6.4323932343464094E+01   6.6265373591187482E-01
    4500.0000000000000000   6.5562455077873793E+01   6.5093449903375455E-01
    4600.0000000000000000   6.6799287270517297E+01   6.3891577374022457E-01
    4700.0000000000000000   6.8030414552794483E+01   6.2848372256099272E-01
    4800.0000000000000000   6.9259275511031049E+01   6.1808138233430099E-01
    4900.0000000000000000   7.0485926199073063E+01   6.0762638368239674E-01
    4969.9989999999997963   7.1342816634430079E+01   6.0050028888483842E-01
    4970.0010000000002037   7.1342841438584941E+01   6.0049993072705610E-01
    5000.0000000000000000   7.1709309680180567E+01   5.9766097127050810E-01
    5100.0000000000000000   7.2929565958044662E+01   5.8813043910704654E-01
    5200.0000000000000000   7.4146781136809338E+01   5.7900420995885993E-01
    5300.0000000000000000   7.5360922266216448E+01   5.7029816658853361E-01
    5400.0000000000000000   7.6572805702715229E+01   5.6163014371761033E-01
    5500.0000000000000000   7.7782086100589055E+01   5.5325523149472333E-01
    5600.0000000000000000   7.8989769240208403E+01   5.4474680712675005E-01
    5700.0000000000000000   8.0191597423942042E+01   5.3782917062599311E-01
    5800.0000000000000000   8.1394654313570101E+01   5.2966714596784625E-01
    5900.0000000000000000   8.2592620907094457E+01   5.2273810641049945E-01
    6000.0000000000000000   8.3790994450801506E+01   5.1499469478500570E-01
    6100.0000000000000000   8.4983679335434147E+01   5.0869689587438460E-01
    6200.0000000000000000   8.6175661226896196E+01   5.0196020255253537E-01
    6300.0000000000000000   8.7366496113669157E+01   4.9511090228265359E-01
    6400.0000000000000000   8.8554975447054176E+01   4.8841367330765612E-01
    6500.0000000000000000   8.9740552760809024E+01   4.8215092033372636E-01
    6600.0000000000000000   9.0922534484819337E+01   4.7669878513448577E-01
    6700.0000000000000000   9.2103890819017536E+01   4.7071475925701212E-01
    6800.0000000000000000   9.3282460042517116E+01   4.6530327891635909E-01
    6900.0000000000000000   9.4460908907707960E+01   4.5924411661865888E-01
    7000.0000000000000000   9.5636783897070586E+01   4.5362792265732904E-01
    7100.0000000000000000   9.6809498374650715E+01   4.4851897150241565E-01
    7200.0000000000000000   9.7980223204233397E+01   4.4364387865932731E-01
    7300.0000000000000000   9.9147730821156216E+01   4.3921119694746807E-01
    7400.0000000000000000   1.0031557557151514E+02   4.3427957154483765E-01
    7500.0000000000000000   1.0148385417117386E+02   4.2861104034945663E-01
    7600.0000000000000000   1.0264636324475728E+02   4.2450949878314398E-01
    7700.0000000000000000   1.0380689288302807E+02   4.2046705005293156E-01
    7800.0000000000000000   1.0496996225327146E+02   4.1515087203100004E-01
    7900.0000000000000000   1.0612630774553540E+02   4.1168016469577073E-01
    8000.0000000000000000   1.0728724186875813E+02   4.0621372322111493E-01
    8100.0000000000000000   1.0843986624134892E+02   4.0284866207522901E-01
    8200.0000000000000000   1.0959620757441091E+02   3.9807731384710660E-01
    8300.0000000000000000   1.1074471125884433E+02   3.9531841247158200E-01
    8400.0000000000000000   1.1189825381930201E+02   3.9046967678873129E-01
    8500.0000000000000000   1.1304411182929223E+02   3.8751674403088160E-01
    8600.0000000000000000   1.1419427130710649E+02   3.8312879188196641E-01
    8700.0000000000000000   1.1534187639623013E+02   3.7909842331784022E-01
    8800.0000000000000000   1.1648329786171715E+02   3.7638352306121614E-01
    8900.0000000000000000   1.1762644541494133E+02   3.7278903802730423E-01
    9000.0000000000000000   1.1876926726006151E+02   3.6897819630451101E-01
    9100.0000000000000000   1.1991162704976799E+02   3.6500843315844411E-01
    9200.0000000000000000   1.2104648028009996E+02   3.6285866769389175E-01
    9300.0000000000000000   1.2218399230142077E+02   3.5967893290660913E-01
    9400.0000000000000000   1.2332239507885488E+02   3.5586829463168640E-01
    9500.0000000000000000   1.2445696110598736E+02   3.5274715698974779E-01
    9600.0000000000000000   1.2559005415023756E+02   3.4970630613345133E-01
    9700.0000000000000000   1.2672277827631322E+02   3.4646009540980843E-01
    9800.0000000000000000   1.2785410458489297E+02   3.4328890062570050E-01
    9900.0000000000000000   1.2898357987521410E+02   3.4034027933299810E-01
   10000.0000000000000000   1.3011155362666315E+02   3.3752535040016768E-01
   11000.0000000000000000   1.4131979200118042E+02   3.1320744319801325E-01
   12000.0000000000000000   1.5242572618620770E+02   2.9025831477691100E-01
   13000.0000000000000000   1.6343013747558714E+02   2.7076749523518401E-01
   14000.0000000000000000   1.7433586825506600E+02   2.5483648623426192E-01
   15000.0000000000000000   1.8515981386986201E+02   2.4059088021403949E-01
   16000.0000000000000000   1.9590855009880931E+02   2.2791572164613816E-01
   17000.0000000000000000   2.0658664213021581E+02   2.1572781212810077E-01
   18000.0000000000000000   2.1719388774508266E+02   2.0592561251569141E-01
   19000.0000000000000000   2.2774477888997274E+02   1.9718202652373795E-01
   20000.0000000000000000   2.3823213550965306E+02   1.8860604077027168E-01
   21000.0000000000000000   2.4866764619688351E+02   1.8066270015613822E-01
   22000.0000000000000000   2.5906074719334242E+02   1.7310433995198335E-01
   23000.0000000000000000   2.6938528960380552E+02   1.6733677239045064E-01
   24000.0000000000000000   2.7968288067887670E+02   1.6113993883810424E-01
   25000.0000000000000000   2.8992130307201165E+02   1.5590580143955621E-01
   26000.0000000000000000   3.0012825676205540E+02   1.5010703033990905E-01
   27000.0000000000000000   3.1028642680612484E+02   1.4671775583724261E-01
   28000.0000000000000000   3.2042214469173683E+02   1.4113588137930380E-01
   29000.0000000000000000   3.3049769320576422E+02   1.3668898342706165E-01
   30000.0000000000000000   3.4055602903178550E+02   1.3411260667377969E-01
   31000.0000000000000000   3.5057501890280406E+02   1.2904185242700614E-01
   32000.0000000000000000   3.6054936093713582E+02   1.2657717732922913E-01
   33000.0000000000000000   3.7053101051414609E+02   1.2209707449847332E-01
   34000.0000000000000000   3.8046254889335626E+02   1.1895787377567232E-01
   35000.0000000000000000   3.9035096460409386E+02   1.1664427164949219E-01
   36000.0000000000000000   4.0021685773504350E+02   1.1338533479127930E-01
   37000.0000000000000000   4.1004683837905270E+02   1.1091003349352838E-01
   38000.0000000000000000   4.1989262673664268E+02   1.0797560602006148E-01
   39000.0000000000000000   4.2966583495785068E+02   1.0747581826075252E-01
   40000.0000000000000000   4.3940127717731713E+02   1.0512591205597420E-01
   41000.0000000000000000   4.4918011258439105E+02   1.0306958921179593E-01
   42000.0000000000000000   4.5888669146731314E+02   9.9061209240542500E-02
   43000.0000000000000000   4.6861134538869931E+02   9.7453692116644730E-02
   44000.0000000000000000   4.7829334750488454E+02   9.5062078114515933E-02
   45000.0000000000000000   4.8789859128881028E+02   9.3939665213376031E-02
   46000.0000000000000000   4.9755248296060591E+02   9.2901509536602894E-02
   47000.0000000000000000   5.0718754508293836E+02   9.0871081264792056E-02
   48000.0000000000000000   5.1679620356629243E+02   8.8664582788403432E-02
   49000.0000000000000000   5.2636796415622962E+02   8.6471031334085999E-02
   50000.0000000000000000   5.3588650005990394E+02   8.6659622778721440E-02
