       0.1000000000000000   2.4069947328609974E+03
       0.2000000000000000   1.2206057587839762E+03
       0.3000000000000000   8.2258458222400918E+02
       0.4000000000000000   6.2258620658171219E+02
       0.5000000000000000   5.0208491179017471E+02
       0.6000000000000000   4.2145502742037553E+02
       0.7000000000000000   3.6367126983372248E+02
       0.7999999999999999   3.2020189614524588E+02
       0.8999999999999999   2.8629736294611803E+02
       0.9999999999999999   2.5910255789820053E+02
       2.0000000000000000   1.3555202903490402E+02
       3.0000000000000000   9.3636707835465430E+01
       4.0000000000000000   7.2415460440455391E+01
       5.0000000000000000   5.9558700601815794E+01
       6.0000000000000000   5.0920676378264865E+01
       7.0000000000000000   4.4711623931134540E+01
       8.0000000000000000   4.0030914125007200E+01
       9.0000000000000000   3.6375309449664542E+01
      10.0000000000000000   3.3441276196149289E+01
      11.0000000000000000   3.1034716854760397E+01
      12.0000000000000000   2.9025647175703480E+01
      13.0000000000000000   2.7323696401894782E+01
      14.0000000000000000   2.5864056262309628E+01
      15.0000000000000000   2.4599021310125504E+01
      16.0000000000000000   2.3492684362979698E+01
      17.0000000000000000   2.2517493462289064E+01
      18.0000000000000000   2.1651949696363019E+01
      19.0000000000000000   2.0879027545055511E+01
      20.0000000000000000   2.0185066098695280E+01
      21.0000000000000000   1.9558974991317275E+01
      22.0000000000000000   1.8991655432829450E+01
      23.0000000000000000   1.8475571230164935E+01
      24.0000000000000000   1.8004426290547091E+01
      25.0000000000000000   1.7572918964277807E+01
      26.0000000000000000   1.7176552656081633E+01
      27.0000000000000000   1.6811488206496424E+01
      28.0000000000000000   1.6474427662550177E+01
      29.0000000000000000   1.6162521908009584E+01
      30.0000000000000000   1.5873296621864522E+01
      31.0000000000000000   1.5604592451279860E+01
      32.0000000000000000   1.5354516311744234E+01
      33.0000000000000000   1.5121401468034096E+01
      34.0000000000000000   1.4903774601021786E+01
      35.0000000000000000   1.4700328472761816E+01
      36.0000000000000000   1.4509899108383836E+01
      37.0000000000000000   1.4331446646276412E+01
      38.0000000000000000   1.4164039185783935E+01
      39.0000000000000000   1.4006839098199782E+01
      40.0000000000000000   1.3859091372644523E+01
      41.0000000000000000   1.3720113652588955E+01
      42.0000000000000000   1.3589287682670765E+01
      43.0000000000000000   1.3466051938489175E+01
      44.0000000000000000   1.3349895251993672E+01
      45.0000000000000000   1.3240351279376270E+01
      46.0000000000000000   1.3136993683663841E+01
      47.0000000000000000   1.3039431926746564E+01
      48.0000000000000000   1.2947307582468087E+01
      49.0000000000000000   1.2860291097011903E+01
      50.0000000000000000   1.2778078934421597E+01
      51.0000000000000000   1.2700391054602736E+01
      52.0000000000000000   1.2626968679896748E+01
      53.0000000000000000   1.2557572311840499E+01
      54.0000000000000000   1.2491979966339077E+01
      55.0000000000000000   1.2429985599451848E+01
      56.0000000000000000   1.2371397700288274E+01
      57.0000000000000000   1.2316038030541684E+01
      57.9990000000000023   1.2263791313757334E+01
      58.0000000000000000   1.2263740493301926E+01
      58.0009999999999977   1.2263689675746852E+01
      59.0000000000000000   1.2214350115653069E+01
      60.0000000000000000   1.2167722132124000E+01
      61.0000000000000000   1.2123721157363857E+01
      62.0000000000000000   1.2082220438165542E+01
      63.0000000000000000   1.2043101176024217E+01
      64.0000000000000000   1.2006251912540659E+01
      65.0000000000000000   1.1971567971127191E+01
      66.0000000000000000   1.1938950948835064E+01
      67.0000000000000000   1.1908308253371306E+01
      68.0000000000000000   1.1879552680500831E+01
      69.0000000000000000   1.1852602027882021E+01
      70.0000000000000000   1.1827378741601718E+01
      71.0000000000000000   1.1803809592456940E+01
      72.0000000000000000   1.1781825378794062E+01
      73.0000000000000000   1.1761360653600727E+01
      74.0000000000000000   1.1742353473512766E+01
      75.0000000000000000   1.1724745167713444E+01
      76.0000000000000000   1.1708480124896537E+01
      77.0000000000000000   1.1693505596630585E+01
      78.0000000000000000   1.1679771515804918E+01
      79.0000000000000000   1.1667230328628643E+01
      80.0000000000000000   1.1655836839155924E+01
      81.0000000000000000   1.1645548065230541E+01
      82.0000000000000000   1.1636323104849115E+01
      83.0000000000000000   1.1628123012112576E+01
      84.0000000000000000   1.1620910681894516E+01
      85.0000000000000000   1.1614650742696613E+01
      86.0000000000000000   1.1609309456794382E+01
      87.0000000000000000   1.1604854627249676E+01
      88.0000000000000000   1.1601255511206165E+01
      89.0000000000000000   1.1598482738983357E+01
      90.0000000000000000   1.1596508238461237E+01
      91.0000000000000000   1.1595305164503255E+01
      92.0000000000000000   1.1594847832855223E+01
      93.0000000000000000   1.1595111658291531E+01
      94.0000000000000000   1.1596073096696148E+01
      95.0000000000000000   1.1597709590744389E+01
      96.0000000000000000   1.1599999518959327E+01
      97.0000000000000000   1.1602922147881849E+01
      98.0000000000000000   1.1606457587169405E+01
      99.0000000000000000   1.1610586747356351E+01
     100.0000000000000000   1.1615291300155206E+01
     110.0000000000000000   1.1690426687845354E+01
     120.0000000000000000   1.1807390564244804E+01
     130.0000000000000000   1.1956128918448915E+01
     140.0000000000000000   1.2129469509795987E+01
     150.0000000000000000   1.2322165165088128E+01
     160.0000000000000000   1.2530293831794587E+01
     170.0000000000000000   1.2750869319251599E+01
     180.0000000000000000   1.2981581234730360E+01
     190.0000000000000000   1.3220616756261567E+01
     200.0000000000000000   1.3466535732165855E+01
     205.9989999999999952   1.3616875033136980E+01
     206.0010000000000048   1.3616925473474049E+01
     207.9989999999999952   1.3667416570857625E+01
     208.0010000000000048   1.3667467212603706E+01
     210.0000000000000000   1.3718181405983115E+01
     220.0000000000000000   1.3974615472941082E+01
     230.0000000000000000   1.4235070085636650E+01
     240.0000000000000000   1.4498911877662851E+01
     250.0000000000000000   1.4765614646281668E+01
     260.0000000000000000   1.5034738365430597E+01
     270.0000000000000000   1.5305912888471880E+01
     276.9990000000000236   1.5496758343756904E+01
     277.0009999999999764   1.5496812991207580E+01
     280.0000000000000000   1.5578825167713164E+01
     290.0000000000000000   1.5853209140766335E+01
     300.0000000000000000   1.6128837660113945E+01
     310.0000000000000000   1.6405516003125825E+01
     320.0000000000000000   1.6683076615384572E+01
     330.0000000000000000   1.6961374824412687E+01
     340.0000000000000000   1.7240285322775367E+01
     350.0000000000000000   1.7519699265625338E+01
     360.0000000000000000   1.7799521862168270E+01
     370.0000000000000000   1.8079670366796591E+01
     380.0000000000000000   1.8360072395409471E+01
     390.0000000000000000   1.8640664507937444E+01
     400.0000000000000000   1.8921391009800448E+01
     410.0000000000000000   1.9202202934450614E+01
     420.0000000000000000   1.9483057176279786E+01
     430.0000000000000000   1.9763915749043790E+01
     440.0000000000000000   2.0044745149424912E+01
     450.0000000000000000   2.0325515809072733E+01
     460.0000000000000000   2.0606201621361777E+01
     470.0000000000000000   2.0886779531465791E+01
     480.0000000000000000   2.1167229180318255E+01
     490.0000000000000000   2.1447532594511337E+01
     500.0000000000000000   2.1727673915573245E+01
     510.0000000000000000   2.2007639163006370E+01
     520.0000000000000000   2.2287416026445658E+01
     530.0000000000000000   2.2566993682909764E+01
     540.0000000000000000   2.2846362635837853E+01
     550.0000000000000000   2.3125514572973746E+01
     560.0000000000000000   2.3404442240699115E+01
     570.0000000000000000   2.3683139332674877E+01
     580.0000000000000000   2.3961600391025357E+01
     590.0000000000000000   2.4239820718459313E+01
     600.0000000000000000   2.4517796300052158E+01
     610.0000000000000000   2.4795523733468073E+01
     620.0000000000000000   2.5073000166661668E+01
     630.0000000000000000   2.5350223242144139E+01
     640.0000000000000000   2.5627191047102649E+01
     650.0000000000000000   2.5903902068656581E+01
     660.0000000000000000   2.6180355153689696E+01
     670.0000000000000000   2.6456549472783298E+01
     680.0000000000000000   2.6732484487720143E+01
     690.0000000000000000   2.7008159922267819E+01
     700.0000000000000000   2.7283575735800934E+01
     710.0000000000000000   2.7558732099536517E+01
     720.0000000000000000   2.7833629375033542E+01
     730.0000000000000000   2.8108268094803549E+01
     740.0000000000000000   2.8382648944729684E+01
     750.0000000000000000   2.8656772748193436E+01
     760.0000000000000000   2.8930640451659855E+01
     770.0000000000000000   2.9204253111645905E+01
     780.0000000000000000   2.9477611882873305E+01
     790.0000000000000000   2.9750718007542915E+01
     800.0000000000000000   3.0023572805579310E+01
     810.0000000000000000   3.0296177665790324E+01
     820.0000000000000000   3.0568534037809393E+01
     830.0000000000000000   3.0840643424804885E+01
     840.0000000000000000   3.1112507376818847E+01
     850.0000000000000000   3.1384127484737689E+01
     860.0000000000000000   3.1655505374796903E+01
     870.0000000000000000   3.1926642703570028E+01
     880.0000000000000000   3.2197541153445997E+01
     890.0000000000000000   3.2468202428471827E+01
     900.0000000000000000   3.2738628250611100E+01
     910.0000000000000000   3.3008820356308952E+01
     920.0000000000000000   3.3278780493397164E+01
     930.0000000000000000   3.3548510418252903E+01
     940.0000000000000000   3.3818011893251189E+01
     950.0000000000000000   3.4087286684408610E+01
     960.0000000000000000   3.4356336559292942E+01
     970.0000000000000000   3.4625163285082671E+01
     980.0000000000000000   3.4893768626842842E+01
     990.0000000000000000   3.5162154345935768E+01
    1000.0000000000000000   3.5430322198612743E+01
    1100.0000000000000000   3.8100398554225571E+01
    1200.0000000000000000   4.0750545746321869E+01
    1300.0000000000000000   4.3382318647427603E+01
    1400.0000000000000000   4.5997118434726353E+01
    1500.0000000000000000   4.8596196115779961E+01
    1600.0000000000000000   5.1180665033603248E+01
    1700.0000000000000000   5.3751515960139088E+01
    1800.0000000000000000   5.6309632040996568E+01
    1900.0000000000000000   5.8855802502215674E+01
    2000.0000000000000000   6.1390734776923637E+01
    2100.0000000000000000   6.3915065041197387E+01
    2200.0000000000000000   6.6429367285464565E+01
    2300.0000000000000000   6.8934161093869434E+01
    2400.0000000000000000   7.1429918308663304E+01
    2500.0000000000000000   7.3917068743602769E+01
    2600.0000000000000000   7.6396005091048195E+01
    2700.0000000000000000   7.8867087147042298E+01
    2800.0000000000000000   8.1330645459703192E+01
    2828.9989999999997963   8.2043689560902649E+01
    2829.0010000000002037   8.2043738717284697E+01
    2900.0000000000000000   8.3786984489501748E+01
    3000.0000000000000000   8.6236385355518834E+01
    3100.0000000000000000   8.8679108229794039E+01
    3200.0000000000000000   9.1115394431593018E+01
    3300.0000000000000000   9.3545468265102372E+01
    3400.0000000000000000   9.5969538637007460E+01
    3500.0000000000000000   9.8387800484684149E+01
    3600.0000000000000000   1.0080043604089587E+02
    3700.0000000000000000   1.0320761595690638E+02
    3800.0000000000000000   1.0560950030260439E+02
    3900.0000000000000000   1.0800623945950191E+02
    4000.0000000000000000   1.1039797492009473E+02
    4100.0000000000000000   1.1278484000519440E+02
    4200.0000000000000000   1.1516696050914975E+02
    4300.0000000000000000   1.1754445528155686E+02
    4400.0000000000000000   1.1991743675286473E+02
    4500.0000000000000000   1.2228601141027399E+02
    4600.0000000000000000   1.2465028022951175E+02
    4700.0000000000000000   1.2701033906736625E+02
    4800.0000000000000000   1.2936627901919641E+02
    4900.0000000000000000   1.3171818674515720E+02
    5000.0000000000000000   1.3406614476836546E+02
    5100.0000000000000000   1.3641023174793543E+02
    5200.0000000000000000   1.3875052272936293E+02
    5300.0000000000000000   1.4108708937453048E+02
    5400.0000000000000000   1.4342000017331131E+02
    5500.0000000000000000   1.4574932063849099E+02
    5600.0000000000000000   1.4807511348565936E+02
    5700.0000000000000000   1.5039743879936967E+02
    5800.0000000000000000   1.5271635418689976E+02
    5900.0000000000000000   1.5503191492064590E+02
    6000.0000000000000000   1.5734417407022784E+02
    6100.0000000000000000   1.5965318262514336E+02
    6200.0000000000000000   1.6195898960881414E+02
    6300.0000000000000000   1.6426164218472445E+02
    6400.0000000000000000   1.6656118575534086E+02
    6500.0000000000000000   1.6885766405434987E+02
    6600.0000000000000000   1.7115111923283581E+02
    6700.0000000000000000   1.7344159193978851E+02
    6800.0000000000000000   1.7572912139745142E+02
    6900.0000000000000000   1.7801374547188149E+02
    7000.0000000000000000   1.8029550073908933E+02
    7100.0000000000000000   1.8257442254711117E+02
    7200.0000000000000000   1.8485054507426440E+02
    7300.0000000000000000   1.8712390138394571E+02
    7400.0000000000000000   1.8939452347612956E+02
    7500.0000000000000000   1.9166244233589882E+02
    7600.0000000000000000   1.9392768797912009E+02
    7700.0000000000000000   1.9619028949554240E+02
    7800.0000000000000000   1.9845027508945699E+02
    7900.0000000000000000   2.0070767211809039E+02
    8000.0000000000000000   2.0296250712788708E+02
    8100.0000000000000000   2.0521480588879905E+02
    8200.0000000000000000   2.0746459342678031E+02
    8300.0000000000000000   2.0971189405449891E+02
    8400.0000000000000000   2.1195673140047512E+02
    8500.0000000000000000   2.1419912843669658E+02
    8600.0000000000000000   2.1643910750480595E+02
    8700.0000000000000000   2.1867669034097779E+02
    8800.0000000000000000   2.2091189809954776E+02
    8900.0000000000000000   2.2314475137542533E+02
    9000.0000000000000000   2.2537527022548124E+02
    9100.0000000000000000   2.2760347418884487E+02
    9200.0000000000000000   2.2982938230622756E+02
    9300.0000000000000000   2.3205301313833809E+02
    9400.0000000000000000   2.3427438478343200E+02
    9500.0000000000000000   2.3649351489407206E+02
    9600.0000000000000000   2.3871042069303488E+02
    9700.0000000000000000   2.4092511898858876E+02
    9800.0000000000000000   2.4313762618901481E+02
    9900.0000000000000000   2.4534795831649899E+02
   10000.0000000000000000   2.4755613102041647E+02
   11000.0000000000000000   2.6952228992295051E+02
   12000.0000000000000000   2.9128737921759512E+02
   13000.0000000000000000   3.1286246571770795E+02
   14000.0000000000000000   3.3425671722307510E+02
   15000.0000000000000000   3.5547786104453064E+02
   16000.0000000000000000   3.7653250877378605E+02
   17000.0000000000000000   3.9742639210454712E+02
   18000.0000000000000000   4.1816453778790088E+02
   19000.0000000000000000   4.3875139989413583E+02
   20000.0000000000000000   4.5919096146942451E+02
   21000.0000000000000000   4.7948681382860059E+02
   22000.0000000000000000   4.9964221922381694E+02
   23000.0000000000000000   5.1966016096524947E+02
   24000.0000000000000000   5.3954338393887429E+02
   25000.0000000000000000   5.5929442768269996E+02
   26000.0000000000000000   5.7891565362991696E+02
   27000.0000000000000000   5.9840926773250840E+02
   28000.0000000000000000   6.1777733939065729E+02
   29000.0000000000000000   6.3702181740219851E+02
   30000.0000000000000000   6.5614454348847448E+02
   31000.0000000000000000   6.7514726383377729E+02
   32000.0000000000000000   6.9403163898645403E+02
   33000.0000000000000000   7.1279925239780960E+02
   34000.0000000000000000   7.3145161782354830E+02
   35000.0000000000000000   7.4999018576915660E+02
   36000.0000000000000000   7.6841634912632719E+02
   37000.0000000000000000   7.8673144812345413E+02
   38000.0000000000000000   8.0493677468999738E+02
   39000.0000000000000000   8.2303357631879987E+02
   40000.0000000000000000   8.4102305949544052E+02
   41000.0000000000000000   8.5890639275459273E+02
   42000.0000000000000000   8.7668470941139265E+02
   43000.0000000000000000   8.9435911001044417E+02
   44000.0000000000000000   9.1193066452834114E+02
   45000.0000000000000000   9.2940041435871558E+02
   46000.0000000000000000   9.4676937410885330E+02
   47000.0000000000000000   9.6403853322550913E+02
   48000.0000000000000000   9.8120885747485420E+02
   49000.0000000000000000   9.9828129028912042E+02
   50000.0000000000000000   1.0152567539955833E+03
