       0.1000000000000000   2.7194703689848566E+01   1.0709351634698777E-03
       0.2000000000000000   2.3885354246119572E+01   2.0969781602350125E-03
       0.3000000000000000   2.2760254813759985E+01   3.1187524040770498E-03
       0.4000000000000000   2.2308222498330220E+01   4.0967670923507220E-03
       0.5000000000000000   2.2063808667213628E+01   5.0652256370505317E-03
       0.6000000000000000   2.1920152411261459E+01   6.0256407855611817E-03
       0.7000000000000000   2.1835822706564233E+01   6.9794232362173211E-03
       0.7999999999999999   2.1787804035190561E+01   7.9275293276153645E-03
       0.8999999999999999   2.1765500303820954E+01   8.8679122983294917E-03
       0.9999999999999999   2.1758686268752374E+01   9.8044871706214030E-03
       2.0000000000000000   2.2005466057230745E+01   1.8938902808890247E-02
       3.0000000000000000   2.2330480102073789E+01   2.7831458866585654E-02
       4.0000000000000000   2.2596169455701819E+01   3.6644346280248277E-02
       5.0000000000000000   2.2788278858177183E+01   4.5489664471582286E-02
       6.0000000000000000   2.2912128393061014E+01   5.4451361206344778E-02
       7.0000000000000000   2.2977979924165613E+01   6.3585527321314450E-02
       8.0000000000000000   2.2994250140765171E+01   7.2937192535232093E-02
       9.0000000000000000   2.2968603356058370E+01   8.2542111433768078E-02
      10.0000000000000000   2.2907073596134421E+01   9.2432178118210820E-02
      11.0000000000000000   2.2815111796959954E+01   1.0263352761276506E-01
      12.0000000000000000   2.2697181248000469E+01   1.1316878235870172E-01
      13.0000000000000000   2.2557342589254098E+01   1.2405706125163139E-01
      14.0000000000000000   2.2398599016459386E+01   1.3531854234110288E-01
      15.0000000000000000   2.2223631569419840E+01   1.4697185305492555E-01
      16.0000000000000000   2.2034879011580038E+01   1.5903326894026298E-01
      17.0000000000000000   2.1834222384161297E+01   1.7152060042178777E-01
      18.0000000000000000   2.1623463204289155E+01   1.8445027768301830E-01
      19.0000000000000000   2.1404026165435987E+01   1.9783889673007621E-01
      20.0000000000000000   2.1177187626434360E+01   2.1170377385331843E-01
      21.0000000000000000   2.0944010494121553E+01   2.2606281109124676E-01
      22.0000000000000000   2.0705480834569506E+01   2.4093348895455077E-01
      23.0000000000000000   2.0462436753277913E+01   2.5633408179988532E-01
      24.0000000000000000   2.0215565875015699E+01   2.7228441426788141E-01
      25.0000000000000000   1.9965489069032024E+01   2.8880479844364471E-01
      26.0000000000000000   1.9712743673927722E+01   3.0591663598161251E-01
      27.0000000000000000   1.9457793155577924E+01   3.2364250697911240E-01
      28.0000000000000000   1.9201046920958550E+01   3.4200616696095321E-01
      29.0000000000000000   1.8942844354197909E+01   3.6103296142118191E-01
      30.0000000000000000   1.8683493198582159E+01   3.8074966377709207E-01
      31.0000000000000000   1.8423243325155376E+01   4.0118489812709995E-01
      32.0000000000000000   1.8162328487384386E+01   4.2236882848568119E-01
      33.0000000000000000   1.7900932117564079E+01   4.4433386732972352E-01
      34.0000000000000000   1.7639220038027677E+01   4.6711445815850472E-01
      35.0000000000000000   1.7377330786312168E+01   4.9074734609001514E-01
      36.0000000000000000   1.7115382925502928E+01   5.1527173254992942E-01
      37.0000000000000000   1.6853476954261104E+01   5.4072945870169475E-01
      38.0000000000000000   1.6591699453676338E+01   5.6716519036800350E-01
      39.0000000000000000   1.6330122130162920E+01   5.9462662773009056E-01
      40.0000000000000000   1.6068808195895180E+01   6.2316465544298005E-01
      41.0000000000000000   1.5807810385191193E+01   6.5283363121887894E-01
      42.0000000000000000   1.5547174642606908E+01   6.8369155473750653E-01
      43.0000000000000000   1.5286942369598112E+01   7.1580031003672895E-01
      44.0000000000000000   1.5027151754141471E+01   7.4922581362826801E-01
      45.0000000000000000   1.4767837585937498E+01   7.8403836624840584E-01
      46.0000000000000000   1.4509034970410257E+01   8.2031276777455409E-01
      47.0000000000000000   1.4250780097423961E+01   8.5812854028189445E-01
      48.0000000000000000   1.3993111793870296E+01   8.9757009564680301E-01
      49.0000000000000000   1.3736073305133694E+01   9.3872687254673737E-01
      50.0000000000000000   1.3479713787257319E+01   9.8169341555080691E-01
      51.0000000000000000   1.3224089816541632E+01   1.0265693952945860E+00
      52.0000000000000000   1.2969267793475689E+01   1.0734595187330807E+00
      53.0000000000000000   1.2715325366801943E+01   1.1224733271897451E+00
      54.0000000000000000   1.2462353696923953E+01   1.1737248358602641E+00
      55.0000000000000000   1.2210459247069698E+01   1.2273319961177276E+00
      56.0000000000000000   1.1959766372893046E+01   1.2834159304691088E+00
      57.0000000000000000   1.1710420550655414E+01   1.3420995260158965E+00
      58.0000000000000000   1.1462587666318830E+01   1.4035065740678712E+00
      58.9990000000000023   1.1216703160065157E+01   1.4676939221061944E+00
      59.0000000000000000   1.1216457952023310E+01   1.4677596365791710E+00
      59.0009999999999977   1.1216212745899949E+01   1.4678253540174848E+00
      60.0000000000000000   1.0972249689698051E+01   1.5349773989848705E+00
      60.9990000000000023   1.0730447774725189E+01   1.6052007399029304E+00
      61.0000000000000000   1.0730206902169199E+01   1.6052726075713328E+00
      61.0009999999999977   1.0729966032049695E+01   1.6053444784213238E+00
      62.0000000000000000   1.0490602952065810E+01   1.6787483048719454E+00
      63.0000000000000000   1.0253740286033342E+01   1.7554941593453435E+00
      64.0000000000000000   1.0019949540805392E+01   1.8355822244328013E+00
      65.0000000000000000   9.7895878136427061E+00   1.9190623478221647E+00
      66.0000000000000000   9.5630353503461567E+00   2.0059574018913287E+00
      67.0000000000000000   9.3406907099909304E+00   2.0962585699242831E+00
      68.0000000000000000   9.1229643370090479E+00   2.1899209867341867E+00
      69.0000000000000000   8.9102705643466145E+00   2.2868600791245171E+00
      70.0000000000000000   8.7030183009651392E+00   2.3869489651381079E+00
      71.0000000000000000   8.5016008084069039E+00   2.4900172502585609E+00
      72.0000000000000000   8.3063851443529195E+00   2.5958514776227095E+00
      73.0000000000000000   8.1177018919415325E+00   2.7041973762186311E+00
      74.0000000000000000   7.9358359048531355E+00   2.8147638940910595E+00
      75.0000000000000000   7.7610186294161849E+00   2.9272288722935591E+00
      76.0000000000000000   7.5934230129430489E+00   3.0412458393282198E+00
      77.0000000000000000   7.4331600352530796E+00   3.1564519729707796E+00
      78.0000000000000000   7.2802786530945758E+00   3.2724760861423352E+00
      79.0000000000000000   7.1347676959299813E+00   3.3889466359780518E+00
      80.0000000000000000   6.9965599027981700E+00   3.5054991292310329E+00
      81.0000000000000000   6.8655375424017926E+00   3.6217826232119612E+00
      82.0000000000000000   6.7415391134290754E+00   3.7374651047281522E+00
      83.0000000000000000   6.6243665887021939E+00   3.8522376452856970E+00
      84.0000000000000000   6.5137927654869534E+00   3.9658173339501017E+00
      85.0000000000000000   6.4095683740050191E+00   4.0779490664031002E+00
      86.0000000000000000   6.3114286448619081E+00   4.1884063241991489E+00
      87.0000000000000000   6.2190991778805271E+00   4.2969911112279320E+00
      88.0000000000000000   6.1323010533921360E+00   4.4035331884786251E+00
      89.0000000000000000   6.0507550599597293E+00   4.5078888488290954E+00
      90.0000000000000000   5.9741852053879603E+00   4.6099392801808099E+00
      91.0000000000000000   5.9023214722935915E+00   4.7095887225469211E+00
      92.0000000000000000   5.8349019232468828E+00   4.8067624951673258E+00
      93.0000000000000000   5.7716742434930524E+00   4.9014049830393018E+00
      94.0000000000000000   5.7123968060615073E+00   4.9934776470079338E+00
      95.0000000000000000   5.6568393414897855E+00   5.0829571039792025E+00
      96.0000000000000000   5.6047832876234738E+00   5.1698333091969522E+00
      97.0000000000000000   5.5560218855970378E+00   5.2541078607651031E+00
      97.9989999999999952   5.5104042534930580E+00   5.3357120405187093E+00
      98.0000000000000000   5.5103600778880057E+00   5.3357924375165826E+00
      98.0010000000000048   5.5103159051980164E+00   5.3358728319441981E+00
      99.0000000000000000   5.4676142643609751E+00   5.4149073738224018E+00
     100.0000000000000000   5.4276119355142818E+00   5.4914803716573291E+00
     110.0000000000000000   5.1474993719893787E+00   6.1267961506412849E+00
     120.0000000000000000   5.0156371451610253E+00   6.5617139358998893E+00
     130.0000000000000000   4.9707489495729407E+00   6.8473771135227253E+00
     140.0000000000000000   4.9799339318539673E+00   7.0247958545075093E+00
     150.0000000000000000   5.0244727101507394E+00   7.1241736846954735E+00
     160.0000000000000000   5.0931009838627954E+00   7.1672321297078625E+00
     170.0000000000000000   5.1787015408626393E+00   7.1695476223802430E+00
     180.0000000000000000   5.2765875768004769E+00   7.1423454641088622E+00
     190.0000000000000000   5.3835631744669827E+00   7.0937782357498502E+00
     200.0000000000000000   5.4973837238762089E+00   7.0298167469454693E+00
     210.0000000000000000   5.6164326151486579E+00   6.9548690898239025E+00
     220.0000000000000000   5.7350515696979869E+00   6.8891772614830415E+00
     230.0000000000000000   5.8651808644586589E+00   6.7919484589645158E+00
     240.0000000000000000   5.9882001417322162E+00   6.7230696328908968E+00
     250.0000000000000000   6.1197210620189759E+00   6.6300189318617404E+00
     260.0000000000000000   6.2515556660442630E+00   6.5398748591645859E+00
     270.0000000000000000   6.3836220556164518E+00   6.4526018539377032E+00
     280.0000000000000000   6.5222038985337578E+00   6.3471656653300776E+00
     290.0000000000000000   6.6542656377334835E+00   6.2663837948142698E+00
     300.0000000000000000   6.7923008643634839E+00   6.1689585817749970E+00
     310.0000000000000000   6.9299571754078322E+00   6.0755958274458628E+00
     320.0000000000000000   7.0616853899039995E+00   6.0038118718540918E+00
     330.0000000000000000   7.1987462560994997E+00   5.9171856679768320E+00
     340.0000000000000000   7.3354293050253006E+00   5.8339684308198176E+00
     350.0000000000000000   7.4717402593642683E+00   5.7539582969755374E+00
     360.0000000000000000   7.6126288701154605E+00   5.6616017716093481E+00
     370.0000000000000000   7.7480772088098666E+00   5.5879716183364367E+00
     380.0000000000000000   7.8831793354755337E+00   5.5169990079876055E+00
     390.0000000000000000   8.0179427833913621E+00   5.4485375538679159E+00
     400.0000000000000000   8.1568510382125297E+00   5.3689317116241053E+00
     410.0000000000000000   8.2908363748169478E+00   5.3055041862984291E+00
     420.0000000000000000   8.4287997987345893E+00   5.2314325248161113E+00
     430.0000000000000000   8.5662790773063229E+00   5.1600716373098763E+00
     440.0000000000000000   8.6991201590541092E+00   5.1033608292853048E+00
     450.0000000000000000   8.8357309152329826E+00   5.0366672690994232E+00
     460.0000000000000000   8.9718954520047287E+00   4.9722742371154798E+00
     470.0000000000000000   9.1076258249900288E+00   4.9100594541553217E+00
     480.0000000000000000   9.2429336630506018E+00   4.8499093253991843E+00
     490.0000000000000000   9.3778301870082643E+00   4.7917181454163948E+00
     500.0000000000000000   9.5123262279911653E+00   4.7353874008520078E+00
     510.0000000000000000   9.6464322407782266E+00   4.6808251558556888E+00
     520.0000000000000000   9.7801583025126906E+00   4.6279455398275475E+00
     530.0000000000000000   9.9135141186606877E+00   4.5766682693819538E+00
     540.0000000000000000   1.0046509036761172E+01   4.5269181913874066E+00
     550.0000000000000000   1.0179152055178912E+01   4.4786248915535092E+00
     560.0000000000000000   1.0311451856204027E+01   4.4317222759696540E+00
     570.0000000000000000   1.0443416790182331E+01   4.3861483029981496E+00
     580.0000000000000000   1.0578438072079186E+01   4.3330664324496677E+00
     590.0000000000000000   1.0709706270445277E+01   4.2901513081960987E+00
     600.0000000000000000   1.0840663560676242E+01   4.2483936706496266E+00
     610.0000000000000000   1.0974589256247269E+01   4.1994546942817559E+00
     620.0000000000000000   1.1104896387376199E+01   4.1600255873229015E+00
     630.0000000000000000   1.1234914222772433E+01   4.1216110169625431E+00
     640.0000000000000000   1.1367812435563113E+01   4.0763199186946268E+00
     650.0000000000000000   1.1497221976901370E+01   4.0399572751682369E+00
     660.0000000000000000   1.1629466647110723E+01   3.9969028593812479E+00
     670.0000000000000000   1.1758293870861280E+01   3.9624288983655207E+00
     680.0000000000000000   1.1889910148503688E+01   3.9214410545156433E+00
     690.0000000000000000   1.2018179600627812E+01   3.8887090612487212E+00
     700.0000000000000000   1.2149191217897302E+01   3.8496347261563968E+00
     710.0000000000000000   1.2276925742397720E+01   3.8185132983498629E+00
     712.9990000000000236   1.2316960511646649E+01   3.8051442464505136E+00
     713.0009999999999764   1.2316987201653291E+01   3.8051353650805426E+00
     720.0000000000000000   1.2407355302475436E+01   3.7812138959256352E+00
     725.9990000000000236   1.2484286995417099E+01   3.7619970150728959E+00
     726.0009999999999764   1.2484313604133675E+01   3.7619883791693014E+00
     730.0000000000000000   1.2534576121423566E+01   3.7515851416883672E+00
     740.0000000000000000   1.2664445073730313E+01   3.7159350696772750E+00
     750.0000000000000000   1.2794034511487538E+01   3.6811166076884718E+00
     760.0000000000000000   1.2920500530423233E+01   3.6535782824944882E+00
     770.0000000000000000   1.3049558896009779E+01   3.6202405370104747E+00
     780.0000000000000000   1.3178352813344993E+01   3.5876497847326014E+00
     790.0000000000000000   1.3306887894795336E+01   3.5557776351349664E+00
     800.0000000000000000   1.3432394821085508E+01   3.5307332714050559E+00
     810.0000000000000000   1.3560433189116402E+01   3.5001529561404197E+00
     820.0000000000000000   1.3688225277245438E+01   3.4702231543061153E+00
     830.0000000000000000   1.3815773942600718E+01   3.4409248733929094E+00
     840.0000000000000000   1.3940388730781862E+01   3.4180518122594390E+00
     850.0000000000000000   1.4067473075869474E+01   3.3898847895586219E+00
     850.9990000000000236   1.4080422588998029E+01   3.3865299525211352E+00
     851.0009999999999764   1.4080448511834019E+01   3.3865232429542753E+00
     860.0000000000000000   1.4194326004746408E+01   3.3622907312862460E+00
     870.0000000000000000   1.4320950063889354E+01   3.3352538038227308E+00
     880.0000000000000000   1.4447347969287176E+01   3.3087583175437496E+00
     890.0000000000000000   1.4573523095492314E+01   3.2827877019060101E+00
     900.0000000000000000   1.4696892247797694E+01   3.2627101376923191E+00
     910.0000000000000000   1.4822647801016700E+01   3.2376707930520610E+00
     920.0000000000000000   1.4948191109008336E+01   3.2131104072966146E+00
     930.0000000000000000   1.5073524855085401E+01   3.1890156917986987E+00
     940.0000000000000000   1.5198651892233151E+01   3.1653733986478678E+00
     950.0000000000000000   1.5323575223932826E+01   3.1421703572223132E+00
     960.0000000000000000   1.5448297906189708E+01   3.1193936622806109E+00
     970.0000000000000000   1.5572822951865145E+01   3.0970308554562780E+00
     980.0000000000000000   1.5697153251212757E+01   3.0750700603004160E+00
     990.0000000000000000   1.5821291555080165E+01   3.0534999954954283E+00
    1000.0000000000000000   1.5945240485876658E+01   3.0323099312759743E+00
    1100.0000000000000000   1.7174841651605032E+01   2.8392278586628539E+00
    1200.0000000000000000   1.8392406097779624E+01   2.6669445724822616E+00
    1300.0000000000000000   1.9592773559615196E+01   2.5221914284265199E+00
    1400.0000000000000000   2.0783911965955301E+01   2.3892987947017708E+00
    1500.0000000000000000   2.1962646624019950E+01   2.2725010520586140E+00
    1600.0000000000000000   2.3132038620855180E+01   2.1660183721111159E+00
    1700.0000000000000000   2.4290941948704877E+01   2.0709584374289620E+00
    1800.0000000000000000   2.5440138163036217E+01   1.9855640313121354E+00
    1900.0000000000000000   2.6580318353060722E+01   1.9084195722520270E+00
    2000.0000000000000000   2.7713938743204007E+01   1.8359575900747747E+00
    2100.0000000000000000   2.8839632357431320E+01   1.7698563945354109E+00
    2200.0000000000000000   2.9959556900649488E+01   1.7072481898770486E+00
    2300.0000000000000000   3.1070864633842710E+01   1.6515331704955043E+00
    2400.0000000000000000   3.2177109866003015E+01   1.5983076833256977E+00
    2500.0000000000000000   3.3277058487612244E+01   1.5490157914480798E+00
    2600.0000000000000000   3.4371072776931641E+01   1.5031843671517000E+00
    2700.0000000000000000   3.5459402260186650E+01   1.4604929849858599E+00
    2800.0000000000000000   3.6542491921288651E+01   1.4204504824763919E+00
    2900.0000000000000000   3.7621675208989764E+01   1.3816627845208387E+00
    3000.0000000000000000   3.8694604148436738E+01   1.3465625258860365E+00
    3100.0000000000000000   3.9763929077523287E+01   1.3124438571012584E+00
    3200.0000000000000000   4.0829009947663224E+01   1.2800069947456323E+00
    3300.0000000000000000   4.1889516865610560E+01   1.2495612964011071E+00
    3400.0000000000000000   4.2945893376945421E+01   1.2207088054769955E+00
    3500.0000000000000000   4.3998181483728672E+01   1.1934114940888745E+00
    3600.0000000000000000   4.5046688308841681E+01   1.1674199914464560E+00
    3700.0000000000000000   4.6091251089280938E+01   1.1428771476998412E+00
    3800.0000000000000000   4.7133683460659235E+01   1.1182252478016208E+00
    3900.0000000000000000   4.8170937585291810E+01   1.0961175170352715E+00
    4000.0000000000000000   4.9206524084460376E+01   1.0736217161224151E+00
    4100.0000000000000000   5.0237140943110937E+01   1.0534698453755471E+00
    4200.0000000000000000   5.1265925473810874E+01   1.0331140776169219E+00
    4300.0000000000000000   5.2290166783204178E+01   1.0147480974061065E+00
    4400.0000000000000000   5.3313310767826614E+01   9.9572746817515734E-01
    4500.0000000000000000   5.4332697407404652E+01   9.7803967749143683E-01
    4600.0000000000000000   5.5348463477230759E+01   9.6169969089577745E-01
    4700.0000000000000000   5.6362088717107468E+01   9.4546830266717463E-01
    4800.0000000000000000   5.7373801949889035E+01   9.2935543697600531E-01
    4900.0000000000000000   5.8382798584639119E+01   9.1389640052482290E-01
    5000.0000000000000000   5.9388977189376867E+01   8.9917354343747435E-01
    5100.0000000000000000   6.0392607731830964E+01   8.8501715815594129E-01
    5200.0000000000000000   6.1393820957953764E+01   8.7135110901265544E-01
    5300.0000000000000000   6.2392464579764408E+01   8.5827838652809851E-01
    5400.0000000000000000   6.3388467117273144E+01   8.4583828071612721E-01
    5500.0000000000000000   6.4383470267624659E+01   8.3297288834433125E-01
    5600.0000000000000000   6.5376633972685809E+01   8.2037474115316478E-01
    5700.0000000000000000   6.6365360687200265E+01   8.0952378380869561E-01
    5800.0000000000000000   6.7353531705028459E+01   7.9810718514021539E-01
    5900.0000000000000000   6.8338486761561029E+01   7.8770710171721958E-01
    6000.0000000000000000   6.9324301404406285E+01   7.7591864819375655E-01
    6100.0000000000000000   7.0304137962545980E+01   7.6677043608777207E-01
    6200.0000000000000000   7.1284254273185013E+01   7.5666235998727505E-01
    6300.0000000000000000   7.2263948830133018E+01   7.4598592256398244E-01
    6400.0000000000000000   7.3239464312958603E+01   7.3692804609591311E-01
    6500.0000000000000000   7.4213821604221948E+01   7.2764314777639716E-01
    6600.0000000000000000   7.5185145824362294E+01   7.1939985782904470E-01
    6700.0000000000000000   7.6156417926218381E+01   7.1038210022490311E-01
    6800.0000000000000000   7.7124768223103914E+01   7.0229589809009874E-01
    6900.0000000000000000   7.8093033359884188E+01   6.9354745485341995E-01
    7000.0000000000000000   7.9058563096237322E+01   6.8559327683438520E-01
    7100.0000000000000000   8.0024412258237120E+01   6.7684183097089312E-01
    7116.9989999999997963   8.0186904758685159E+01   6.7615301392171301E-01
    7117.0010000000002037   8.0186924297009952E+01   6.7615272358605116E-01
    7200.0000000000000000   8.0985998521384403E+01   6.6966566197082411E-01
    7300.0000000000000000   8.1946873245517295E+01   6.6217778167801100E-01
    7400.0000000000000000   8.2905338219545300E+01   6.5527778072660292E-01
    7500.0000000000000000   8.3863506021435015E+01   6.4798657157271944E-01
    7600.0000000000000000   8.4821205005411514E+01   6.4040385659040455E-01
    7700.0000000000000000   8.5774430185464809E+01   6.3429919785093769E-01
    7800.0000000000000000   8.6728702036592509E+01   6.2729946325159525E-01
    7900.0000000000000000   8.7680618398036245E+01   6.2084693012087522E-01
    8000.0000000000000000   8.8630731549860229E+01   6.1460313887116169E-01
    8100.0000000000000000   8.9580731922139222E+01   6.0806052846259462E-01
    8200.0000000000000000   9.0527179249094218E+01   6.0263440744338737E-01
    8300.0000000000000000   9.1474470738979846E+01   5.9626463907846694E-01
    8400.0000000000000000   9.2420804669136544E+01   5.8984689570348336E-01
    8500.0000000000000000   9.3362669400292589E+01   5.8504711176256896E-01
    8600.0000000000000000   9.4306985377978776E+01   5.7875173572098182E-01
    8700.0000000000000000   9.5246645981918448E+01   5.7393356679223984E-01
    8800.0000000000000000   9.6185855552934768E+01   5.6886807244652526E-01
    8900.0000000000000000   9.7126391214341268E+01   5.6285669289869200E-01
    9000.0000000000000000   9.8065384764310508E+01   5.5713737264517438E-01
    9100.0000000000000000   9.8998813596289310E+01   5.5332930377238287E-01
    9200.0000000000000000   9.9934365085597960E+01   5.4822632306721364E-01
    9300.0000000000000000   1.0086958476109507E+02   5.4285576963575810E-01
    9400.0000000000000000   1.0180251170658549E+02   5.3801015394605955E-01
    9500.0000000000000000   1.0273504467553504E+02   5.3295312917830340E-01
    9600.0000000000000000   1.0366560961346259E+02   5.2835398680636680E-01
    9700.0000000000000000   1.0459298741679420E+02   5.2473360761957677E-01
    9800.0000000000000000   1.0552022506898854E+02   5.2077730516517984E-01
    9900.0000000000000000   1.0644695524784296E+02   5.1667460066657778E-01
   10000.0000000000000000   1.0737302132477500E+02   5.1248468468192476E-01
   11000.0000000000000000   1.1658168057666111E+02   4.7259106742758655E-01
   12000.0000000000000000   1.2569386431778759E+02   4.3939764734243764E-01
   13000.0000000000000000   1.3471590013754525E+02   4.1244363466736167E-01
   14000.0000000000000000   1.4366705955047161E+02   3.8731314985250115E-01
   15000.0000000000000000   1.5254929959195141E+02   3.6469554046045261E-01
   16000.0000000000000000   1.6136153491352235E+02   3.4580493533817047E-01
   17000.0000000000000000   1.7011420602267316E+02   3.2928961223358350E-01
   18000.0000000000000000   1.7881806512682547E+02   3.1255142668815999E-01
   19000.0000000000000000   1.8745958040745310E+02   2.9913695851832139E-01
   20000.0000000000000000   1.9606158243945799E+02   2.8614266917510500E-01
   21000.0000000000000000   2.0461622371327439E+02   2.7421091628476019E-01
   22000.0000000000000000   2.1311585485295487E+02   2.6520778002100753E-01
   23000.0000000000000000   2.2157835418653070E+02   2.5605059277427811E-01
   24000.0000000000000000   2.3001777852238115E+02   2.4526329969921506E-01
   25000.0000000000000000   2.3841652131506098E+02   2.3637540573537688E-01
   26000.0000000000000000   2.4677716652229208E+02   2.2821063583364115E-01
   27000.0000000000000000   2.5509897873778220E+02   2.2131393494399001E-01
   28000.0000000000000000   2.6338084805108844E+02   2.1522030306264603E-01
   29000.0000000000000000   2.7165311060228248E+02   2.0791087236262429E-01
   30000.0000000000000000   2.7987711246089975E+02   2.0308767243944464E-01
   31000.0000000000000000   2.8808738620010485E+02   1.9754473044486576E-01
   32000.0000000000000000   2.9625207276876938E+02   1.9273762016186108E-01
   33000.0000000000000000   3.0441091108685549E+02   1.8611852552923172E-01
   34000.0000000000000000   3.1253837325652114E+02   1.8138390859989670E-01
   35000.0000000000000000   3.2062893585315544E+02   1.7820599419251604E-01
   36000.0000000000000000   3.2871328738077290E+02   1.7327021342325155E-01
   37000.0000000000000000   3.3678320676348449E+02   1.6866125164426998E-01
   38000.0000000000000000   3.4481202660771567E+02   1.6668207560117063E-01
   39000.0000000000000000   3.5282533214868670E+02   1.6138169203582589E-01
   40000.0000000000000000   3.6081713560561229E+02   1.5870951033316152E-01
   41000.0000000000000000   3.6879370742209716E+02   1.5517978534125346E-01
   42000.0000000000000000   3.7675068039693662E+02   1.5135224756720200E-01
   43000.0000000000000000   3.8465708538301800E+02   1.5078601271408706E-01
   44000.0000000000000000   3.9261726487598577E+02   1.4504400645461024E-01
   45000.0000000000000000   4.0047627435280100E+02   1.4437274090163912E-01
   46000.0000000000000000   4.0835810060326241E+02   1.4073988771743423E-01
   47000.0000000000000000   4.1624572200116108E+02   1.3780071205534963E-01
   48000.0000000000000000   4.2410100746925576E+02   1.3551756611932511E-01
   49000.0000000000000000   4.3194633064283443E+02   1.3222274081113405E-01
   50000.0000000000000000   4.3975967958857001E+02   1.3002130413449822E-01
