       0.0010000000000000   1.0000000000000000E+30   0.0000000000000000E+00
       0.1000000000000000   2.4058718327463488E+01   1.2114465371420354E-03
       0.2000000000000000   2.1087252215251780E+01   2.3798531040707849E-03
       0.3000000000000000   2.0051192893119737E+01   3.5515442210603556E-03
       0.4000000000000000   1.9611762374745666E+01   4.6810180287420377E-03
       0.5000000000000000   1.9355772946140014E+01   5.8072677778224346E-03
       0.6000000000000000   1.9188688983853158E+01   6.9319837477803481E-03
       0.7000000000000000   1.9073648933837784E+01   8.0567805268271248E-03
       0.7999999999999999   1.8990293465981409E+01   9.1827384611036442E-03
       0.8999999999999999   1.8929285906850328E+01   1.0307544954267374E-02
       0.9999999999999999   1.8881544738343134E+01   1.1435632378236920E-02
       2.0000000000000000   1.8666730579780175E+01   2.2871005081376274E-02
       3.0000000000000000   1.8506947229099040E+01   3.4785814326375702E-02
       4.0000000000000000   1.8296703487776469E+01   4.7357476751555411E-02
       5.0000000000000000   1.8034623122169968E+01   6.0704913700559804E-02
       6.0000000000000000   1.7732447531452156E+01   7.4914567783351288E-02
       7.0000000000000000   1.7403313988875112E+01   9.0038462142314160E-02
       8.0000000000000000   1.7057185571503990E+01   1.0611369399715276E-01
       9.0000000000000000   1.6701965142046799E+01   1.2316430284808792E-01
      10.0000000000000000   1.6343338105355560E+01   1.4120793882705812E-01
      11.0000000000000000   1.5985733599632177E+01   1.6025409986063971E-01
      12.0000000000000000   1.5632332728508240E+01   1.8030619838078765E-01
      13.0000000000000000   1.5285551856263293E+01   2.0136321812630895E-01
      14.0000000000000000   1.4946831938800566E+01   2.2342490565123965E-01
      15.0000000000000000   1.4617168430261986E+01   2.4648946967135454E-01
      16.0000000000000000   1.4297245926725653E+01   2.7055228799629666E-01
      17.0000000000000000   1.3987321672797346E+01   2.9561139319944546E-01
      18.0000000000000000   1.3687527402693137E+01   3.2166375989364643E-01
      19.0000000000000000   1.3397779465716630E+01   3.4870721983882291E-01
      20.0000000000000000   1.3117888511972646E+01   3.7674142917706582E-01
      21.0000000000000000   1.2847570630924679E+01   4.0576747455013235E-01
      22.0000000000000000   1.2586525276746732E+01   4.3578634267113986E-01
      23.0000000000000000   1.2334407604040392E+01   4.6680037908090349E-01
      24.0000000000000000   1.2090835824910046E+01   4.9881434736131414E-01
      25.0000000000000000   1.1855436259724815E+01   5.3183352048526811E-01
      26.0000000000000000   1.1627836754994730E+01   5.6586430307172308E-01
      27.0000000000000000   1.1407673046388735E+01   6.0091407769151339E-01
      28.0000000000000000   1.1194597131449962E+01   6.3699088787037705E-01
      29.0000000000000000   1.0988270236864349E+01   6.7410366203676853E-01
      30.0000000000000000   1.0788376589640173E+01   7.1226166842154204E-01
      31.0000000000000000   1.0594612766386973E+01   7.5147469994964633E-01
      32.0000000000000000   1.0406701731250337E+01   7.9175224721345105E-01
      33.0000000000000000   1.0224378071068955E+01   8.3310407629074945E-01
      34.0000000000000000   1.0047398266111511E+01   8.7553947328914739E-01
      35.0000000000000000   9.8755358250358061E+00   9.1906714289381253E-01
      36.0000000000000000   9.7085818735836895E+00   9.6369493393262862E-01
      37.0000000000000000   9.5463441246871099E+00   1.0094295683474472E+00
      38.0000000000000000   9.3886464917839216E+00   1.0562763506849475E+00
      39.0000000000000000   9.2353273362686945E+00   1.1042388840933479E+00
      40.0000000000000000   9.0862400698177090E+00   1.1533186900335495E+00
      41.0000000000000000   8.9412507233854139E+00   1.2035149874179123E+00
      42.0000000000000000   8.8002379104706687E+00   1.2548243032616528E+00
      43.0000000000000000   8.6630919866812004E+00   1.3072401791259731E+00
      44.0000000000000000   8.5297144366463495E+00   1.3607527318646488E+00
      45.0000000000000000   8.4000159186511301E+00   1.4153485300395940E+00
      46.0000000000000000   8.2739164470167736E+00   1.4710101536549118E+00
      47.0000000000000000   8.1513441971036631E+00   1.5277159501611293E+00
      47.9990000000000023   8.0323520810098579E+00   1.5853815559184423E+00
      48.0000000000000000   8.0322346813963730E+00   1.5854397783866014E+00
      48.0009999999999977   8.0321172851871729E+00   1.5854980018423503E+00
      48.9990000000000023   7.9166439560712796E+00   1.6440916015706002E+00
      49.0000000000000000   7.9165299342015985E+00   1.6441507942078755E+00
      49.0009999999999977   7.9164159156839302E+00   1.6442099877970366E+00
      50.0000000000000000   7.8041776594236971E+00   1.7038132741505694E+00
      51.0000000000000000   7.6951303010033367E+00   1.7643865042396254E+00
      52.0000000000000000   7.5893444306280609E+00   1.8258247100783553E+00
      53.0000000000000000   7.4867798189637860E+00   1.8880770635918300E+00
      54.0000000000000000   7.3873987353158368E+00   1.9510877577889254E+00
      55.0000000000000000   7.2911650774747843E+00   2.0147961826515424E+00
      56.0000000000000000   7.1980438392023558E+00   2.0791372020701617E+00
      57.0000000000000000   7.1080010912584415E+00   2.1440409736785764E+00
      58.0000000000000000   7.0210017820691988E+00   2.2094341853850752E+00
      58.9990000000000023   6.9370926781094306E+00   2.2751740616970104E+00
      59.0000000000000000   6.9370101773305022E+00   2.2752400470223435E+00
      59.0009999999999977   6.9369276795231842E+00   2.2753060326804033E+00
      60.0000000000000000   6.8559904028781578E+00   2.3413782540622905E+00
      60.9990000000000023   6.7779805814584480E+00   2.4077001185148430E+00
      61.0000000000000000   6.7779039470379372E+00   2.4077666039027594E+00
      61.0009999999999977   6.7778273155108897E+00   2.4078330894566973E+00
      62.0000000000000000   6.7027107510144228E+00   2.4743208795987335E+00
      63.0000000000000000   6.6303686442121181E+00   2.5409556530867992E+00
      64.0000000000000000   6.5608331019216823E+00   2.6075849268611111E+00
      65.0000000000000000   6.4940571929973308E+00   2.6741227767812643E+00
      66.0000000000000000   6.4299915372944882E+00   2.7404839855107563E+00
      67.0000000000000000   6.3685843373564435E+00   2.8065846533441863E+00
      68.0000000000000000   6.3097814767270481E+00   2.8723427753091806E+00
      69.0000000000000000   6.2535266590566323E+00   2.9376787755174325E+00
      70.0000000000000000   6.1997615942317159E+00   3.0025159892819118E+00
      71.0000000000000000   6.1484262109149030E+00   3.0667810901371215E+00
      72.0000000000000000   6.0994589114489122E+00   3.1304044539750637E+00
      72.9989999999999952   6.0528423640825757E+00   3.1932579190340435E+00
      73.0000000000000000   6.0527968322763801E+00   3.1933204609245953E+00
      73.0010000000000048   6.0527513027116084E+00   3.1933830020460388E+00
      74.0000000000000000   6.0083761174773596E+00   3.2554677335326621E+00
      74.9989999999999952   5.9661733049113144E+00   3.3167284683948619E+00
      75.0000000000000000   5.9661321266875049E+00   3.3167893597088489E+00
      75.0010000000000048   5.9660909505754836E+00   3.3168502501443409E+00
      76.0000000000000000   5.9259999917053356E+00   3.3772328197887491E+00
      76.9989999999999952   5.8879515398952949E+00   3.4366912917727941E+00
      77.0000000000000000   5.8879144549469506E+00   3.4367503320046104E+00
      77.0010000000000048   5.8878773719800677E+00   3.4368093712668779E+00
      78.0000000000000000   5.8518104134051532E+00   3.4952986700544830E+00
      79.0000000000000000   5.8176230843491403E+00   3.5528391735908498E+00
      79.9989999999999952   5.7853196572199748E+00   3.6092817020436172E+00
      80.0000000000000000   5.7852882264657728E+00   3.6093376697814494E+00
      80.0010000000000048   5.7852567975004554E+00   3.6093936364471202E+00
      81.0000000000000000   5.7547423395174597E+00   3.6647643596230064E+00
      81.9989999999999952   5.7259508270368835E+00   3.7190399009469752E+00
      82.0000000000000000   5.7259228493195895E+00   3.7190936746360337E+00
      82.0010000000000048   5.7258948732670945E+00   3.7191474472058981E+00
      83.0000000000000000   5.6987682648811369E+00   3.7723041090652036E+00
      84.0000000000000000   5.6732183115138177E+00   3.8243780334102340E+00
      85.0000000000000000   5.6492140545769187E+00   3.8753014930649665E+00
      86.0000000000000000   5.6266979946310807E+00   3.9250639971049197E+00
      87.0000000000000000   5.6056141390077316E+00   3.9736583081166619E+00
      88.0000000000000000   5.5859081018686902E+00   4.0210801922940878E+00
      89.0000000000000000   5.5675270917830044E+00   4.0673282435797224E+00
      90.0000000000000000   5.5504199800383685E+00   4.1124036361192786E+00
      91.0000000000000000   5.5345373131456057E+00   4.1563099184493728E+00
      92.0000000000000000   5.5198313187658119E+00   4.1990528065114336E+00
      93.0000000000000000   5.5062559028007882E+00   4.2406399841927760E+00
      94.0000000000000000   5.4937666377329020E+00   4.2810809124116505E+00
      95.0000000000000000   5.4823207432999466E+00   4.3203866474692827E+00
      96.0000000000000000   5.4718770608630569E+00   4.3585696691530194E+00
      97.0000000000000000   5.4623960223624799E+00   4.3956437188707280E+00
      97.9989999999999952   5.4538477205062836E+00   4.4315882093967911E+00
      98.0000000000000000   5.4538396136804774E+00   4.4316236480039448E+00
      98.0010000000000048   5.4538315077426702E+00   4.4316590855327327E+00
      99.0000000000000000   5.4461713404999639E+00   4.4665252759675358E+00
     100.0000000000000000   5.4393561785716846E+00   4.5003652590256840E+00
     110.0000000000000000   5.4113842317489311E+00   4.7844198627059260E+00
     116.9989999999999952   5.4263009474394366E+00   4.9313686166200688E+00
     117.0010000000000048   5.4263084510020958E+00   4.9314052715016370E+00
     120.0000000000000000   5.4393959518117905E+00   4.9832158869606946E+00
     120.9989999999999952   5.4445313595517772E+00   4.9991222578913987E+00
     121.0010000000000048   5.4445420108381199E+00   4.9991534478161768E+00
     130.0000000000000000   5.5057936906334719E+00   5.1152077844419210E+00
     140.0000000000000000   5.5990874781224536E+00   5.1960197728604154E+00
     150.0000000000000000   5.7116344363195930E+00   5.2380514081368235E+00
     160.0000000000000000   5.8382334856379012E+00   5.2508642406157904E+00
     170.0000000000000000   5.9752624506460430E+00   5.2417421434258635E+00
     180.0000000000000000   6.1201430571979243E+00   5.2162120124337559E+00
     190.0000000000000000   6.2710030587869383E+00   5.1784685349498121E+00
     200.0000000000000000   6.4264582031421273E+00   5.1317025627022081E+00
     210.0000000000000000   6.5854684694933763E+00   5.0783489133935804E+00
     220.0000000000000000   6.7472412009819545E+00   5.0202716033584256E+00
     230.0000000000000000   6.9111645494506906E+00   4.9589019305488122E+00
     240.0000000000000000   7.0767608622951848E+00   4.8953415870232782E+00
     250.0000000000000000   7.2436535040014487E+00   4.8304399092608632E+00
     260.0000000000000000   7.4115428459483796E+00   4.7648520538299914E+00
     270.0000000000000000   7.5801886459681125E+00   4.6990830392388254E+00
     280.0000000000000000   7.7493969435784038E+00   4.6335212781571817E+00
     290.0000000000000000   7.9190101942279236E+00   4.5684642529780151E+00
     300.0000000000000000   8.0888997582876510E+00   4.5041382846382607E+00
     310.0000000000000000   8.2589601233856165E+00   4.4407138346370383E+00
     320.0000000000000000   8.4291044174914358E+00   4.3783174093233139E+00
     330.0000000000000000   8.5935400728792892E+00   4.3305955961410332E+00
     340.0000000000000000   8.7635011704429697E+00   4.2728876704199248E+00
     350.0000000000000000   8.9385597433378940E+00   4.2049043300595814E+00
     360.0000000000000000   9.1071833873521442E+00   4.1519347545310596E+00
     370.0000000000000000   9.2752502600906119E+00   4.1009100154722047E+00
     380.0000000000000000   9.4427816240425457E+00   4.0517165549101382E+00
     390.0000000000000000   9.6150031049420548E+00   3.9932474141475769E+00
     400.0000000000000000   9.7813864415447078E+00   3.9477465289983256E+00
     410.0000000000000000   9.9523000485937558E+00   3.8933920063917564E+00
     420.0000000000000000   1.0117618850699662E+01   3.8511611384009941E+00
     430.0000000000000000   1.0287309735920010E+01   3.8004709558505794E+00
     440.0000000000000000   1.0456387177984961E+01   3.7515902574200997E+00
     450.0000000000000000   1.0620184866007344E+01   3.7137394746027814E+00
     460.0000000000000000   1.0788153835288773E+01   3.6679545699887304E+00
     470.0000000000000000   1.0955563420434467E+01   3.6237091352806563E+00
     480.0000000000000000   1.1122430179708100E+01   3.5809224488115490E+00
     490.0000000000000000   1.1288769938696971E+01   3.5395194867789899E+00
     500.0000000000000000   1.1454597879342007E+01   3.4994303445893471E+00
     510.0000000000000000   1.1619928549387852E+01   3.4605898382561442E+00
     520.0000000000000000   1.1784775863782079E+01   3.4229371518377905E+00
     530.0000000000000000   1.1949153167809127E+01   3.3864154238506430E+00
     540.0000000000000000   1.2113073243445877E+01   3.3509714663049301E+00
     550.0000000000000000   1.2276548358464323E+01   3.3165554324343796E+00
     560.0000000000000000   1.2439590262492487E+01   3.2831206018753725E+00
     570.0000000000000000   1.2606169507257368E+01   3.2435194505498091E+00
     580.0000000000000000   1.2768321029689130E+01   3.2120605102924777E+00
     590.0000000000000000   1.2930072386328405E+01   3.1814538976129914E+00
     600.0000000000000000   1.3091433553757998E+01   3.1516633561846326E+00
     610.0000000000000000   1.3256194867388498E+01   3.1160779846569944E+00
     620.0000000000000000   1.3416748215702917E+01   3.0879431542682121E+00
     630.0000000000000000   1.3576939632361531E+01   3.0605234047932597E+00
     640.0000000000000000   1.3740438119526033E+01   3.0275613358530928E+00
     650.0000000000000000   1.3899876127931917E+01   3.0016002331844920E+00
     660.0000000000000000   1.4062573324467637E+01   2.9702506737145180E+00
     670.0000000000000000   1.4221291226913356E+01   2.9456320040455286E+00
     680.0000000000000000   1.4383219257999473E+01   2.9157722405590203E+00
     690.0000000000000000   1.4541248123732304E+01   2.8923919765182542E+00
     700.0000000000000000   1.4702437109592099E+01   2.8639117144686823E+00
     710.0000000000000000   1.4859805962837973E+01   2.8416764438801905E+00
     720.0000000000000000   1.5020284167423030E+01   2.8144762743320659E+00
     730.0000000000000000   1.5180411282647597E+01   2.7879215954628962E+00
     740.0000000000000000   1.5336814115220877E+01   2.7672919702375314E+00
     750.0000000000000000   1.5496269525067591E+01   2.7418836765419554E+00
     760.0000000000000000   1.5655392243968967E+01   2.7170556386980653E+00
     770.0000000000000000   1.5810885286859481E+01   2.6978621076195402E+00
     780.0000000000000000   1.5969372037513631E+01   2.6740650685017031E+00
     790.0000000000000000   1.6127542957264904E+01   2.6507917702635981E+00
     800.0000000000000000   1.6282177452068694E+01   2.6328880627207236E+00
     810.0000000000000000   1.6439745159735018E+01   2.6105456452368627E+00
     820.0000000000000000   1.6597012541559874E+01   2.5886777288291603E+00
     830.0000000000000000   1.6753984439610171E+01   2.5672688060335460E+00
     840.0000000000000000   1.6910665568986474E+01   2.5463040477497203E+00
     850.0000000000000000   1.7063937763140153E+01   2.5303196890099953E+00
     860.0000000000000000   1.7220064411067803E+01   2.5101445074137869E+00
     870.0000000000000000   1.7375913842000752E+01   2.4903740491057826E+00
     880.0000000000000000   1.7531490302586771E+01   2.4709958099688625E+00
     890.0000000000000000   1.7686797946092842E+01   2.4519977883572350E+00
     900.0000000000000000   1.7841840810012631E+01   2.4333684941996734E+00
     910.0000000000000000   1.7993617888160291E+01   2.4193189952187883E+00
     920.0000000000000000   1.8148156771896790E+01   2.4013451053054378E+00
     930.0000000000000000   1.8302442494076494E+01   2.3837092591709999E+00
     940.0000000000000000   1.8456478712918408E+01   2.3664016575499729E+00
     950.0000000000000000   1.8610269001252263E+01   2.3494128811280821E+00
     960.0000000000000000   1.8763816854379389E+01   2.3327338674618767E+00
     970.0000000000000000   1.8917125672853139E+01   2.3163559159658687E+00
     980.0000000000000000   1.9070198788643150E+01   2.3002706433593172E+00
     990.0000000000000000   1.9223039448209143E+01   2.2844699911126765E+00
    1000.0000000000000000   1.9375650829882275E+01   2.2689461925815486E+00
    1100.0000000000000000   2.0889805041983365E+01   2.1274147187581485E+00
    1200.0000000000000000   2.2389246505902385E+01   2.0005391807344335E+00
    1300.0000000000000000   2.3870546315789412E+01   1.8911659316539873E+00
    1400.0000000000000000   2.5335549315043053E+01   1.7958141959860299E+00
    1500.0000000000000000   2.6788144070122062E+01   1.7094141094087203E+00
    1600.0000000000000000   2.8229415071445850E+01   1.6304634956752582E+00
    1700.0000000000000000   2.9658054390639698E+01   1.5599525451890488E+00
    1800.0000000000000000   3.1075030428383958E+01   1.4965629635172064E+00
    1900.0000000000000000   3.2483318912678584E+01   1.4373237188999919E+00
    2000.0000000000000000   3.3879346632181715E+01   1.3853157625156327E+00
    2100.0000000000000000   3.5267988687495468E+01   1.3360877450962616E+00
    2200.0000000000000000   3.6649699316605520E+01   1.2893134745228618E+00
    2300.0000000000000000   3.8020970393743752E+01   1.2478406455540196E+00
    2400.0000000000000000   3.9386220165039923E+01   1.2080456030035800E+00
    2500.0000000000000000   4.0743895217370593E+01   1.1711789653752858E+00
    2600.0000000000000000   4.2094382665796680E+01   1.1369215134666406E+00
    2700.0000000000000000   4.3438037200112859E+01   1.1049984967146016E+00
    2800.0000000000000000   4.4777025012465963E+01   1.0738866436014105E+00
    2900.0000000000000000   4.6107890501792305E+01   1.0460259502149594E+00
    3000.0000000000000000   4.7434651927087565E+01   1.0186517791361327E+00
    3100.0000000000000000   4.8753848713281478E+01   9.9410478890419851E-01
    3200.0000000000000000   5.0069360620581101E+01   9.6983821803817183E-01
    3300.0000000000000000   5.1379593197756748E+01   9.4693244540360788E-01
    3400.0000000000000000   5.2684739535991575E+01   9.2527929530275821E-01
    3500.0000000000000000   5.3984984628874109E+01   9.0477905015587401E-01
    3600.0000000000000000   5.5280510268163376E+01   8.8533804471688149E-01
    3700.0000000000000000   5.6573222135160847E+01   8.6586820631538597E-01
    3800.0000000000000000   5.7859764520706157E+01   8.4834129433519534E-01
    3900.0000000000000000   5.9142042009369490E+01   8.3165784681133259E-01
    4000.0000000000000000   6.0421922142854704E+01   8.1480959000509279E-01
    4100.0000000000000000   6.1696077869003126E+01   7.9965026210766177E-01
    4200.0000000000000000   6.2968049499514692E+01   7.8427260564390999E-01
    4300.0000000000000000   6.4234571066779253E+01   7.7043814536541144E-01
    4400.0000000000000000   6.5499140115121065E+01   7.5632366809414142E-01
    4500.0000000000000000   6.6760088089759194E+01   7.4282463695558842E-01
    4600.0000000000000000   6.8017650484630693E+01   7.2984196879176499E-01
    4700.0000000000000000   6.9270107137033847E+01   7.1822350076576102E-01
    4800.0000000000000000   7.0520994691714137E+01   7.0624439424847085E-01
    4900.0000000000000000   7.1768706296153852E+01   6.9471696670490535E-01
    5000.0000000000000000   7.3013286773348455E+01   6.8363014478183792E-01
    5100.0000000000000000   7.4254822646334915E+01   6.7295576954353920E-01
    5200.0000000000000000   7.5493390837694093E+01   6.6267009861448067E-01
    5300.0000000000000000   7.6729042353475862E+01   6.5276000990888494E-01
    5400.0000000000000000   7.7963300077779181E+01   6.4255895388865136E-01
    5500.0000000000000000   7.9193532538082124E+01   6.3326155243378401E-01
    5600.0000000000000000   8.0421045834773778E+01   6.2428904413574859E-01
    5700.0000000000000000   8.1645626699113024E+01   6.1572945554958802E-01
    5800.0000000000000000   8.2867962977646329E+01   6.0732123056304776E-01
    5900.0000000000000000   8.4088911857860580E+01   5.9869306425514668E-01
    6000.0000000000000000   8.5306386824610414E+01   5.9076028655796364E-01
    6100.0000000000000000   8.6521022571355417E+01   5.8323152831346425E-01
    6200.0000000000000000   8.7734735828458582E+01   5.7535001559732935E-01
    6300.0000000000000000   8.8945058176997804E+01   5.6813551334412882E-01
    6400.0000000000000000   9.0152914495061054E+01   5.6120591179591883E-01
    6500.0000000000000000   9.1360020218514421E+01   5.5389460277872327E-01
    6600.0000000000000000   9.2563251322958109E+01   5.4743591889613374E-01
    6700.0000000000000000   9.3765961098166045E+01   5.4054037315264880E-01
    6800.0000000000000000   9.4965010274526847E+01   5.3441906435634057E-01
    6900.0000000000000000   9.6163634302884248E+01   5.2785353405982982E-01
    7000.0000000000000000   9.7358631959952731E+01   5.2205113042777773E-01
    7100.0000000000000000   9.8553207112399775E+01   5.1582559070634482E-01
    7200.0000000000000000   9.9745280490956119E+01   5.0994903468054797E-01
    7300.0000000000000000   1.0093433919962202E+02   5.0460457245074852E-01
    7400.0000000000000000   1.0212304515467808E+02   4.9885827395071841E-01
    7500.0000000000000000   1.0330990536561613E+02   4.9326194353828806E-01
    7600.0000000000000000   1.0449340354816066E+02   4.8831122742688260E-01
    7700.0000000000000000   1.0567632084950964E+02   4.8305764684550728E-01
    7800.0000000000000000   1.0685783341101774E+02   4.7783109576750266E-01
    7900.0000000000000000   1.0803571326349535E+02   4.7332644076279451E-01
    8000.0000000000000000   1.0921416331242111E+02   4.6819618938852559E-01
    8100.0000000000000000   1.1038963522731770E+02   4.6357770087151473E-01
    8200.0000000000000000   1.1156444245138481E+02   4.5876363528435404E-01
    8300.0000000000000000   1.1273550033045392E+02   4.5470883702268783E-01
    8400.0000000000000000   1.1390741897438166E+02   4.4998575896406884E-01
    8500.0000000000000000   1.1507638889801733E+02   4.4575305024418183E-01
    8600.0000000000000000   1.1624437924367989E+02   4.4145789096138477E-01
    8700.0000000000000000   1.1741112258262791E+02   4.3715823045379765E-01
    8800.0000000000000000   1.1857426096305053E+02   4.3356350872943750E-01
    8900.0000000000000000   1.1973776213557876E+02   4.2949566651683369E-01
    9000.0000000000000000   1.2090026655813898E+02   4.2537253465244002E-01
    9100.0000000000000000   1.2206074888138841E+02   4.2148078161936986E-01
    9200.0000000000000000   1.2321905724884682E+02   4.1786919235462749E-01
    9300.0000000000000000   1.2437634918962056E+02   4.1422599983843339E-01
    9400.0000000000000000   1.2553270176692573E+02   4.1053134433023863E-01
    9500.0000000000000000   1.2668765605303018E+02   4.0690870873921609E-01
    9600.0000000000000000   1.2784115958070815E+02   4.0337351220531092E-01
    9700.0000000000000000   1.2899322833684911E+02   3.9992429203513713E-01
    9800.0000000000000000   1.3014386327932041E+02   3.9656443422380333E-01
    9900.0000000000000000   1.3129311899511245E+02   3.9328294291768567E-01
   10000.0000000000000000   1.3244107061536462E+02   3.9006306416973957E-01
   11000.0000000000000000   1.4385183366642170E+02   3.6095115856769083E-01
   12000.0000000000000000   1.5515081060252521E+02   3.3566647743258915E-01
   13000.0000000000000000   1.6634588216286483E+02   3.1407823057902406E-01
   14000.0000000000000000   1.7744756890328563E+02   2.9529821506637816E-01
   15000.0000000000000000   1.8846350463417627E+02   2.7885058754439768E-01
   16000.0000000000000000   1.9940122311311669E+02   2.6420474063690114E-01
   17000.0000000000000000   2.1026579515941683E+02   2.5118829182565378E-01
   18000.0000000000000000   2.2106368051324355E+02   2.3936643877624739E-01
   19000.0000000000000000   2.3179653107472322E+02   2.2897479605245205E-01
   20000.0000000000000000   2.4247325130638490E+02   2.1913002499123291E-01
   21000.0000000000000000   2.5309245511695681E+02   2.1037777768885438E-01
   22000.0000000000000000   2.6366146241747106E+02   2.0204446581261162E-01
   23000.0000000000000000   2.7417931933263736E+02   1.9460302946147123E-01
   24000.0000000000000000   2.8464968219898844E+02   1.8779722601159124E-01
   25000.0000000000000000   2.9507518650464289E+02   1.8153185495451321E-01
   26000.0000000000000000   3.0545945662124336E+02   1.7555148709187987E-01
   27000.0000000000000000   3.1579710751209927E+02   1.7067511772277461E-01
   28000.0000000000000000   3.2610699782066263E+02   1.6484494318323978E-01
   29000.0000000000000000   3.3637470512418759E+02   1.5998115719801903E-01
   30000.0000000000000000   3.4660467458847717E+02   1.5560803233461301E-01
   31000.0000000000000000   3.5680541374897643E+02   1.5105185331420792E-01
   32000.0000000000000000   3.6696887194805015E+02   1.4710827200935039E-01
   33000.0000000000000000   3.7710144275390149E+02   1.4334730205253920E-01
   34000.0000000000000000   3.8720384177054456E+02   1.3977407819647436E-01
   35000.0000000000000000   3.9727928486150387E+02   1.3616971609194584E-01
   36000.0000000000000000   4.0731743562401965E+02   1.3353371562077282E-01
   37000.0000000000000000   4.1733966268261423E+02   1.3007190022412643E-01
   38000.0000000000000000   4.2733508191573179E+02   1.2679530238780898E-01
   39000.0000000000000000   4.3728761561084707E+02   1.2497368044384127E-01
   40000.0000000000000000   4.4723007489323885E+02   1.2209875378284091E-01
   41000.0000000000000000   4.5714730609957275E+02   1.1948527895881814E-01
   42000.0000000000000000   4.6703947434621779E+02   1.1707456545754126E-01
   43000.0000000000000000   4.7691602226516432E+02   1.1412028435038556E-01
   44000.0000000000000000   4.8676663165560831E+02   1.1179124161073620E-01
   45000.0000000000000000   4.9658978607084509E+02   1.0964735867606953E-01
   46000.0000000000000000   5.0639240351486217E+02   1.0769778420218953E-01
   47000.0000000000000000   5.1617618275077848E+02   1.0584175630732373E-01
   48000.0000000000000000   5.2594552273769352E+02   1.0365974154597316E-01
   49000.0000000000000000   5.3567498415537909E+02   1.0293213472516047E-01
   50000.0000000000000000   5.4540110807918279E+02   1.0109160576978717E-01
