       0.1000000000000000   3.2284052003280912E+01   9.0230212532948530E-04
       0.2000000000000000   2.8352822764034215E+01   1.7675058957287151E-03
       0.3000000000000000   2.7013500306410837E+01   2.6300105903442439E-03
       0.4000000000000000   2.6472780091332545E+01   3.4564817439145679E-03
       0.5000000000000000   2.6177678848304506E+01   4.2758548073930491E-03
       0.6000000000000000   2.6001529430521312E+01   5.0894552939968586E-03
       0.7000000000000000   2.5895068714593538E+01   5.8985219439683370E-03
       0.7999999999999999   2.5831028669246940E+01   6.7038982417963232E-03
       0.8999999999999999   2.5796850800227009E+01   7.5039564415926461E-03
       0.9999999999999999   2.5780438912135235E+01   8.3019633518687051E-03
       2.0000000000000000   2.5962824717218300E+01   1.6159233572772116E-02
       3.0000000000000000   2.6202647443187587E+01   2.3956891252528725E-02
       4.0000000000000000   2.6350826368519702E+01   3.1842502770377541E-02
       5.0000000000000000   2.6400280090415240E+01   3.9915602764334909E-02
       6.0000000000000000   2.6363826377282663E+01   4.8249669606498652E-02
       7.0000000000000000   2.6257774844412406E+01   5.6894284063194495E-02
       8.0000000000000000   2.6095168047541076E+01   6.5889279976583309E-02
       9.0000000000000000   2.5887141308894325E+01   7.5266636130137357E-02
      10.0000000000000000   2.5642374379181948E+01   8.5054896988815576E-02
      11.0000000000000000   2.5368288827352117E+01   9.5278064166072332E-02
      12.0000000000000000   2.5070848425205973E+01   1.0595720211729828E-01
      13.0000000000000000   2.4755181106427802E+01   1.1711094723147007E-01
      14.0000000000000000   2.4425111499272994E+01   1.2875875610035634E-01
      15.0000000000000000   2.4083887901218151E+01   1.4091925013183593E-01
      16.0000000000000000   2.3734311818855410E+01   1.5360962243441545E-01
      17.0000000000000000   2.3378509879369716E+01   1.6684867905279918E-01
      18.0000000000000000   2.3018374301214838E+01   1.8065478313256184E-01
      19.0000000000000000   2.2655366165977895E+01   1.9504706129055380E-01
      20.0000000000000000   2.2290705308315562E+01   2.1004597372337250E-01
      21.0000000000000000   2.1925355369355657E+01   2.2567327633464690E-01
      22.0000000000000000   2.1560148268712812E+01   2.4195136560575226E-01
      23.0000000000000000   2.1195739962321081E+01   2.5890427094817625E-01
      24.0000000000000000   2.0832622340836394E+01   2.7655837831440644E-01
      25.0000000000000000   2.0471199970040423E+01   2.9494168452799469E-01
      26.0000000000000000   2.0111784768211006E+01   3.1408436715542032E-01
      27.0000000000000000   1.9754611350458489E+01   3.3401896501812561E-01
      28.0000000000000000   1.9399857467483564E+01   3.5478049433872677E-01
      29.0000000000000000   1.9047638092689226E+01   3.7640687453879174E-01
      30.0000000000000000   1.8698036262520482E+01   3.9893895181220485E-01
      31.0000000000000000   1.8351089543141399E+01   4.2242094617733728E-01
      32.0000000000000000   1.8006821161896138E+01   4.4690037700993190E-01
      33.0000000000000000   1.7665219679087603E+01   4.7242875110679544E-01
      34.0000000000000000   1.7326262892967460E+01   4.9906157455918182E-01
      35.0000000000000000   1.6989913786207811E+01   5.2685873381527260E-01
      36.0000000000000000   1.6656126777910050E+01   5.5588480394391582E-01
      37.0000000000000000   1.6324850499443020E+01   5.8620938235537967E-01
      38.0000000000000000   1.5996031683552136E+01   6.1790742858230752E-01
      39.0000000000000000   1.5669616101673659E+01   6.5105962058145572E-01
      40.0000000000000000   1.5345553743866184E+01   6.8575266296772097E-01
      41.0000000000000000   1.5023798827261672E+01   7.2207967564493802E-01
      42.0000000000000000   1.4704313542869370E+01   7.6014047009356611E-01
      43.0000000000000000   1.4387070757056204E+01   8.0004183381826810E-01
      44.0000000000000000   1.4072056646394959E+01   8.4189767552522965E-01
      45.0000000000000000   1.3759272070602972E+01   8.8582922755411819E-01
      46.0000000000000000   1.3448736882093471E+01   9.3196494238841887E-01
      47.0000000000000000   1.3140492481827136E+01   9.8044029229777030E-01
      47.9990000000000023   1.2834909771400410E+01   1.0313450529507129E+00
      48.0000000000000000   1.2834605090370308E+01   1.0313972983012243E+00
      48.0009999999999977   1.2834300411789092E+01   1.0314495462807809E+00
      48.9990000000000023   1.2531471446511976E+01   1.0849287890364134E+00
      49.0000000000000000   1.2531169274552177E+01   1.0849837392767072E+00
      49.0009999999999977   1.2530867105167342E+01   1.0850386922985276E+00
      50.0000000000000000   1.2230311489921775E+01   1.1413519461690755E+00
      51.0000000000000000   1.1932193640739577E+01   1.2006570936087542E+00
      52.0000000000000000   1.1637017024299309E+01   1.2630548635296213E+00
      53.0000000000000000   1.1345025494135927E+01   1.3286983895501359E+00
      54.0000000000000000   1.1056508468162678E+01   1.3977343767444861E+00
      55.0000000000000000   1.0771802791532476E+01   1.4702983432239636E+00
      56.0000000000000000   1.0491293690063518E+01   1.5465089652483250E+00
      57.0000000000000000   1.0215414343760413E+01   1.6264613097747367E+00
      58.0000000000000000   9.9446408214633131E+00   1.7102200745797622E+00
      59.0000000000000000   9.6794870428502229E+00   1.7978118093963260E+00
      60.0000000000000000   9.4204965020064257E+00   1.8892171975505925E+00
      61.0000000000000000   9.1682276643520240E+00   1.9843648547526533E+00
      62.0000000000000000   8.9232399622271501E+00   2.0831256364667157E+00
      63.0000000000000000   8.6860757303150553E+00   2.1853095096673778E+00
      64.0000000000000000   8.4572411530138130E+00   2.2906650617825552E+00
      65.0000000000000000   8.2371875666407810E+00   2.3988821298965939E+00
      66.0000000000000000   8.0262944666137059E+00   2.5095976304975576E+00
      67.0000000000000000   7.8248557987541174E+00   2.6224043037399141E+00
      68.0000000000000000   7.6330706885912702E+00   2.7368617455769915E+00
      69.0000000000000000   7.4510392295642749E+00   2.8525088520178308E+00
      70.0000000000000000   7.2787633854664371E+00   2.9688766872051353E+00
      71.0000000000000000   7.1161524926993645E+00   3.0855008283570213E+00
      72.0000000000000000   6.9630324507810055E+00   3.2019323994982116E+00
      73.0000000000000000   6.8191574310844851E+00   3.3177472501108642E+00
      74.0000000000000000   6.6842229374330220E+00   3.4325529949084150E+00
      75.0000000000000000   6.5578791146761652E+00   3.5459938944302407E+00
      76.0000000000000000   6.4397437211053692E+00   3.6577535753886847E+00
      77.0000000000000000   6.3294135094149597E+00   3.7675562147671151E+00
      78.0000000000000000   6.2264745554299079E+00   3.8751660341145708E+00
      79.0000000000000000   6.1305107061582369E+00   3.9803858064544078E+00
      79.9989999999999952   6.0411966828075796E+00   4.0829532012541216E+00
      80.0000000000000000   6.0411104263168340E+00   4.0830545506742260E+00
      80.0010000000000048   6.0410241759868795E+00   4.0831558974132056E+00
      81.0000000000000000   5.9578721035853102E+00   4.1830447171815459E+00
      82.0000000000000000   5.8804079883641895E+00   4.2802590948898995E+00
      83.0000000000000000   5.8083469540855805E+00   4.3746276190377493E+00
      84.0000000000000000   5.7413362839632702E+00   4.4661042137057132E+00
      85.0000000000000000   5.6790426824877995E+00   4.5546637619375581E+00
      86.0000000000000000   5.6211526673921544E+00   4.6402992650732893E+00
      87.0000000000000000   5.5673724937661966E+00   4.7230192305461554E+00
      88.0000000000000000   5.5174277543664383E+00   4.8028452826075281E+00
      89.0000000000000000   5.4710626899600667E+00   4.8798100549517036E+00
      90.0000000000000000   5.4280393785049288E+00   4.9539552840665309E+00
      91.0000000000000000   5.3881368021743139E+00   5.0253301469240439E+00
      92.0000000000000000   5.3511498598008274E+00   5.0939898043698140E+00
      93.0000000000000000   5.3168883600762316E+00   5.1599941358795647E+00
      94.0000000000000000   5.2851760207581098E+00   5.2234066470814993E+00
      95.0000000000000000   5.2558494923753605E+00   5.2842935317179975E+00
      96.0000000000000000   5.2287574193281197E+00   5.3427228705646339E+00
      97.0000000000000000   5.2037595465405371E+00   5.3987639510012215E+00
      98.0000000000000000   5.1807258759068047E+00   5.4524866923304556E+00
      99.0000000000000000   5.1595358790428261E+00   5.5039611629985901E+00
     100.0000000000000000   5.1400777559989983E+00   5.5532571783402913E+00
     110.0000000000000000   5.0211713868808703E+00   5.9410665811798005E+00
     120.0000000000000000   4.9966271171987344E+00   6.1785777912784017E+00
     130.0000000000000000   5.0286433778627355E+00   6.3116910783489040E+00
     140.0000000000000000   5.0966143354145741E+00   6.3724789098016466E+00
     150.0000000000000000   5.1885297673255790E+00   6.3830274061294263E+00
     160.0000000000000000   5.2969857866754664E+00   6.3585955855506295E+00
     170.0000000000000000   5.4172020485031709E+00   6.3098221044099807E+00
     180.0000000000000000   5.5459717066698522E+00   6.2442025360599178E+00
     190.0000000000000000   5.6810737545296988E+00   6.1670714550455479E+00
     200.0000000000000000   5.8169777850539415E+00   6.0972995915619661E+00
     210.0000000000000000   5.9597593888160665E+00   6.0132003493269481E+00
     220.0000000000000000   6.1036521913144668E+00   5.9308073788577387E+00
     230.0000000000000000   6.2554427014029477E+00   5.8296534447885042E+00
     240.0000000000000000   6.4072187511843595E+00   5.7328270336131846E+00
     250.0000000000000000   6.5589159677819886E+00   5.6401135188707707E+00
     260.0000000000000000   6.7104864666113420E+00   5.5512965122423434E+00
     270.0000000000000000   6.8618946081385914E+00   5.4661637070777562E+00
     280.0000000000000000   7.0131139338888877E+00   5.3845103838024837E+00
     290.0000000000000000   7.1696002776459835E+00   5.2906666841442300E+00
     300.0000000000000000   7.3201645985811332E+00   5.2160573595311446E+00
     310.0000000000000000   7.4756189601980063E+00   5.1300813077315821E+00
     320.0000000000000000   7.6305027893642317E+00   5.0479293992567795E+00
     330.0000000000000000   7.7848315078458175E+00   4.9693429710574373E+00
     340.0000000000000000   7.9386208418599047E+00   4.8940858894767372E+00
     350.0000000000000000   8.0918865435273375E+00   4.8219423402757773E+00
     360.0000000000000000   8.2446442093574834E+00   4.7527147721811263E+00
     370.0000000000000000   8.3969091485187910E+00   4.6862220675542883E+00
     380.0000000000000000   8.5486962761120040E+00   4.6222979478659969E+00
     390.0000000000000000   8.7042072292573405E+00   4.5499706952047152E+00
     400.0000000000000000   8.8549727728670060E+00   4.4910658462059718E+00
     410.0000000000000000   9.0093305291808079E+00   4.4240861904669027E+00
     420.0000000000000000   9.1591387918070328E+00   4.3696134193011353E+00
     430.0000000000000000   9.3124111357605628E+00   4.3073780168178120E+00
     440.0000000000000000   9.4651387499612714E+00   4.2474409909134359E+00
     450.0000000000000000   9.6135709067907698E+00   4.1988339228083342E+00
     460.0000000000000000   9.7653059451840765E+00   4.1428866664127586E+00
     470.0000000000000000   9.9165408328090923E+00   4.0888854227407592E+00
     480.0000000000000000   1.0067289456128684E+01   4.0367259625933363E+00
     490.0000000000000000   1.0217565154478638E+01   3.9863114977665779E+00
     500.0000000000000000   1.0367380701565011E+01   3.9375521175294099E+00
     510.0000000000000000   1.0516748355103658E+01   3.8903641306823249E+00
     520.0000000000000000   1.0665679910376326E+01   3.8446694644823367E+00
     530.0000000000000000   1.0814186720536874E+01   3.8003951944844458E+00
     540.0000000000000000   1.0962279690969766E+01   3.7574731671898052E+00
     550.0000000000000000   1.1109969319624225E+01   3.7158395817036407E+00
     560.0000000000000000   1.1257265684659593E+01   3.6754346971315925E+00
     570.0000000000000000   1.1407364026099790E+01   3.6292096215888163E+00
     579.9990000000000236   1.1553841834090329E+01   3.5912411071407067E+00
     580.0000000000000000   1.1553857097001552E+01   3.5912359915175682E+00
     580.0009999999999764   1.1553872359908899E+01   3.5912308759098810E+00
     588.9990000000000236   1.1684750564435054E+01   3.5593249084999092E+00
     589.0009999999999764   1.1684781007435703E+01   3.5593149097965235E+00
     590.0000000000000000   1.1699985394536949E+01   3.5543279948498929E+00
     600.0000000000000000   1.1848846226358706E+01   3.5118345741358912E+00
     610.0000000000000000   1.1994226003612832E+01   3.4770462710766417E+00
     620.0000000000000000   1.2139266247086406E+01   3.4431889319650635E+00
     630.0000000000000000   1.2286967016898961E+01   3.4039699595283532E+00
     640.0000000000000000   1.2431308334758482E+01   3.3719716902455401E+00
     650.0000000000000000   1.2578271907356076E+01   3.3347525698864566E+00
     660.0000000000000000   1.2721944202633459E+01   3.3044619864559110E+00
     670.0000000000000000   1.2865313877826585E+01   3.2749229971072369E+00
     680.0000000000000000   1.3011231620854153E+01   3.2403664641851115E+00
     690.0000000000000000   1.3156809148738342E+01   3.2066875010415608E+00
     700.0000000000000000   1.3299224669145080E+01   3.1794224385940937E+00
     701.9990000000000236   1.3328782964582780E+01   3.1718315796216596E+00
     702.0009999999999764   1.3328812531938906E+01   3.1718240033291205E+00
     710.0000000000000000   1.3444148575350422E+01   3.1473170608753076E+00
     720.0000000000000000   1.3585973750481322E+01   3.1213945028076617E+00
     730.0000000000000000   1.3730267784015028E+01   3.0907497380386011E+00
     740.0000000000000000   1.3871526277341436E+01   3.0660703460162662E+00
     750.0000000000000000   1.4015212564375432E+01   3.0367845222342145E+00
     760.0000000000000000   1.4158600394681931E+01   3.0081744678707465E+00
     770.0000000000000000   1.4299026440339542E+01   2.9852386563427178E+00
     780.0000000000000000   1.4441838253680078E+01   2.9578488299912631E+00
     790.0000000000000000   1.4584365122010986E+01   2.9310704187147731E+00
     800.0000000000000000   1.4726608878814387E+01   2.9048877184095558E+00
     810.0000000000000000   1.4865985310462476E+01   2.8840186565056474E+00
     820.0000000000000000   1.5007694395500323E+01   2.8588927788797389E+00
     830.0000000000000000   1.5149134157983847E+01   2.8343060999675358E+00
     840.0000000000000000   1.5290309028513668E+01   2.8102406246034048E+00
     850.0000000000000000   1.5431225498290397E+01   2.7866753006443008E+00
     860.0000000000000000   1.5569383983592669E+01   2.7680286859763217E+00
     870.0000000000000000   1.5709806542274393E+01   2.7453617910248664E+00
     880.0000000000000000   1.5849980236762599E+01   2.7231543316502278E+00
     890.0000000000000000   1.5989910164817585E+01   2.7013897112657812E+00
     900.0000000000000000   1.6129601266798666E+01   2.6800521149697083E+00
     910.0000000000000000   1.6269057412199455E+01   2.6591280344594179E+00
     920.0000000000000000   1.6408281596819112E+01   2.6386058417845728E+00
     930.0000000000000000   1.6547276529509901E+01   2.6184747286486734E+00
     940.0000000000000000   1.6683651674718561E+01   2.6027618683236993E+00
     950.0000000000000000   1.6822204921971952E+01   2.5833406167997848E+00
     960.0000000000000000   1.6960538343997918E+01   2.5642786519409921E+00
     970.0000000000000000   1.7098655274334472E+01   2.5455652987591684E+00
     980.0000000000000000   1.7236558764767604E+01   2.5271906325024474E+00
     990.0000000000000000   1.7374251657422423E+01   2.5091453339335819E+00
    1000.0000000000000000   1.7511736667439976E+01   2.4914205335601620E+00
    1100.0000000000000000   1.8877935101115352E+01   2.3266240294698624E+00
    1200.0000000000000000   2.0225805419728335E+01   2.1866265376854437E+00
    1300.0000000000000000   2.1559393922521938E+01   2.0632475690742260E+00
    1400.0000000000000000   2.2878199730291197E+01   1.9558258915292814E+00
    1500.0000000000000000   2.4185450254606955E+01   1.8589990515792902E+00
    1600.0000000000000000   2.5482195235721580E+01   1.7708989194254732E+00
    1700.0000000000000000   2.6767476594340511E+01   1.6922857157523092E+00
    1800.0000000000000000   2.8042129777283275E+01   1.6217129751481481E+00
    1900.0000000000000000   2.9308684650094943E+01   1.5560301055256913E+00
    2000.0000000000000000   3.0565926129233105E+01   1.4964711957731542E+00
    2100.0000000000000000   3.1814571621421447E+01   1.4420864590835838E+00
    2200.0000000000000000   3.3055166819197964E+01   1.3921908883422547E+00
    2300.0000000000000000   3.4289618324761470E+01   1.3448253708773801E+00
    2400.0000000000000000   3.5515355421164976E+01   1.3024884400205636E+00
    2500.0000000000000000   3.6735566011269107E+01   1.2620527082839625E+00
    2600.0000000000000000   3.7949361059653192E+01   1.2243984909399663E+00
    2700.0000000000000000   3.9157121835594154E+01   1.1891780082224332E+00
    2800.0000000000000000   4.0360114806639267E+01   1.1552811938024652E+00
    2900.0000000000000000   4.1556074696623384E+01   1.1247019568733796E+00
    3000.0000000000000000   4.2748159675307903E+01   1.0947488397486724E+00
    3100.0000000000000000   4.3934995174950572E+01   1.0666289650644989E+00
    3200.0000000000000000   4.5115379248996177E+01   1.0412983701498342E+00
    3300.0000000000000000   4.6292531797652053E+01   1.0162008902515502E+00
    3400.0000000000000000   4.7464929111743430E+01   9.9257768065942986E-01
    3500.0000000000000000   4.8632944959709867E+01   9.7017558727424313E-01
    3600.0000000000000000   4.9796484919145179E+01   9.4906179654926015E-01
    3700.0000000000000000   5.0957269084855817E+01   9.2801095963767077E-01
    3800.0000000000000000   5.2113074863185915E+01   9.0871114372896644E-01
    3900.0000000000000000   5.3264766230436585E+01   8.9049134841949229E-01
    4000.0000000000000000   5.4413910195917126E+01   8.7229754373683355E-01
    4100.0000000000000000   5.5558142997947961E+01   8.5579210911900250E-01
    4200.0000000000000000   5.6700474999402054E+01   8.3897828347301373E-01
    4300.0000000000000000   5.7839469010899172E+01   8.2285137667925312E-01
    4400.0000000000000000   5.8972732811609269E+01   8.0886510883826590E-01
    4500.0000000000000000   6.0105314540220022E+01   7.9396398008193025E-01
    4600.0000000000000000   6.1233846991779522E+01   7.8017206452054755E-01
    4700.0000000000000000   6.2360633281993522E+01   7.6619832759184336E-01
    4800.0000000000000000   6.3482884885837038E+01   7.5362405235579333E-01
    4900.0000000000000000   6.4601184880352861E+01   7.4217277720744013E-01
    5000.0000000000000000   6.5718482822165555E+01   7.3013432139519019E-01
    5100.0000000000000000   6.6832959982093968E+01   7.1856810533938509E-01
    5200.0000000000000000   6.7945659279778880E+01   7.0689593992998367E-01
    5300.0000000000000000   6.9055004517320697E+01   6.9605305701703957E-01
    5400.0000000000000000   7.0162724468861839E+01   6.8512786940194348E-01
    5500.0000000000000000   7.1266812750219415E+01   6.7514119690502106E-01
    5600.0000000000000000   7.2367054505542569E+01   6.6615905669632380E-01
    5700.0000000000000000   7.3467722182559768E+01   6.5613213634585288E-01
    5800.0000000000000000   7.4564593208640289E+01   6.4704539940439643E-01
    5900.0000000000000000   7.5660695579812071E+01   6.3757362346606894E-01
    5994.9989999999997963   7.6696782419857030E+01   6.3034223805041123E-01
    5995.0010000000002037   7.6696803845940693E+01   6.3034224985299137E-01
    6000.0000000000000000   7.6751129363062603E+01   6.3002307726013940E-01
    6100.0000000000000000   7.7842734043087432E+01   6.2119572634749232E-01
    6200.0000000000000000   7.8932412200112950E+01   6.1240445415060674E-01
    6300.0000000000000000   8.0016306928185386E+01   6.0557976853718132E-01
    6400.0000000000000000   8.1101586954696998E+01   5.9745231921443853E-01
    6500.0000000000000000   8.2184197115963343E+01   5.8983571222038367E-01
    6600.0000000000000000   8.3265159557193471E+01   5.8225318168837070E-01
    6700.0000000000000000   8.4343672293643067E+01   5.7515216779649692E-01
    6800.0000000000000000   8.5420201715632828E+01   5.6818965757893292E-01
    6900.0000000000000000   8.6494663093360387E+01   5.6159644625633220E-01
    7000.0000000000000000   8.7567292970306468E+01   5.5505180896018103E-01
    7100.0000000000000000   8.8637230941373090E+01   5.4917905668702993E-01
    7200.0000000000000000   8.9706237188182115E+01   5.4293697426643905E-01
    7300.0000000000000000   9.0775292624193142E+01   5.3634335057261662E-01
    7400.0000000000000000   9.1841923137197355E+01   5.3001473581348968E-01
    7500.0000000000000000   9.2905148462089485E+01   5.2461817807426081E-01
    7600.0000000000000000   9.3966154488234352E+01   5.1955039012549387E-01
    7700.0000000000000000   9.5029748172620799E+01   5.1290982540404251E-01
    7800.0000000000000000   9.6087435183047674E+01   5.0818117902768367E-01
    7900.0000000000000000   9.7146033971384981E+01   5.0255287166653528E-01
    8000.0000000000000000   9.8201450365145035E+01   4.9761891222847815E-01
    8100.0000000000000000   9.9257368825901224E+01   4.9214872085628553E-01
    8200.0000000000000000   1.0030998956723337E+02   4.8741091230397177E-01
    8300.0000000000000000   1.0136271389199162E+02   4.8208305134603330E-01
    8400.0000000000000000   1.0240998219698052E+02   4.7847175551688775E-01
    8500.0000000000000000   1.0346167690428371E+02   4.7285158723665321E-01
    8600.0000000000000000   1.0450654903092797E+02   4.6913899808073417E-01
    8700.0000000000000000   1.0555360914515052E+02   4.6426445203801026E-01
    8800.0000000000000000   1.0659900348203098E+02   4.5960231642756039E-01
    8900.0000000000000000   1.0764179033763840E+02   4.5551055285788639E-01
    9000.0000000000000000   1.0868128537751153E+02   4.5224959130800907E-01
    9100.0000000000000000   1.0972412284585835E+02   4.4737028317562111E-01
    9200.0000000000000000   1.1076436550610374E+02   4.4297154004597600E-01
    9300.0000000000000000   1.1180312447265912E+02   4.3869234523868911E-01
    9400.0000000000000000   1.1283663447800950E+02   4.3581022284943838E-01
    9500.0000000000000000   1.1387045474868172E+02   4.3255401227635193E-01
    9600.0000000000000000   1.1490621857220064E+02   4.2837163646990006E-01
    9700.0000000000000000   1.1594057564013750E+02   4.2432211415608917E-01
    9800.0000000000000000   1.1697289735268306E+02   4.2059892270312599E-01
    9900.0000000000000000   1.1800361247311947E+02   4.1706294062940452E-01
   10000.0000000000000000   1.1903303989731926E+02   4.1361580134380505E-01
   11000.0000000000000000   1.2926734426024842E+02   3.8157101361975221E-01
   12000.0000000000000000   1.3939221452853474E+02   3.5593915067107695E-01
   13000.0000000000000000   1.4942941159566016E+02   3.3230293557716328E-01
   14000.0000000000000000   1.5938094494040084E+02   3.1222500136370562E-01
   15000.0000000000000000   1.6925357231683856E+02   2.9477276127076729E-01
   16000.0000000000000000   1.7905556432865484E+02   2.7898973669555649E-01
   17000.0000000000000000   1.8879076127293931E+02   2.6547221478464789E-01
   18000.0000000000000000   1.9845992174581630E+02   2.5403281835403541E-01
   19000.0000000000000000   2.0807982860024978E+02   2.4136020729021460E-01
   20000.0000000000000000   2.1764664297139450E+02   2.3136994338212830E-01
   21000.0000000000000000   2.2715622779262793E+02   2.2294175181924683E-01
   22000.0000000000000000   2.3662578841456633E+02   2.1297449419519965E-01
   23000.0000000000000000   2.4604709567757411E+02   2.0510020136318638E-01
   24000.0000000000000000   2.5541748076486201E+02   1.9880873054938455E-01
   25000.0000000000000000   2.6476490588721231E+02   1.9145860806266865E-01
   26000.0000000000000000   2.7406043167340567E+02   1.8604380600938336E-01
   27000.0000000000000000   2.8332779862726107E+02   1.7897088452677062E-01
   28000.0000000000000000   2.9253952835330500E+02   1.7470912998632784E-01
   29000.0000000000000000   3.0174556104115732E+02   1.6960510705314483E-01
   30000.0000000000000000   3.1090556018677131E+02   1.6335314026131353E-01
   31000.0000000000000000   3.2005043090779014E+02   1.5901721055728144E-01
   32000.0000000000000000   3.2914731262162860E+02   1.5426761839980632E-01
   33000.0000000000000000   3.3819569216899572E+02   1.5206642595370889E-01
   34000.0000000000000000   3.4723743095682221E+02   1.4823947560670936E-01
   35000.0000000000000000   3.5627043222365393E+02   1.4300038048548228E-01
   36000.0000000000000000   3.6526175663112207E+02   1.4030665298265821E-01
   37000.0000000000000000   3.7424056321584067E+02   1.3746221280962614E-01
   38000.0000000000000000   3.8318999971115528E+02   1.3360879089206659E-01
   39000.0000000000000000   3.9209038028932889E+02   1.3035410693828053E-01
   40000.0000000000000000   4.0101886062425490E+02   1.2712542797414769E-01
   41000.0000000000000000   4.0987195847280947E+02   1.2478297172721448E-01
   42000.0000000000000000   4.1874331252926544E+02   1.2259294082255166E-01
   43000.0000000000000000   4.2755390910691409E+02   1.1939409328973095E-01
   44000.0000000000000000   4.3638348123794964E+02   1.1837247064965138E-01
   45000.0000000000000000   4.4517681668844926E+02   1.1599110698338989E-01
   46000.0000000000000000   4.5393823320569732E+02   1.1248003386987922E-01
   47000.0000000000000000   4.6268866787177177E+02   1.1133997049761785E-01
   48000.0000000000000000   4.7144445013129473E+02   1.0944310421106578E-01
   49000.0000000000000000   4.8018150182829612E+02   1.0692029069324127E-01
   50000.0000000000000000   4.8889624091387572E+02   1.0460289756019001E-01
