       0.1000000000000000   2.3658746248896062E+01   1.2308935621802328E-03
       0.2000000000000000   2.0800303773167919E+01   2.4074417288863928E-03
       0.3000000000000000   1.9839276296519390E+01   3.5765131396035179E-03
       0.4000000000000000   1.9462751257274665E+01   4.6930599605218984E-03
       0.5000000000000000   1.9266068258546230E+01   5.7964913775116166E-03
       0.6000000000000000   1.9156479413235086E+01   6.8886789787908380E-03
       0.7000000000000000   1.9097963351076253E+01   7.9713528421877372E-03
       0.7999999999999999   1.9070559179808132E+01   9.0457049794778460E-03
       0.8999999999999999   1.9065051309218671E+01   1.0109598339932493E-02
       0.9999999999999999   1.9072613813767195E+01   1.1167473841518085E-02
       2.0000000000000000   1.9403506571206094E+01   2.1410717609402757E-02
       3.0000000000000000   1.9776902181129309E+01   3.1283704892428536E-02
       4.0000000000000000   2.0080642385635386E+01   4.1002769399459078E-02
       5.0000000000000000   2.0307261579613741E+01   5.0711774025299118E-02
       6.0000000000000000   2.0464590429147258E+01   6.0514600242936950E-02
       7.0000000000000000   2.0563510487530145E+01   7.0481108303658335E-02
       8.0000000000000000   2.0612795385743706E+01   8.0666573098649580E-02
       9.0000000000000000   2.0620101733788012E+01   9.1114991623230376E-02
      10.0000000000000000   2.0591462486394175E+01   1.0186508021624295E-01
      11.0000000000000000   2.0532158280343630E+01   1.1294922557225509E-01
      12.0000000000000000   2.0446504598276746E+01   1.2439597127256113E-01
      13.0000000000000000   2.0338322903667486E+01   1.3623044666720727E-01
      14.0000000000000000   2.0210528854637488E+01   1.4847851237350601E-01
      15.0000000000000000   2.0065685394240095E+01   1.6116465644345809E-01
      16.0000000000000000   1.9906081565928307E+01   1.7431147837759026E-01
      17.0000000000000000   1.9733534682908726E+01   1.8794311205193154E-01
      18.0000000000000000   1.9549735173268370E+01   2.0208285764242367E-01
      19.0000000000000000   1.9356055932893931E+01   2.1675458219452226E-01
      20.0000000000000000   1.9153717648880523E+01   2.3198326517652992E-01
      21.0000000000000000   1.8943753267728589E+01   2.4779496339526230E-01
      22.0000000000000000   1.8727106158505855E+01   2.6421607611731601E-01
      23.0000000000000000   1.8504587705722418E+01   2.8127443367820926E-01
      24.0000000000000000   1.8276880446773774E+01   2.9900000479964739E-01
      25.0000000000000000   1.8044597808263742E+01   3.1742412092657135E-01
      26.0000000000000000   1.7808276086192578E+01   3.3658007013952418E-01
      27.0000000000000000   1.7568383666748648E+01   3.5650327752227473E-01
      28.0000000000000000   1.7325336418981941E+01   3.7723142089490480E-01
      29.0000000000000000   1.7079489591012347E+01   3.9880488623700561E-01
      30.0000000000000000   1.6831164603553031E+01   4.2126677431837245E-01
      31.0000000000000000   1.6580633922151197E+01   4.4466338012265039E-01
      32.0000000000000000   1.6328149441020145E+01   4.6904410401891083E-01
      33.0000000000000000   1.6073922115842333E+01   4.9446217579107515E-01
      34.0000000000000000   1.5818144249198811E+01   5.2097465972148860E-01
      35.0000000000000000   1.5560984654367235E+01   5.4864285365082921E-01
      36.0000000000000000   1.5302594593027703E+01   5.7753260512266802E-01
      37.0000000000000000   1.5043110265050093E+01   6.0771465643217359E-01
      38.0000000000000000   1.4782656696488894E+01   6.3926499400788495E-01
      39.0000000000000000   1.4521348485518857E+01   6.7226521555250041E-01
      40.0000000000000000   1.4259295132686223E+01   7.0680284325963749E-01
      41.0000000000000000   1.3996601306837844E+01   7.4297172666404998E-01
      42.0000000000000000   1.3733370687091996E+01   7.8087232369525306E-01
      43.0000000000000000   1.3469709039184437E+01   8.2061199224217851E-01
      44.0000000000000000   1.3205726868098743E+01   8.6230514212757237E-01
      45.0000000000000000   1.2941541382532925E+01   9.0607344686288815E-01
      46.0000000000000000   1.2677280947085272E+01   9.5204574306395540E-01
      47.0000000000000000   1.2413087984148573E+01   1.0003578367190813E+00
      47.9990000000000023   1.2149386335552592E+01   1.0510999536604779E+00
      48.0000000000000000   1.2149122542310989E+01   1.0511520365146101E+00
      48.0009999999999977   1.2148858749476316E+01   1.0512041219984880E+00
      48.9990000000000023   1.1885829464965489E+01   1.1045215793420449E+00
      49.0000000000000000   1.1885566179538813E+01   1.1045763678930320E+00
      49.0009999999999977   1.1885302894725603E+01   1.1046311592264548E+00
      50.0000000000000000   1.1622625810755574E+01   1.1607833709955797E+00
      51.0000000000000000   1.1360537628597934E+01   1.2199283969101280E+00
      52.0000000000000000   1.1099571456661865E+01   1.2821672738742267E+00
      53.0000000000000000   1.0840034285324380E+01   1.3476532551079572E+00
      54.0000000000000000   1.0582273767846461E+01   1.4165331415171611E+00
      55.0000000000000000   1.0326680602732081E+01   1.4889425263096219E+00
      56.0000000000000000   1.0073690091305824E+01   1.5650001416206925E+00
      57.0000000000000000   9.8237823017982659E+00   1.6448010949571708E+00
      58.0000000000000000   9.5774779089000095E+00   1.7284101111155081E+00
      59.0000000000000000   9.3353338916715298E+00   1.8158537557909800E+00
      60.0000000000000000   9.0979360983282955E+00   1.9071127186742387E+00
      61.0000000000000000   8.8658856520974041E+00   2.0021156158965741E+00
      62.0000000000000000   8.6397857331936283E+00   2.1007332985587119E+00
      63.0000000000000000   8.4202243166191124E+00   2.2027757265278178E+00
      64.0000000000000000   8.2077557059330069E+00   2.3079914792651599E+00
      65.0000000000000000   8.0028822337411238E+00   2.4160703862586215E+00
      66.0000000000000000   7.8060373843658768E+00   2.5266493577999940E+00
      67.0000000000000000   7.6175719230562775E+00   2.6393211298495287E+00
      68.0000000000000000   7.4377442009817356E+00   2.7536452963457889E+00
      69.0000000000000000   7.2667152989139678E+00   2.8691607533770940E+00
      70.0000000000000000   7.1045491326134700E+00   2.9853985667088772E+00
      71.0000000000000000   6.9512170892372849E+00   3.1018943162734209E+00
      72.0000000000000000   6.8066063562564381E+00   3.2181991290952410E+00
      73.0000000000000000   6.6705308363494629E+00   3.3338888572598266E+00
      74.0000000000000000   6.5427435297762164E+00   3.4485711170414901E+00
      75.0000000000000000   6.4229493075964523E+00   3.5618901690181599E+00
      76.0000000000000000   6.3108174928910250E+00   3.6735296377772926E+00
      77.0000000000000000   6.2059930051930516E+00   3.7832136961038874E+00
      78.0000000000000000   6.1081065690817500E+00   3.8907065588941543E+00
      79.0000000000000000   6.0167831544240524E+00   3.9958109900995198E+00
      79.9989999999999952   5.9317310636583365E+00   4.0982647607017890E+00
      80.0000000000000000   5.9316488978755251E+00   4.0983659971815847E+00
      80.0010000000000048   5.9315667379137169E+00   4.0984672309818517E+00
      81.0000000000000000   5.8523365447652118E+00   4.1982440169019961E+00
      82.0000000000000000   5.7784895697150525E+00   4.2953478224999895E+00
      83.0000000000000000   5.7097651419869084E+00   4.3896073316843847E+00
      84.0000000000000000   5.6458361309741827E+00   4.4809764494372795E+00
      85.0000000000000000   5.5863923414513472E+00   4.5694300383247475E+00
      86.0000000000000000   5.5311411238598085E+00   4.6549610780653570E+00
      87.0000000000000000   5.4798075093243943E+00   4.7375780535448291E+00
      88.0000000000000000   5.4321340059944934E+00   4.8173025657147575E+00
      89.0000000000000000   5.3878800962396181E+00   4.8941672244269929E+00
      90.0000000000000000   5.3468215929220326E+00   4.9682137419373786E+00
      91.0000000000000000   5.3087498622360867E+00   5.0394912707307569E+00
      92.0000000000000000   5.2734709761052221E+00   5.1080549470391565E+00
      93.0000000000000000   5.2408048318696476E+00   5.1739646257061924E+00
      94.0000000000000000   5.2105842651675536E+00   5.2372837878015979E+00
      95.0000000000000000   5.1826541754609483E+00   5.2980786026611248E+00
      96.0000000000000000   5.1568706781716021E+00   5.3564171268710439E+00
      97.0000000000000000   5.1331002925630189E+00   5.4123686238935536E+00
      98.0000000000000000   5.1112191704532499E+00   5.4660029894417450E+00
      99.0000000000000000   5.0911123740219386E+00   5.5173902686884206E+00
     100.0000000000000000   5.0726731909538652E+00   5.5666002541116786E+00
     110.0000000000000000   4.9612695275341538E+00   5.9536085116744673E+00
     120.0000000000000000   4.9410873498818040E+00   6.1904127573941556E+00
     130.0000000000000000   4.9757258899473440E+00   6.3228972714283174E+00
     140.0000000000000000   5.0452722758288582E+00   6.3831218860829875E+00
     150.0000000000000000   5.1380918817676617E+00   6.3931626660083287E+00
     160.0000000000000000   5.2469997647288444E+00   6.3682705418291761E+00
     170.0000000000000000   5.3673508776153769E+00   6.3190775954461218E+00
     180.0000000000000000   5.4960260451843972E+00   6.2530740016457118E+00
     190.0000000000000000   5.6308633367413208E+00   6.1755898603859283E+00
     200.0000000000000000   5.7663980805150379E+00   6.1055244698464568E+00
     210.0000000000000000   5.9086473369091799E+00   6.0211573061830936E+00
     220.0000000000000000   6.0519570066372799E+00   5.9385153093736545E+00
     230.0000000000000000   6.2030046520667819E+00   5.8371292408593947E+00
     240.0000000000000000   6.3540157815602063E+00   5.7400858617491419E+00
     250.0000000000000000   6.5049293204726828E+00   5.6471690511640125E+00
     260.0000000000000000   6.6557000600462413E+00   5.5581611196781227E+00
     270.0000000000000000   6.8062945554670158E+00   5.4728486223258130E+00
     280.0000000000000000   6.9566881662450122E+00   5.3910258391183685E+00
     290.0000000000000000   7.1122510347955759E+00   5.2970220288238155E+00
     300.0000000000000000   7.2619739062783273E+00   5.2222611604651865E+00
     310.0000000000000000   7.4164978795517573E+00   5.1361414359114654E+00
     320.0000000000000000   7.5704500091137747E+00   5.0538531045304129E+00
     330.0000000000000000   7.7238460583081965E+00   4.9751369470137039E+00
     340.0000000000000000   7.8767020341212124E+00   4.8997563299872962E+00
     350.0000000000000000   8.0290339204665422E+00   4.8274949889577012E+00
     360.0000000000000000   8.1808575057195529E+00   4.7581549658240938E+00
     370.0000000000000000   8.3321882582513389E+00   4.6915547743802897E+00
     380.0000000000000000   8.4830412257540111E+00   4.6275278013468268E+00
     390.0000000000000000   8.6375542896535045E+00   4.5551020240465405E+00
     400.0000000000000000   8.7873879030890532E+00   4.4961027010132204E+00
     410.0000000000000000   8.9407529400059733E+00   4.4290323675203060E+00
     420.0000000000000000   9.0896315828679430E+00   4.3744724818204102E+00
     430.0000000000000000   9.2419162707131619E+00   4.3121533140221517E+00
     440.0000000000000000   9.3936591658800328E+00   4.2521356751514148E+00
     450.0000000000000000   9.5411660127039806E+00   4.2034509649876428E+00
     460.0000000000000000   9.6919211474398246E+00   4.1474288699307573E+00
     470.0000000000000000   9.8421789059966436E+00   4.0933554360879185E+00
     480.0000000000000000   9.9919531136908120E+00   4.0411262907794487E+00
     490.0000000000000000   1.0141257048931957E+01   3.9906445127010013E+00
     500.0000000000000000   1.0290103425614220E+01   3.9418200674682340E+00
     510.0000000000000000   1.0438504442570730E+01   3.8945691488423115E+00
     520.0000000000000000   1.0586471836830745E+01   3.8488135769091718E+00
     530.0000000000000000   1.0734016904079509E+01   3.8044803272517700E+00
     540.0000000000000000   1.0881150493508889E+01   3.7615011529968059E+00
     550.0000000000000000   1.1027883047925318E+01   3.7198121659308292E+00
     560.0000000000000000   1.1174224591911331E+01   3.6793535434079492E+00
     570.0000000000000000   1.1323323555429969E+01   3.6330763169170184E+00
     579.9990000000000236   1.1468851734848506E+01   3.5950571716123507E+00
     580.0000000000000000   1.1468866893628105E+01   3.5950520509990906E+00
     580.0009999999999764   1.1468882052403865E+01   3.5950469304012933E+00
     588.9990000000000236   1.1598916611909729E+01   3.5630966400879363E+00
     589.0009999999999764   1.1598946847303843E+01   3.5630866316596137E+00
     590.0000000000000000   1.1614047547828283E+01   3.5580948660472216E+00
     600.0000000000000000   1.1761917630115651E+01   3.5155536411050443E+00
     610.0000000000000000   1.1906354514284530E+01   3.4807188580997064E+00
     620.0000000000000000   1.2050453807167486E+01   3.4468163070091680E+00
     630.0000000000000000   1.2197171953398328E+01   3.4075533374552052E+00
     640.0000000000000000   1.2340576754169740E+01   3.3755122357929013E+00
     650.0000000000000000   1.2486562919957271E+01   3.3382514004406865E+00
     660.0000000000000000   1.2629302939211041E+01   3.3079201746334181E+00
     670.0000000000000000   1.2771742055879630E+01   3.2783415731601608E+00
     680.0000000000000000   1.2916689741920353E+01   3.2437464182457769E+00
     690.0000000000000000   1.3061299670261214E+01   3.2100297852184920E+00
     700.0000000000000000   1.3202790873349690E+01   3.1827279689313221E+00
     701.9990000000000236   1.3232148363679727E+01   3.1751298696861276E+00
     702.0009999999999764   1.3232177730167097E+01   3.1751222861672437E+00
     710.0000000000000000   1.3346751809487042E+01   3.1505867191856209E+00
     720.0000000000000000   1.3487656392587054E+01   3.1246291383895084E+00
     730.0000000000000000   1.3630991921492546E+01   3.0939501692853710E+00
     740.0000000000000000   1.3771333385821178E+01   3.0692373619261635E+00
     750.0000000000000000   1.3914065481382767E+01   3.0399188838278923E+00
     760.0000000000000000   1.4056501273358418E+01   3.0112769095235556E+00
     770.0000000000000000   1.4196015709164909E+01   2.9883098870376763E+00
     780.0000000000000000   1.4337879569464686E+01   2.9608895344983419E+00
     790.0000000000000000   1.4479460551062331E+01   2.9340812587017555E+00
     800.0000000000000000   1.4620760494336650E+01   2.9078693334891770E+00
     810.0000000000000000   1.4759232202265100E+01   2.8869716652233728E+00
     820.0000000000000000   1.4900001237389647E+01   2.8618177796462048E+00
     830.0000000000000000   1.5040502920058762E+01   2.8372036719394047E+00
     840.0000000000000000   1.5180741646832988E+01   2.8131113285160252E+00
     850.0000000000000000   1.5320723844662606E+01   2.7895196795992789E+00
     860.0000000000000000   1.5457985601191204E+01   2.7708472661869910E+00
     870.0000000000000000   1.5597477363935456E+01   2.7481550825223393E+00
     880.0000000000000000   1.5736722079535912E+01   2.7259228289524784E+00
     890.0000000000000000   1.5875724798487646E+01   2.7041338940121378E+00
     900.0000000000000000   1.6014490415512014E+01   2.6827724485228348E+00
     910.0000000000000000   1.6153022769095369E+01   2.6618249704768342E+00
     920.0000000000000000   1.6291324835839131E+01   2.6412798187615065E+00
     930.0000000000000000   1.6429399308866913E+01   2.6211261724340127E+00
     940.0000000000000000   1.6564889589924110E+01   2.6053911926106279E+00
     950.0000000000000000   1.6702525501668006E+01   2.5859482235925522E+00
     960.0000000000000000   1.6839943177796734E+01   2.5668649319992647E+00
     970.0000000000000000   1.6977145925076783E+01   2.5481306320212171E+00
     980.0000000000000000   1.7114136772031213E+01   2.5297353884883846E+00
     990.0000000000000000   1.7250918540019260E+01   2.5116698721297710E+00
    1000.0000000000000000   1.7387493924754889E+01   2.4939252037858761E+00
    1100.0000000000000000   1.8744643263600793E+01   2.3289473644152809E+00
    1200.0000000000000000   2.0083597865821645E+01   2.1887950628074435E+00
    1300.0000000000000000   2.1408360440906375E+01   2.0652822350935733E+00
    1400.0000000000000000   2.2718447920834098E+01   1.9577435542945625E+00
    1500.0000000000000000   2.4017051677885703E+01   1.8608134877613056E+00
    1600.0000000000000000   2.5305214500871696E+01   1.7726215432839287E+00
    1700.0000000000000000   2.6581997991598602E+01   1.6939260972010579E+00
    1800.0000000000000000   2.7848231470787194E+01   1.6232792220801828E+00
    1900.0000000000000000   2.9106414695329480E+01   1.5575291511698441E+00
    2000.0000000000000000   3.0355353511601219E+01   1.4979090181969523E+00
    2100.0000000000000000   3.1595759114304965E+01   1.4434682513025696E+00
    2200.0000000000000000   3.2828172958212583E+01   1.3935211918693604E+00
    2300.0000000000000000   3.4054478479476977E+01   1.3461081818028111E+00
    2400.0000000000000000   3.5272142730843655E+01   1.3037272941706921E+00
    2500.0000000000000000   3.6484312423405065E+01   1.2632507502491626E+00
    2600.0000000000000000   3.7690112822452789E+01   1.2255585305240499E+00
    2700.0000000000000000   3.8889921954426249E+01   1.1903025669823546E+00
    2800.0000000000000000   4.0084990859499534E+01   1.1563725437064052E+00
    2900.0000000000000000   4.1273086682019603E+01   1.1257621526352111E+00
    3000.0000000000000000   4.2457326207472548E+01   1.0957797460475365E+00
    3100.0000000000000000   4.3636354930636379E+01   1.0676322795959703E+00
    3200.0000000000000000   4.4808988451256276E+01   1.0422756432561286E+00
    3300.0000000000000000   4.5978404256267545E+01   1.0171535417257915E+00
    3400.0000000000000000   4.7143100384989992E+01   9.9350701420117793E-01
    3500.0000000000000000   4.8303446583258115E+01   9.7108280298168392E-01
    3600.0000000000000000   4.9459350666845978E+01   9.4994800176134031E-01
    3700.0000000000000000   5.0612510430051472E+01   9.2887717838243100E-01
    3800.0000000000000000   5.1760734114544952E+01   9.0955832498888212E-01
    3900.0000000000000000   5.2904874828508589E+01   8.9132037338820302E-01
    4000.0000000000000000   5.4046479231821841E+01   8.7310923221224612E-01
    4100.0000000000000000   5.5183216092630637E+01   8.5658722515392394E-01
    4200.0000000000000000   5.6318055938946927E+01   8.3975754038500638E-01
    4300.0000000000000000   5.7449581557640087E+01   8.2361544150544774E-01
    4400.0000000000000000   5.8575433449679366E+01   8.0961460630774296E-01
    4500.0000000000000000   5.9700592512191413E+01   7.9469949616737279E-01
    4600.0000000000000000   6.0821737300296633E+01   7.8089414962182113E-01
    4700.0000000000000000   6.1941140539783788E+01   7.6690749939660463E-01
    4800.0000000000000000   6.3056051587561129E+01   7.5432079841587696E-01
    4900.0000000000000000   6.4167046141645088E+01   7.4285755726443781E-01
    5000.0000000000000000   6.5277034687124853E+01   7.3080756948412129E-01
    5100.0000000000000000   6.6384223289317674E+01   7.1923023169553235E-01
    5200.0000000000000000   6.7489641316143832E+01   7.0754733272071069E-01
    5300.0000000000000000   6.8591734046274169E+01   6.9669408391762533E-01
    5400.0000000000000000   6.9692207500546104E+01   6.8575887903208466E-01
    5500.0000000000000000   7.0789082470577995E+01   6.7576252014061100E-01
    5600.0000000000000000   7.1882147289761562E+01   6.6677100786935295E-01
    5700.0000000000000000   7.2975617664874491E+01   6.5673501434374937E-01
    5800.0000000000000000   7.4065327733332296E+01   6.4763948867881038E-01
    5900.0000000000000000   7.5154265369360189E+01   6.3815919495995499E-01
    5994.9989999999997963   7.6183602417026151E+01   6.3091995715932014E-01
    5995.0010000000002037   7.6183623706033302E+01   6.3091996879896650E-01
    6000.0000000000000000   7.6237596300260591E+01   6.3060038926099193E-01
    6100.0000000000000000   7.7322069051434724E+01   6.2176502527372479E-01
    6200.0000000000000000   7.8404627797616726E+01   6.1296597527729535E-01
    6300.0000000000000000   7.9481467280811174E+01   6.0613373666672754E-01
    6400.0000000000000000   8.0559660944092585E+01   5.9799894929712472E-01
    6500.0000000000000000   8.1635207901786345E+01   5.9037520992926407E-01
    6600.0000000000000000   8.2709116915075754E+01   5.8278574395250193E-01
    6700.0000000000000000   8.3780596897688653E+01   5.7567798329609388E-01
    6800.0000000000000000   8.4850108244045614E+01   5.6870890720568512E-01
    6900.0000000000000000   8.5917567557935655E+01   5.6210930354179578E-01
    7000.0000000000000000   8.6983208436396865E+01   5.5555844047488534E-01
    7100.0000000000000000   8.8046182105241527E+01   5.4967962241267687E-01
    7200.0000000000000000   8.9108225534715061E+01   5.4343162794335775E-01
    7300.0000000000000000   9.0170306798559011E+01   5.3683224002443286E-01
    7400.0000000000000000   9.1229984839213103E+01   5.3049800325078467E-01
    7500.0000000000000000   9.2286292571377786E+01   5.2509596037884687E-01
    7600.0000000000000000   9.3340400290397397E+01   5.2002281911677217E-01
    7700.0000000000000000   9.4397051314956101E+01   5.1337702808879526E-01
    7800.0000000000000000   9.5447864213390062E+01   5.0864327783452568E-01
    7900.0000000000000000   9.6499567102014097E+01   5.0300998466614710E-01
    8000.0000000000000000   9.7548120275302310E+01   4.9807115334065033E-01
    8100.0000000000000000   9.8597159472039891E+01   4.9259620004471472E-01
    8200.0000000000000000   9.9642935432277199E+01   4.8785373575967445E-01
    8300.0000000000000000   1.0068880450177684E+02   4.8252132166016409E-01
    8400.0000000000000000   1.0172928088637339E+02   4.7890557184370325E-01
    8500.0000000000000000   1.0277411619135559E+02   4.7328104544727978E-01
    8600.0000000000000000   1.0381221058984211E+02   4.6956419090836715E-01
    8700.0000000000000000   1.0485245541574568E+02   4.6468546921511039E-01
    8800.0000000000000000   1.0589104807003288E+02   4.6001924481557571E-01
    8900.0000000000000000   1.0692705942597895E+02   4.5592347656998339E-01
    9000.0000000000000000   1.0795981430695944E+02   4.5265859182526469E-01
    9100.0000000000000000   1.0899585927877328E+02   4.4777543945709153E-01
    9200.0000000000000000   1.1002933578397487E+02   4.4337292863302485E-01
    9300.0000000000000000   1.1106134033669350E+02   4.3909004035393623E-01
    9400.0000000000000000   1.1208815755697816E+02   4.3620429649065789E-01
    9500.0000000000000000   1.1311527324600225E+02   4.3294453430562774E-01
    9600.0000000000000000   1.1414429921298513E+02   4.2875867469832629E-01
    9700.0000000000000000   1.1517192954191972E+02   4.2470573442427945E-01
    9800.0000000000000000   1.1619754402987847E+02   4.2097918895778053E-01
    9900.0000000000000000   1.1722156586046884E+02   4.1743991499616595E-01
   10000.0000000000000000   1.1824430980289652E+02   4.1398954419661660E-01
   11000.0000000000000000   1.2841219355887080E+02   3.8191542004067158E-01
   12000.0000000000000000   1.3847145278831633E+02   3.5625873973734429E-01
   13000.0000000000000000   1.4844362441587722E+02   3.3260123828813082E-01
   14000.0000000000000000   1.5833074358912273E+02   3.1250483162106174E-01
   15000.0000000000000000   1.6813952288486465E+02   2.9503639945518895E-01
   16000.0000000000000000   1.7787816151065820E+02   2.7923905772992885E-01
   17000.0000000000000000   1.8755048141191125E+02   2.6570877974684926E-01
   18000.0000000000000000   1.9715725896847277E+02   2.5425794146090130E-01
   19000.0000000000000000   2.0671508177340669E+02   2.4157500582011152E-01
   20000.0000000000000000   2.1622018282443187E+02   2.3157537551648422E-01
   21000.0000000000000000   2.2566849816165274E+02   2.2313864576182327E-01
   22000.0000000000000000   2.3507702553629093E+02   2.1316357088397370E-01
   23000.0000000000000000   2.4443765862191145E+02   2.0528209240152043E-01
   24000.0000000000000000   2.5374777716390452E+02   1.9898399251968515E-01
   25000.0000000000000000   2.6303499157836819E+02   1.9162773406757191E-01
   26000.0000000000000000   2.7227075105459795E+02   1.8620723506323500E-01
   27000.0000000000000000   2.8147849741814838E+02   1.7912900926243183E-01
   28000.0000000000000000   2.9063111942388650E+02   1.7486230302874720E-01
   29000.0000000000000000   2.9977791658314709E+02   1.6975364632825324E-01
   30000.0000000000000000   3.0887908517363769E+02   1.6349733344756878E-01
   31000.0000000000000000   3.1796513626503094E+02   1.5915731884144013E-01
   32000.0000000000000000   3.2700364319903173E+02   1.5440387966396396E-01
   33000.0000000000000000   3.3599410573807324E+02   1.5219905749430995E-01
   34000.0000000000000000   3.4497784805884186E+02   1.4836867646596832E-01
   35000.0000000000000000   3.5395280662251815E+02   1.4312633345993236E-01
   36000.0000000000000000   3.6288647469554479E+02   1.4042952636124387E-01
   37000.0000000000000000   3.7180763824842353E+02   1.3758216188406214E-01
   38000.0000000000000000   3.8069966822213166E+02   1.3372595927449454E-01
   39000.0000000000000000   3.8954313813186127E+02   1.3046862771510614E-01
   40000.0000000000000000   3.9841420857955518E+02   1.2723742471999996E-01
   41000.0000000000000000   4.0721074131859069E+02   1.2489255939897377E-01
   42000.0000000000000000   4.1602516650485143E+02   1.2270022655014030E-01
   43000.0000000000000000   4.2477949659622749E+02   1.1949917707770517E-01
   44000.0000000000000000   4.3355243640155641E+02   1.1847544600144876E-01
   45000.0000000000000000   4.4228949115609555E+02   1.1609206145828285E-01
   46000.0000000000000000   4.5099492567408964E+02   1.1257904958118990E-01
   47000.0000000000000000   4.5968940924802172E+02   1.1143712455950366E-01
   48000.0000000000000000   4.6838906319656161E+02   1.0953846914014137E-01
   49000.0000000000000000   4.7707012321552816E+02   1.0701393477042957E-01
   50000.0000000000000000   4.8572905602462174E+02   1.0469488515745348E-01
