       0.0010000000000000   1.0000000000000000E+30
       0.1000000000000000   1.0000000000000000E+30
       0.2000000000000000   1.0000000000000000E+30
       0.3000000000000000   1.0000000000000000E+30
       0.4000000000000000   1.0000000000000000E+30
       0.5000000000000000   1.0000000000000000E+30
       0.6000000000000000   1.0000000000000000E+30
       0.7000000000000000   1.0000000000000000E+30
       0.7999999999999999   1.0000000000000000E+30
       0.8999999999999999   1.0000000000000000E+30
       0.9999999999999999   1.0000000000000000E+30
       2.0000000000000000   1.0000000000000000E+30
       3.0000000000000000   1.0000000000000000E+30
       4.0000000000000000   1.0000000000000000E+30
       5.0000000000000000   1.0000000000000000E+30
       6.0000000000000000   1.0000000000000000E+30
       7.0000000000000000   1.0000000000000000E+30
       8.0000000000000000   1.0000000000000000E+30
       9.0000000000000000   1.0000000000000000E+30
      10.0000000000000000   1.0000000000000000E+30
      11.0000000000000000   1.0000000000000000E+30
      12.0000000000000000   1.0000000000000000E+30
      13.0000000000000000   1.0000000000000000E+30
      14.0000000000000000   1.0000000000000000E+30
      15.0000000000000000   1.0000000000000000E+30
      16.0000000000000000   1.0000000000000000E+30
      17.0000000000000000   1.0000000000000000E+30
      18.0000000000000000   1.0000000000000000E+30
      19.0000000000000000   1.0000000000000000E+30
      20.0000000000000000   1.0000000000000000E+30
      21.0000000000000000   1.0000000000000000E+30
      22.0000000000000000   1.0000000000000000E+30
      23.0000000000000000   1.0000000000000000E+30
      24.0000000000000000   1.0000000000000000E+30
      25.0000000000000000   1.0000000000000000E+30
      26.0000000000000000   1.0000000000000000E+30
      27.0000000000000000   1.0000000000000000E+30
      28.0000000000000000   1.0000000000000000E+30
      29.0000000000000000   1.0000000000000000E+30
      30.0000000000000000   1.0000000000000000E+30
      31.0000000000000000   1.0000000000000000E+30
      32.0000000000000000   1.0000000000000000E+30
      33.0000000000000000   1.0000000000000000E+30
      34.0000000000000000   1.0000000000000000E+30
      35.0000000000000000   1.0000000000000000E+30
      35.9990000000000023   1.0000000000000000E+30
      36.0000000000000000   1.3638225676925038E+02
      36.0009999999999977   1.3637604924350947E+02
      37.0000000000000000   1.3062516077096166E+02
      37.9990000000000023   1.2571896709807032E+02
      38.0000000000000000   1.2571445330876550E+02
      38.0009999999999977   1.2570994028987299E+02
      39.0000000000000000   1.2157492863304954E+02
      40.0000000000000000   1.1814066263624052E+02
      40.9990000000000023   1.1535615264413310E+02
      41.0000000000000000   1.1535367141911398E+02
      41.0009999999999977   1.1535119078971699E+02
      42.0000000000000000   1.1316279071011776E+02
      43.0000000000000000   1.1152273553883003E+02
      44.0000000000000000   1.1039330777182660E+02
      45.0000000000000000   1.0973872552351777E+02
      46.0000000000000000   1.0952705348218986E+02
      47.0000000000000000   1.0972971716118637E+02
      48.0000000000000000   1.1032108723672590E+02
      49.0000000000000000   1.1127812264900102E+02
      50.0000000000000000   1.1258006316050172E+02
      50.9990000000000023   1.1420637845691262E+02
      51.0000000000000000   1.1420816369124643E+02
      51.0009999999999977   1.1420994923464829E+02
      52.0000000000000000   1.1614546406679361E+02
      53.0000000000000000   1.1837658888516614E+02
      54.0000000000000000   1.2088757308277069E+02
      55.0000000000000000   1.2366570949592500E+02
      56.0000000000000000   1.2669941530435960E+02
      57.0000000000000000   1.2997811473027764E+02
      58.0000000000000000   1.3349213577051410E+02
      59.0000000000000000   1.3723261907542010E+02
      60.0000000000000000   1.4119143736864666E+02
      61.0000000000000000   1.4536112403694474E+02
      62.0000000000000000   1.4973480971646100E+02
      63.0000000000000000   1.5430616586829660E+02
      64.0000000000000000   1.5906935447661030E+02
      65.0000000000000000   1.6401898312161399E+02
      66.0000000000000000   1.6915006478097376E+02
      67.0000000000000000   1.7445798179931015E+02
      68.0000000000000000   1.7993845353909657E+02
      69.0000000000000000   1.8558750728926611E+02
      70.0000000000000000   1.9140145206191826E+02
      71.0000000000000000   1.9737685495403005E+02
      72.0000000000000000   2.0351051979118188E+02
      73.0000000000000000   2.0979946780494888E+02
      74.0000000000000000   2.1624092012561226E+02
      75.0000000000000000   2.2283228189786180E+02
      76.0000000000000000   2.2957112784979194E+02
      77.0000000000000000   2.3645518916519015E+02
      78.0000000000000000   2.4348234152631773E+02
      79.0000000000000000   2.5065059420941068E+02
      79.9989999999999952   2.5795070368779511E+02
      80.0000000000000000   2.5795808012829633E+02
      80.0010000000000048   2.5796545670626938E+02
      81.0000000000000000   2.6540304673306912E+02
      82.0000000000000000   2.7298384768092171E+02
      83.0000000000000000   2.8069893520515927E+02
      84.0000000000000000   2.8854685311630573E+02
      85.0000000000000000   2.9652623037616331E+02
      86.0000000000000000   3.0463577519184292E+02
      87.0000000000000000   3.1287426958222915E+02
      88.0000000000000000   3.2124056437417732E+02
      89.0000000000000000   3.2973357459003739E+02
      90.0000000000000000   3.3835227519191147E+02
      91.0000000000000000   3.4709569715146245E+02
      92.0000000000000000   3.5596292381711709E+02
      93.0000000000000000   3.6495308755322122E+02
      94.0000000000000000   3.7406536662812971E+02
      95.0000000000000000   3.8329898233037352E+02
      96.0000000000000000   3.9265319629400426E+02
      97.0000000000000000   4.0212730801594967E+02
      98.0000000000000000   4.1172065254978878E+02
      99.0000000000000000   4.2143259836176236E+02
     100.0000000000000000   4.3126254533610580E+02
     110.0000000000000000   5.3593914904806252E+02
     120.0000000000000000   6.5193102953749610E+02
     130.0000000000000000   7.7895362089014361E+02
     140.0000000000000000   9.1682019943277783E+02
     150.0000000000000000   1.0654041245924741E+03
     160.0000000000000000   1.2246170482439461E+03
     170.0000000000000000   1.3943958162929280E+03
     180.0000000000000000   1.5746943143770334E+03
     190.0000000000000000   1.7654782344349692E+03
     200.0000000000000000   1.9667216248528755E+03
     210.0000000000000000   2.1784045618690893E+03
     220.0000000000000000   2.4005115442932674E+03
     230.0000000000000000   2.6330303657118438E+03
     240.0000000000000000   2.8759513085006392E+03
     247.9989999999999952   3.0777466436687523E+03
     248.0010000000000048   3.0777979301678561E+03
     250.0000000000000000   3.1292665588246546E+03
     260.0000000000000000   3.3929697759964233E+03
     260.9990000000000236   3.4198842342469370E+03
     261.0009999999999764   3.4199382209739920E+03
     270.0000000000000000   3.6670557713410308E+03
     280.0000000000000000   3.9515202658623143E+03
     290.0000000000000000   4.2463597053618332E+03
     300.0000000000000000   4.5515711179550808E+03
     310.0000000000000000   4.8671520032267690E+03
     320.0000000000000000   5.1931002452434004E+03
     330.0000000000000000   5.5294140437302549E+03
     340.0000000000000000   5.8760918592037096E+03
     350.0000000000000000   6.2331323689162027E+03
     360.0000000000000000   6.6005344312454063E+03
     370.0000000000000000   6.9782970567272696E+03
     380.0000000000000000   7.3664193843531730E+03
     390.0000000000000000   7.7649006620656228E+03
     400.0000000000000000   8.1737402306235399E+03
     410.0000000000000000   8.5929375101879377E+03
     420.0000000000000000   9.0224919891160953E+03
     427.9990000000000236   9.3735481479523187E+03
     428.0009999999999764   9.3736367515893198E+03
     430.0000000000000000   9.4624032145583114E+03
     440.0000000000000000   9.9126707845332512E+03
     450.0000000000000000   1.0373294341222057E+04
     460.0000000000000000   1.0844273565271616E+04
     470.0000000000000000   1.1325608170937059E+04
     480.0000000000000000   1.1817297901925147E+04
     490.0000000000000000   1.2319342527825283E+04
     494.9990000000000236   1.2574196620795556E+04
     495.0009999999999764   1.2574299100659757E+04
     500.0000000000000000   1.2831741841035093E+04
     510.0000000000000000   1.3354495654103774E+04
     520.0000000000000000   1.3887603797429581E+04
     530.0000000000000000   1.4431066117258501E+04
     540.0000000000000000   1.4984882473939895E+04
     550.0000000000000000   1.5549052740402125E+04
     560.0000000000000000   1.6123576800816989E+04
     570.0000000000000000   1.6708454549426704E+04
     580.0000000000000000   1.7303685889511245E+04
     590.0000000000000000   1.7909270732477115E+04
     598.9990000000000236   1.8463087260888751E+04
     599.0009999999999764   1.8463211276811748E+04
     600.0000000000000000   1.8525208997051548E+04
     610.0000000000000000   1.9151500608568411E+04
     620.0000000000000000   1.9788145498334070E+04
     630.0000000000000000   2.0435143603063130E+04
     640.0000000000000000   2.1092494864375440E+04
     650.0000000000000000   2.1760199228346795E+04
     660.0000000000000000   2.2438256645106969E+04
     670.0000000000000000   2.3126667068479415E+04
     680.0000000000000000   2.3825430455657763E+04
     690.0000000000000000   2.4534546766914893E+04
     700.0000000000000000   2.5254015965340928E+04
     710.0000000000000000   2.5983838016606835E+04
     720.0000000000000000   2.6724012888750880E+04
     730.0000000000000000   2.7474540551985363E+04
     740.0000000000000000   2.8235420978521601E+04
     750.0000000000000000   2.9006654142411029E+04
     760.0000000000000000   2.9788240019400939E+04
     770.0000000000000000   3.0580178586803173E+04
     780.0000000000000000   3.1382469823374537E+04
     790.0000000000000000   3.2195113709207795E+04
     800.0000000000000000   3.3018110225632096E+04
     810.0000000000000000   3.3851459355121944E+04
     820.0000000000000000   3.4695161081213897E+04
     830.0000000000000000   3.5549215388430297E+04
     840.0000000000000000   3.6413622262209246E+04
     850.0000000000000000   3.7288381688840360E+04
     860.0000000000000000   3.8173493655405713E+04
     870.0000000000000000   3.9068958149725499E+04
     880.0000000000000000   3.9974775160307974E+04
     890.0000000000000000   4.0890944676303370E+04
     900.0000000000000000   4.1817466687461303E+04
     910.0000000000000000   4.2754341184091507E+04
     920.0000000000000000   4.3701568157027446E+04
     930.0000000000000000   4.4659147597592790E+04
     940.0000000000000000   4.5627079497570165E+04
     950.0000000000000000   4.6605363849172521E+04
     960.0000000000000000   4.7594000645016160E+04
     970.0000000000000000   4.8592989878096065E+04
     980.0000000000000000   4.9602331541762782E+04
     990.0000000000000000   5.0622025629700933E+04
    1000.0000000000000000   5.1652072135909417E+04
    1100.0000000000000000   6.2521919073561243E+04
    1200.0000000000000000   7.4427002989848916E+04
    1300.0000000000000000   8.7367321039113318E+04
    1400.0000000000000000   1.0134287135411765E+05
    1500.0000000000000000   1.1635365266845624E+05
    1600.0000000000000000   1.3239966409864777E+05
    1700.0000000000000000   1.4948090501315144E+05
    1800.0000000000000000   1.6759737495082349E+05
    1810.9990000000000236   1.6965319988065932E+05
    1811.0009999999999764   1.6965357483984891E+05
    1900.0000000000000000   1.8674907356858329E+05
    2000.0000000000000000   2.0693600060691484E+05
    2100.0000000000000000   2.2815815586658038E+05
    2200.0000000000000000   2.5041553919256810E+05
    2300.0000000000000000   2.7370815046281385E+05
    2400.0000000000000000   2.9803598958014132E+05
    2500.0000000000000000   3.2339905646641221E+05
    2600.0000000000000000   3.4979735105821968E+05
    2700.0000000000000000   3.7723087330367696E+05
    2800.0000000000000000   4.0569962315999396E+05
    2900.0000000000000000   4.3520360059162893E+05
    3000.0000000000000000   4.6574280556886288E+05
    3100.0000000000000000   4.9731723806669179E+05
    3200.0000000000000000   5.2992689806395606E+05
    3300.0000000000000000   5.6357178554265318E+05
    3400.0000000000000000   5.9825190048738825E+05
    3500.0000000000000000   6.3396724288493372E+05
    3600.0000000000000000   6.7071781272387318E+05
    3700.0000000000000000   7.0850360999431275E+05
    3800.0000000000000000   7.4732463468764152E+05
    3900.0000000000000000   7.8718088679633918E+05
    4000.0000000000000000   8.2807236631381372E+05
    4100.0000000000000000   8.6999907323426614E+05
    4200.0000000000000000   9.1296100755258009E+05
    4300.0000000000000000   9.5695816926422750E+05
    4400.0000000000000000   1.0019905583651881E+06
    4500.0000000000000000   1.0480581748518840E+06
    4600.0000000000000000   1.0951610187211216E+06
    4700.0000000000000000   1.1432990899700434E+06
    4800.0000000000000000   1.1924723885960868E+06
    4900.0000000000000000   1.2426809145969469E+06
    5000.0000000000000000   1.2939246679705482E+06
    5100.0000000000000000   1.3462036487150167E+06
    5200.0000000000000000   1.3995178568286553E+06
    5300.0000000000000000   1.4538672923099271E+06
    5400.0000000000000000   1.5092519551574357E+06
    5500.0000000000000000   1.5656718453699101E+06
    5600.0000000000000000   1.6231269629461919E+06
    5700.0000000000000000   1.6816173078852240E+06
    5800.0000000000000000   1.7411428801860388E+06
    5900.0000000000000000   1.8017036798477501E+06
    6000.0000000000000000   1.8632997068695461E+06
    6100.0000000000000000   1.9259309612506793E+06
    6200.0000000000000000   1.9895974429904632E+06
    6300.0000000000000000   2.0542991520882647E+06
    6400.0000000000000000   2.1200360885435003E+06
    6500.0000000000000000   2.1868082523556305E+06
    6600.0000000000000000   2.2546156435241569E+06
    6700.0000000000000000   2.3234582620486165E+06
    6800.0000000000000000   2.3933361079285829E+06
    6900.0000000000000000   2.4642491811636584E+06
    7000.0000000000000000   2.5361974817534732E+06
    7100.0000000000000000   2.6091810096976846E+06
    7200.0000000000000000   2.6831997649959726E+06
    7300.0000000000000000   2.7582537476480403E+06
    7400.0000000000000000   2.8343429576536086E+06
    7500.0000000000000000   2.9114673950124187E+06
    7600.0000000000000000   2.9896270597242275E+06
    7700.0000000000000000   3.0688219517888096E+06
    7800.0000000000000000   3.1490520712059503E+06
    7900.0000000000000000   3.2303174179754518E+06
    8000.0000000000000000   3.3126179920971282E+06
    8100.0000000000000000   3.3959537935708012E+06
    8200.0000000000000000   3.4803248223963100E+06
    8300.0000000000000000   3.5657310785734979E+06
    8400.0000000000000000   3.6521725621022200E+06
    8500.0000000000000000   3.7396492729823375E+06
    8600.0000000000000000   3.8281612112137233E+06
    8700.0000000000000000   3.9177083767962549E+06
    8800.0000000000000000   4.0082907697298159E+06
    8900.0000000000000000   4.0999083900143001E+06
    9000.0000000000000000   4.1925612376496037E+06
    9100.0000000000000000   4.2862493126356304E+06
    9200.0000000000000000   4.3809726149722878E+06
    9300.0000000000000000   4.4767311446594894E+06
    9400.0000000000000000   4.5735249016971542E+06
    9500.0000000000000000   4.6713538860852038E+06
    9600.0000000000000000   4.7702180978235612E+06
    9700.0000000000000000   4.8701175369121609E+06
    9800.0000000000000000   4.9710522033509342E+06
    9900.0000000000000000   5.0730220971398177E+06
   10000.0000000000000000   5.1760272182787526E+06
   11000.0000000000000000   6.2630159339096015E+06
   12000.0000000000000000   7.4535273844970427E+06
   13000.0000000000000000   8.7475615700126197E+06
   14000.0000000000000000   1.0145118490437664E+07
   15000.0000000000000000   1.1646198145759502E+07
   16000.0000000000000000   1.3250800535969315E+07
   17000.0000000000000000   1.4958925661060769E+07
   18000.0000000000000000   1.6770573521029267E+07
   19000.0000000000000000   1.8685744115871374E+07
   20000.0000000000000000   2.0704437445584483E+07
   21000.0000000000000000   2.2826653510166619E+07
   22000.0000000000000000   2.5052392309616230E+07
   23000.0000000000000000   2.7381653843932081E+07
   24000.0000000000000000   2.9814438113113217E+07
   25000.0000000000000000   3.2350745117158856E+07
   26000.0000000000000000   3.4990574856068343E+07
   27000.0000000000000000   3.7733927329841174E+07
   28000.0000000000000000   4.0580802538476929E+07
   29000.0000000000000000   4.3531200481975242E+07
   30000.0000000000000000   4.6585121160335809E+07
   31000.0000000000000000   4.9742564573558398E+07
   32000.0000000000000000   5.3003530721642800E+07
   33000.0000000000000000   5.6368019604588799E+07
   34000.0000000000000000   5.9836031222396262E+07
   35000.0000000000000000   6.3407565575065084E+07
   36000.0000000000000000   6.7082622662595123E+07
   37000.0000000000000000   7.0861202484986261E+07
   38000.0000000000000000   7.4743305042238459E+07
   39000.0000000000000000   7.8728930334351599E+07
   40000.0000000000000000   8.2818078361325651E+07
   41000.0000000000000000   8.7010749123160541E+07
   42000.0000000000000000   9.1306942619856209E+07
   43000.0000000000000000   9.5706658851412594E+07
   44000.0000000000000000   1.0020989781782973E+08
   45000.0000000000000000   1.0481665951910748E+08
   46000.0000000000000000   1.0952694395524588E+08
   47000.0000000000000000   1.1434075112624490E+08
   48000.0000000000000000   1.1925808103210448E+08
   49000.0000000000000000   1.2427893367282461E+08
   50000.0000000000000000   1.2940330904840530E+08
