       0.1000000000000000   7.0261178994004092E+02   4.2705143094128322E-05
       0.2000000000000000   5.5239050199279961E+02   9.7504600691285497E-05
       0.3000000000000000   4.7237271732135309E+02   1.6827053808960839E-04
       0.4000000000000000   4.1828255808929219E+02   2.5333424112381094E-04
       0.5000000000000000   3.7564229137090956E+02   3.5545075587936512E-04
       0.6000000000000000   3.4068663849170883E+02   4.7518926046076542E-04
       0.7000000000000000   3.1145128678010860E+02   6.1288560474179144E-04
       0.7999999999999999   2.8666769326667907E+02   7.6859710251119841E-04
       0.8999999999999999   2.6550021780500919E+02   9.4190024653450350E-04
       0.9999999999999999   2.4719758296670645E+02   1.1328982374043909E-03
       2.0000000000000000   1.4826403338841109E+02   3.9236088431392879E-03
       3.0000000000000000   1.0872131937172146E+02   8.0919853897707273E-03
       4.0000000000000000   8.7515754758610043E+01   1.3411848832019088E-02
       5.0000000000000000   7.4194845609482087E+01   1.9737869493878686E-02
       6.0000000000000000   6.4974066637692857E+01   2.6973365099872273E-02
       7.0000000000000000   5.8165857884936877E+01   3.5047683319063189E-02
       8.0000000000000000   5.2899888721560295E+01   4.3910510560446807E-02
       9.0000000000000000   4.8682159118085842E+01   5.3525597723272804E-02
      10.0000000000000000   4.5210212054677129E+01   6.3868449337853045E-02
      11.0000000000000000   4.2289125027567174E+01   7.4922876390122017E-02
      12.0000000000000000   3.9787036555843471E+01   8.6679057652998423E-02
      13.0000000000000000   3.7611756420043683E+01   9.9133143118415923E-02
      14.0000000000000000   3.5696110614177414E+01   1.1228750419422488E-01
      15.0000000000000000   3.3990415103606573E+01   1.2614938481240479E-01
      16.0000000000000000   3.2457159811924008E+01   1.4072964736017668E-01
      17.0000000000000000   3.1067150103252754E+01   1.5604438351390540E-01
      18.0000000000000000   2.9797575986595387E+01   1.7211330485499787E-01
      19.0000000000000000   2.8630222238116797E+01   1.8896022115553254E-01
      20.0000000000000000   2.7550358827616630E+01   2.0661339720955477E-01
      21.0000000000000000   2.6545943858127938E+01   2.2510538930720275E-01
      22.0000000000000000   2.5607091023991650E+01   2.4447262183161109E-01
      23.0000000000000000   2.4725548438841560E+01   2.6475607738877210E-01
      24.0000000000000000   2.3894362470454936E+01   2.8600194842528720E-01
      25.0000000000000000   2.3107664475503245E+01   3.0826122890894897E-01
      26.0000000000000000   2.2360452305236493E+01   3.3159030812045220E-01
      27.0000000000000000   2.1648438035617534E+01   3.5605133597468702E-01
      28.0000000000000000   2.0967929638890311E+01   3.8171258390060997E-01
      29.0000000000000000   2.0315723237015195E+01   4.0864904739000912E-01
      30.0000000000000000   1.9689036918043463E+01   4.3694283958201918E-01
      31.0000000000000000   1.9085438121779688E+01   4.6668387636722108E-01
      32.0000000000000000   1.8502804534973158E+01   4.9797025992978844E-01
      33.0000000000000000   1.7939269943805204E+01   5.3090917752677480E-01
      34.0000000000000000   1.7393199584519412E+01   5.6561735857875794E-01
      35.0000000000000000   1.6863160117522071E+01   6.0222174817450391E-01
      35.9990000000000023   1.6348406848656882E+01   6.4082038590082180E-01
      36.0000000000000000   1.6347898593111292E+01   6.4086008884298884E-01
      36.0009999999999977   1.6347390351241181E+01   6.4089979396717078E-01
      37.0000000000000000   1.5846324975107679E+01   6.8168141680841043E-01
      37.9990000000000023   1.5357981574983249E+01   7.2480201421363133E-01
      38.0000000000000000   1.5357498838405300E+01   7.2484640627578734E-01
      38.0009999999999977   1.5357016113762841E+01   7.2489080085306190E-01
      39.0000000000000000   1.4880618989718641E+01   7.7052748237486757E-01
      40.0000000000000000   1.4415017248891578E+01   8.1890855618627589E-01
      40.9990000000000023   1.3960602181696915E+01   8.7013152984255904E-01
      41.0000000000000000   1.3960152531436293E+01   8.7018431873003732E-01
      41.0009999999999977   1.3959702891486778E+01   8.7023711071563248E-01
      42.0000000000000000   1.3515609210917150E+01   9.2455879901577498E-01
      43.0000000000000000   1.3081096320393353E+01   9.8224305132600132E-01
      44.0000000000000000   1.2656448531315892E+01   1.0434516248868937E+00
      45.0000000000000000   1.2241626296812699E+01   1.1083976963963225E+00
      46.0000000000000000   1.1836717575790614E+01   1.1772863715033968E+00
      47.0000000000000000   1.1441936980097870E+01   1.2503061149241417E+00
      48.0000000000000000   1.1057622397538843E+01   1.3276181562010605E+00
      49.0000000000000000   1.0684227056805208E+01   1.4093440358395355E+00
      50.0000000000000000   1.0322305576440312E+01   1.4955517778441332E+00
      50.9990000000000023   9.9728360051589018E+00   1.5861486993662648E+00
      51.0000000000000000   9.9724924657020946E+00   1.5862416084163233E+00
      51.0009999999999977   9.9721489390374209E+00   1.5863345218752321E+00
      52.0000000000000000   9.6354727029362390E+00   1.6813325742121439E+00
      53.0000000000000000   9.3119446088282096E+00   1.7806517891067182E+00
      54.0000000000000000   9.0025771488760871E+00   1.8839281445538594E+00
      55.0000000000000000   8.7079650607802446E+00   1.9907920818715228E+00
      56.0000000000000000   8.4285865795226034E+00   2.1007823480202696E+00
      57.0000000000000000   8.1647687151755175E+00   2.2133594739514222E+00
      58.0000000000000000   7.9166628413932818E+00   2.3279254557020459E+00
      59.0000000000000000   7.6842352325136360E+00   2.4438466845405276E+00
      60.0000000000000000   7.4672713683138161E+00   2.5604780332112402E+00
      61.0000000000000000   7.2653909879865743E+00   2.6771862205999315E+00
      62.0000000000000000   7.0780733459636975E+00   2.7933693682171796E+00
      63.0000000000000000   6.9046866682288277E+00   2.9084724510137039E+00
      64.0000000000000000   6.7445191018103241E+00   3.0219978556433511E+00
      65.0000000000000000   6.5968081890028598E+00   3.1335113189871033E+00
      66.0000000000000000   6.4607669393642349E+00   3.2426438832809672E+00
      67.0000000000000000   6.3356055133889839E+00   3.3490907101906200E+00
      68.0000000000000000   6.2205482518136890E+00   3.4526076300196573E+00
      69.0000000000000000   6.1148462844623639E+00   3.5530062231297048E+00
      70.0000000000000000   6.0177862554814494E+00   3.6501480934554968E+00
      71.0000000000000000   5.9286958082025540E+00   3.7439388418032813E+00
      72.0000000000000000   5.8469465131590539E+00   3.8343221008639836E+00
      73.0000000000000000   5.7719548430987908E+00   3.9212738732426380E+00
      74.0000000000000000   5.7031817279474106E+00   4.0047973165650816E+00
      75.0000000000000000   5.6401311010474737E+00   4.0849180641429799E+00
      76.0000000000000000   5.5823479005461030E+00   4.1616800101073244E+00
      77.0000000000000000   5.5294154741233559E+00   4.2351417836078777E+00
      78.0000000000000000   5.4809529979173011E+00   4.3053735661312018E+00
      79.0000000000000000   5.4366127297987035E+00   4.3724544464062944E+00
      79.9989999999999952   5.3961160539393696E+00   4.4364076557680621E+00
      80.0000000000000000   5.3960773204957029E+00   4.4364701702589100E+00
      80.0010000000000048   5.3960385905652277E+00   4.4365326817748496E+00
      81.0000000000000000   5.3590572240982297E+00   4.4975112530242507E+00
      82.0000000000000000   5.3252882474670304E+00   4.5556714080182648E+00
      83.0000000000000000   5.2945292612972557E+00   4.6110462478227987E+00
      84.0000000000000000   5.2665600802788957E+00   4.6637322193420756E+00
      85.0000000000000000   5.2411795178919105E+00   4.7138257376469692E+00
      86.0000000000000000   5.2182036083016481E+00   4.7614224881234959E+00
      87.0000000000000000   5.1974639862376284E+00   4.8066168727105145E+00
      88.0000000000000000   5.1788064326743912E+00   4.8495015628073848E+00
      89.0000000000000000   5.1620895300284850E+00   4.8901671756351401E+00
      90.0000000000000000   5.1471834761847912E+00   4.9287020086459279E+00
      91.0000000000000000   5.1339690012054788E+00   4.9651918544256288E+00
      92.0000000000000000   5.1223363933342974E+00   4.9997198694192759E+00
      93.0000000000000000   5.1121846216249880E+00   5.0323664888306263E+00
      94.0000000000000000   5.1034205456326394E+00   5.0632093792113890E+00
      95.0000000000000000   5.0959582034638853E+00   5.0923234216261877E+00
      96.0000000000000000   5.0897181702490295E+00   5.1197807194435496E+00
      97.0000000000000000   5.0846269798183350E+00   5.1456506257874350E+00
      98.0000000000000000   5.0806166028241719E+00   5.1699997865337117E+00
      99.0000000000000000   5.0776239769150759E+00   5.1928921953050544E+00
     100.0000000000000000   5.0755905799658780E+00   5.2143892579001854E+00
     110.0000000000000000   5.0977147312370725E+00   5.3644275695225616E+00
     120.0000000000000000   5.1739786870656408E+00   5.4262649820569280E+00
     130.0000000000000000   5.2837058424205212E+00   5.4305861305984173E+00
     140.0000000000000000   5.4151943300442564E+00   5.3972897907862007E+00
     150.0000000000000000   5.5613871181755625E+00   5.3394447275022028E+00
     160.0000000000000000   5.7178068125098473E+00   5.2657580559811503E+00
     170.0000000000000000   5.8754149766372787E+00   5.2000433236559758E+00
     180.0000000000000000   6.0427391951826390E+00   5.1184162440377969E+00
     190.0000000000000000   6.2192225922252753E+00   5.0201346522993644E+00
     200.0000000000000000   6.3960920710884714E+00   4.9263110219482646E+00
     210.0000000000000000   6.5731817235669778E+00   4.8367771559063444E+00
     220.0000000000000000   6.7503692768905639E+00   4.7513337168708958E+00
     230.0000000000000000   6.9335612636596373E+00   4.6553617727631798E+00
     240.0000000000000000   7.1161379490741732E+00   4.5645606749626042E+00
     247.9989999999999952   7.2572603818818502E+00   4.5058919591805564E+00
     248.0010000000000048   7.2573012195048223E+00   4.5058644231512641E+00
     250.0000000000000000   7.2925568071225344E+00   4.4915275001188464E+00
     260.0000000000000000   7.4794428901367027E+00   4.3968761425155245E+00
     260.9990000000000236   7.4943302872980295E+00   4.3963567363854006E+00
     261.0009999999999764   7.4943707482461681E+00   4.3963309711778944E+00
     270.0000000000000000   7.6601845438890122E+00   4.3192880950073267E+00
     280.0000000000000000   7.8403339130664307E+00   4.2454550477385480E+00
     290.0000000000000000   8.0247195673152145E+00   4.1642513623683977E+00
     300.0000000000000000   8.2035474464535110E+00   4.0975804842435126E+00
     310.0000000000000000   8.3863600390608095E+00   4.0238733129407880E+00
     320.0000000000000000   8.5683725812459013E+00   3.9536945132179255E+00
     330.0000000000000000   8.7496141280546809E+00   3.8867855818859378E+00
     340.0000000000000000   8.9301126407745812E+00   3.8229129379568518E+00
     350.0000000000000000   9.1098949458800682E+00   3.7618649861774767E+00
     360.0000000000000000   9.2889866951328113E+00   3.7034496309248106E+00
     370.0000000000000000   9.4674123489207531E+00   3.6474921246747658E+00
     380.0000000000000000   9.6451952079310743E+00   3.5938331333091935E+00
     390.0000000000000000   9.8261345719376436E+00   3.5346761781899478E+00
     400.0000000000000000   1.0002606535988733E+01   3.4854164835301864E+00
     410.0000000000000000   1.0182144593404912E+01   3.4308187391056508E+00
     420.0000000000000000   1.0357392958385770E+01   3.3854228047662795E+00
     427.9990000000000236   1.0498591770577361E+01   3.3475640265872908E+00
     428.0009999999999764   1.0498628789663401E+01   3.3475512667917457E+00
     430.0000000000000000   1.0535616592773192E+01   3.3348497745339136E+00
     440.0000000000000000   1.0713191894538628E+01   3.2862016264017879E+00
     450.0000000000000000   1.0886708798706339E+01   3.2458661565890634E+00
     460.0000000000000000   1.1063086050918105E+01   3.2005822063400187E+00
     470.0000000000000000   1.1238869636764903E+01   3.1569191024925169E+00
     480.0000000000000000   1.1414076469631157E+01   3.1147876131003969E+00
     490.0000000000000000   1.1588722728700601E+01   3.0741050737030142E+00
     494.9990000000000236   1.1675822407000608E+01   3.0542881543593752E+00
     495.0009999999999764   1.1675858516084652E+01   3.0542779574470327E+00
     500.0000000000000000   1.1762823742852770E+01   3.0347950586139709E+00
     510.0000000000000000   1.1936394162851343E+01   2.9967865954684116E+00
     520.0000000000000000   1.2109448076507801E+01   2.9600135448261899E+00
     530.0000000000000000   1.2281999029846544E+01   2.9244141968956381E+00
     540.0000000000000000   1.2454060036719463E+01   2.8899309342033903E+00
     550.0000000000000000   1.2625643566583886E+01   2.8565099530781781E+00
     560.0000000000000000   1.2796761567331055E+01   2.8241009653243498E+00
     570.0000000000000000   1.2970363163653232E+01   2.7876731312984737E+00
     580.0000000000000000   1.3140545146292760E+01   2.7572461157101276E+00
     590.0000000000000000   1.3310295447739749E+01   2.7276942245335749E+00
     598.9990000000000236   1.3464976415768945E+01   2.6980429156095171E+00
     599.0009999999999764   1.3465011390542076E+01   2.6980353616251622E+00
     600.0000000000000000   1.3479624264134976E+01   2.6989787076962850E+00
     610.0000000000000000   1.3651355985994607E+01   2.6664418344259344E+00
     620.0000000000000000   1.3819831046801319E+01   2.6393783647190023E+00
     630.0000000000000000   1.3990687375805988E+01   2.6085774602786280E+00
     640.0000000000000000   1.4158346429544302E+01   2.5830248456281368E+00
     650.0000000000000000   1.4325630186696221E+01   2.5581411652792685E+00
     660.0000000000000000   1.4495239504802193E+01   2.5296531955460719E+00
     670.0000000000000000   1.4661758190732236E+01   2.5061010799872259E+00
     680.0000000000000000   1.4830575007394325E+01   2.4790268543326999E+00
     690.0000000000000000   1.4996361120541813E+01   2.4566991772888711E+00
     700.0000000000000000   1.5164415153140183E+01   2.4309316817417979E+00
     710.0000000000000000   1.5332089556182574E+01   2.4058179607760737E+00
     720.0000000000000000   1.5496818334386440E+01   2.3851753913321923E+00
     730.0000000000000000   1.5663772048327363E+01   2.3612244490741010E+00
     740.0000000000000000   1.5827838652390895E+01   2.3415859428154517E+00
     750.0000000000000000   1.5994098837686431E+01   2.3187130380423806E+00
     760.0000000000000000   1.6160016604588623E+01   2.2963772226935939E+00
     770.0000000000000000   1.6323119417412862E+01   2.2781360949660785E+00
     780.0000000000000000   1.6488377102757312E+01   2.2567707608018002E+00
     790.0000000000000000   1.6653312742009621E+01   2.2358840210989523E+00
     800.0000000000000000   1.6817933675612789E+01   2.2154565239222799E+00
     810.0000000000000000   1.6979809734578996E+01   2.1988863793303590E+00
     820.0000000000000000   1.7143809321158724E+01   2.1793095476859445E+00
     830.0000000000000000   1.7307509486491266E+01   2.1601474945004617E+00
     840.0000000000000000   1.7470911604375530E+01   2.1413912026017226E+00
     850.0000000000000000   1.7631647516123671E+01   2.1262695813755337E+00
     860.0000000000000000   1.7794467022867163E+01   2.1082588719794302E+00
     870.0000000000000000   1.7957004552145950E+01   2.0906134277841377E+00
     880.0000000000000000   1.8119262317778272E+01   2.0733245237717943E+00
     890.0000000000000000   1.8281242269888228E+01   2.0563840315500128E+00
     900.0000000000000000   1.8442946726362589E+01   2.0397835522486472E+00
     910.0000000000000000   1.8604379022440355E+01   2.0235136032686363E+00
     920.0000000000000000   1.8765543704824960E+01   2.0075634032252605E+00
     930.0000000000000000   1.8924184963970081E+01   1.9948547186547385E+00
     940.0000000000000000   1.9084845658139365E+01   1.9794698976212100E+00
     950.0000000000000000   1.9245252277217901E+01   1.9643753409503515E+00
     960.0000000000000000   1.9405407908678246E+01   1.9495632238593001E+00
     970.0000000000000000   1.9565315707457266E+01   1.9350258381769843E+00
     980.0000000000000000   1.9724978919260554E+01   1.9207555622780688E+00
     990.0000000000000000   1.9884400874292492E+01   1.9067448674671499E+00
    1000.0000000000000000   2.0043584925370670E+01   1.8929863879692346E+00
    1100.0000000000000000   2.1625085296553767E+01   1.7654130554099741E+00
    1200.0000000000000000   2.3185729994158198E+01   1.6571698280898413E+00
    1300.0000000000000000   2.4729727950313432E+01   1.5620168787762243E+00
    1400.0000000000000000   2.6256816699204656E+01   1.4793298637410037E+00
    1500.0000000000000000   2.7770436599222457E+01   1.4049362046844112E+00
    1600.0000000000000000   2.9271777595771699E+01   1.3373854116943635E+00
    1700.0000000000000000   3.0760008374035447E+01   1.2772168693175123E+00
    1800.0000000000000000   3.2236231311802229E+01   1.2231690284702568E+00
    1810.9990000000000236   3.2397294894176511E+01   1.2180851570206161E+00
    1811.0009999999999764   3.2397324476673411E+01   1.2180839704121014E+00
    1873.9990000000000236   3.3322048731731606E+01   1.1860221243926985E+00
    1874.0009999999999764   3.3322078120941086E+01   1.1860210520266283E+00
    1900.0000000000000000   3.3702795851366268E+01   1.1730815386095645E+00
    2000.0000000000000000   3.5157327765702796E+01   1.1288607679801790E+00
    2100.0000000000000000   3.6605185310856420E+01   1.0860968720784510E+00
    2200.0000000000000000   3.8042270453986553E+01   1.0480749427836791E+00
    2282.9989999999997963   3.9228495724121935E+01   1.0187829510605138E+00
    2283.0010000000002037   3.9228524375499049E+01   1.0187821690860530E+00
    2300.0000000000000000   3.9470745057647861E+01   1.0130436036907355E+00
    2400.0000000000000000   4.0892164906478371E+01   9.7987306115409878E-01
    2500.0000000000000000   4.2306060388009953E+01   9.4896407819640261E-01
    2576.9989999999997963   4.3389626328131172E+01   9.2669718799573231E-01
    2577.0010000000002037   4.3389654452313422E+01   9.2669659560485040E-01
    2600.0000000000000000   4.3712422245533347E+01   9.2033015441125843E-01
    2700.0000000000000000   4.5111598091357997E+01   8.9374368827945250E-01
    2800.0000000000000000   4.6505670927158924E+01   8.6786264450781736E-01
    2822.9989999999997963   4.6824984121976712E+01   8.6240606231053429E-01
    2823.0010000000002037   4.6825012084971846E+01   8.6240546009295516E-01
    2900.0000000000000000   4.7891588396427522E+01   8.4470558828545272E-01
    3000.0000000000000000   4.9272992203295459E+01   8.2198319984640500E-01
    3100.0000000000000000   5.0647077045642583E+01   8.0148461509334690E-01
    3200.0000000000000000   5.2016515016879111E+01   7.8153303660912010E-01
    3300.0000000000000000   5.3380847183785846E+01   7.6254352689945126E-01
    3400.0000000000000000   5.4739931417553606E+01   7.4459173634127629E-01
    3500.0000000000000000   5.6093666247504970E+01   7.2773879191647706E-01
    3600.0000000000000000   5.7442643989479905E+01   7.1170006296398525E-01
    3700.0000000000000000   5.8789019894450647E+01   6.9538325225140984E-01
    3800.0000000000000000   6.0127976660521483E+01   6.8129280110226642E-01
    3900.0000000000000000   6.1463301052087665E+01   6.6751630230847692E-01
    4000.0000000000000000   6.2796070182843202E+01   6.5354551400311767E-01
    4100.0000000000000000   6.4122942390891026E+01   6.4107095858608087E-01
    4200.0000000000000000   6.5446820504114442E+01   6.2862334082677518E-01
    4300.0000000000000000   6.6766764212165810E+01   6.1675827838103481E-01
    4400.0000000000000000   6.8083151665117427E+01   6.0534103560850316E-01
    4500.0000000000000000   6.9395129173020180E+01   5.9466890204636014E-01
    4600.0000000000000000   7.0705532946564205E+01   5.8358924438595627E-01
    4700.0000000000000000   7.2009585978619967E+01   5.7412254973031951E-01
    4800.0000000000000000   7.3311555286330787E+01   5.6456858570193413E-01
    4900.0000000000000000   7.4611123904532519E+01   5.5498797665383048E-01
    5000.0000000000000000   7.5907231963785833E+01   5.4585083327348061E-01
    5100.0000000000000000   7.7199989545076704E+01   5.3712659050119438E-01
    5200.0000000000000000   7.8489487098045430E+01   5.2879276635589645E-01
    5300.0000000000000000   7.9776666181680568E+01   5.2046266999047874E-01
    5400.0000000000000000   8.1059587959495744E+01   5.1293984327397468E-01
    5500.0000000000000000   8.2341104145114400E+01   5.0515674907712538E-01
    5600.0000000000000000   8.3620348866205020E+01   4.9745463397613165E-01
    5700.0000000000000000   8.4893519469139463E+01   4.9118798776348932E-01
    5800.0000000000000000   8.6168287522920110E+01   4.8362352603048414E-01
    5900.0000000000000000   8.7437177835111171E+01   4.7738186807727340E-01
    6000.0000000000000000   8.8706937493004148E+01   4.7026436237668234E-01
    6100.0000000000000000   8.9971226712303476E+01   4.6432926482050219E-01
    6200.0000000000000000   9.1233383188536351E+01   4.5838207610104853E-01
    6300.0000000000000000   9.2495093082452726E+01   4.5207615797658529E-01
    6400.0000000000000000   9.3754428063649002E+01   4.4595185581258251E-01
    6500.0000000000000000   9.5010819460133604E+01   4.4009646740730896E-01
    6600.0000000000000000   9.6263372846070197E+01   4.3504774712447697E-01
    6700.0000000000000000   9.7515362543087107E+01   4.2951279109269302E-01
    6800.0000000000000000   9.8763790393472036E+01   4.2460037095620601E-01
    6900.0000000000000000   1.0001266419140953E+02   4.1903670665212750E-01
    7000.0000000000000000   1.0125770596321171E+02   4.1407397157622966E-01
    7100.0000000000000000   1.0250025765346639E+02   4.0948446300240227E-01
    7200.0000000000000000   1.0374065116031021E+02   4.0495430112214670E-01
    7300.0000000000000000   1.0497752414163857E+02   4.0104534586733143E-01
    7400.0000000000000000   1.0621584263125287E+02   3.9620425968460987E-01
    7500.0000000000000000   1.0745277867727950E+02   3.9128267775444142E-01
    7600.0000000000000000   1.0868482980161197E+02   3.8750058786096375E-01
    7700.0000000000000000   1.0991482394909784E+02   3.8362991841641508E-01
    7800.0000000000000000   1.1114658245657664E+02   3.7899854945386940E-01
    7900.0000000000000000   1.1237168884267804E+02   3.7588670627939769E-01
    8000.0000000000000000   1.1360189500876928E+02   3.7073743464273162E-01
    8100.0000000000000000   1.1482297129860518E+02   3.6780763831935370E-01
    8200.0000000000000000   1.1604873068520128E+02   3.6334348252466436E-01
    8300.0000000000000000   1.1726502854479357E+02   3.6093429863930754E-01
    8400.0000000000000000   1.1848721510688243E+02   3.5647528348738100E-01
    8500.0000000000000000   1.1970337821565450E+02   3.5334785562271304E-01
    8600.0000000000000000   1.2092098788033505E+02   3.4965046330184996E-01
    8700.0000000000000000   1.2213629990775644E+02   3.4607996703537303E-01
    8800.0000000000000000   1.2334697628158315E+02   3.4323424243604600E-01
    8900.0000000000000000   1.2455650336378559E+02   3.4040542353059755E-01
    9000.0000000000000000   1.2576844322472201E+02   3.3674156946549533E-01
    9100.0000000000000000   1.2697939165671669E+02   3.3303567361328790E-01
    9200.0000000000000000   1.2818351665336940E+02   3.3069551327505281E-01
    9300.0000000000000000   1.2938612912284731E+02   3.2841874030594093E-01
    9400.0000000000000000   1.3059258692959443E+02   3.2481609093996411E-01
    9500.0000000000000000   1.3179529067776608E+02   3.2180710374235882E-01
    9600.0000000000000000   1.3299546743304717E+02   3.1912585565808543E-01
    9700.0000000000000000   1.3419527378370395E+02   3.1628567273643349E-01
    9800.0000000000000000   1.3539427972124560E+02   3.1337258640982207E-01
    9900.0000000000000000   1.3659172666542477E+02   3.1056657846935082E-01
   10000.0000000000000000   1.3778749071446018E+02   3.0790340661694970E-01
   10208.9989999999997963   1.4027989499131246E+02   3.0315847912714700E-01
   10209.0010000000002037   1.4027991761796250E+02   3.0315873047813119E-01
   11000.0000000000000000   1.4966548764925787E+02   2.8545474316841918E-01
   11545.9989999999997963   1.5610883626862480E+02   2.7284733004358425E-01
   11546.0010000000002037   1.5610886002335857E+02   2.7284724432899948E-01
   12000.0000000000000000   1.6143226757061265E+02   2.6496284012160931E-01
   12102.9989999999997963   1.6263864943128038E+02   2.6285500048526911E-01
   12103.0010000000002037   1.6263867377046429E+02   2.6285478338106821E-01
   13000.0000000000000000   1.7309476795142496E+02   2.4716204986529541E-01
   14000.0000000000000000   1.8465165646136580E+02   2.3249697120489279E-01
   15000.0000000000000000   1.9612329585341271E+02   2.1951768302202701E-01
   16000.0000000000000000   2.0751206068551204E+02   2.0807763749351427E-01
   17000.0000000000000000   2.1883176022486330E+02   1.9675364855704863E-01
   18000.0000000000000000   2.3007188864151161E+02   1.8791931899736575E-01
   19000.0000000000000000   2.4125560682789867E+02   1.7997776802313351E-01
   20000.0000000000000000   2.5236987469376106E+02   1.7185897815873216E-01
   21000.0000000000000000   2.6342615620901171E+02   1.6500510914690536E-01
   22000.0000000000000000   2.7444230238086249E+02   1.5821692150067806E-01
   23000.0000000000000000   2.8539250490891675E+02   1.5256198904059234E-01
   24000.0000000000000000   2.9630084662002440E+02   1.4729040823063833E-01
   25000.0000000000000000   3.0715878073866230E+02   1.4157032758907456E-01
   26000.0000000000000000   3.1796951279363412E+02   1.3708450403882516E-01
   27000.0000000000000000   3.2875062149786498E+02   1.3254437169871705E-01
   28000.0000000000000000   3.3947833521627973E+02   1.2954975897956769E-01
   29000.0000000000000000   3.5016425238052796E+02   1.2478855773311495E-01
   30000.0000000000000000   3.6083248716898839E+02   1.2212779228960445E-01
   31000.0000000000000000   3.7144172324529598E+02   1.1789731349097290E-01
   32000.0000000000000000   3.8201831882937967E+02   1.1593133466468773E-01
   33000.0000000000000000   3.9260425139374524E+02   1.1138885451641327E-01
   34000.0000000000000000   4.0313197730284503E+02   1.0851565457566689E-01
   35000.0000000000000000   4.1360566824787963E+02   1.0710765633889577E-01
   36000.0000000000000000   4.2407258170777959E+02   1.0343471532155425E-01
   37000.0000000000000000   4.3449042194616692E+02   1.0100017926436720E-01
   38000.0000000000000000   4.4492515416088861E+02   9.8283076278076448E-02
   39000.0000000000000000   4.5531844881327441E+02   9.5996534610777215E-02
   40000.0000000000000000   4.6560698123689633E+02   9.5855265265635828E-02
   41000.0000000000000000   4.7598922274359927E+02   9.3050098611405757E-02
   42000.0000000000000000   4.8624796531020058E+02   9.0947338852549714E-02
   43000.0000000000000000   4.9656769150395650E+02   8.9378249385310943E-02
   44000.0000000000000000   5.0682004958522509E+02   8.7441315363240846E-02
   45000.0000000000000000   5.1703539045406353E+02   8.4830035464305037E-02
   46000.0000000000000000   5.2726147065275507E+02   8.4577378336593151E-02
   47000.0000000000000000   5.3748060052987114E+02   8.2370797071195878E-02
   48000.0000000000000000   5.4766141792564929E+02   8.0331024996530498E-02
   49000.0000000000000000   5.5779530150567439E+02   7.9002744686684737E-02
   50000.0000000000000000   5.6791334402519578E+02   7.7384281905365102E-02
   69528.9989999999961583   7.6239530927642988E+02   5.8119903714358823E-02
   69529.0010000000038417   7.6239533049100055E+02   5.8119846356220604E-02
