       0.1000000000000000   1.0000000000000000E+30   0.0000000000000000E+00
       0.2000000000000000   1.0000000000000000E+30   0.0000000000000000E+00
       0.3000000000000000   1.0000000000000000E+30   0.0000000000000000E+00
       0.4000000000000000   1.0000000000000000E+30   0.0000000000000000E+00
       0.5000000000000000   1.0000000000000000E+30   0.0000000000000000E+00
       0.6000000000000000   1.0000000000000000E+30   0.0000000000000000E+00
       0.7000000000000000   1.0000000000000000E+30   0.0000000000000000E+00
       0.7999999999999999   1.0000000000000000E+30   0.0000000000000000E+00
       0.8999999999999999   1.0000000000000000E+30   0.0000000000000000E+00
       0.9999999999999999   1.0000000000000000E+30   0.0000000000000000E+00
       2.0000000000000000   1.0000000000000000E+30   0.0000000000000000E+00
       3.0000000000000000   1.0000000000000000E+30   0.0000000000000000E+00
       4.0000000000000000   1.0000000000000000E+30   0.0000000000000000E+00
       5.0000000000000000   1.0000000000000000E+30   0.0000000000000000E+00
       6.0000000000000000   1.0000000000000000E+30   0.0000000000000000E+00
       7.0000000000000000   1.0000000000000000E+30   0.0000000000000000E+00
       8.0000000000000000   1.0000000000000000E+30   0.0000000000000000E+00
       9.0000000000000000   1.0000000000000000E+30   0.0000000000000000E+00
      10.0000000000000000   1.0000000000000000E+30   0.0000000000000000E+00
      11.0000000000000000   1.0000000000000000E+30   0.0000000000000000E+00
      12.0000000000000000   1.0000000000000000E+30   0.0000000000000000E+00
      13.0000000000000000   1.0000000000000000E+30   0.0000000000000000E+00
      14.0000000000000000   1.0000000000000000E+30   0.0000000000000000E+00
      15.0000000000000000   1.0000000000000000E+30   0.0000000000000000E+00
      16.0000000000000000   1.0000000000000000E+30   0.0000000000000000E+00
      17.0000000000000000   1.0000000000000000E+30   0.0000000000000000E+00
      18.0000000000000000   1.0000000000000000E+30   0.0000000000000000E+00
      19.0000000000000000   1.0000000000000000E+30   0.0000000000000000E+00
      20.0000000000000000   1.0000000000000000E+30   0.0000000000000000E+00
      21.0000000000000000   1.0000000000000000E+30   0.0000000000000000E+00
      22.0000000000000000   1.0000000000000000E+30   0.0000000000000000E+00
      23.0000000000000000   1.0000000000000000E+30   0.0000000000000000E+00
      24.0000000000000000   1.0000000000000000E+30   0.0000000000000000E+00
      25.0000000000000000   1.0000000000000000E+30   0.0000000000000000E+00
      26.0000000000000000   1.0000000000000000E+30   0.0000000000000000E+00
      27.0000000000000000   1.0000000000000000E+30   0.0000000000000000E+00
      28.0000000000000000   1.0000000000000000E+30   0.0000000000000000E+00
      29.0000000000000000   1.0000000000000000E+30   0.0000000000000000E+00
      30.0000000000000000   1.0000000000000000E+30   0.0000000000000000E+00
      31.0000000000000000   1.0000000000000000E+30   0.0000000000000000E+00
      32.0000000000000000   1.0000000000000000E+30   0.0000000000000000E+00
      33.0000000000000000   1.0000000000000000E+30   0.0000000000000000E+00
      34.0000000000000000   1.0000000000000000E+30   0.0000000000000000E+00
      35.0000000000000000   1.0000000000000000E+30   0.0000000000000000E+00
      35.9990000000000023   1.0000000000000000E+30   0.0000000000000000E+00
      36.0000000000000000   1.0000000000000000E+30   0.0000000000000000E+00
      36.0009999999999977   1.0000000000000000E+30   0.0000000000000000E+00
      37.0000000000000000   1.0000000000000000E+30   0.0000000000000000E+00
      37.9990000000000023   1.0000000000000000E+30   0.0000000000000000E+00
      38.0000000000000000   1.0000000000000000E+30   0.0000000000000000E+00
      38.0009999999999977   1.0000000000000000E+30   0.0000000000000000E+00
      39.0000000000000000   1.0000000000000000E+30   0.0000000000000000E+00
      40.0000000000000000   1.0000000000000000E+30   0.0000000000000000E+00
      40.9990000000000023   1.0000000000000000E+30   0.0000000000000000E+00
      41.0000000000000000   1.0000000000000000E+30   0.0000000000000000E+00
      41.0009999999999977   1.0000000000000000E+30   0.0000000000000000E+00
      42.0000000000000000   1.0000000000000000E+30   0.0000000000000000E+00
      43.0000000000000000   1.0000000000000000E+30   0.0000000000000000E+00
      44.0000000000000000   1.0000000000000000E+30   0.0000000000000000E+00
      45.0000000000000000   1.0000000000000000E+30   0.0000000000000000E+00
      46.0000000000000000   1.0000000000000000E+30   0.0000000000000000E+00
      47.0000000000000000   1.0000000000000000E+30   0.0000000000000000E+00
      48.0000000000000000   1.0000000000000000E+30   0.0000000000000000E+00
      49.0000000000000000   1.0000000000000000E+30   0.0000000000000000E+00
      50.0000000000000000   1.0000000000000000E+30   0.0000000000000000E+00
      50.9990000000000023   1.0000000000000000E+30   0.0000000000000000E+00
      51.0000000000000000   1.0000000000000000E+30   0.0000000000000000E+00
      51.0009999999999977   1.0000000000000000E+30   0.0000000000000000E+00
      52.0000000000000000   1.0000000000000000E+30   0.0000000000000000E+00
      53.0000000000000000   1.0000000000000000E+30   0.0000000000000000E+00
      54.0000000000000000   1.0000000000000000E+30   0.0000000000000000E+00
      55.0000000000000000   1.0000000000000000E+30   0.0000000000000000E+00
      56.0000000000000000   1.0000000000000000E+30   0.0000000000000000E+00
      57.0000000000000000   1.0000000000000000E+30   0.0000000000000000E+00
      58.0000000000000000   1.0000000000000000E+30   0.0000000000000000E+00
      59.0000000000000000   1.0000000000000000E+30   0.0000000000000000E+00
      60.0000000000000000   1.0000000000000000E+30   0.0000000000000000E+00
      61.0000000000000000   1.0000000000000000E+30   0.0000000000000000E+00
      62.0000000000000000   1.0000000000000000E+30   0.0000000000000000E+00
      63.0000000000000000   1.0000000000000000E+30   0.0000000000000000E+00
      64.0000000000000000   1.0000000000000000E+30   0.0000000000000000E+00
      65.0000000000000000   1.0000000000000000E+30   0.0000000000000000E+00
      66.0000000000000000   1.0000000000000000E+30   0.0000000000000000E+00
      67.0000000000000000   1.0000000000000000E+30   0.0000000000000000E+00
      68.0000000000000000   1.0000000000000000E+30   0.0000000000000000E+00
      69.0000000000000000   1.0000000000000000E+30   0.0000000000000000E+00
      70.0000000000000000   1.0000000000000000E+30   0.0000000000000000E+00
      71.0000000000000000   1.0000000000000000E+30   0.0000000000000000E+00
      72.0000000000000000   1.0000000000000000E+30   0.0000000000000000E+00
      73.0000000000000000   1.0000000000000000E+30   0.0000000000000000E+00
      74.0000000000000000   1.0000000000000000E+30   0.0000000000000000E+00
      75.0000000000000000   1.0000000000000000E+30   0.0000000000000000E+00
      76.0000000000000000   1.0000000000000000E+30   0.0000000000000000E+00
      77.0000000000000000   1.0000000000000000E+30   0.0000000000000000E+00
      78.0000000000000000   1.0000000000000000E+30   0.0000000000000000E+00
      79.0000000000000000   1.0000000000000000E+30   0.0000000000000000E+00
      79.9989999999999952   1.0000000000000000E+30   0.0000000000000000E+00
      80.0000000000000000   1.0000000000000000E+30   0.0000000000000000E+00
      80.0010000000000048   1.0000000000000000E+30   0.0000000000000000E+00
      81.0000000000000000   1.0000000000000000E+30   0.0000000000000000E+00
      82.0000000000000000   1.0000000000000000E+30   0.0000000000000000E+00
      83.0000000000000000   1.0000000000000000E+30   0.0000000000000000E+00
      84.0000000000000000   1.0000000000000000E+30   0.0000000000000000E+00
      85.0000000000000000   1.0000000000000000E+30   0.0000000000000000E+00
      86.0000000000000000   1.0000000000000000E+30   0.0000000000000000E+00
      87.0000000000000000   1.0000000000000000E+30   0.0000000000000000E+00
      88.0000000000000000   1.0000000000000000E+30   0.0000000000000000E+00
      89.0000000000000000   1.0000000000000000E+30   0.0000000000000000E+00
      90.0000000000000000   1.0000000000000000E+30   0.0000000000000000E+00
      91.0000000000000000   1.0000000000000000E+30   0.0000000000000000E+00
      92.0000000000000000   1.0000000000000000E+30   0.0000000000000000E+00
      93.0000000000000000   1.0000000000000000E+30   0.0000000000000000E+00
      94.0000000000000000   1.0000000000000000E+30   0.0000000000000000E+00
      95.0000000000000000   1.0000000000000000E+30   0.0000000000000000E+00
      96.0000000000000000   1.0000000000000000E+30   0.0000000000000000E+00
      97.0000000000000000   1.0000000000000000E+30   0.0000000000000000E+00
      98.0000000000000000   1.0000000000000000E+30   0.0000000000000000E+00
      99.0000000000000000   1.0000000000000000E+30   0.0000000000000000E+00
     100.0000000000000000   1.0000000000000000E+30   0.0000000000000000E+00
     110.0000000000000000   1.0000000000000000E+30   0.0000000000000000E+00
     120.0000000000000000   1.0000000000000000E+30   0.0000000000000000E+00
     130.0000000000000000   1.0000000000000000E+30   0.0000000000000000E+00
     140.0000000000000000   1.0000000000000000E+30   0.0000000000000000E+00
     150.0000000000000000   1.0000000000000000E+30   0.0000000000000000E+00
     160.0000000000000000   1.0000000000000000E+30   0.0000000000000000E+00
     170.0000000000000000   1.0000000000000000E+30   0.0000000000000000E+00
     180.0000000000000000   1.0000000000000000E+30   0.0000000000000000E+00
     190.0000000000000000   1.0000000000000000E+30   0.0000000000000000E+00
     200.0000000000000000   1.0000000000000000E+30   0.0000000000000000E+00
     210.0000000000000000   1.0000000000000000E+30   0.0000000000000000E+00
     220.0000000000000000   1.0000000000000000E+30   0.0000000000000000E+00
     230.0000000000000000   1.0000000000000000E+30   0.0000000000000000E+00
     240.0000000000000000   1.0000000000000000E+30   0.0000000000000000E+00
     247.9989999999999952   1.0000000000000000E+30   0.0000000000000000E+00
     248.0010000000000048   1.0000000000000000E+30   0.0000000000000000E+00
     250.0000000000000000   1.0000000000000000E+30   0.0000000000000000E+00
     260.0000000000000000   1.0000000000000000E+30   0.0000000000000000E+00
     260.9990000000000236   1.0000000000000000E+30   0.0000000000000000E+00
     261.0009999999999764   1.0000000000000000E+30   0.0000000000000000E+00
     270.0000000000000000   1.0000000000000000E+30   0.0000000000000000E+00
     280.0000000000000000   1.0000000000000000E+30   0.0000000000000000E+00
     290.0000000000000000   1.0000000000000000E+30   0.0000000000000000E+00
     300.0000000000000000   1.0000000000000000E+30   0.0000000000000000E+00
     310.0000000000000000   1.0000000000000000E+30   0.0000000000000000E+00
     320.0000000000000000   1.0000000000000000E+30   0.0000000000000000E+00
     330.0000000000000000   1.0000000000000000E+30   0.0000000000000000E+00
     340.0000000000000000   1.0000000000000000E+30   0.0000000000000000E+00
     350.0000000000000000   1.0000000000000000E+30   0.0000000000000000E+00
     360.0000000000000000   1.0000000000000000E+30   0.0000000000000000E+00
     370.0000000000000000   1.0000000000000000E+30   0.0000000000000000E+00
     380.0000000000000000   1.0000000000000000E+30   0.0000000000000000E+00
     390.0000000000000000   1.0000000000000000E+30   0.0000000000000000E+00
     400.0000000000000000   1.0000000000000000E+30   0.0000000000000000E+00
     410.0000000000000000   1.0000000000000000E+30   0.0000000000000000E+00
     420.0000000000000000   1.0000000000000000E+30   0.0000000000000000E+00
     427.9990000000000236   1.0000000000000000E+30   0.0000000000000000E+00
     428.0009999999999764   1.0000000000000000E+30   0.0000000000000000E+00
     430.0000000000000000   1.0000000000000000E+30   0.0000000000000000E+00
     440.0000000000000000   1.0000000000000000E+30   0.0000000000000000E+00
     450.0000000000000000   1.0000000000000000E+30   0.0000000000000000E+00
     460.0000000000000000   1.0000000000000000E+30   0.0000000000000000E+00
     470.0000000000000000   1.0000000000000000E+30   0.0000000000000000E+00
     480.0000000000000000   1.0000000000000000E+30   0.0000000000000000E+00
     490.0000000000000000   1.0000000000000000E+30   0.0000000000000000E+00
     494.9990000000000236   1.0000000000000000E+30   0.0000000000000000E+00
     495.0009999999999764   1.0000000000000000E+30   0.0000000000000000E+00
     500.0000000000000000   1.0000000000000000E+30   0.0000000000000000E+00
     510.0000000000000000   1.0000000000000000E+30   0.0000000000000000E+00
     520.0000000000000000   1.0000000000000000E+30   0.0000000000000000E+00
     530.0000000000000000   1.0000000000000000E+30   0.0000000000000000E+00
     540.0000000000000000   1.0000000000000000E+30   0.0000000000000000E+00
     550.0000000000000000   1.0000000000000000E+30   0.0000000000000000E+00
     560.0000000000000000   1.0000000000000000E+30   0.0000000000000000E+00
     570.0000000000000000   1.0000000000000000E+30   0.0000000000000000E+00
     580.0000000000000000   1.0000000000000000E+30   0.0000000000000000E+00
     590.0000000000000000   1.0000000000000000E+30   0.0000000000000000E+00
     598.9990000000000236   1.0000000000000000E+30   0.0000000000000000E+00
     599.0009999999999764   1.0000000000000000E+30   0.0000000000000000E+00
     600.0000000000000000   1.0000000000000000E+30   0.0000000000000000E+00
     610.0000000000000000   1.0000000000000000E+30   0.0000000000000000E+00
     620.0000000000000000   1.0000000000000000E+30   0.0000000000000000E+00
     630.0000000000000000   1.0000000000000000E+30   0.0000000000000000E+00
     640.0000000000000000   1.0000000000000000E+30   0.0000000000000000E+00
     650.0000000000000000   1.0000000000000000E+30   0.0000000000000000E+00
     660.0000000000000000   1.0000000000000000E+30   0.0000000000000000E+00
     670.0000000000000000   1.0000000000000000E+30   0.0000000000000000E+00
     680.0000000000000000   1.0000000000000000E+30   0.0000000000000000E+00
     690.0000000000000000   1.0000000000000000E+30   0.0000000000000000E+00
     700.0000000000000000   1.0000000000000000E+30   0.0000000000000000E+00
     710.0000000000000000   1.0000000000000000E+30   0.0000000000000000E+00
     720.0000000000000000   1.0000000000000000E+30   0.0000000000000000E+00
     730.0000000000000000   1.0000000000000000E+30   0.0000000000000000E+00
     740.0000000000000000   1.0000000000000000E+30   0.0000000000000000E+00
     750.0000000000000000   1.0000000000000000E+30   0.0000000000000000E+00
     760.0000000000000000   1.0000000000000000E+30   0.0000000000000000E+00
     770.0000000000000000   1.0000000000000000E+30   0.0000000000000000E+00
     780.0000000000000000   1.0000000000000000E+30   0.0000000000000000E+00
     790.0000000000000000   1.0000000000000000E+30   0.0000000000000000E+00
     800.0000000000000000   1.0000000000000000E+30   0.0000000000000000E+00
     810.0000000000000000   1.0000000000000000E+30   0.0000000000000000E+00
     820.0000000000000000   1.0000000000000000E+30   0.0000000000000000E+00
     830.0000000000000000   1.0000000000000000E+30   0.0000000000000000E+00
     840.0000000000000000   1.0000000000000000E+30   0.0000000000000000E+00
     850.0000000000000000   1.0000000000000000E+30   0.0000000000000000E+00
     860.0000000000000000   1.0000000000000000E+30   0.0000000000000000E+00
     870.0000000000000000   1.0000000000000000E+30   0.0000000000000000E+00
     880.0000000000000000   1.0000000000000000E+30   0.0000000000000000E+00
     890.0000000000000000   1.0000000000000000E+30   0.0000000000000000E+00
     900.0000000000000000   1.0000000000000000E+30   0.0000000000000000E+00
     910.0000000000000000   1.0000000000000000E+30   0.0000000000000000E+00
     920.0000000000000000   1.0000000000000000E+30   0.0000000000000000E+00
     930.0000000000000000   1.0000000000000000E+30   0.0000000000000000E+00
     940.0000000000000000   1.0000000000000000E+30   0.0000000000000000E+00
     950.0000000000000000   1.0000000000000000E+30   0.0000000000000000E+00
     960.0000000000000000   1.0000000000000000E+30   0.0000000000000000E+00
     970.0000000000000000   1.0000000000000000E+30   0.0000000000000000E+00
     980.0000000000000000   1.0000000000000000E+30   0.0000000000000000E+00
     990.0000000000000000   1.0000000000000000E+30   0.0000000000000000E+00
    1000.0000000000000000   1.0000000000000000E+30   0.0000000000000000E+00
    1100.0000000000000000   1.0000000000000000E+30   0.0000000000000000E+00
    1200.0000000000000000   1.0000000000000000E+30   0.0000000000000000E+00
    1300.0000000000000000   1.0000000000000000E+30   0.0000000000000000E+00
    1400.0000000000000000   1.0000000000000000E+30   0.0000000000000000E+00
    1500.0000000000000000   1.0000000000000000E+30   0.0000000000000000E+00
    1600.0000000000000000   1.0000000000000000E+30   0.0000000000000000E+00
    1700.0000000000000000   1.0000000000000000E+30   0.0000000000000000E+00
    1800.0000000000000000   1.0000000000000000E+30   0.0000000000000000E+00
    1810.9990000000000236   1.0000000000000000E+30   0.0000000000000000E+00
    1811.0009999999999764   1.0000000000000000E+30   0.0000000000000000E+00
    1873.9990000000000236   1.0000000000000000E+30   0.0000000000000000E+00
    1874.0009999999999764   1.0000000000000000E+30   0.0000000000000000E+00
    1900.0000000000000000   1.0000000000000000E+30   0.0000000000000000E+00
    2000.0000000000000000   1.0000000000000000E+30   0.0000000000000000E+00
    2100.0000000000000000   1.0000000000000000E+30   0.0000000000000000E+00
    2200.0000000000000000   1.0000000000000000E+30   0.0000000000000000E+00
    2282.9989999999997963   1.0000000000000000E+30   0.0000000000000000E+00
    2283.0010000000002037   1.0000000000000000E+30   0.0000000000000000E+00
    2300.0000000000000000   1.0000000000000000E+30   0.0000000000000000E+00
    2400.0000000000000000   1.0000000000000000E+30   0.0000000000000000E+00
    2500.0000000000000000   1.0000000000000000E+30   0.0000000000000000E+00
    2576.9989999999997963   1.0000000000000000E+30   0.0000000000000000E+00
    2577.0010000000002037   1.0000000000000000E+30   0.0000000000000000E+00
    2600.0000000000000000   1.0000000000000000E+30   0.0000000000000000E+00
    2700.0000000000000000   1.0000000000000000E+30   0.0000000000000000E+00
    2800.0000000000000000   1.0000000000000000E+30   0.0000000000000000E+00
    2822.9989999999997963   1.0000000000000000E+30   0.0000000000000000E+00
    2823.0010000000002037   2.2933167115553291E+14   1.2309682242211715E-11
    2900.0000000000000000   1.3746782236447090E+08   2.0665439664367521E-05
    3000.0000000000000000   3.8443070666767687E+07   7.4489491728696943E-05
    3100.0000000000000000   1.9205722981148206E+07   1.5027105911407702E-04
    3200.0000000000000000   1.1878569091817889E+07   2.4483680556300591E-04
    3300.0000000000000000   8.2270057906185128E+06   3.5619493994254605E-04
    3400.0000000000000000   6.1145499276305940E+06   4.8285450706729794E-04
    3500.0000000000000000   4.7705639672671892E+06   6.2349119354291455E-04
    3600.0000000000000000   3.8565937951572998E+06   7.7694138984446646E-04
    3700.0000000000000000   3.2034821841227533E+06   9.4218985216960101E-04
    3800.0000000000000000   2.7187582609568276E+06   1.1182449438521922E-03
    3900.0000000000000000   2.3479936948549678E+06   1.3041784648360102E-03
    4000.0000000000000000   2.0573018794218539E+06   1.4991428696393399E-03
    4100.0000000000000000   1.8246973586511330E+06   1.7023079280405174E-03
    4200.0000000000000000   1.6353291859929678E+06   1.9129008061237491E-03
    4300.0000000000000000   1.4788797933843122E+06   2.1301658498681683E-03
    4400.0000000000000000   1.3479742285325769E+06   2.3533855074317667E-03
    4500.0000000000000000   1.2372315238733606E+06   2.5818463648503197E-03
    4600.0000000000000000   1.1426388061090156E+06   2.8148581183480570E-03
    4700.0000000000000000   1.0611380331921154E+06   3.0517851799508359E-03
    4800.0000000000000000   9.9038595284818904E+05   3.2919765672724277E-03
    4900.0000000000000000   9.2854767967265972E+05   3.5348097062682304E-03
    5000.0000000000000000   8.7416968446325266E+05   3.7796881879068127E-03
    5100.0000000000000000   8.2609009221035184E+05   4.0260292966053475E-03
    5200.0000000000000000   7.8336808247301076E+05   4.2732760394858654E-03
    5300.0000000000000000   7.4523506502280571E+05   4.5208995599069048E-03
    5400.0000000000000000   7.1105948765264917E+05   4.7683839077930735E-03
    5500.0000000000000000   6.8031468248690304E+05   5.0152559740092931E-03
    5600.0000000000000000   6.5256233909223392E+05   5.2610529375405292E-03
    5700.0000000000000000   6.2743129732174845E+05   5.5053553978076809E-03
    5800.0000000000000000   6.0460878006303345E+05   5.7477562900994511E-03
    5900.0000000000000000   5.8382711300607445E+05   5.9878901154586106E-03
    6000.0000000000000000   5.6485621502322832E+05   6.2254252600854754E-03
    6100.0000000000000000   5.4749854429304088E+05   6.4600535870158390E-03
    6200.0000000000000000   5.3158310522973619E+05   6.6914950828914146E-03
    6300.0000000000000000   5.1696116225541040E+05   6.9194988224392136E-03
    6400.0000000000000000   5.0350243222485948E+05   7.1438480501879141E-03
    6500.0000000000000000   4.9109327841945604E+05   7.3643446686723476E-03
    6600.0000000000000000   4.7963305357897072E+05   7.5808272321192718E-03
    6700.0000000000000000   4.6903351430231147E+05   7.7931482701179573E-03
    6800.0000000000000000   4.5921617002895311E+05   8.0011897226167639E-03
    6900.0000000000000000   4.5011129492018191E+05   8.2048555358855569E-03
    7000.0000000000000000   4.4165704542074032E+05   8.4040649754920909E-03
    7100.0000000000000000   4.3379767620885011E+05   8.5987660853222934E-03
    7200.0000000000000000   4.2648390758011345E+05   8.7889101118290881E-03
    7300.0000000000000000   4.1967097036924900E+05   8.9744764590234637E-03
    7400.0000000000000000   4.1331879496408644E+05   9.1554553530536070E-03
    7500.0000000000000000   4.0739122828261688E+05   9.3318478194659819E-03
    7600.0000000000000000   4.0185565063316759E+05   9.5036677878515326E-03
    7700.0000000000000000   3.9668241158862162E+05   9.6709419695950559E-03
    7800.0000000000000000   3.9184479712805105E+05   9.8337008956636222E-03
    7900.0000000000000000   3.8731833708959003E+05   9.9919893801351783E-03
    8000.0000000000000000   3.8308086003439099E+05   1.0145856879466999E-02
    8100.0000000000000000   3.7911209953401226E+05   1.0295359704615668E-02
    8200.0000000000000000   3.7539359632174764E+05   1.0440557541012798E-02
    8300.0000000000000000   3.7190842583311250E+05   1.0581517276507116E-02
    8400.0000000000000000   3.6864099880324031E+05   1.0718311669305213E-02
    8500.0000000000000000   3.6557717212894937E+05   1.0851010954443307E-02
    8600.0000000000000000   3.6270381371154479E+05   1.0979693398997943E-02
    8700.0000000000000000   3.6000893108909990E+05   1.1104435630437469E-02
    8800.0000000000000000   3.5748140938723780E+05   1.1225318481881508E-02
    8900.0000000000000000   3.5511099623116234E+05   1.1342423657455527E-02
    9000.0000000000000000   3.5288831814238941E+05   1.1455830977619054E-02
    9100.0000000000000000   3.5080452623341838E+05   1.1565625892130468E-02
    9200.0000000000000000   3.4885154551492818E+05   1.1671890674027069E-02
    9300.0000000000000000   3.4702183465652145E+05   1.1774709164199130E-02
    9400.0000000000000000   3.4530856307309982E+05   1.1874158744227460E-02
    9500.0000000000000000   3.4370506623187166E+05   1.1970327920970589E-02
    9600.0000000000000000   3.4220536377355456E+05   1.2063296613590959E-02
    9700.0000000000000000   3.4080394146031025E+05   1.2153140937739173E-02
    9800.0000000000000000   3.3949543112666957E+05   1.2239945952554322E-02
    9900.0000000000000000   3.3827504981234844E+05   1.2323785483290916E-02
   10000.0000000000000000   3.3713812410110928E+05   1.2404742019392531E-02
   10208.9989999999997963   3.3501323023824941E+05   1.2564951861319298E-02
   10209.0010000000002037   3.3501321145356982E+05   1.2564953337537091E-02
   11000.0000000000000000   3.2954387875907501E+05   1.3071591638103721E-02
   11545.9989999999997963   3.2763238081742043E+05   1.3341547453812315E-02
   11546.0010000000002037   3.2763237608404009E+05   1.3341548337585767E-02
   12000.0000000000000000   3.2692735079138633E+05   1.3524223178124115E-02
   12102.9989999999997963   3.2686286160019861E+05   1.3560921593785488E-02
   12103.0010000000002037   3.2686286066874175E+05   1.3560922290065044E-02
   13000.0000000000000000   3.2753500243155810E+05   1.3815916441297364E-02
   14000.0000000000000000   3.3033040455411712E+05   1.3987086514488283E-02
   15000.0000000000000000   3.3466614145283517E+05   1.4068012222681944E-02
   16000.0000000000000000   3.4011917437490571E+05   1.4081321903717588E-02
   17000.0000000000000000   3.4640258240851475E+05   1.4043965627906635E-02
   18000.0000000000000000   3.5331557445344876E+05   1.3968697915932369E-02
   19000.0000000000000000   3.6071384939525981E+05   1.3865168601548496E-02
   20000.0000000000000000   3.6849135530297586E+05   1.3740716473813282E-02
   21000.0000000000000000   3.7656856707122340E+05   1.3600953990768869E-02
   22000.0000000000000000   3.8488486813175533E+05   1.3450190578968945E-02
   23000.0000000000000000   3.9339332505765720E+05   1.3291749859073035E-02
   24000.0000000000000000   4.0205713615842647E+05   1.3128201870319215E-02
   25000.0000000000000000   4.1084710777620046E+05   1.2961537636528594E-02
   26000.0000000000000000   4.1973983557494014E+05   1.2793301385391207E-02
   27000.0000000000000000   4.2871637938632874E+05   1.2624690489050020E-02
   28000.0000000000000000   4.3776129194601107E+05   1.2456630948646213E-02
   29000.0000000000000000   4.4686187036113173E+05   1.2289837048152310E-02
   30000.0000000000000000   4.5600761469662003E+05   1.2124855255710755E-02
   31000.0000000000000000   4.6518977817665285E+05   1.1962100695205605E-02
   32000.0000000000000000   4.7406327909498120E+05   1.1832166172147524E-02
   33000.0000000000000000   4.8321920574274461E+05   1.1685339652669298E-02
   34000.0000000000000000   4.9235389244529838E+05   1.1544109160786442E-02
   35000.0000000000000000   5.0200198169509845E+05   1.1367919923926120E-02
   36000.0000000000000000   5.1108205793982517E+05   1.1238221957905303E-02
   37000.0000000000000000   5.2065663570375124E+05   1.1075357762549316E-02
   38000.0000000000000000   5.2968650482940685E+05   1.0955773676791110E-02
   39000.0000000000000000   5.3919253385194752E+05   1.0804676314766519E-02
   40000.0000000000000000   5.4817637028470670E+05   1.0694009496961143E-02
   41000.0000000000000000   5.5761855399315851E+05   1.0553355999410029E-02
   42000.0000000000000000   5.6702738037457620E+05   1.0417932706395927E-02
   43000.0000000000000000   5.7594294621202978E+05   1.0319253324479570E-02
   44000.0000000000000000   5.8529445489300904E+05   1.0192601828821550E-02
   45000.0000000000000000   5.9461576983106637E+05   1.0070377526540058E-02
   46000.0000000000000000   6.0390787503389351E+05   9.9523393496773749E-03
   47000.0000000000000000   6.1317171725123969E+05   9.8382636241041172E-03
   48000.0000000000000000   6.2240820814194903E+05   9.7279425045338833E-03
   49000.0000000000000000   6.3161822084431991E+05   9.6211827814237476E-03
   50000.0000000000000000   6.4080259509321279E+05   9.5178044364539575E-03
   69528.9989999999961583   8.1863840263182553E+05   7.8443005042281456E-03
   69529.0010000000038417   8.1863842153921700E+05   7.8443003145620537E-03
