       0.1000000000000000   1.0000000000000000E+30   0.0000000000000000E+00
       0.2000000000000000   1.0000000000000000E+30   0.0000000000000000E+00
       0.3000000000000000   1.0000000000000000E+30   0.0000000000000000E+00
       0.4000000000000000   1.0000000000000000E+30   0.0000000000000000E+00
       0.5000000000000000   1.0000000000000000E+30   0.0000000000000000E+00
       0.6000000000000000   1.0000000000000000E+30   0.0000000000000000E+00
       0.7000000000000000   1.0000000000000000E+30   0.0000000000000000E+00
       0.7999999999999999   1.0000000000000000E+30   0.0000000000000000E+00
       0.8999999999999999   1.0000000000000000E+30   0.0000000000000000E+00
       0.9999999999999999   1.0000000000000000E+30   0.0000000000000000E+00
       2.0000000000000000   1.0000000000000000E+30   0.0000000000000000E+00
       3.0000000000000000   1.0000000000000000E+30   0.0000000000000000E+00
       4.0000000000000000   1.0000000000000000E+30   0.0000000000000000E+00
       5.0000000000000000   1.0000000000000000E+30   0.0000000000000000E+00
       6.0000000000000000   1.0000000000000000E+30   0.0000000000000000E+00
       7.0000000000000000   1.0000000000000000E+30   0.0000000000000000E+00
       8.0000000000000000   1.0000000000000000E+30   0.0000000000000000E+00
       8.6690000000000005   1.0000000000000000E+30   0.0000000000000000E+00
       8.6709999999999994   6.5094554202247709E+06   1.3319086529208654E-06
       9.0000000000000000   2.0253225718379811E+03   4.3189747262039327E-03
      10.0000000000000000   2.8204391285359929E+02   3.1832480924605742E-02
      11.0000000000000000   1.3462358492576917E+02   6.8389077024407732E-02
      12.0000000000000000   8.6338472518361442E+01   1.0926666994751333E-01
      13.0000000000000000   6.3293377266615231E+01   1.5262642496100029E-01
      14.0000000000000000   5.0035653443608254E+01   1.9758209302583302E-01
      15.0000000000000000   4.1500577713918894E+01   2.4365857700746862E-01
      16.0000000000000000   3.5570144941417652E+01   2.9063728692254126E-01
      17.0000000000000000   3.1219709834114823E+01   3.3839094949961812E-01
      18.0000000000000000   2.7894375551815084E+01   3.8686934982804394E-01
      19.0000000000000000   2.5269438029025270E+01   4.3606916432127341E-01
      20.0000000000000000   2.3143602746638550E+01   4.8599954538471596E-01
      21.0000000000000000   2.1385115192819697E+01   5.3669327811841394E-01
      22.0000000000000000   1.9904789546057057E+01   5.8818457082123565E-01
      23.0000000000000000   1.8639953514959348E+01   6.4051434846468669E-01
      24.0000000000000000   1.7545448974446241E+01   6.9372342803671827E-01
      25.0000000000000000   1.6587931732230178E+01   7.4785090850518099E-01
      26.0000000000000000   1.5742176777591299E+01   8.0293879007529045E-01
      27.0000000000000000   1.4989001952643907E+01   8.5901624656671871E-01
      28.0000000000000000   1.4313367522909866E+01   9.1611216887436897E-01
      29.0000000000000000   1.3703302129435967E+01   9.7425744876026255E-01
      30.0000000000000000   1.3149404678161472E+01   1.0334632068418252E+00
      31.0000000000000000   1.2643943620666811E+01   1.0937437663286576E+00
      32.0000000000000000   1.2180597919076593E+01   1.1551079302587279E+00
      33.0000000000000000   1.1754207969465384E+01   1.2175512796447028E+00
      34.0000000000000000   1.1360459878643550E+01   1.2810637606130799E+00
      35.0000000000000000   1.0995729176852322E+01   1.3456287692468509E+00
      35.9990000000000023   1.0657332056990228E+01   1.4111452475592912E+00
      36.0000000000000000   1.0657005668519242E+01   1.4112112936411407E+00
      36.0009999999999977   1.0656679303355563E+01   1.4112773407107566E+00
      37.0000000000000000   1.0341675151873842E+01   1.4777790729342102E+00
      37.9990000000000023   1.0047805607991227E+01   1.5452171177403859E+00
      38.0000000000000000   1.0047518922427971E+01   1.5452855642595571E+00
      38.0009999999999977   1.0047234896024639E+01   1.5453534908652962E+00
      39.0000000000000000   9.7726515322018646E+00   1.6136710201158333E+00
      40.0000000000000000   9.5154180829066668E+00   1.6828706289600572E+00
      40.9990000000000023   9.2746269795001091E+00   1.7527367348354193E+00
      41.0000000000000000   9.2743931187940003E+00   1.7528071129613765E+00
      41.0009999999999977   9.2741598753959487E+00   1.7528773698909179E+00
      42.0000000000000000   9.0483132493508123E+00   1.8233971940649880E+00
      43.0000000000000000   8.8360786948071137E+00   1.8945471851524294E+00
      44.0000000000000000   8.6367115792907594E+00   1.9661551561444954E+00
      45.0000000000000000   8.4493372913925970E+00   2.0381141761067370E+00
      46.0000000000000000   8.2731715623627906E+00   2.1103110355039854E+00
      47.0000000000000000   8.1075077775743942E+00   2.1826276616039348E+00
      48.0000000000000000   7.9517019578934969E+00   2.2549436671096630E+00
      49.0000000000000000   7.8051679289844804E+00   2.3271358386584025E+00
      50.0000000000000000   7.6673646842077110E+00   2.3990819014385645E+00
      50.9990000000000023   7.5379186604479749E+00   2.4705878857869528E+00
      51.0000000000000000   7.5377929328129003E+00   2.4706592680058761E+00
      51.0009999999999977   7.5376673484893191E+00   2.4707306118849801E+00
      52.0000000000000000   7.4159883378591998E+00   2.5417489622106255E+00
      53.0000000000000000   7.3015194010902347E+00   2.6122343464943913E+00
      54.0000000000000000   7.1939808031662658E+00   2.6820043494658687E+00
      55.0000000000000000   7.0929924247570604E+00   2.7509529813384668E+00
      56.0000000000000000   6.9981983562453989E+00   2.8189798087549942E+00
      57.0000000000000000   6.9092574610318920E+00   2.8859944499863510E+00
      58.0000000000000000   6.8258535925947008E+00   2.9519107531794329E+00
      59.0000000000000000   6.7476852300437278E+00   3.0166517249161489E+00
      60.0000000000000000   6.6744677596922939E+00   3.0801484420003855E+00
      61.0000000000000000   6.6059305541142948E+00   3.1423405371612669E+00
      62.0000000000000000   6.5418193841939463E+00   3.2031745293556813E+00
      63.0000000000000000   6.4818920530779041E+00   3.2626057709278875E+00
      64.0000000000000000   6.4259197009502484E+00   3.3205973435979854E+00
      65.0000000000000000   6.3736869326003429E+00   3.3771184836643329E+00
      66.0000000000000000   6.3249895448945814E+00   3.4321459440055690E+00
      67.0000000000000000   6.2796336688037488E+00   3.4856635663971112E+00
      68.0000000000000000   6.2374374575620450E+00   3.5376603448139079E+00
      69.0000000000000000   6.1982294785183161E+00   3.5881302746950405E+00
      70.0000000000000000   6.1618464646645386E+00   3.6370739605078346E+00
      71.0000000000000000   6.1281355279712937E+00   3.6844957036106045E+00
      72.0000000000000000   6.0969527006571038E+00   3.7304035633895589E+00
      73.0000000000000000   6.0681618459087643E+00   3.7748097796419535E+00
      74.0000000000000000   6.0416345240050511E+00   3.8177301894727376E+00
      75.0000000000000000   6.0172499606898322E+00   3.8591831053426979E+00
      76.0000000000000000   5.9948944651141396E+00   3.8991893496856851E+00
      77.0000000000000000   5.9744614702525762E+00   3.9377716299395868E+00
      78.0000000000000000   5.9558495149323107E+00   3.9749551766913318E+00
      79.0000000000000000   5.9389640072546239E+00   4.0107662965075770E+00
      79.9989999999999952   5.9237299776555066E+00   4.0451987101403093E+00
      80.0000000000000000   5.9237155202320348E+00   4.0452325126810855E+00
      80.0010000000000048   5.9237010643608654E+00   4.0452663139057989E+00
      81.0000000000000000   5.9100199054832929E+00   4.0783827110601418E+00
      82.0000000000000000   5.8977977330502300E+00   4.1102463938717007E+00
      83.0000000000000000   5.8869746078070690E+00   4.1408535584507025E+00
      84.0000000000000000   5.8774798619713202E+00   4.1702349785839408E+00
      85.0000000000000000   5.8692474519215967E+00   4.1984214427456310E+00
      86.0000000000000000   5.8622150867487210E+00   4.2254435377832484E+00
      87.0000000000000000   5.8563233859759656E+00   4.2513329003645879E+00
      88.0000000000000000   5.8515169340777735E+00   4.2761202868136738E+00
      89.0000000000000000   5.8477438335303553E+00   4.2998357122954758E+00
      90.0000000000000000   5.8449541466297008E+00   4.3225103227376342E+00
      91.0000000000000000   5.8431014180816243E+00   4.3441738022114693E+00
      92.0000000000000000   5.8421414814422947E+00   4.3648559949169510E+00
      93.0000000000000000   5.8420327947191941E+00   4.3845859678039361E+00
      94.0000000000000000   5.8427358976189634E+00   4.4033924603331398E+00
      95.0000000000000000   5.8442138833354136E+00   4.4213034425803421E+00
      96.0000000000000000   5.8464314148149770E+00   4.4383465495577292E+00
      97.0000000000000000   5.8493551242172659E+00   4.4545488315413815E+00
      98.0000000000000000   5.8529536221186991E+00   4.4699366462747863E+00
      99.0000000000000000   5.8571971597956587E+00   4.4845355184846341E+00
     100.0000000000000000   5.8620571173339142E+00   4.4983709897405273E+00
     110.0000000000000000   5.9393100410938162E+00   4.5997846081986093E+00
     120.0000000000000000   6.0558423502276781E+00   4.6478010690142986E+00
     130.0000000000000000   6.1989268281290828E+00   4.6579107490661675E+00
     140.0000000000000000   6.3604813013974812E+00   4.6412684754789870E+00
     150.0000000000000000   6.5351850899754460E+00   4.6058585437699087E+00
     160.0000000000000000   6.7194229159724239E+00   4.5574021255211461E+00
     170.0000000000000000   6.9106709951163845E+00   4.5000136548584049E+00
     180.0000000000000000   7.1071253678020216E+00   4.4366662152053404E+00
     190.0000000000000000   7.3074705855645350E+00   4.3695167034776743E+00
     200.0000000000000000   7.5107302310721176E+00   4.3001354326212713E+00
     210.0000000000000000   7.7161685956265176E+00   4.2296673323019078E+00
     220.0000000000000000   7.9232241410464299E+00   4.1589467185849376E+00
     230.0000000000000000   8.1314631407163898E+00   4.0885799946493107E+00
     240.0000000000000000   8.3405475215363065E+00   4.0190048051966478E+00
     247.9989999999999952   8.5082220683853311E+00   3.9641346685162477E+00
     248.0010000000000048   8.5082640289436231E+00   3.9641210481191655E+00
     250.0000000000000000   8.5502113731614191E+00   3.9505335993425348E+00
     260.0000000000000000   8.7602442185503531E+00   3.8833852553208210E+00
     260.9990000000000236   8.7812399938968326E+00   3.8767560616346870E+00
     261.0009999999999764   8.7812820294101748E+00   3.8767428047840435E+00
     270.0000000000000000   8.9704782628442938E+00   3.8177088485713542E+00
     280.0000000000000000   9.1762688505139653E+00   3.7638171439645292E+00
     290.0000000000000000   9.3894150805039143E+00   3.6988890893752289E+00
     300.0000000000000000   9.5951654663958408E+00   3.6477873506258356E+00
     310.0000000000000000   9.8064941684936020E+00   3.5884852327688197E+00
     320.0000000000000000   1.0016895320525100E+01   3.5318905450813807E+00
     330.0000000000000000   1.0226406483413690E+01   3.4778105578527070E+00
     340.0000000000000000   1.0435063493896324E+01   3.4260706129883784E+00
     350.0000000000000000   1.0642900390589139E+01   3.3765121279325818E+00
     360.0000000000000000   1.0855473647743947E+01   3.3203383431140616E+00
     370.0000000000000000   1.1061631128562318E+01   3.2749986083648492E+00
     380.0000000000000000   1.1267063223549608E+01   3.2314292963418634E+00
     390.0000000000000000   1.1476996326019171E+01   3.1816331464408711E+00
     400.0000000000000000   1.1680930247547781E+01   3.1415222690931235E+00
     410.0000000000000000   1.1889231497371297E+01   3.0954211474896751E+00
     420.0000000000000000   1.2091774354972856E+01   3.0583550767470351E+00
     427.9990000000000236   1.2260169839677010E+01   3.0197081953383220E+00
     428.0009999999999764   1.2260213106507488E+01   3.0196969078389801E+00
     430.0000000000000000   1.2298549722654323E+01   3.0155262540947989E+00
     440.0000000000000000   1.2504569423276040E+01   2.9742842661985947E+00
     450.0000000000000000   1.2709856567012119E+01   2.9345383085135857E+00
     460.0000000000000000   1.2909778675250100E+01   2.9027440146615233E+00
     470.0000000000000000   1.3113724392273053E+01   2.8655892544918329E+00
     480.0000000000000000   1.3317000874423163E+01   2.8297035585060528E+00
     490.0000000000000000   1.3519627400468870E+01   2.7950198071825940E+00
     494.9990000000000236   1.3620681649219376E+01   2.7781135455130710E+00
     495.0009999999999764   1.3620723817017787E+01   2.7781044305482570E+00
     500.0000000000000000   1.3721622450112523E+01   2.7614755938532656E+00
     510.0000000000000000   1.3923003713524553E+01   2.7290128460677270E+00
     520.0000000000000000   1.4123788136898384E+01   2.6975774467921574E+00
     530.0000000000000000   1.4323991932552380E+01   2.6671189310140124E+00
     540.0000000000000000   1.4527823534227945E+01   2.6321320684575991E+00
     550.0000000000000000   1.4726855739841731E+01   2.6036015407630084E+00
     560.0000000000000000   1.4925352492622991E+01   2.5759111754712771E+00
     570.0000000000000000   1.5123327526403378E+01   2.5490224851869199E+00
     580.0000000000000000   1.5324813016171616E+01   2.5178586270738359E+00
     590.0000000000000000   1.5521728106507606E+01   2.4925647343103283E+00
     598.9990000000000236   1.5697731172766771E+01   2.4713721706816858E+00
     599.0009999999999764   1.5697771994587901E+01   2.4713653573675742E+00
     600.0000000000000000   1.5718159970491406E+01   2.4679671543576798E+00
     610.0000000000000000   1.5918021439278954E+01   2.4392697497524938E+00
     620.0000000000000000   1.6113466588452962E+01   2.4160651468945153E+00
     630.0000000000000000   1.6308462780309100E+01   2.3934693733461740E+00
     640.0000000000000000   1.6506804003333382E+01   2.3669395510153466E+00
     650.0000000000000000   1.6700879029757456E+01   2.3455681277938893E+00
     660.0000000000000000   1.6898256256178058E+01   2.3203646135609053E+00
     670.0000000000000000   1.7091450174203171E+01   2.3001186345814637E+00
     680.0000000000000000   1.7287901822442393E+01   2.2761388130675027E+00
     690.0000000000000000   1.7480252006099573E+01   2.2569298766792620E+00
     700.0000000000000000   1.7675814083036339E+01   2.2340816677991628E+00
     710.0000000000000000   1.7867355455800308E+01   2.2158305053298997E+00
     720.0000000000000000   1.8062061738128214E+01   2.1940310459001124E+00
     730.0000000000000000   1.8256346713875548E+01   2.1727560583964030E+00
     740.0000000000000000   1.8446709184361275E+01   2.1558408740937520E+00
     750.0000000000000000   1.8640185031316442E+01   2.1355036496914686E+00
     760.0000000000000000   1.8833261599327987E+01   2.1156370899519832E+00
     770.0000000000000000   1.9022512544061179E+01   2.0999154033071727E+00
     780.0000000000000000   1.9214822633452510E+01   2.0808910177591775E+00
     790.0000000000000000   1.9406753590070966E+01   2.0622908018239183E+00
     800.0000000000000000   1.9598311614715353E+01   2.0441003301504188E+00
     810.0000000000000000   1.9786158050111339E+01   2.0297989862171391E+00
     820.0000000000000000   1.9977000992376102E+01   2.0123418848036581E+00
     830.0000000000000000   2.0167489041774349E+01   1.9952559084096635E+00
     840.0000000000000000   2.0357627751045282E+01   1.9785290264272721E+00
     850.0000000000000000   2.0547422596162598E+01   1.9621496641711316E+00
     860.0000000000000000   2.0733636962349490E+01   1.9493799546041701E+00
     870.0000000000000000   2.0922773475929283E+01   1.9336225764407144E+00
     880.0000000000000000   2.1111581906326720E+01   1.9181817739259179E+00
     890.0000000000000000   2.1300067173591177E+01   1.9030478039630740E+00
     900.0000000000000000   2.1488234102036358E+01   1.8882112979225258E+00
     910.0000000000000000   2.1676087434298243E+01   1.8736632377001905E+00
     920.0000000000000000   2.1863631783629717E+01   1.8593949828223149E+00
     930.0000000000000000   2.2050871647439457E+01   1.8453982443192620E+00
     940.0000000000000000   2.2237811394498330E+01   1.8316650827648691E+00
     950.0000000000000000   2.2424455274030230E+01   1.8181878840038359E+00
     960.0000000000000000   2.2607739302774242E+01   1.8078661780327268E+00
     970.0000000000000000   2.2793817964112687E+01   1.7948472349250044E+00
     980.0000000000000000   2.2979613009990441E+01   1.7820637885828801E+00
     990.0000000000000000   2.3165128325491832E+01   1.7695092856157697E+00
    1000.0000000000000000   2.3350367713056286E+01   1.7571774133468556E+00
    1100.0000000000000000   2.5191225486433495E+01   1.6423580835576204E+00
    1200.0000000000000000   2.7007828596131315E+01   1.5447615655880449E+00
    1300.0000000000000000   2.8805501211567105E+01   1.4585847915893972E+00
    1400.0000000000000000   3.0586149515486898E+01   1.3816104858395390E+00
    1500.0000000000000000   3.2348872410833302E+01   1.3139698079304394E+00
    1600.0000000000000000   3.4097679565492001E+01   1.2523273787490374E+00
    1700.0000000000000000   3.5828914591876242E+01   1.1989147744176882E+00
    1800.0000000000000000   3.7550929854352958E+01   1.1479045658458031E+00
    1810.9990000000000236   3.7738461089472047E+01   1.1432833489299772E+00
    1811.0009999999999764   3.7738495602605646E+01   1.1432822400787708E+00
    1900.0000000000000000   3.9257532319489350E+01   1.1032573044267395E+00
    2000.0000000000000000   4.0954262014455900E+01   1.0613474724501817E+00
    2100.0000000000000000   4.2639548921756678E+01   1.0231151568727710E+00
    2200.0000000000000000   4.4316240192138451E+01   9.8687754419774365E-01
    2300.0000000000000000   4.5980666055573572E+01   9.5468951378441147E-01
    2400.0000000000000000   4.7637583900298935E+01   9.2388766070532524E-01
    2500.0000000000000000   4.9285402223318563E+01   8.9536277135833442E-01
    2600.0000000000000000   5.0924589307903240E+01   8.6886316594949264E-01
    2700.0000000000000000   5.2555572621523140E+01   8.4417317722138274E-01
    2800.0000000000000000   5.4180698106083291E+01   8.2017222932205658E-01
    2900.0000000000000000   5.5796295800098797E+01   7.9864343510008162E-01
    3000.0000000000000000   5.7406741869353468E+01   7.7753304776431842E-01
    3100.0000000000000000   5.9008318469217812E+01   7.5857044589249278E-01
    3200.0000000000000000   6.0605227227094147E+01   7.3987516946107124E-01
    3300.0000000000000000   6.2195795469046516E+01   7.2222919366157989E-01
    3400.0000000000000000   6.3780251176426709E+01   7.0555144827953065E-01
    3500.0000000000000000   6.5358819295994380E+01   6.8976356825496199E-01
    3600.0000000000000000   6.6931718335176726E+01   6.7479269636083772E-01
    3700.0000000000000000   6.8501005469157960E+01   6.5983781308913414E-01
    3800.0000000000000000   7.0063123388663087E+01   6.4633860998338122E-01
    3900.0000000000000000   7.1620056189474766E+01   6.3351043881126434E-01
    4000.0000000000000000   7.3173910262407119E+01   6.2058009426769345E-01
    4100.0000000000000000   7.4721099246003860E+01   6.0891921574896590E-01
    4200.0000000000000000   7.6265478713632078E+01   5.9711137658930524E-01
    4300.0000000000000000   7.7805385149075619E+01   5.8579852046462699E-01
    4400.0000000000000000   7.9338942926614791E+01   5.7564345730745536E-01
    4500.0000000000000000   8.0870051052024536E+01   5.6528777279892128E-01
    4600.0000000000000000   8.2397091155030310E+01   5.5532654962768635E-01
    4700.0000000000000000   8.3920064594620840E+01   5.4576829661448600E-01
    4800.0000000000000000   8.5437128809072632E+01   5.3722664991968438E-01
    4900.0000000000000000   8.6952280142274745E+01   5.2839665608747521E-01
    5000.0000000000000000   8.8463712438589170E+01   5.1989266426474323E-01
    5100.0000000000000000   8.9971464043887948E+01   5.1171098536494308E-01
    5200.0000000000000000   9.1475610969038357E+01   5.0383743567776218E-01
    5300.0000000000000000   9.2977905631653442E+01   4.9574490920955622E-01
    5400.0000000000000000   9.4475433324561948E+01   4.8835131629998252E-01
    5500.0000000000000000   9.5969591904917436E+01   4.8122783314193235E-01
    5600.0000000000000000   9.7460003465486267E+01   4.7447936701856863E-01
    5700.0000000000000000   9.8947740094169490E+01   4.6782316937862573E-01
    5800.0000000000000000   1.0043215153446765E+02   4.6144178359031962E-01
    5900.0000000000000000   1.0191542606702835E+02   4.5472820879174408E-01
    6000.0000000000000000   1.0339350661888237E+02   4.4883592542179546E-01
    6100.0000000000000000   1.0486941789842757E+02   4.4294043299851926E-01
    6200.0000000000000000   1.0634372126677690E+02   4.3686577673897481E-01
    6300.0000000000000000   1.0781319038611758E+02   4.3151918362730463E-01
    6400.0000000000000000   1.0928190502532514E+02   4.2581093739373049E-01
    6500.0000000000000000   1.1074671858365966E+02   4.2059050812906157E-01
    6600.0000000000000000   1.1220999133629674E+02   4.1522996898761644E-01
    6700.0000000000000000   1.1366960546109222E+02   4.1029309981481238E-01
    6800.0000000000000000   1.1512753933275101E+02   4.0527187277397231E-01
    6900.0000000000000000   1.1658198897543977E+02   4.0063523485325636E-01
    7000.0000000000000000   1.1803488249756616E+02   3.9589710039575005E-01
    7100.0000000000000000   1.1948414024028301E+02   3.9158497503276235E-01
    7200.0000000000000000   1.2093257584343398E+02   3.8700981795245798E-01
    7300.0000000000000000   1.2237764225412815E+02   3.8282319263320835E-01
    7400.0000000000000000   1.2382199765158843E+02   3.7836208571748881E-01
    7500.0000000000000000   1.2526284145742797E+02   3.7428911932205933E-01
    7600.0000000000000000   1.2670068092427148E+02   3.7050986597647645E-01
    7700.0000000000000000   1.2813886275727853E+02   3.6626446173688676E-01
    7800.0000000000000000   1.2957294091911780E+02   3.6253198636962047E-01
    7900.0000000000000000   1.3100504541238908E+02   3.5889155579224608E-01
    8000.0000000000000000   1.3243569773770193E+02   3.5517781234601004E-01
    8100.0000000000000000   1.3386484337643040E+02   3.5143233025985465E-01
    8200.0000000000000000   1.3529118717087800E+02   3.4794936885802896E-01
    8300.0000000000000000   1.3671639194808796E+02   3.4436607684743026E-01
    8400.0000000000000000   1.3813715415910158E+02   3.4138238039029095E-01
    8500.0000000000000000   1.3955932175494453E+02   3.3778623315165224E-01
    8600.0000000000000000   1.4097747233584874E+02   3.3467213784310373E-01
    8700.0000000000000000   1.4239453373980726E+02   3.3149296782581955E-01
    8800.0000000000000000   1.4381045189400328E+02   3.2824429659131854E-01
    8900.0000000000000000   1.4522356632351190E+02   3.2523482452843344E-01
    9000.0000000000000000   1.4663320828716044E+02   3.2263923249680138E-01
    9100.0000000000000000   1.4804394655616701E+02   3.1954205718884615E-01
    9200.0000000000000000   1.4945285624362640E+02   3.1651835436928144E-01
    9300.0000000000000000   1.5085944986728393E+02   3.1365919135596887E-01
    9400.0000000000000000   1.5226334990495181E+02   3.1103962824056719E-01
    9500.0000000000000000   1.5366568298573847E+02   3.0845763659733189E-01
    9600.0000000000000000   1.5506709430009693E+02   3.0579776192541919E-01
    9700.0000000000000000   1.5646716876393128E+02   3.0313607336214737E-01
    9800.0000000000000000   1.5786558021433342E+02   3.0053260654197161E-01
    9900.0000000000000000   1.5926229371262258E+02   2.9799553331556866E-01
   10000.0000000000000000   1.6065735793235524E+02   2.9551827526489893E-01
   11000.0000000000000000   1.7452572600182324E+02   2.7301923462443600E-01
   12000.0000000000000000   1.8825289986915118E+02   2.5440790663616225E-01
   13000.0000000000000000   2.0185996068940264E+02   2.3783807986936428E-01
   14000.0000000000000000   2.1535333698191897E+02   2.2353409303777663E-01
   15000.0000000000000000   2.2874237059391942E+02   2.1114555500387674E-01
   16000.0000000000000000   2.4203843608801463E+02   1.9994669572640567E-01
   17000.0000000000000000   2.5524871086632118E+02   1.8973397042273635E-01
   18000.0000000000000000   2.6837362782182714E+02   1.8097632173922706E-01
   19000.0000000000000000   2.8142660456346101E+02   1.7263657468479945E-01
   20000.0000000000000000   2.9439985128144139E+02   1.6591711901561365E-01
   21000.0000000000000000   3.0731339377706178E+02   1.5905377730502820E-01
   22000.0000000000000000   3.2016580283781281E+02   1.5257509459451790E-01
   23000.0000000000000000   3.3295185896004875E+02   1.4713642303686467E-01
   24000.0000000000000000   3.4568806130675580E+02   1.4163597195859540E-01
   25000.0000000000000000   3.5835806085732071E+02   1.3752866051411128E-01
   26000.0000000000000000   3.7098801386722141E+02   1.3278987490920435E-01
   27000.0000000000000000   3.8356975864456643E+02   1.2833868861646389E-01
   28000.0000000000000000   3.9610299316947606E+02   1.2423607711437037E-01
   29000.0000000000000000   4.0858507879130923E+02   1.2089587188792780E-01
   30000.0000000000000000   4.2103623280164311E+02   1.1695710953266936E-01
   31000.0000000000000000   4.3343706894644322E+02   1.1386840934989756E-01
   32000.0000000000000000   4.4579916248157815E+02   1.1078495600255389E-01
   33000.0000000000000000   4.5811779399417134E+02   1.0829009651544975E-01
   34000.0000000000000000   4.7040494404512248E+02   1.0561570239203875E-01
   35000.0000000000000000   4.8266470966782401E+02   1.0254028287959564E-01
   36000.0000000000000000   4.9487831271270886E+02   1.0034725287449103E-01
   37000.0000000000000000   5.0706093297962707E+02   9.8222594552560716E-02
   38000.0000000000000000   5.1922383257132924E+02   9.5529504775197449E-02
   39000.0000000000000000   5.3133593378615683E+02   9.3783035836178696E-02
   40000.0000000000000000   5.4343479364001655E+02   9.1388643739894054E-02
   41000.0000000000000000   5.5549430511340518E+02   8.9663352662667645E-02
   42000.0000000000000000   5.6752273090364849E+02   8.8005388817480601E-02
   43000.0000000000000000   5.7952590106776199E+02   8.6395378252649466E-02
   44000.0000000000000000   5.9152016336205611E+02   8.4124293016409016E-02
   45000.0000000000000000   6.0346868729155324E+02   8.2576601723762078E-02
   46000.0000000000000000   6.1539530107513394E+02   8.0947655832695434E-02
   47000.0000000000000000   6.2728477553242112E+02   8.0289509195484596E-02
   48000.0000000000000000   6.3918443237617839E+02   7.8019305454792506E-02
   49000.0000000000000000   6.5102973970142762E+02   7.7077550823613533E-02
   50000.0000000000000000   6.6286160103582472E+02   7.5747736101036481E-02
