       1.0000000000000000   1.0000000000000000E+30   0.0000000000000000E+00
       2.0000000000000000   1.0000000000000000E+30   0.0000000000000000E+00
       3.0000000000000000   1.0833999629807708E+02   2.2286752380118739E-02
       4.0000000000000000   4.5150147728603137E+01   5.8573691504983871E-02
       5.0000000000000000   3.0865682846724255E+01   9.3126850867572289E-02
       6.0000000000000000   2.4361367398299077E+01   1.2787434199653577E-01
       7.0000000000000000   2.0916162555389338E+01   1.5992671422699775E-01
       8.0000000000000000   1.8638391897172554E+01   1.9191670722329146E-01
       9.0000000000000000   1.7028111538101850E+01   2.2360440124698114E-01
      10.0000000000000000   1.5847053622378906E+01   2.5447170109290079E-01
      11.0000000000000000   1.4791599336117464E+01   2.8905268067656015E-01
      12.0000000000000000   1.3990944559699562E+01   3.2220249732429512E-01
      13.0000000000000000   1.3240396734518907E+01   3.5925753062300303E-01
      14.0000000000000000   1.2669308394614371E+01   3.9377572510370001E-01
      15.0000000000000000   1.2117287881703604E+01   4.3204869704194648E-01
      16.0000000000000000   1.1583071056325529E+01   4.7455471506327462E-01
      17.0000000000000000   1.1181988529222970E+01   5.1273344332156601E-01
      18.0000000000000000   1.0785918095471512E+01   5.5462457479376037E-01
      19.0000000000000000   1.0395557476318926E+01   6.0061030727607290E-01
      20.0000000000000000   1.0114944967401915E+01   6.3972761348780716E-01
      21.0000000000000000   9.7335638573572574E+00   6.9421574314349888E-01
      22.0000000000000000   9.4559612486491105E+00   7.4084750124035925E-01
      23.0000000000000000   9.1797356403405370E+00   7.9126459467318289E-01
      24.0000000000000000   8.9057633818570583E+00   8.4574185303998184E-01
      25.0000000000000000   8.6349408544016093E+00   9.0455183677711548E-01
      26.0000000000000000   8.4529599111330143E+00   9.5096141954034885E-01
      27.0000000000000000   8.1878231878230388E+00   1.0180925280107374E+00
      28.0000000000000000   8.0082216258223244E+00   1.0711461251060417E+00
      29.0000000000000000   7.8299722776405511E+00   1.1272116046271181E+00
      30.0000000000000000   7.6537033567598485E+00   1.1863571193022617E+00
      31.0000000000000000   7.4800382994306878E+00   1.2486251697602404E+00
      32.0000000000000000   7.3095962615096211E+00   1.3140261466367187E+00
      33.0000000000000000   7.1429751010584379E+00   1.3825355506990802E+00
      34.0000000000000000   6.9807474407855770E+00   1.4540884334506565E+00
      35.0000000000000000   6.8234505708978554E+00   1.5285768974205336E+00
      36.0000000000000000   6.7349282321932513E+00   1.5788733729903670E+00
      37.0000000000000000   6.5863463158421354E+00   1.6578252167896372E+00
      38.0000000000000000   6.4439722365146235E+00   1.7391832959584823E+00
      39.0000000000000000   6.3649545610318325E+00   1.7933519422902038E+00
      40.0000000000000000   6.2886553373498613E+00   1.8480935596233585E+00
      41.0000000000000000   6.1612574842719585E+00   1.9336619229682355E+00
      42.0000000000000000   6.0922469463822084E+00   1.9896182596335581E+00
      43.0000000000000000   6.0262883606162658E+00   2.0457107070058336E+00
      44.0000000000000000   5.9151854707385363E+00   2.1334344092140656E+00
      45.0000000000000000   5.8569758854448315E+00   2.1896614021367964E+00
      46.0000000000000000   5.8019000151026034E+00   2.2455844292768643E+00
      47.0000000000000000   5.7499395514722824E+00   2.3010867127390648E+00
      48.0000000000000000   5.7010626454222768E+00   2.3560569959314086E+00
      49.0000000000000000   5.6552220403987263E+00   2.4103927714121505E+00
      50.0000000000000000   5.6123594197955029E+00   2.4639994390171847E+00
      51.0000000000000000   5.5724063734861540E+00   2.5167911829694032E+00
      52.0000000000000000   5.5352866879275737E+00   2.5686909311013890E+00
      53.0000000000000000   5.5360881699462166E+00   2.5876792451468265E+00
      54.0000000000000000   5.5030833647526061E+00   2.6377888685968189E+00
      55.0000000000000000   5.4726916202651879E+00   2.6868618691303383E+00
      56.0000000000000000   5.4448208684499706E+00   2.7348522228637284E+00
      57.0000000000000000   5.4503196133490608E+00   2.7506466579872724E+00
      58.0000000000000000   5.4260485470051689E+00   2.7966609106307554E+00
      59.0000000000000000   5.4040595297827494E+00   2.8415220395740097E+00
      60.0000000000000000   5.4124965883655953E+00   2.8549987924196558E+00
      61.0000000000000000   5.3937334278749587E+00   2.8978458542008783E+00
      62.0000000000000000   5.3770187593519205E+00   2.9395113250179032E+00
      63.0000000000000000   5.3880292705995565E+00   2.9507639031630348E+00
      64.0000000000000000   5.3741859223020816E+00   2.9904329087609995E+00
      65.0000000000000000   5.3866003524795429E+00   3.0003668651220825E+00
      66.0000000000000000   5.3754258873321588E+00   3.0380787566474745E+00
      67.0000000000000000   5.3891231533053530E+00   3.0467611386861910E+00
      68.0000000000000000   5.4032425580661796E+00   3.0549908466262417E+00
      69.0000000000000000   5.3952972014241496E+00   3.0900645160487574E+00
      70.0000000000000000   5.4105473769872541E+00   3.0971453900774502E+00
      71.0000000000000000   5.4048448421458568E+00   3.1304023121051578E+00
      72.0000000000000000   5.4211297620924253E+00   3.1364002656089527E+00
      73.0000000000000000   5.4377430517017356E+00   3.1420294848395645E+00
      74.0000000000000000   5.4347419877203365E+00   3.1728847549231016E+00
      75.0000000000000000   5.4522708571597116E+00   3.1775264390906881E+00
      76.0000000000000000   5.4700843804369033E+00   3.1818433186375099E+00
      77.0000000000000000   5.4695244786249555E+00   3.2104453395474422E+00
      78.0000000000000000   5.4881503467821195E+00   3.2138638825981993E+00
      79.0000000000000000   5.5070235604342219E+00   3.2169973474040545E+00
      80.0000000000000000   5.5261345907538226E+00   3.2198570242111932E+00
      81.0000000000000000   5.5282686796362963E+00   3.2458110693487439E+00
      82.0000000000000000   5.5480802776970322E+00   3.2478793906040719E+00
      83.0000000000000000   5.5680994831871171E+00   3.2497080830540543E+00
      84.0000000000000000   5.5883186258169122E+00   3.2513066714105272E+00
      85.0000000000000000   5.6087304108960589E+00   3.2526842901767425E+00
      86.0000000000000000   5.6293279959836120E+00   3.2538495514711157E+00
      87.0000000000000000   5.6346608215245100E+00   3.2764568859984107E+00
      88.0000000000000000   5.6558315850149308E+00   3.2769657959148843E+00
      89.0000000000000000   5.6771656634660799E+00   3.2772894274215210E+00
      90.0000000000000000   5.6986572720465665E+00   3.2774353145252975E+00
      91.0000000000000000   5.7203012591919116E+00   3.2774102199177633E+00
      92.0000000000000000   5.7420923825373622E+00   3.2772210236180537E+00
      93.0000000000000000   5.7640259201940474E+00   3.2768739811839178E+00
      94.0000000000000000   5.7860972194211842E+00   3.2763752443781340E+00
      95.0000000000000000   5.8083017820768479E+00   3.2757307962758389E+00
      96.0000000000000000   5.8306354210506051E+00   3.2749462108535932E+00
      97.0000000000000000   5.8530941508411445E+00   3.2740268238236299E+00
      98.0000000000000000   5.8756740171930000E+00   3.2729779310953764E+00
      99.0000000000000000   5.8983713665433388E+00   3.2718044269081368E+00
     100.0000000000000000   5.9211826036443496E+00   3.2705111471719235E+00
     110.0000000000000000   6.1548698881769361E+00   3.2519191196127442E+00
     120.0000000000000000   6.4167236719514857E+00   3.1956723090760613E+00
     130.0000000000000000   6.6807923366068005E+00   3.1398281569836382E+00
     140.0000000000000000   6.9548679970255272E+00   3.0726394569555051E+00
     150.0000000000000000   7.2287391854997782E+00   3.0089481617941636E+00
     160.0000000000000000   7.5022824498741967E+00   2.9485932618179111E+00
     170.0000000000000000   7.7822583265044250E+00   2.8815652188793033E+00
     180.0000000000000000   8.0674601514143500E+00   2.8096326413169566E+00
     190.0000000000000000   8.3444985641305713E+00   2.7513543801542970E+00
     200.0000000000000000   8.6262851236075413E+00   2.6884260492819072E+00
     210.0000000000000000   8.9063895812402372E+00   2.6295669891981537E+00
     220.0000000000000000   9.1904038008235958E+00   2.5671220532458863E+00
     230.0000000000000000   9.4672133290384757E+00   2.5156091628101569E+00
     240.0000000000000000   9.7477341654651060E+00   2.4605214336148418E+00
     250.0000000000000000   1.0026579478134147E+01   2.4087515574667497E+00
     260.0000000000000000   1.0303842069299696E+01   2.3599904457614813E+00
     270.0000000000000000   1.0579607765716057E+01   2.3139669206492992E+00
     280.0000000000000000   1.0858513021835110E+01   2.2649686953742134E+00
     290.0000000000000000   1.1131374095359424E+01   2.2239546534345185E+00
     300.0000000000000000   1.1407294558766138E+01   2.1799703560263666E+00
     310.0000000000000000   1.1681784897797730E+01   2.1382826467705627E+00
     320.0000000000000000   1.1950739716122891E+01   2.1034081081648615E+00
     330.0000000000000000   1.2222637191249271E+01   2.0656196355068848E+00
     340.0000000000000000   1.2493282129905506E+01   2.0296408824056353E+00
     350.0000000000000000   1.2766652589789970E+01   1.9910926057496436E+00
     360.0000000000000000   1.3034865333000125E+01   1.9584801827844975E+00
     370.0000000000000000   1.3301972495619660E+01   1.9273069964335661E+00
     380.0000000000000000   1.3568016996622578E+01   1.8974748257625942E+00
     390.0000000000000000   1.3836697753244096E+01   1.8651369278073828E+00
     400.0000000000000000   1.4100658478277296E+01   1.8378351620958071E+00
     410.0000000000000000   1.4367220646762066E+01   1.8080708478860608E+00
     420.0000000000000000   1.4629243736074510E+01   1.7829807394805144E+00
     430.0000000000000000   1.4893825814920003E+01   1.7554787256294704E+00
     440.0000000000000000   1.5157448511707491E+01   1.7290485222698080E+00
     450.0000000000000000   1.5416768427782330E+01   1.7068319504940186E+00
     460.0000000000000000   1.5678593037288339E+01   1.6822827822251303E+00
     470.0000000000000000   1.5939542257807380E+01   1.6586316878814702E+00
     480.0000000000000000   1.6199641368962499E+01   1.6358283352942895E+00
     490.0000000000000000   1.6458914497190232E+01   1.6138261466974575E+00
     500.0000000000000000   1.6717384678060384E+01   1.5925819555757210E+00
     510.0000000000000000   1.6975073920575696E+01   1.5720556982200953E+00
     520.0000000000000000   1.7232003275761500E+01   1.5522101299380739E+00
     530.0000000000000000   1.7488192886254708E+01   1.5330105832115595E+00
     540.0000000000000000   1.7743662026111359E+01   1.5144247552101251E+00
     550.0000000000000000   1.7998429169156044E+01   1.4964224939004362E+00
     560.0000000000000000   1.8255498220850662E+01   1.4764550103306104E+00
     570.0000000000000000   1.8508878343887840E+01   1.4595861140546349E+00
     580.0000000000000000   1.8761607531274976E+01   1.4432198319280674E+00
     590.0000000000000000   1.9013701442629195E+01   1.4273331151365425E+00
     600.0000000000000000   1.9268053349820701E+01   1.4095662000257232E+00
     610.0000000000000000   1.9518885645919354E+01   1.3946176901947258E+00
     620.0000000000000000   1.9769126290480703E+01   1.3800861832337021E+00
     630.0000000000000000   2.0021593025069684E+01   1.3637362808663003E+00
     640.0000000000000000   2.0270654222015043E+01   1.3500248823193819E+00
     650.0000000000000000   2.0521928184530640E+01   1.3345339785701194E+00
     660.0000000000000000   2.0769859986676181E+01   1.3215740685785358E+00
     670.0000000000000000   2.1019988573349988E+01   1.3068730998660627E+00
     680.0000000000000000   2.1266837670108810E+01   1.2946035520201560E+00
     690.0000000000000000   2.1515865272593565E+01   1.2806307393838336E+00
     700.0000000000000000   2.1761675149089999E+01   1.2689970215873285E+00
     710.0000000000000000   2.2009643443622554E+01   1.2556969002586831E+00
     720.0000000000000000   2.2254454659738247E+01   1.2446502137182858E+00
     730.0000000000000000   2.2501402757970993E+01   1.2319728897690587E+00
     740.0000000000000000   2.2747850810214175E+01   1.2196037174146319E+00
     750.0000000000000000   2.2991217767554346E+01   1.2093699645847389E+00
     760.0000000000000000   2.3236699842784855E+01   1.1975569351765389E+00
     770.0000000000000000   2.3481707337339671E+01   1.1860201882651260E+00
     780.0000000000000000   2.3723708039932657E+01   1.1765124989667484E+00
     790.0000000000000000   2.3967799009299604E+01   1.1654745965213757E+00
     800.0000000000000000   2.4211438718754874E+01   1.1546854459474962E+00
     810.0000000000000000   2.4454635359646719E+01   1.1441358888960182E+00
     820.0000000000000000   2.4694912800314359E+01   1.1354891690467230E+00
     830.0000000000000000   2.4937251621026451E+01   1.1253740040175717E+00
     840.0000000000000000   2.5179167589801626E+01   1.1154760361207208E+00
     850.0000000000000000   2.5420667954895592E+01   1.1057876739363439E+00
     860.0000000000000000   2.5661759372331936E+01   1.0963019304684898E+00
     870.0000000000000000   2.5900030985137835E+01   1.0885822797179938E+00
     880.0000000000000000   2.6140329120830636E+01   1.0794652636636304E+00
     890.0000000000000000   2.6380235687555693E+01   1.0705331533361648E+00
     900.0000000000000000   2.6619756802688613E+01   1.0617799722107881E+00
     910.0000000000000000   2.6858898242031767E+01   1.0532001148215768E+00
     920.0000000000000000   2.7097665440138190E+01   1.0447883330561649E+00
     930.0000000000000000   2.7336063570630667E+01   1.0365396708331638E+00
     940.0000000000000000   2.7574097660134427E+01   1.0284493837537041E+00
     950.0000000000000000   2.7811772643932553E+01   1.0205128969343988E+00
     960.0000000000000000   2.8049093386709817E+01   1.0127257860721319E+00
     970.0000000000000000   2.8286064687988205E+01   1.0050837694450754E+00
     980.0000000000000000   2.8520395741270470E+01   9.9896831506764805E-01
     990.0000000000000000   2.8756691168105785E+01   9.9158981894885556E-01
    1000.0000000000000000   2.8992651257975201E+01   9.8434466072994453E-01
    1100.0000000000000000   3.1336906826102119E+01   9.1725136654379313E-01
    1200.0000000000000000   3.3651713074540176E+01   8.6038615170587840E-01
    1300.0000000000000000   3.5942280260038679E+01   8.1049475622149592E-01
    1400.0000000000000000   3.8211003205898315E+01   7.6620263846669168E-01
    1500.0000000000000000   4.0457994139851806E+01   7.2734664549121153E-01
    1600.0000000000000000   4.2685121478167886E+01   6.9295621934589491E-01
    1700.0000000000000000   4.4895752583346905E+01   6.6153065577685155E-01
    1800.0000000000000000   4.7089395605722871E+01   6.3332401678342320E-01
    1900.0000000000000000   4.9268932118940491E+01   6.0719221986400207E-01
    2000.0000000000000000   5.1433683501514771E+01   5.8347044281811444E-01
    2100.0000000000000000   5.3584529777409614E+01   5.6185142813451749E-01
    2200.0000000000000000   5.5722312341115831E+01   5.4206098725153129E-01
    2300.0000000000000000   5.7849487541795114E+01   5.2328272428662492E-01
    2400.0000000000000000   5.9964958716142718E+01   5.0596960891094955E-01
    2500.0000000000000000   6.2069365554644882E+01   4.8994571404449300E-01
    2600.0000000000000000   6.4163228065044024E+01   4.7507884960881464E-01
    2700.0000000000000000   6.6247021636584563E+01   4.6125588061830747E-01
    2800.0000000000000000   6.8321325427501108E+01   4.4833970468708872E-01
    2900.0000000000000000   7.0388107642186341E+01   4.3578576425566568E-01
    3000.0000000000000000   7.2444472136596474E+01   4.2448809841292107E-01
    3100.0000000000000000   7.4494001795257020E+01   4.1344130149388297E-01
    3200.0000000000000000   7.6535639551586115E+01   4.0300012660912249E-01
    3300.0000000000000000   7.8569314575258318E+01   3.9320503157047443E-01
    3400.0000000000000000   8.0595582969788353E+01   3.8393869108161993E-01
    3500.0000000000000000   8.2614793015617764E+01   3.7513926732106684E-01
    3600.0000000000000000   8.4627018134706745E+01   3.6681228691999684E-01
    3700.0000000000000000   8.6632275001158703E+01   3.5897003219544327E-01
    3800.0000000000000000   8.8631450495718880E+01   3.5143263779151307E-01
    3900.0000000000000000   9.0625795292793256E+01   3.4391489197931524E-01
    4000.0000000000000000   9.2612308407524338E+01   3.3715725549669284E-01
    4100.0000000000000000   9.4594648553888888E+01   3.3032337730301004E-01
    4200.0000000000000000   9.6569779784634477E+01   3.2413601716152496E-01
    4300.0000000000000000   9.8540818786054658E+01   3.1789859547000560E-01
    4400.0000000000000000   1.0050601085639521E+02   3.1202078500180758E-01
    4500.0000000000000000   1.0246542237024236E+02   3.0652571993875294E-01
    4600.0000000000000000   1.0442025987141761E+02   3.0112829573542199E-01
    4700.0000000000000000   1.0637104683710453E+02   2.9578102075977286E-01
    4800.0000000000000000   1.0831672072333055E+02   2.9069398841257571E-01
    4900.0000000000000000   1.1025723090435520E+02   2.8588824230596088E-01
    5000.0000000000000000   1.1219324360057185E+02   2.8125025794636249E-01
    5100.0000000000000000   1.1412497711826177E+02   2.7675042601803018E-01
    5200.0000000000000000   1.1605256597390290E+02   2.7237603312332287E-01
    5300.0000000000000000   1.1797608618382718E+02   2.6812604708944004E-01
    5400.0000000000000000   1.1989499394017191E+02   2.6410282058762696E-01
    5500.0000000000000000   1.2180919902840760E+02   2.6032141382565527E-01
    5600.0000000000000000   1.2372162073289830E+02   2.5628476815154472E-01
    5700.0000000000000000   1.2562875158943477E+02   2.5263548606728548E-01
    5800.0000000000000000   1.2753180155523195E+02   2.4913466081666091E-01
    5900.0000000000000000   1.2943165580714847E+02   2.4567850909719868E-01
    6000.0000000000000000   1.3132870947449774E+02   2.4217203001015553E-01
    6100.0000000000000000   1.3322035429646618E+02   2.3907287119371434E-01
    6200.0000000000000000   1.3510990281723988E+02   2.3586233998377129E-01
    6300.0000000000000000   1.3699657689514575E+02   2.3264404998935614E-01
    6400.0000000000000000   1.3887864349217261E+02   2.2970982935246495E-01
    6500.0000000000000000   1.4075767327952599E+02   2.2681566819570029E-01
    6600.0000000000000000   1.4263298241250519E+02   2.2408874929967909E-01
    6700.0000000000000000   1.4450506981185930E+02   2.2144986048550749E-01
    6800.0000000000000000   1.4637551132219590E+02   2.1865161537265151E-01
    6900.0000000000000000   1.4824275479924484E+02   2.1595012742392986E-01
    7000.0000000000000000   1.5010645537104497E+02   2.1341055367233136E-01
    7100.0000000000000000   1.5196819411141425E+02   2.1079400138218871E-01
    7200.0000000000000000   1.5382595793615408E+02   2.0839847220697891E-01
    7300.0000000000000000   1.5568061460260043E+02   2.0608435850720055E-01
    7400.0000000000000000   1.5753244168680254E+02   2.0382213448135506E-01
    7500.0000000000000000   1.5938255854821915E+02   2.0150042020005510E-01
    7600.0000000000000000   1.6122953640613127E+02   1.9928724222704128E-01
    7700.0000000000000000   1.6307294282816684E+02   1.9722255265675306E-01
    7800.0000000000000000   1.6491560552107907E+02   1.9499185281995890E-01
    7900.0000000000000000   1.6675372437246671E+02   1.9305076542343227E-01
    8000.0000000000000000   1.6859059411998970E+02   1.9098633728198597E-01
    8100.0000000000000000   1.7042379662269593E+02   1.8913109057678140E-01
    8200.0000000000000000   1.7225597398468653E+02   1.8711099658603800E-01
    8300.0000000000000000   1.7408444616349010E+02   1.8531023728989285E-01
    8400.0000000000000000   1.7591230795880364E+02   1.8333168102012501E-01
    8500.0000000000000000   1.7773472702097320E+02   1.8174340990181520E-01
    8600.0000000000000000   1.7955757480468199E+02   1.7990098408542601E-01
    8700.0000000000000000   1.8137818789094851E+02   1.7805686262139708E-01
    8800.0000000000000000   1.8319324766784109E+02   1.7664656103158682E-01
    8900.0000000000000000   1.8501000653334404E+02   1.7481428404494961E-01
    9000.0000000000000000   1.8682370550529228E+02   1.7311810841974234E-01
    9100.0000000000000000   1.8863431899101491E+02   1.7154554024720337E-01
    9200.0000000000000000   1.9044113152120718E+02   1.7018918177479556E-01
    9300.0000000000000000   1.9224894127511328E+02   1.6852603645119216E-01
    9400.0000000000000000   1.9405329011948919E+02   1.6706566084559796E-01
    9500.0000000000000000   1.9585617831732699E+02   1.6554519681458640E-01
    9600.0000000000000000   1.9765727136968584E+02   1.6402546420204295E-01
    9700.0000000000000000   1.9945608580876083E+02   1.6256271250665322E-01
    9800.0000000000000000   2.0125236232617581E+02   1.6118724519351030E-01
    9900.0000000000000000   2.0304641572076196E+02   1.5986629829212345E-01
   10000.0000000000000000   2.0483861560329683E+02   1.5856170815142157E-01
   11000.0000000000000000   2.2265993658180543E+02   1.4663268510748489E-01
   12000.0000000000000000   2.4031628220636603E+02   1.3603644383640867E-01
   13000.0000000000000000   2.5781685658518904E+02   1.2708496406669015E-01
   14000.0000000000000000   2.7517679152594616E+02   1.1939437215393438E-01
   15000.0000000000000000   2.9240858827629478E+02   1.1268836448976094E-01
   16000.0000000000000000   3.0952340574918617E+02   1.0670524516478636E-01
   17000.0000000000000000   3.2653236995325841E+02   1.0119924813548173E-01
   18000.0000000000000000   3.4343422132464428E+02   9.6594816273698633E-02
   19000.0000000000000000   3.6024296564569801E+02   9.2397400328306081E-02
   20000.0000000000000000   3.7696803383647404E+02   8.8268888835023498E-02
   21000.0000000000000000   3.9360987319367348E+02   8.4531403134891270E-02
   22000.0000000000000000   4.1017022092581004E+02   8.1268932127267046E-02
   23000.0000000000000000   4.2665613142922780E+02   7.8303282232093555E-02
   24000.0000000000000000   4.4306613101759626E+02   7.5781220179898606E-02
   25000.0000000000000000   4.5942282535042602E+02   7.2786245361393734E-02
   26000.0000000000000000   4.7570655561984194E+02   7.0436559501412532E-02
   27000.0000000000000000   4.9193438684738146E+02   6.8069524572425197E-02
   28000.0000000000000000   5.0809869237565283E+02   6.6172575994798574E-02
   29000.0000000000000000   5.2420670940121215E+02   6.4183395434007806E-02
   30000.0000000000000000   5.4025771604915212E+02   6.2735755752309011E-02
