       0.1000000000000000   1.1319217654298448E+01   2.5729843104673488E-03
       0.2000000000000000   9.9880903926272850E+00   5.0141725623536679E-03
       0.3000000000000000   9.5581116488040614E+00   7.4246326407186990E-03
       0.4000000000000000   9.4050173524673806E+00   9.7131537109363484E-03
       0.5000000000000000   9.3354906400637354E+00   1.1963944251775127E-02
       0.6000000000000000   9.3057341969126366E+00   1.4182582413521683E-02
       0.7000000000000000   9.2985635397273487E+00   1.6374068640701005E-02
       0.7999999999999999   9.3046227158788835E+00   1.8542037915125119E-02
       0.8999999999999999   9.3195584113779155E+00   2.0684258485884323E-02
       0.9999999999999999   9.3393459595067458E+00   2.2809607300745768E-02
       2.0000000000000000   9.5986348979683296E+00   4.3326443657379199E-02
       3.0000000000000000   9.8035153645697157E+00   6.3292217740189019E-02
       4.0000000000000000   9.9308741741091477E+00   8.3357511423175018E-02
       5.0000000000000000   9.9947712273645788E+00   1.0389180720412476E-01
       6.0000000000000000   1.0009377559287802E+01   1.2513311241828975E-01
       7.0000000000000000   9.9860818479902207E+00   1.4724031259056464E-01
       8.0000000000000000   9.9333010074157961E+00   1.7033448809678833E-01
       9.0000000000000000   9.8574757859937314E+00   1.9451213576212770E-01
      10.0000000000000000   9.7635105810446738E+00   2.1985599423709867E-01
      11.0000000000000000   9.6552830223922097E+00   2.4643776545934840E-01
      12.0000000000000000   9.5358523604340331E+00   2.7432180029717013E-01
      13.0000000000000000   9.4076932951444210E+00   3.0356748899903002E-01
      14.0000000000000000   9.2727626081524175E+00   3.3423249993739940E-01
      15.0000000000000000   9.1326703499276665E+00   3.6637192813069963E-01
      16.0000000000000000   8.9887572850630857E+00   4.0003795488554061E-01
      17.0000000000000000   8.8421179172938977E+00   4.3528210785165566E-01
      18.0000000000000000   8.6936852927099064E+00   4.7215328329698381E-01
      19.0000000000000000   8.5442414345557491E+00   5.1069800505649365E-01
      19.9989999999999988   8.3946081124787941E+00   5.5091884185289219E-01
      20.0000000000000000   8.3944583610588843E+00   5.5095997511690920E-01
      20.0010000000000012   8.3943086098878616E+00   5.5100111013806918E-01
      20.9989999999999988   8.2450659767400634E+00   5.9293596266267545E-01
      21.0000000000000000   8.2449167356275836E+00   5.9297887063692800E-01
      21.0010000000000012   8.2447674952761254E+00   5.9302178040251652E-01
      22.0000000000000000   8.0961327172008613E+00   6.3678850675908982E-01
      23.0000000000000000   7.9485655316778283E+00   6.8241589466403685E-01
      24.0000000000000000   7.8026282236970506E+00   7.2987989605322445E-01
      25.0000000000000000   7.6587023913478181E+00   7.7918859774290838E-01
      26.0000000000000000   7.5171430680903581E+00   8.3033748026302168E-01
      27.0000000000000000   7.3782839676184846E+00   8.8330722230019365E-01
      28.0000000000000000   7.2424415333561134E+00   9.3806147345735280E-01
      29.0000000000000000   7.1099153545823901E+00   9.9454494828719597E-01
      30.0000000000000000   6.9809903166668841E+00   1.0526815452078593E+00
      31.0000000000000000   6.8559340336785590E+00   1.1123731497603440E+00
      32.0000000000000000   6.7349969165319976E+00   1.1734987057338322E+00
      33.0000000000000000   6.6184074062561677E+00   1.2359144811294316E+00
      34.0000000000000000   6.5063703422296904E+00   1.2994547531991780E+00
      35.0000000000000000   6.3990630171460019E+00   1.3639336117533478E+00
      36.0000000000000000   6.2966322343633623E+00   1.4291476009002198E+00
      37.0000000000000000   6.1991916249297168E+00   1.4948791738101632E+00
      38.0000000000000000   6.1068198223179353E+00   1.5609007967360307E+00
      39.0000000000000000   6.0195593832912078E+00   1.6269794972091720E+00
      40.0000000000000000   5.9374170890089131E+00   1.6928815751663391E+00
      41.0000000000000000   5.8603648965453274E+00   1.7583772943631653E+00
      42.0000000000000000   5.7883421645207873E+00   1.8232452125456957E+00
      43.0000000000000000   5.7212585982240016E+00   1.8872760263930484E+00
      44.0000000000000000   5.6589978134966090E+00   1.9502757146660290E+00
      45.0000000000000000   5.6014211408547494E+00   2.0120680252853007E+00
      46.0000000000000000   5.5483718536972502E+00   2.0724961004843778E+00
      47.0000000000000000   5.4996791960386711E+00   2.1314234148803517E+00
      48.0000000000000000   5.4551622654992782E+00   2.1887340329774627E+00
      49.0000000000000000   5.4146335904058258E+00   2.2443322953060396E+00
      50.0000000000000000   5.3779023082707198E+00   2.2981420382007447E+00
      51.0000000000000000   5.3447769047945117E+00   2.3501054641607748E+00
      52.0000000000000000   5.3150675548543642E+00   2.4001817586568222E+00
      53.0000000000000000   5.2885879854248836E+00   2.4483455558125313E+00
      54.0000000000000000   5.2651569728531777E+00   2.4945853282780708E+00
      55.0000000000000000   5.2445994510784422E+00   2.5389017736190254E+00
      56.0000000000000000   5.2267473482161746E+00   2.5813062471285471E+00
      57.0000000000000000   5.2114402295187814E+00   2.6218191186242943E+00
      58.0000000000000000   5.1985253843135952E+00   2.6604686057228459E+00
      59.0000000000000000   5.1878581078315902E+00   2.6972893522280583E+00
      60.0000000000000000   5.1793018591827815E+00   2.7323211051985714E+00
      61.0000000000000000   5.1727278213120949E+00   2.7656079588978577E+00
      62.0000000000000000   5.1680149174865493E+00   2.7971972259292577E+00
      63.0000000000000000   5.1650495013487001E+00   2.8271386704961921E+00
      64.0000000000000000   5.1637250369458902E+00   2.8554837993196491E+00
      65.0000000000000000   5.1639417727215822E+00   2.8822852504520267E+00
      66.0000000000000000   5.1656063880134289E+00   2.9075962717155122E+00
      67.0000000000000000   5.1686316347165571E+00   2.9314702793396394E+00
      68.0000000000000000   5.1729359813881928E+00   2.9539604879431693E+00
      69.0000000000000000   5.1784432616183169E+00   2.9751196036522827E+00
      70.0000000000000000   5.1850823329267053E+00   2.9949995720561815E+00
      71.0000000000000000   5.1927867476182437E+00   3.0136513747706970E+00
      72.0000000000000000   5.2014944414180162E+00   3.0311248670140252E+00
      73.0000000000000000   5.2111474356958416E+00   3.0474686511951226E+00
      74.0000000000000000   5.2216915567885192E+00   3.0627299810226392E+00
      75.0000000000000000   5.2330761580635254E+00   3.0769547039502148E+00
      76.0000000000000000   5.2452539295243072E+00   3.0901871636993308E+00
      77.0000000000000000   5.2581805804584034E+00   3.1024702456986013E+00
      78.0000000000000000   5.2718146817892766E+00   3.1138453129721202E+00
      79.0000000000000000   5.2861174507055315E+00   3.1243522176459115E+00
      80.0000000000000000   5.3010525641048902E+00   3.1340293103798205E+00
      81.0000000000000000   5.3165859849225221E+00   3.1429134583941831E+00
      82.0000000000000000   5.3326858027075508E+00   3.1510400704348265E+00
      83.0000000000000000   5.3493220840461664E+00   3.1584431271661328E+00
      84.0000000000000000   5.3664667333011629E+00   3.1651552160011538E+00
      85.0000000000000000   5.3840933664525101E+00   3.1712075690486650E+00
      86.0000000000000000   5.4021771920590496E+00   3.1766301035385696E+00
      87.0000000000000000   5.4206949000891926E+00   3.1814514657750808E+00
      88.0000000000000000   5.4396245692347511E+00   3.1856990667837835E+00
      89.0000000000000000   5.4589455597113190E+00   3.1893991373526389E+00
      90.0000000000000000   5.4786384345241119E+00   3.1925767643443095E+00
      91.0000000000000000   5.4986848778606801E+00   3.1952559362734050E+00
      92.0000000000000000   5.5190676202070810E+00   3.1974595865363931E+00
      93.0000000000000000   5.5397703693169733E+00   3.1992096359475797E+00
      94.0000000000000000   5.5607777462497099E+00   3.2005270344099244E+00
      95.0000000000000000   5.5820752260358093E+00   3.2014318015826371E+00
      96.0000000000000000   5.6036490826746652E+00   3.2019430664404873E+00
      97.0000000000000000   5.6254863380803872E+00   3.2020791056470257E+00
      98.0000000000000000   5.6475747143220616E+00   3.2018573807096291E+00
      99.0000000000000000   5.6699025910831660E+00   3.2012945737445264E+00
     100.0000000000000000   5.6924589623042054E+00   3.2004066221746950E+00
     106.9989999999999952   5.8559158511166274E+00   3.1862869104850842E+00
     107.0010000000000048   5.8559637961002711E+00   3.1862811389123009E+00
     110.0000000000000000   5.9285400262410564E+00   3.1766806241898804E+00
     110.9989999999999952   5.9530016791110496E+00   3.1730893869099104E+00
     111.0010000000000048   5.9530507863599542E+00   3.1730820129127943E+00
     120.0000000000000000   6.1787542894622440E+00   3.1335629689608453E+00
     130.0000000000000000   6.4381405150361370E+00   3.0788017592832264E+00
     133.9989999999999952   6.5436883694698542E+00   3.0548248004067662E+00
     134.0010000000000048   6.5437413689609070E+00   3.0548125868629410E+00
     134.9989999999999952   6.5702127917968864E+00   3.0486931541953686E+00
     135.0010000000000048   6.5702658895026484E+00   3.0486808420277791E+00
     140.0000000000000000   6.7035444364228161E+00   3.0173722184271541E+00
     150.0000000000000000   6.9728920470621523E+00   2.9524935789998130E+00
     160.0000000000000000   7.2447814310440029E+00   2.8862587309560075E+00
     161.9989999999999952   7.2993459662254887E+00   2.8729851026757665E+00
     162.0010000000000048   7.2994005869828031E+00   2.8729718260450166E+00
     170.0000000000000000   7.5182433710708780E+00   2.8200282931510050E+00
     180.0000000000000000   7.7925954974776612E+00   2.7546808606846147E+00
     190.0000000000000000   8.0673504322115175E+00   2.6907743734053895E+00
     190.9989999999999952   8.0948061118129004E+00   2.6844839061415313E+00
     191.0010000000000048   8.0948610783737625E+00   2.6844713307555881E+00
     200.0000000000000000   8.3418956660557253E+00   2.6293640755043719E+00
     210.0000000000000000   8.6150820799547834E+00   2.5728300695180550E+00
     220.0000000000000000   8.8866919887862679E+00   2.5197736257258674E+00
     230.0000000000000000   9.1568264601671103E+00   2.4698600018398844E+00
     240.0000000000000000   9.4303964106382576E+00   2.4162460333343505E+00
     250.0000000000000000   9.7023147867753678E+00   2.3658511671906446E+00
     260.0000000000000000   9.9726745936280228E+00   2.3183759483421933E+00
     270.0000000000000000   1.0241561568845365E+01   2.2735576589491986E+00
     280.0000000000000000   1.0513372848670862E+01   2.2256819374149677E+00
     290.0000000000000000   1.0779411051576860E+01   2.1857339122197841E+00
     300.0000000000000000   1.1048306163677076E+01   2.1427464809043957E+00
     310.0000000000000000   1.1311775857829028E+01   2.1068807519087405E+00
     320.0000000000000000   1.1578020447581117E+01   2.0680254873043564E+00
     330.0000000000000000   1.1842990373201260E+01   2.0310822348356190E+00
     340.0000000000000000   1.2106739886202286E+01   1.9959060309633092E+00
     350.0000000000000000   1.2369319774647904E+01   1.9623664965539678E+00
     360.0000000000000000   1.2630777616157879E+01   1.9303460462833757E+00
     370.0000000000000000   1.2894735434045879E+01   1.8957491541804983E+00
     380.0000000000000000   1.3154007039645718E+01   1.8665782322312199E+00
     390.0000000000000000   1.3412283273296350E+01   1.8386295941475745E+00
     400.0000000000000000   1.3673003198987452E+01   1.8081703692672468E+00
     410.0000000000000000   1.3929325953317946E+01   1.7825380698380964E+00
     420.0000000000000000   1.4188058988640678E+01   1.7544456829200119E+00
     430.0000000000000000   1.4445831709501304E+01   1.7274724192766489E+00
     440.0000000000000000   1.4699436417550423E+01   1.7048386921375247E+00
     450.0000000000000000   1.4955408531074369E+01   1.6798251184737185E+00
     460.0000000000000000   1.5210506060694669E+01   1.6557456377682198E+00
     470.0000000000000000   1.5464754742476106E+01   1.6325468289652469E+00
     480.0000000000000000   1.5718179116220865E+01   1.6101793331183354E+00
     490.0000000000000000   1.5967763816054877E+01   1.5915158895901027E+00
     500.0000000000000000   1.6219641409456543E+01   1.5706132633552148E+00
     510.0000000000000000   1.6470761972147312E+01   1.5504171916340179E+00
     520.0000000000000000   1.6721145893939582E+01   1.5308910083811309E+00
     530.0000000000000000   1.6973720203535272E+01   1.5093236800601761E+00
     540.0000000000000000   1.7222655516948958E+01   1.4910919020593116E+00
     550.0000000000000000   1.7470910230423986E+01   1.4734323695296179E+00
     560.0000000000000000   1.7718501515290225E+01   1.4563174558374097E+00
     570.0000000000000000   1.7965445839211132E+01   1.4397213168211354E+00
     580.0000000000000000   1.8214533797957213E+01   1.4211934577232515E+00
     590.0000000000000000   1.8460197579418995E+01   1.4056094429023049E+00
     600.0000000000000000   1.8705259988405189E+01   1.3904744765357904E+00
     610.0000000000000000   1.8949735090826376E+01   1.3757685844671947E+00
     620.0000000000000000   1.9196309272339693E+01   1.3592170129514460E+00
     630.0000000000000000   1.9439616233844344E+01   1.3453541207879369E+00
     640.0000000000000000   1.9685011684923587E+01   1.3296855350116363E+00
     650.0000000000000000   1.9927200829815298E+01   1.3165939322757152E+00
     660.0000000000000000   2.0171464999235472E+01   1.3017363068106893E+00
     670.0000000000000000   2.0412583086658383E+01   1.2893523419329869E+00
     680.0000000000000000   2.0655760474902060E+01   1.2752412745282311E+00
     690.0000000000000000   2.0895851034083801E+01   1.2635082475913344E+00
     700.0000000000000000   2.1137983297573349E+01   1.2500860772742965E+00
     710.0000000000000000   2.1377086993840535E+01   1.2389532569747064E+00
     720.0000000000000000   2.1618213163802775E+01   1.2261682154828670E+00
     730.0000000000000000   2.1856367970138702E+01   1.2155901279099108E+00
     740.0000000000000000   2.2096524778472599E+01   1.2033955193454928E+00
     750.0000000000000000   2.2336206610350676E+01   1.1914933610354939E+00
     760.0000000000000000   2.2572988108983566E+01   1.1816849906982305E+00
     770.0000000000000000   2.2811750996519326E+01   1.1703111665492587E+00
     780.0000000000000000   2.3050063163086875E+01   1.1591996410353997E+00
     790.0000000000000000   2.3285544504466689E+01   1.1500797071131772E+00
     800.0000000000000000   2.3522983890833721E+01   1.1394429376161488E+00
     810.0000000000000000   2.3759994322334748E+01   1.1290427041598159E+00
     820.0000000000000000   2.3996583379580166E+01   1.1188704550116511E+00
     830.0000000000000000   2.4230423132140768E+01   1.1105685946800288E+00
     840.0000000000000000   2.4466194457220894E+01   1.1008105896561442E+00
     850.0000000000000000   2.4701563407678076E+01   1.0912595007556904E+00
     860.0000000000000000   2.4936536610220042E+01   1.0819082870297778E+00
     870.0000000000000000   2.5171120020341682E+01   1.0727505613648913E+00
     880.0000000000000000   2.5405319098698747E+01   1.0637804413258918E+00
     890.0000000000000000   2.5636874522468588E+01   1.0565252560053187E+00
     900.0000000000000000   2.5870328154575272E+01   1.0478962230409261E+00
     910.0000000000000000   2.6103414289015404E+01   1.0394381968014170E+00
     920.0000000000000000   2.6336138276508574E+01   1.0311459313564140E+00
     930.0000000000000000   2.6568505196259807E+01   1.0230144883769083E+00
     940.0000000000000000   2.6800519932890708E+01   1.0150391738803255E+00
     950.0000000000000000   2.7032187250284061E+01   1.0072154816366088E+00
     960.0000000000000000   2.7263511835208213E+01   9.9953905950914435E-01
     970.0000000000000000   2.7494498298014783E+01   9.9200570189526183E-01
     980.0000000000000000   2.7725151176235471E+01   9.8461134362160552E-01
     990.0000000000000000   2.7955474928646836E+01   9.7735205879463372E-01
    1000.0000000000000000   2.8185473922009670E+01   9.7022406365906533E-01
    1100.0000000000000000   3.0468493674828959E+01   9.0542754701704586E-01
    1118.9990000000000236   3.0898731940348632E+01   8.9442772529928249E-01
    1119.0009999999999764   3.0898777610946034E+01   8.9442633035824004E-01
    1145.9990000000000236   3.1510164820997595E+01   8.7836940350646997E-01
    1146.0009999999999764   3.1510210339805916E+01   8.7836806543680501E-01
    1200.0000000000000000   3.2725161006322914E+01   8.4936334431434257E-01
    1300.0000000000000000   3.4958318651595064E+01   8.0016307623775207E-01
    1301.9990000000000236   3.5003026288031911E+01   7.9908508759941643E-01
    1302.0009999999999764   3.5003071012170523E+01   7.9908401131809725E-01
    1400.0000000000000000   3.7170289782081653E+01   7.5647273045286645E-01
    1500.0000000000000000   3.9361221183849004E+01   7.1814867426747986E-01
    1600.0000000000000000   4.1534696932252579E+01   6.8340739781128501E-01
    1700.0000000000000000   4.3688617138763377E+01   6.5322540930122674E-01
    1800.0000000000000000   4.5829544231960625E+01   6.2467557576134625E-01
    1900.0000000000000000   4.7953393728554154E+01   5.9961637147037572E-01
    2000.0000000000000000   5.0064616594743768E+01   5.7621048302283784E-01
    2100.0000000000000000   5.2162380795181868E+01   5.5487814775714062E-01
    2147.9989999999997963   5.3165416909405018E+01   5.4503962902899961E-01
    2148.0010000000002037   5.3165458786909973E+01   5.4503917333016638E-01
    2200.0000000000000000   5.4249152348152307E+01   5.3473052777781771E-01
    2300.0000000000000000   5.6322287816866215E+01   5.1681838470306973E-01
    2400.0000000000000000   5.8385755319694034E+01   4.9973006070095410E-01
    2500.0000000000000000   6.0438503349630196E+01   4.8391559790662125E-01
    2600.0000000000000000   6.2481034188242951E+01   4.6924523734425988E-01
    2700.0000000000000000   6.4513838183727856E+01   4.5559818754364584E-01
    2800.0000000000000000   6.6537411628282243E+01   4.4285678468435508E-01
    2900.0000000000000000   6.8553702769102884E+01   4.3045615637459012E-01
    3000.0000000000000000   7.0559890073216977E+01   4.1931524439517592E-01
    3100.0000000000000000   7.2559472686585082E+01   4.0840297011665327E-01
    3200.0000000000000000   7.4551362201936755E+01   3.9810017068194237E-01
    3300.0000000000000000   7.6535681893300165E+01   3.8839896842015659E-01
    3400.0000000000000000   7.8512732482930161E+01   3.7924460073146260E-01
    3500.0000000000000000   8.0482858276741453E+01   3.7057256868314969E-01
    3600.0000000000000000   8.2446091440865118E+01   3.6239643917075770E-01
    3700.0000000000000000   8.4402970408108359E+01   3.5460484153502786E-01
    3800.0000000000000000   8.6354815373238608E+01   3.4688350427318865E-01
    3900.0000000000000000   8.8299684016604786E+01   3.3976410689756964E-01
    4000.0000000000000000   9.0238304988472763E+01   3.3306771945320951E-01
    4100.0000000000000000   9.2172754368992145E+01   3.2631177654270255E-01
    4200.0000000000000000   9.4101272325305686E+01   3.1995266163532449E-01
    4300.0000000000000000   9.6023320481368060E+01   3.1412300841273078E-01
    4400.0000000000000000   9.7941574281745517E+01   3.0822395984357093E-01
    4500.0000000000000000   9.9854677078159312E+01   3.0259774145625767E-01
    4600.0000000000000000   1.0176151737397450E+02   2.9748408168001006E-01
    4700.0000000000000000   1.0366488806900151E+02   2.9229410225199232E-01
    4800.0000000000000000   1.0556402141435062E+02   2.8722152816325203E-01
    4900.0000000000000000   1.0745827769790532E+02   2.8240415765733379E-01
    5000.0000000000000000   1.0934792097161778E+02   2.7780168596787419E-01
    5100.0000000000000000   1.1123331977660165E+02   2.7335406517717453E-01
    5200.0000000000000000   1.1311459844982394E+02   2.6904902178423679E-01
    5300.0000000000000000   1.1499158448699924E+02   2.6492812408749628E-01
    5400.0000000000000000   1.1686412181788434E+02   2.6102458572435833E-01
    5500.0000000000000000   1.1873281608665846E+02   2.5723545299007500E-01
    5600.0000000000000000   1.2059982673155984E+02   2.5318333099660278E-01
    5700.0000000000000000   1.2246076087287648E+02   2.4967147753595770E-01
    5800.0000000000000000   1.2431929216317377E+02   2.4605649392787052E-01
    5900.0000000000000000   1.2617254728508493E+02   2.4284202794643067E-01
    6000.0000000000000000   1.2802492707675964E+02   2.3927291036849055E-01
    6100.0000000000000000   1.2987164010733559E+02   2.3617464515777908E-01
    6200.0000000000000000   1.3171517205767833E+02   2.3315374430666463E-01
    6300.0000000000000000   1.3355720140627719E+02   2.2991411145910254E-01
    6400.0000000000000000   1.3539499584954376E+02   2.2692889608675346E-01
    6500.0000000000000000   1.3722959044411706E+02   2.2402059405547359E-01
    6600.0000000000000000   1.3906043128551991E+02   2.2129639732071912E-01
    6700.0000000000000000   1.4088881992294367E+02   2.1854720834271549E-01
    6800.0000000000000000   1.4271383349458526E+02   2.1593556922947563E-01
    6900.0000000000000000   1.4453664368281019E+02   2.1327456346199994E-01
    7000.0000000000000000   1.4635618106420176E+02   2.1074438334045029E-01
    7100.0000000000000000   1.4817269917450147E+02   2.0829754061176220E-01
    7200.0000000000000000   1.4998571456406623E+02   2.0601806176699786E-01
    7300.0000000000000000   1.5179633213418501E+02   2.0372626186444931E-01
    7400.0000000000000000   1.5360508068891940E+02   2.0137572392060740E-01
    7500.0000000000000000   1.5541152270951363E+02   1.9905198474831803E-01
    7600.0000000000000000   1.5721378812927142E+02   1.9697961074718587E-01
    7700.0000000000000000   1.5901400123105310E+02   1.9487873790360069E-01
    7800.0000000000000000   1.6081260789125943E+02   1.9272575889927601E-01
    7900.0000000000000000   1.6260661321145938E+02   1.9087573277313774E-01
    8000.0000000000000000   1.6440133860724023E+02   1.8866401473055897E-01
    8100.0000000000000000   1.6619074852183479E+02   1.8685647889095555E-01
    8200.0000000000000000   1.6797993791587206E+02   1.8483842280878846E-01
    8300.0000000000000000   1.6976370747768149E+02   1.8323641812514363E-01
    8400.0000000000000000   1.7154878033134506E+02   1.8122206165139687E-01
    8500.0000000000000000   1.7332954468879186E+02   1.7948763912545906E-01
    8600.0000000000000000   1.7510864319151517E+02   1.7772048040132069E-01
    8700.0000000000000000   1.7688568312998513E+02   1.7599035578381853E-01
    8800.0000000000000000   1.7865945572139225E+02   1.7440163164686290E-01
    8900.0000000000000000   1.8043095325539133E+02   1.7287478378784066E-01
    9000.0000000000000000   1.8220237093529062E+02   1.7112784366134456E-01
    9100.0000000000000000   1.8397112327359648E+02   1.6948396426571413E-01
    9200.0000000000000000   1.8573666929427850E+02   1.6799214930598533E-01
    9300.0000000000000000   1.8749894315017960E+02   1.6667308167330599E-01
    9400.0000000000000000   1.8926175438851118E+02   1.6509303579245865E-01
    9500.0000000000000000   1.9102280346557242E+02   1.6351954719126149E-01
    9600.0000000000000000   1.9278006125010495E+02   1.6219582404437119E-01
    9700.0000000000000000   1.9453638745535079E+02   1.6076345490008606E-01
    9800.0000000000000000   1.9629090239335002E+02   1.5934412523015765E-01
    9900.0000000000000000   1.9804343614443425E+02   1.5795982466205230E-01
   10000.0000000000000000   1.9979394063579215E+02   1.5661801091057984E-01
   10370.9989999999997963   2.0626885383066474E+02   1.5220028617890019E-01
   10371.0010000000002037   2.0626888841865571E+02   1.5220028930620444E-01
   11000.0000000000000000   2.1719798995714788E+02   1.4468229739214614E-01
   12000.0000000000000000   2.3443736295475429E+02   1.3448673553260262E-01
   13000.0000000000000000   2.5152798102358099E+02   1.2570099161824225E-01
   14000.0000000000000000   2.6848305286110860E+02   1.1805082950567698E-01
   15000.0000000000000000   2.8531498830095694E+02   1.1129375546115665E-01
   16000.0000000000000000   3.0203085688351479E+02   1.0543442408738189E-01
   17000.0000000000000000   3.1864236526809867E+02   1.0016877435742734E-01
   18000.0000000000000000   3.3515057297463488E+02   9.5762401217873050E-02
   19000.0000000000000000   3.5157406521389987E+02   9.1349004293066416E-02
   20000.0000000000000000   3.6791421945713068E+02   8.7129908988140339E-02
   21000.0000000000000000   3.8416197792909321E+02   8.3996206647155985E-02
   22000.0000000000000000   4.0034696587026275E+02   8.0414978953392113E-02
   23000.0000000000000000   4.1645528168906071E+02   7.7314378092767685E-02
   24000.0000000000000000   4.3248853680750233E+02   7.4857909905981151E-02
   25000.0000000000000000   4.4845965623849486E+02   7.2290308110246435E-02
   26000.0000000000000000   4.6436779277250116E+02   7.0059886364754034E-02
   27000.0000000000000000   4.8023387866170106E+02   6.7207897360523308E-02
   28000.0000000000000000   4.9601625499211866E+02   6.5815062704888780E-02
   29000.0000000000000000   5.1175477222311230E+02   6.3844113831083849E-02
   30000.0000000000000000   5.2746099731904189E+02   6.1427386366405261E-02
   31000.0000000000000000   5.4308961744156238E+02   6.0018613096478886E-02
   32000.0000000000000000   5.5868915497845296E+02   5.8073753413216564E-02
   33000.0000000000000000   5.7422179182202728E+02   5.7162011335361786E-02
   34000.0000000000000000   5.8972354275788734E+02   5.5712494369156443E-02
   35000.0000000000000000   6.0519629762228578E+02   5.3734098714943883E-02
   36000.0000000000000000   6.2060003170711980E+02   5.2811222550231643E-02
   37000.0000000000000000   6.3597012089870691E+02   5.1805130848518482E-02
   38000.0000000000000000   6.5132336070036979E+02   5.0248070070231188E-02
   39000.0000000000000000   6.6663019666195794E+02   4.8861289483393543E-02
   40000.0000000000000000   6.8188342041735348E+02   4.7993284625230531E-02
   41000.0000000000000000   6.9712277802416338E+02   4.6796051038546276E-02
   42000.0000000000000000   7.1230004106940351E+02   4.6132423364825849E-02
   43000.0000000000000000   7.2747231063669608E+02   4.4931871421694553E-02
   44000.0000000000000000   7.4260265650709255E+02   4.4080025360241318E-02
   45000.0000000000000000   7.5767888034359896E+02   4.3468666999720580E-02
   46000.0000000000000000   7.7275280894740592E+02   4.2351471108937992E-02
   47000.0000000000000000   7.8779267476522386E+02   4.1716746876692190E-02
   48000.0000000000000000   8.0279568760285360E+02   4.1054094207384567E-02
   49000.0000000000000000   8.1777749830193068E+02   4.0325930317576378E-02
   50000.0000000000000000   8.3273488441165080E+02   3.9356848793435747E-02
