       0.1000000000000000   8.7022659724593183E+01   3.3537157127354420E-04
       0.2000000000000000   7.5897754708614769E+01   6.6350560918552494E-04
       0.3000000000000000   7.1810869089446655E+01   9.9737854868575931E-04
       0.4000000000000000   6.9897678778249855E+01   1.3239317879658625E-03
       0.5000000000000000   6.8653880588942414E+01   1.6541095816850464E-03
       0.6000000000000000   6.7736195837678423E+01   1.9883666542473725E-03
       0.7000000000000000   6.7009978485533267E+01   2.3271634524818065E-03
       0.7999999999999999   6.6401235043623984E+01   2.6708084696278312E-03
       0.8999999999999999   6.5876361092129144E+01   3.0186132232985605E-03
       0.9999999999999999   6.5401942703472145E+01   3.3718828200296519E-03
       2.0000000000000000   6.1765931455153698E+01   7.1970188419792878E-03
       3.0000000000000000   5.8643857438332063E+01   1.1613463420473275E-02
       4.0000000000000000   5.5677897599603178E+01   1.6673282995071811E-02
       5.0000000000000000   5.2861967871642001E+01   2.2405632267763098E-02
       6.0000000000000000   5.0218205593202320E+01   2.8824904788152458E-02
       7.0000000000000000   4.7763042403913069E+01   3.5929864469566315E-02
       8.0000000000000000   4.5497672785623301E+01   4.3712547645377811E-02
       9.0000000000000000   4.3415163053143210E+01   5.2160666348783670E-02
      10.0000000000000000   4.1502798476756858E+01   6.1261697998298788E-02
      11.0000000000000000   3.9746344200073899E+01   7.1003099844811859E-02
      12.0000000000000000   3.8130892357936702E+01   8.1373224176314943E-02
      13.0000000000000000   3.6642326468182794E+01   9.2362513305394980E-02
      14.0000000000000000   3.5266809970478207E+01   1.0396539833067137E-01
      15.0000000000000000   3.3991958449251776E+01   1.1617924041197672E-01
      16.0000000000000000   3.2806912708120052E+01   1.2900324981837694E-01
      17.0000000000000000   3.1701741942763615E+01   1.4244080532905223E-01
      18.0000000000000000   3.0667892159399237E+01   1.5649744140427471E-01
      19.0000000000000000   2.9697756885025594E+01   1.7118148479447812E-01
      20.0000000000000000   2.8784651221306049E+01   1.8650441085120367E-01
      21.0000000000000000   2.7922680967820451E+01   2.0248050671437329E-01
      22.0000000000000000   2.7106743665452655E+01   2.1912607853793145E-01
      23.0000000000000000   2.6332323624325209E+01   2.3646014355075709E-01
      24.0000000000000000   2.5595398577513016E+01   2.5450501592336394E-01
      25.0000000000000000   2.4892440759012473E+01   2.7328543183970888E-01
      26.0000000000000000   2.4220322621192853E+01   2.9282897997464874E-01
      27.0000000000000000   2.3576266444741279E+01   3.1316618404957453E-01
      28.0000000000000000   2.2957806937756985E+01   3.3433053515179728E-01
      29.0000000000000000   2.2362733319381746E+01   3.5635882041388323E-01
      30.0000000000000000   2.1789078156427014E+01   3.7929111344778182E-01
      31.0000000000000000   2.1235068478151465E+01   4.0317114330844850E-01
      32.0000000000000000   2.0699125116507439E+01   4.2804620242170310E-01
      33.0000000000000000   2.0179815571112009E+01   4.5396777376510600E-01
      34.0000000000000000   1.9675854083521727E+01   4.8099153165208863E-01
      35.0000000000000000   1.9186079292589245E+01   5.0917768941486663E-01
      36.0000000000000000   1.8709442654947338E+01   5.3859129279775031E-01
      37.0000000000000000   1.8244996629505891E+01   5.6930253628148997E-01
      38.0000000000000000   1.7791885429849174E+01   6.0138709087423547E-01
      39.0000000000000000   1.7349335641794021E+01   6.3492644855766200E-01
      40.0000000000000000   1.6916651498488832E+01   6.7000822607525479E-01
      41.0000000000000000   1.6493206431068415E+01   7.0672654045559635E-01
      42.0000000000000000   1.6078439854471149E+01   7.4518228067531589E-01
      43.0000000000000000   1.5671853236669778E+01   7.8548338565047626E-01
      44.0000000000000000   1.5273007857070230E+01   8.2774497727926732E-01
      45.0000000000000000   1.4881520700834123E+01   8.7208955009701938E-01
      46.0000000000000000   1.4497064871959363E+01   9.1864685275125413E-01
      47.0000000000000000   1.4119368386610512E+01   9.6755366403990672E-01
      47.9990000000000023   1.3748582175038626E+01   1.0189005988050159E+00
      48.0000000000000000   1.3748214230426822E+01   1.0189532927698970E+00
      48.0009999999999977   1.3747846292191150E+01   1.0190059893762222E+00
      48.9990000000000023   1.3383802534489950E+01   1.0729393345851437E+00
      49.0000000000000000   1.3383440908739294E+01   1.0729947464115817E+00
      49.0009999999999977   1.3383079289259642E+01   1.0730501610330696E+00
      50.0000000000000000   1.3024943486821293E+01   1.1298314742551985E+00
      51.0000000000000000   1.2672674788067031E+01   1.1896195924794519E+00
      52.0000000000000000   1.2326647127539442E+01   1.2525154678282082E+00
      52.9990000000000023   1.1987270096611967E+01   1.3186047284651432E+00
      53.0000000000000000   1.1986933576672804E+01   1.3186725641275583E+00
      53.0009999999999977   1.1986597063177433E+01   1.3187404031987382E+00
      54.0000000000000000   1.1653668989914982E+01   1.3882374489187288E+00
      54.9990000000000023   1.1327373217491656E+01   1.4612699914490446E+00
      55.0000000000000000   1.1327049998978836E+01   1.4613449091885011E+00
      55.0009999999999977   1.1326726787364471E+01   1.4614198305896968E+00
      56.0000000000000000   1.1007334050725079E+01   1.5381121650749514E+00
      57.0000000000000000   1.0694837149933839E+01   1.6186319757282412E+00
      58.0000000000000000   1.0389926600306065E+01   1.7029657699159557E+00
      58.9990000000000023   1.0093306783040426E+01   1.7910457166297928E+00
      59.0000000000000000   1.0093014011997354E+01   1.7911357988155479E+00
      59.0009999999999977   1.0092721249395881E+01   1.7912258848174318E+00
      60.0000000000000000   9.8045449691855762E+00   1.8831174098256322E+00
      60.9990000000000023   9.5252572252117123E+00   1.9787353708761901E+00
      61.0000000000000000   9.5249822665871609E+00   1.9788329111659793E+00
      61.0009999999999977   9.5247073173347001E+00   1.9789304550585365E+00
      62.0000000000000000   9.2547900981488045E+00   2.0781460440973683E+00
      63.0000000000000000   8.9944143313673131E+00   2.1808591125747321E+00
      64.0000000000000000   8.7442623001769704E+00   2.2867128338823965E+00
      65.0000000000000000   8.5046833989572495E+00   2.3953893659030463E+00
      66.0000000000000000   8.2759519998799966E+00   2.5065185496727875E+00
      67.0000000000000000   8.0582542194943834E+00   2.6196870349023316E+00
      68.0000000000000000   7.8516796113427674E+00   2.7344496184788354E+00
      69.0000000000000000   7.6562182767275662E+00   2.8503418885446634E+00
      70.0000000000000000   7.4717632806108716E+00   2.9668931721686400E+00
      71.0000000000000000   7.2981176742644411E+00   3.0836388430399011E+00
      72.0000000000000000   7.1350050755839369E+00   3.2001312210122115E+00
      72.9989999999999952   6.9822304935677035E+00   3.3158331994555916E+00
      73.0000000000000000   6.9820825329706775E+00   3.3159485471169821E+00
      73.0010000000000048   6.9819345821713465E+00   3.3160638937111280E+00
      74.0000000000000000   6.8389544469645474E+00   3.4307017811686666E+00
      74.9989999999999952   6.7053156763630080E+00   3.5439267064008857E+00
      75.0000000000000000   6.7051864321917849E+00   3.5440392294538250E+00
      75.0010000000000048   6.7050571969217794E+00   3.5441517507757498E+00
      76.0000000000000000   6.5803185606660941E+00   3.6556490245836426E+00
      77.0000000000000000   6.4638767612785593E+00   3.7652600937568685E+00
      78.0000000000000000   6.3553829806220943E+00   3.8726414736156944E+00
      79.0000000000000000   6.2543633178380533E+00   3.9776006740082166E+00
      79.9989999999999952   6.1604451220358367E+00   4.0798802163357930E+00
      80.0000000000000000   6.1603544645362245E+00   4.0799812652789313E+00
      80.0010000000000048   6.1602638135979619E+00   4.0800823115176899E+00
      81.0000000000000000   6.0729085501918982E+00   4.1796599889281421E+00
      82.0000000000000000   5.9915965963336575E+00   4.2765436167385040E+00
      83.0000000000000000   5.9160107962748931E+00   4.3705657327166527E+00
      84.0000000000000000   5.8457658372839427E+00   4.4616835664830452E+00
      85.0000000000000000   5.7804994717633136E+00   4.5498749669467156E+00
      86.0000000000000000   5.7198725051960340E+00   4.6351355739213496E+00
      87.0000000000000000   5.6635683496084308E+00   4.7174762240486388E+00
      88.0000000000000000   5.6112922942762626E+00   4.7969205832494168E+00
      88.9989999999999952   5.5628172467850820E+00   4.8734278959879127E+00
      89.0000000000000000   5.5627705141294834E+00   4.8735030627085685E+00
      89.0010000000000048   5.5627237849726034E+00   4.8735782266100216E+00
      90.0000000000000000   5.5177489983166570E+00   4.9472669362148824E+00
      91.0000000000000000   5.4759923811597560E+00   5.0182627014353125E+00
      92.0000000000000000   5.4372827488643374E+00   5.0865466458946944E+00
      93.0000000000000000   5.4014184514103292E+00   5.1521796029784905E+00
      94.0000000000000000   5.3682129426078946E+00   5.2152258791393704E+00
      95.0000000000000000   5.3374936643149864E+00   5.2757523338892991E+00
      96.0000000000000000   5.3091009852776327E+00   5.3338275950854106E+00
      97.0000000000000000   5.2828872006950442E+00   5.3895213932506731E+00
      97.9989999999999952   5.2587387895397333E+00   5.4428517484940242E+00
      98.0000000000000000   5.2587155950660192E+00   5.4429040000878555E+00
      98.0010000000000048   5.2586924025071058E+00   5.4429562494408676E+00
      99.0000000000000000   5.2364595717106850E+00   5.4940457575555435E+00
     100.0000000000000000   5.2160018410334157E+00   5.5430166859615886E+00
     110.0000000000000000   5.0898507462589038E+00   5.9280064211453247E+00
     116.9989999999999952   5.0623834509818169E+00   6.1054596694120784E+00
     117.0010000000000048   5.0623808085586450E+00   6.1055016159637061E+00
     120.0000000000000000   5.0612416839761982E+00   6.1634261077035788E+00
     130.0000000000000000   5.0909359787184574E+00   6.2950327651367406E+00
     140.0000000000000000   5.1576282474385398E+00   6.3547570671666671E+00
     150.0000000000000000   5.2489320464400473E+00   6.3645721926165271E+00
     160.0000000000000000   5.3572249578950331E+00   6.3396524799143030E+00
     170.0000000000000000   5.4775917762992998E+00   6.2905741765550776E+00
     180.0000000000000000   5.6067382888397930E+00   6.2247869254278596E+00
     190.0000000000000000   5.7423846020502056E+00   6.1475913322063205E+00
     200.0000000000000000   5.8805727253520246E+00   6.0732587328157610E+00
     210.0000000000000000   6.0240958276316050E+00   5.9894713833471300E+00
     220.0000000000000000   6.1687880071101553E+00   5.9073882841298406E+00
     230.0000000000000000   6.3215636538265487E+00   5.8066128052001575E+00
     240.0000000000000000   6.4675207106850543E+00   5.7297108828878125E+00
     250.0000000000000000   6.6205467759768073E+00   5.6363659947997728E+00
     260.0000000000000000   6.7734462226403656E+00   5.5469865465947512E+00
     270.0000000000000000   6.9321658536590789E+00   5.4445096720954860E+00
     280.0000000000000000   7.0844612001461460E+00   5.3631723384179422E+00
     287.9990000000000236   7.2072573347838231E+00   5.2973743289517783E+00
     288.0009999999999764   7.2072922124773982E+00   5.2973465002135560E+00
     290.0000000000000000   7.2365596010181958E+00   5.2851078065024950E+00
     300.0000000000000000   7.3937936269600142E+00   5.1953700983687474E+00
     310.0000000000000000   7.5504434309170501E+00   5.1097257228092374E+00
     320.0000000000000000   7.7065233571933875E+00   5.0278917769214759E+00
     330.0000000000000000   7.8571164392722110E+00   4.9627767179985094E+00
     340.0000000000000000   8.0122326004548192E+00   4.8873467591967339E+00
     350.0000000000000000   8.1714961101779924E+00   4.8027841735603944E+00
     360.0000000000000000   8.3254495558802883E+00   4.7338273053601370E+00
     370.0000000000000000   8.4789097055925193E+00   4.6675951363733192E+00
     380.0000000000000000   8.6318913557083388E+00   4.6039219344309048E+00
     390.0000000000000000   8.7886702294642767E+00   4.5318754527072578E+00
     400.0000000000000000   8.9406264100032544E+00   4.4732027323997787E+00
     410.0000000000000000   9.0962447849962622E+00   4.4064838773022474E+00
     420.0000000000000000   9.2472397941911062E+00   4.3522265101744013E+00
     430.0000000000000000   9.4017656669151748E+00   4.2902340721821588E+00
     440.0000000000000000   9.5557427876996837E+00   4.2305314215371936E+00
     450.0000000000000000   9.7053550350197089E+00   4.1821173986878115E+00
     460.0000000000000000   9.8583328752316941E+00   4.1263894231773461E+00
     470.0000000000000000   1.0010806824488546E+01   4.0726000444928916E+00
     480.0000000000000000   1.0162790868974049E+01   4.0206453840169933E+00
     490.0000000000000000   1.0314298397516831E+01   3.9704290909678104E+00
     500.0000000000000000   1.0465342249014324E+01   3.9218616267967255E+00
     510.0000000000000000   1.0615934772457202E+01   3.8748595844578535E+00
     520.0000000000000000   1.0766087853506258E+01   3.8293451553563354E+00
     530.0000000000000000   1.0915812930135008E+01   3.7852456697245933E+00
     540.0000000000000000   1.1065120990431506E+01   3.7424932164179583E+00
     550.0000000000000000   1.1214022605514975E+01   3.7010242342319764E+00
     560.0000000000000000   1.1362527932954071E+01   3.6607791911019905E+00
     570.0000000000000000   1.1513886458144507E+01   3.6147344209777872E+00
     579.9990000000000236   1.1661566365122894E+01   3.5769163892784648E+00
     580.0000000000000000   1.1661581758874780E+01   3.5769112933456020E+00
     580.0009999999999764   1.1661597152622718E+01   3.5769061974282779E+00
     588.9990000000000236   1.1793543985149121E+01   3.5451275968444400E+00
     589.0009999999999764   1.1793574689091916E+01   3.5451176364289432E+00
     590.0000000000000000   1.1808909410000702E+01   3.5401497975368388E+00
     600.0000000000000000   1.1955878179152906E+01   3.5044037131740047E+00
     610.0000000000000000   1.2105591937726558E+01   3.4631726410218540E+00
     620.0000000000000000   1.2251822860034016E+01   3.4294495258941380E+00
     630.0000000000000000   1.2397719344628912E+01   3.3966154845745105E+00
     640.0000000000000000   1.2546287449568272E+01   3.3585141945530217E+00
     644.9990000000000236   1.2618915276120060E+01   3.3428904852850958E+00
     645.0009999999999764   1.2618945514685274E+01   3.3428818473102182E+00
     650.0000000000000000   1.2691494305470362E+01   3.3274579819739265E+00
     655.9990000000000236   1.2779042803133073E+01   3.3080156688027413E+00
     656.0009999999999764   1.2779072955317407E+01   3.3080072520092854E+00
     660.0000000000000000   1.2839333499818183E+01   3.2912719153875893E+00
     670.0000000000000000   1.2983880276508238E+01   3.2618499461609707E+00
     680.0000000000000000   1.3131019576774692E+01   3.2274298907617860E+00
     690.0000000000000000   1.3274933303170510E+01   3.1995149557332128E+00
     700.0000000000000000   1.3421399948668912E+01   3.1667270286997398E+00
     701.9990000000000236   1.3451210875731865E+01   3.1591645141006754E+00
     702.0009999999999764   1.3451240695555903E+01   3.1591569665687116E+00
     710.0000000000000000   1.3564706198774921E+01   3.1402044917309935E+00
     712.9990000000000236   1.3609315124009875E+01   3.1291169762752054E+00
     713.0009999999999764   1.3609344864603537E+01   3.1291096087244430E+00
     720.0000000000000000   1.3710525250623864E+01   3.1089292339243704E+00
     725.9990000000000236   1.3796731773176175E+01   3.0926601401514171E+00
     726.0009999999999764   1.3796761424484803E+01   3.0926529802783440E+00
     730.0000000000000000   1.3856027054387837E+01   3.0784035264078713E+00
     740.0000000000000000   1.3998443192310877E+01   3.0538252322259840E+00
     750.0000000000000000   1.4143332042290991E+01   3.0246524765125731E+00
     760.0000000000000000   1.4287917784500443E+01   2.9961563800912780E+00
     770.0000000000000000   1.4429495640515471E+01   2.9733123701215880E+00
     772.9189999999999827   1.4472348299555396E+01   2.9638305402455738E+00
     772.9209999999999354   1.4472377652209945E+01   2.9638240663717199E+00
     780.0000000000000000   1.4573501352649622E+01   2.9460293754796227E+00
     790.0000000000000000   1.4717217441315896E+01   2.9193590916174230E+00
     800.0000000000000000   1.4858003303536787E+01   2.8980703809749659E+00
     810.0000000000000000   1.5001169662290920E+01   2.8724918725531299E+00
     820.0000000000000000   1.5144060420526257E+01   2.8474676193694655E+00
     830.0000000000000000   1.5286679060488195E+01   2.8229808670609349E+00
     840.0000000000000000   1.5429032057864376E+01   2.7990101707258677E+00
     850.0000000000000000   1.5568568543693520E+01   2.7800118176496729E+00
     850.9990000000000236   1.5583005238934620E+01   2.7772403670307493E+00
     851.0009999999999764   1.5583034138121173E+01   2.7772348255651322E+00
     859.9990000000000236   1.5710401263418849E+01   2.7569675069388628E+00
     860.0000000000000000   1.5710415688322431E+01   2.7569647845344143E+00
     860.0009999999999764   1.5710430113222937E+01   2.7569620621367386E+00
     870.0000000000000000   1.5852007587910704E+01   2.7343904381067397E+00
     876.9990000000000236   1.5950208021464990E+01   2.7201573080388086E+00
     877.0009999999999764   1.5950236780717482E+01   2.7201520352411102E+00
     880.0000000000000000   1.5993349603691446E+01   2.7122714113578361E+00
     890.0000000000000000   1.6134447041693157E+01   2.6905909760126261E+00
     900.0000000000000000   1.6275303920486991E+01   2.6693350917530165E+00
     910.0000000000000000   1.6415923207755647E+01   2.6484919000913045E+00
     920.0000000000000000   1.6553854100862729E+01   2.6321643161351207E+00
     930.0000000000000000   1.6694014368014475E+01   2.6120718696100518E+00
     940.0000000000000000   1.6833946177984359E+01   2.5923592086044840E+00
     950.0000000000000000   1.6973653314242512E+01   2.5730144087858693E+00
     960.0000000000000000   1.7113139150646788E+01   2.5540265476085264E+00
     970.0000000000000000   1.7252406702850987E+01   2.5353855818733257E+00
     980.0000000000000000   1.7391458786903815E+01   2.5170820610293734E+00
     990.0000000000000000   1.7530298134067650E+01   2.4991069210257324E+00
    1000.0000000000000000   1.7668927451850646E+01   2.4814513726986029E+00
    1014.9990000000001373   1.7877644371955579E+01   2.4536891827875711E+00
    1015.0010000000000900   1.7877672481979570E+01   2.4536850392067615E+00
    1100.0000000000000000   1.9044244204272559E+01   2.3207218490242671E+00
    1200.0000000000000000   2.0405552700827325E+01   2.1778855750571977E+00
    1300.0000000000000000   2.1750229318601622E+01   2.0549824022296441E+00
    1400.0000000000000000   2.3079954375405919E+01   1.9480143154587624E+00
    1500.0000000000000000   2.4398051587841092E+01   1.8515666542435372E+00
    1600.0000000000000000   2.5705578782748159E+01   1.7637838799112955E+00
    1700.0000000000000000   2.7001496235738532E+01   1.6854962535023017E+00
    1800.0000000000000000   2.8286698152225693E+01   1.6152017326339616E+00
    1900.0000000000000000   2.9563670335136827E+01   1.5498486620162195E+00
    2000.0000000000000000   3.0829699694706033E+01   1.4922126773310049E+00
    2100.0000000000000000   3.2088700455148235E+01   1.4379481726718808E+00
    2200.0000000000000000   3.3341065339778076E+01   1.3866828183425695E+00
    2300.0000000000000000   3.4584223699406209E+01   1.3409262991832067E+00
    2400.0000000000000000   3.5821471827361648E+01   1.2973914388598258E+00
    2500.0000000000000000   3.7051870522711717E+01   1.2569982674569471E+00
    2600.0000000000000000   3.8275675828300457E+01   1.2194798604986827E+00
    2700.0000000000000000   3.9493149647016793E+01   1.1845816697278491E+00
    2800.0000000000000000   4.0706399684589961E+01   1.1505295913174451E+00
    2900.0000000000000000   4.1912156409174798E+01   1.1200929036620630E+00
    3000.0000000000000000   4.3114080113936765E+01   1.0902336499751941E+00
    3100.0000000000000000   4.4308967186232408E+01   1.0635622533334441E+00
    3200.0000000000000000   4.5500634243030810E+01   1.0370600528108993E+00
    3300.0000000000000000   4.6687171547813101E+01   1.0122561388102098E+00
    3400.0000000000000000   4.7869196067278821E+01   9.8871685637412965E-01
    3500.0000000000000000   4.9046712493037866E+01   9.6644328236888000E-01
    3600.0000000000000000   5.0220138424035227E+01   9.4517672541824904E-01
    3700.0000000000000000   5.1390678539084170E+01   9.2406182608276677E-01
    3800.0000000000000000   5.2555604594068626E+01   9.0505617077069234E-01
    3900.0000000000000000   5.3716328382858798E+01   8.8713996264598005E-01
    4000.0000000000000000   5.4875101165854467E+01   8.6888374454563200E-01
    4100.0000000000000000   5.6028729896060639E+01   8.5242022977530296E-01
    4200.0000000000000000   5.7179982599435377E+01   8.3591576946017443E-01
    4300.0000000000000000   5.8326787844998918E+01   8.2078705051050660E-01
    4400.0000000000000000   5.9471951721104872E+01   8.0526256466286561E-01
    4500.0000000000000000   6.0612540668137285E+01   7.9111744417472962E-01
    4600.0000000000000000   6.1751766408333985E+01   7.7654782310436044E-01
    4700.0000000000000000   6.2884533203946859E+01   7.6445705350738791E-01
    4800.0000000000000000   6.4016830878103860E+01   7.5144964499036382E-01
    4900.0000000000000000   6.5146438841880808E+01   7.3881242104168265E-01
    5000.0000000000000000   6.6272959049502958E+01   7.2675908008035728E-01
    5100.0000000000000000   6.7396533726649054E+01   7.1523252745460797E-01
    5200.0000000000000000   6.8517246918685075E+01   7.0420008904907594E-01
    5300.0000000000000000   6.9635109371024157E+01   6.9365791379643638E-01
    5400.0000000000000000   7.0751125956611972E+01   6.8306530117910635E-01
    5500.0000000000000000   7.1865056072696106E+01   6.7267439289592068E-01
    5600.0000000000000000   7.2976302335822666E+01   6.6275499226426660E-01
    5700.0000000000000000   7.4082854838911928E+01   6.5422727073591780E-01
    5800.0000000000000000   7.5190329901172049E+01   6.4446312689596064E-01
    5900.0000000000000000   7.6293294618021335E+01   6.3591546418948186E-01
    5994.9989999999997963   7.7340343603145399E+01   6.2752581839134469E-01
    5995.0010000000002037   7.7340365960354760E+01   6.2752548749708215E-01
    6000.0000000000000000   7.7396163691225681E+01   6.2673156699573340E-01
    6100.0000000000000000   7.8494705599731233E+01   6.1879597489511207E-01
    6200.0000000000000000   7.9591633008896835E+01   6.1080521864045068E-01
    6300.0000000000000000   8.0687494900373935E+01   6.0260568665190206E-01
    6400.0000000000000000   8.1780644464393774E+01   5.9495258516307736E-01
    6500.0000000000000000   8.2873047481912621E+01   5.8689942549502816E-01
    6543.9989999999997963   8.3349460527645761E+01   5.8495657031550041E-01
    6544.0010000000002037   8.3349482391427955E+01   5.8495639834252156E-01
    6600.0000000000000000   8.3960846842115998E+01   5.8018215748025137E-01
    6700.0000000000000000   8.5048662163429725E+01   5.7284538586246303E-01
    6800.0000000000000000   8.6133031449754114E+01   5.6632683041268284E-01
    6900.0000000000000000   8.7217741736724122E+01   5.5906083954975760E-01
    7000.0000000000000000   8.8298700362294952E+01   5.5279610633014820E-01
    7100.0000000000000000   8.9379003232595963E+01   5.4616613690948956E-01
    7116.9989999999997963   8.9559926366492121E+01   5.4601580907086877E-01
    7117.0010000000002037   8.9559947893590333E+01   5.4601569933498639E-01
    7200.0000000000000000   9.0456291037111143E+01   5.4020859194319193E-01
    7300.0000000000000000   9.1530929073453706E+01   5.3479467531160574E-01
    7400.0000000000000000   9.2605823700693875E+01   5.2861737868083758E-01
    7500.0000000000000000   9.3680992136015988E+01   5.2200121297211843E-01
    7600.0000000000000000   9.4750243406303994E+01   5.1702414891421100E-01
    7700.0000000000000000   9.5818794437180628E+01   5.1185390440491174E-01
    7800.0000000000000000   9.6889096459099179E+01   5.0561582645691627E-01
    7900.0000000000000000   9.7952404200347857E+01   5.0138812002243927E-01
    8000.0000000000000000   9.9020746717205597E+01   4.9493125597727861E-01
    8100.0000000000000000   1.0008174476862757E+02   4.9073194463956454E-01
    8200.0000000000000000   1.0114539179809377E+02   4.8500965556244102E-01
    8300.0000000000000000   1.0220192430867010E+02   4.8151542303242478E-01
    8337.9989999999997963   1.0260464081733640E+02   4.7965279110801934E-01
    8338.0010000000002037   1.0260466216615409E+02   4.7965263480393938E-01
    8400.0000000000000000   1.0326390773630733E+02   4.7569857949798877E-01
    8500.0000000000000000   1.0431868546503210E+02   4.7191411146836770E-01
    8600.0000000000000000   1.0537599503843437E+02   4.6683463129653235E-01
    8700.0000000000000000   1.0643157389549499E+02   4.6196484204126848E-01
    8800.0000000000000000   1.0748110787752458E+02   4.5889189676856951E-01
    8900.0000000000000000   1.0853424360327057E+02   4.5419422867802756E-01
    9000.0000000000000000   1.0958596747563011E+02   4.4954173249741786E-01
    9100.0000000000000000   1.1063634021086153E+02   4.4491547544931054E-01
    9200.0000000000000000   1.1168002280301452E+02   4.4212799448319556E-01
    9300.0000000000000000   1.1272621976867963E+02   4.3825587774526836E-01
    9400.0000000000000000   1.1377337243929526E+02   4.3377254432542928E-01
    9500.0000000000000000   1.1481749793842926E+02   4.2993555645269793E-01
    9600.0000000000000000   1.1586038983278712E+02   4.2616763421651221E-01
    9700.0000000000000000   1.1690275465328850E+02   4.2222431826197349E-01
    9800.0000000000000000   1.1794353045205762E+02   4.1844065939202835E-01
    9900.0000000000000000   1.1898242750146329E+02   4.1492200288073500E-01
   10000.0000000000000000   1.2001988587113490E+02   4.1153994222041290E-01
   11000.0000000000000000   1.3032973769192040E+02   3.8170092747284912E-01
   12000.0000000000000000   1.4054458145916146E+02   3.5376677178480492E-01
   13000.0000000000000000   1.5066094965853804E+02   3.3039660487523304E-01
   14000.0000000000000000   1.6069215200134414E+02   3.1068637318123649E-01
   15000.0000000000000000   1.7064195627002437E+02   2.9352606801323256E-01
   16000.0000000000000000   1.8052482700468514E+02   2.7783768261123132E-01
   17000.0000000000000000   1.9033842790493367E+02   2.6367592076004998E-01
   18000.0000000000000000   2.0009118341241555E+02   2.5133071810988938E-01
   19000.0000000000000000   2.0978173070791263E+02   2.4059934251181536E-01
   20000.0000000000000000   2.1942657599061565E+02   2.3012079021142248E-01
   21000.0000000000000000   2.2901562699052619E+02   2.2085483237665304E-01
   22000.0000000000000000   2.3856143056035054E+02   2.1150090742369890E-01
   23000.0000000000000000   2.4804934446240065E+02   2.0392601578477007E-01
   24000.0000000000000000   2.5750914269544154E+02   1.9673512151462852E-01
   25000.0000000000000000   2.6691866847925047E+02   1.9087901873659596E-01
   26000.0000000000000000   2.7629743886389701E+02   1.8389726601286549E-01
   27000.0000000000000000   2.8562408247475378E+02   1.7964212261058099E-01
   28000.0000000000000000   2.9493058549310683E+02   1.7240083647505614E-01
   29000.0000000000000000   3.0419511692802644E+02   1.6747281570025607E-01
   30000.0000000000000000   3.1342993022748101E+02   1.6318877217542851E-01
   31000.0000000000000000   3.2264274725407569E+02   1.5782938140662067E-01
   32000.0000000000000000   3.3179922437776600E+02   1.5399302464986742E-01
   33000.0000000000000000   3.4094514203162129E+02   1.5006588271687418E-01
   34000.0000000000000000   3.5006403176963693E+02   1.4634141686120050E-01
   35000.0000000000000000   3.5915504138036789E+02   1.4241662612708428E-01
   36000.0000000000000000   3.6820584045152856E+02   1.3994457115782508E-01
   37000.0000000000000000   3.7725590329573703E+02   1.3623284238139585E-01
   38000.0000000000000000   3.8629206413130737E+02   1.3261092418849330E-01
   39000.0000000000000000   3.9525203913925958E+02   1.3137526591642246E-01
   40000.0000000000000000   4.0421944451096738E+02   1.2830535965797377E-01
   41000.0000000000000000   4.1318155971148093E+02   1.2539172159629808E-01
   42000.0000000000000000   4.2209610678858547E+02   1.2277420718505357E-01
   43000.0000000000000000   4.3101359594840750E+02   1.1917135495097307E-01
   44000.0000000000000000   4.3992259389850938E+02   1.1634709893672542E-01
   45000.0000000000000000   4.4874971996011027E+02   1.1448992767985662E-01
   46000.0000000000000000   4.5759366532152723E+02   1.1232363244416325E-01
   47000.0000000000000000   4.6643696135419236E+02   1.1063204710412397E-01
   48000.0000000000000000   4.7526482649050411E+02   1.0790518008559193E-01
   49000.0000000000000000   4.8402526186028689E+02   1.0850824665409131E-01
   50000.0000000000000000   4.9280514096250113E+02   1.0589091452881641E-01
