       0.0010000000000000   1.0000000000000000E+30   0.0000000000000000E+00
       0.1000000000000000   1.0000000000000000E+30   0.0000000000000000E+00
       0.2000000000000000   1.0000000000000000E+30   0.0000000000000000E+00
       0.3000000000000000   1.0000000000000000E+30   0.0000000000000000E+00
       0.4000000000000000   1.0000000000000000E+30   0.0000000000000000E+00
       0.5000000000000000   1.0000000000000000E+30   0.0000000000000000E+00
       0.6000000000000000   1.0000000000000000E+30   0.0000000000000000E+00
       0.7000000000000000   1.0000000000000000E+30   0.0000000000000000E+00
       0.7999999999999999   1.0000000000000000E+30   0.0000000000000000E+00
       0.8999999999999999   1.0000000000000000E+30   0.0000000000000000E+00
       0.9999999999999999   1.0000000000000000E+30   0.0000000000000000E+00
       2.0000000000000000   1.0000000000000000E+30   0.0000000000000000E+00
       3.0000000000000000   1.0000000000000000E+30   0.0000000000000000E+00
       4.0000000000000000   1.0000000000000000E+30   0.0000000000000000E+00
       5.0000000000000000   1.0000000000000000E+30   0.0000000000000000E+00
       6.0000000000000000   1.0000000000000000E+30   0.0000000000000000E+00
       7.0000000000000000   1.0000000000000000E+30   0.0000000000000000E+00
       8.0000000000000000   1.0000000000000000E+30   0.0000000000000000E+00
       9.0000000000000000   1.0000000000000000E+30   0.0000000000000000E+00
      10.0000000000000000   1.0000000000000000E+30   0.0000000000000000E+00
      11.0000000000000000   1.0000000000000000E+30   0.0000000000000000E+00
      12.0000000000000000   1.0000000000000000E+30   0.0000000000000000E+00
      13.0000000000000000   1.0000000000000000E+30   0.0000000000000000E+00
      14.0000000000000000   1.0000000000000000E+30   0.0000000000000000E+00
      15.0000000000000000   1.0000000000000000E+30   0.0000000000000000E+00
      16.0000000000000000   1.0000000000000000E+30   0.0000000000000000E+00
      17.0000000000000000   1.0000000000000000E+30   0.0000000000000000E+00
      18.0000000000000000   1.0000000000000000E+30   0.0000000000000000E+00
      19.0000000000000000   1.0000000000000000E+30   0.0000000000000000E+00
      20.0000000000000000   1.0000000000000000E+30   0.0000000000000000E+00
      21.0000000000000000   1.0000000000000000E+30   0.0000000000000000E+00
      22.0000000000000000   1.0000000000000000E+30   0.0000000000000000E+00
      23.0000000000000000   1.0000000000000000E+30   0.0000000000000000E+00
      24.0000000000000000   1.0000000000000000E+30   0.0000000000000000E+00
      25.0000000000000000   1.0000000000000000E+30   0.0000000000000000E+00
      26.0000000000000000   1.0000000000000000E+30   0.0000000000000000E+00
      27.0000000000000000   1.0000000000000000E+30   0.0000000000000000E+00
      27.9989999999999988   1.0000000000000000E+30   0.0000000000000000E+00
      28.0000000000000000   1.0000000000000000E+30   0.0000000000000000E+00
      28.0010000000000012   1.0000000000000000E+30   0.0000000000000000E+00
      29.0000000000000000   1.0000000000000000E+30   0.0000000000000000E+00
      29.9989999999999988   1.0000000000000000E+30   0.0000000000000000E+00
      30.0000000000000000   1.0000000000000000E+30   0.0000000000000000E+00
      30.0010000000000012   1.0000000000000000E+30   0.0000000000000000E+00
      31.0000000000000000   1.0000000000000000E+30   0.0000000000000000E+00
      32.0000000000000000   1.0000000000000000E+30   0.0000000000000000E+00
      33.0000000000000000   1.0000000000000000E+30   0.0000000000000000E+00
      34.0000000000000000   1.0000000000000000E+30   0.0000000000000000E+00
      35.0000000000000000   1.0000000000000000E+30   0.0000000000000000E+00
      35.9990000000000023   1.0000000000000000E+30   0.0000000000000000E+00
      36.0000000000000000   1.0000000000000000E+30   0.0000000000000000E+00
      36.0009999999999977   1.0000000000000000E+30   0.0000000000000000E+00
      37.0000000000000000   1.0000000000000000E+30   0.0000000000000000E+00
      37.9990000000000023   1.0000000000000000E+30   0.0000000000000000E+00
      38.0000000000000000   1.0000000000000000E+30   0.0000000000000000E+00
      38.0009999999999977   1.0000000000000000E+30   0.0000000000000000E+00
      39.0000000000000000   1.0000000000000000E+30   0.0000000000000000E+00
      40.0000000000000000   1.0000000000000000E+30   0.0000000000000000E+00
      41.0000000000000000   1.0000000000000000E+30   0.0000000000000000E+00
      42.0000000000000000   1.0000000000000000E+30   0.0000000000000000E+00
      43.0000000000000000   1.0000000000000000E+30   0.0000000000000000E+00
      44.0000000000000000   1.0000000000000000E+30   0.0000000000000000E+00
      45.0000000000000000   1.0000000000000000E+30   0.0000000000000000E+00
      46.0000000000000000   1.0000000000000000E+30   0.0000000000000000E+00
      47.0000000000000000   1.0000000000000000E+30   0.0000000000000000E+00
      48.0000000000000000   1.0000000000000000E+30   0.0000000000000000E+00
      49.0000000000000000   1.0000000000000000E+30   0.0000000000000000E+00
      50.0000000000000000   1.0000000000000000E+30   0.0000000000000000E+00
      51.0000000000000000   1.0000000000000000E+30   0.0000000000000000E+00
      52.0000000000000000   1.0000000000000000E+30   0.0000000000000000E+00
      53.0000000000000000   1.0000000000000000E+30   0.0000000000000000E+00
      54.0000000000000000   1.0000000000000000E+30   0.0000000000000000E+00
      55.0000000000000000   1.0000000000000000E+30   0.0000000000000000E+00
      56.0000000000000000   1.0000000000000000E+30   0.0000000000000000E+00
      57.0000000000000000   1.0000000000000000E+30   0.0000000000000000E+00
      58.0000000000000000   1.0000000000000000E+30   0.0000000000000000E+00
      59.0000000000000000   1.0000000000000000E+30   0.0000000000000000E+00
      60.0000000000000000   1.0000000000000000E+30   0.0000000000000000E+00
      61.0000000000000000   1.0000000000000000E+30   0.0000000000000000E+00
      62.0000000000000000   1.0000000000000000E+30   0.0000000000000000E+00
      63.0000000000000000   1.0000000000000000E+30   0.0000000000000000E+00
      64.0000000000000000   1.0000000000000000E+30   0.0000000000000000E+00
      65.0000000000000000   1.0000000000000000E+30   0.0000000000000000E+00
      66.0000000000000000   1.0000000000000000E+30   0.0000000000000000E+00
      67.0000000000000000   1.0000000000000000E+30   0.0000000000000000E+00
      68.0000000000000000   1.0000000000000000E+30   0.0000000000000000E+00
      69.0000000000000000   1.0000000000000000E+30   0.0000000000000000E+00
      70.0000000000000000   1.0000000000000000E+30   0.0000000000000000E+00
      71.0000000000000000   1.0000000000000000E+30   0.0000000000000000E+00
      72.0000000000000000   1.0000000000000000E+30   0.0000000000000000E+00
      73.0000000000000000   1.0000000000000000E+30   0.0000000000000000E+00
      74.0000000000000000   1.0000000000000000E+30   0.0000000000000000E+00
      75.0000000000000000   1.0000000000000000E+30   0.0000000000000000E+00
      76.0000000000000000   1.0000000000000000E+30   0.0000000000000000E+00
      77.0000000000000000   1.0000000000000000E+30   0.0000000000000000E+00
      78.0000000000000000   1.0000000000000000E+30   0.0000000000000000E+00
      79.0000000000000000   1.0000000000000000E+30   0.0000000000000000E+00
      80.0000000000000000   1.0000000000000000E+30   0.0000000000000000E+00
      81.0000000000000000   1.0000000000000000E+30   0.0000000000000000E+00
      82.0000000000000000   1.0000000000000000E+30   0.0000000000000000E+00
      83.0000000000000000   1.0000000000000000E+30   0.0000000000000000E+00
      84.0000000000000000   1.0000000000000000E+30   0.0000000000000000E+00
      85.0000000000000000   1.0000000000000000E+30   0.0000000000000000E+00
      86.0000000000000000   1.0000000000000000E+30   0.0000000000000000E+00
      87.0000000000000000   1.0000000000000000E+30   0.0000000000000000E+00
      88.0000000000000000   1.0000000000000000E+30   0.0000000000000000E+00
      89.0000000000000000   1.0000000000000000E+30   0.0000000000000000E+00
      90.0000000000000000   1.0000000000000000E+30   0.0000000000000000E+00
      91.0000000000000000   1.0000000000000000E+30   0.0000000000000000E+00
      92.0000000000000000   1.0000000000000000E+30   0.0000000000000000E+00
      93.0000000000000000   1.0000000000000000E+30   0.0000000000000000E+00
      94.0000000000000000   1.0000000000000000E+30   0.0000000000000000E+00
      95.0000000000000000   1.0000000000000000E+30   0.0000000000000000E+00
      96.0000000000000000   1.0000000000000000E+30   0.0000000000000000E+00
      97.0000000000000000   1.0000000000000000E+30   0.0000000000000000E+00
      98.0000000000000000   1.0000000000000000E+30   0.0000000000000000E+00
      99.0000000000000000   1.0000000000000000E+30   0.0000000000000000E+00
     100.0000000000000000   1.0000000000000000E+30   0.0000000000000000E+00
     110.0000000000000000   1.0000000000000000E+30   0.0000000000000000E+00
     120.0000000000000000   1.0000000000000000E+30   0.0000000000000000E+00
     130.0000000000000000   1.0000000000000000E+30   0.0000000000000000E+00
     140.0000000000000000   1.0000000000000000E+30   0.0000000000000000E+00
     150.0000000000000000   1.0000000000000000E+30   0.0000000000000000E+00
     160.0000000000000000   1.0000000000000000E+30   0.0000000000000000E+00
     170.0000000000000000   1.0000000000000000E+30   0.0000000000000000E+00
     180.0000000000000000   1.0000000000000000E+30   0.0000000000000000E+00
     190.0000000000000000   1.0000000000000000E+30   0.0000000000000000E+00
     200.0000000000000000   1.0000000000000000E+30   0.0000000000000000E+00
     210.0000000000000000   1.0000000000000000E+30   0.0000000000000000E+00
     220.0000000000000000   1.0000000000000000E+30   0.0000000000000000E+00
     230.0000000000000000   1.0000000000000000E+30   0.0000000000000000E+00
     240.0000000000000000   2.3301612452865974E+05   1.0035798897360159E-03
     250.0000000000000000   6.7383237699096411E+04   3.5041405275250469E-03
     260.0000000000000000   3.4056069819880824E+04   6.9990181757814893E-03
     270.0000000000000000   2.1226213287431805E+04   1.1334005095706704E-02
     280.0000000000000000   1.4794882965235058E+04   1.6410032541589913E-02
     290.0000000000000000   1.1060584882393548E+04   2.2149317375037291E-02
     300.0000000000000000   8.6773170327690041E+03   2.8485941799984687E-02
     310.0000000000000000   7.0520790468074938E+03   3.5362412575805420E-02
     320.0000000000000000   5.8880116604892637E+03   4.2726980839713331E-02
     330.0000000000000000   5.0222098887279417E+03   5.0531056626588793E-02
     340.0000000000000000   4.3585670648048772E+03   5.8730492167927237E-02
     350.0000000000000000   3.8372532493866470E+03   6.7284174691639026E-02
     360.0000000000000000   3.4193541116800384E+03   7.6152966270123301E-02
     370.0000000000000000   3.0785853963810246E+03   8.5299735915539632E-02
     380.0000000000000000   2.7966865125412578E+03   9.4687342631927129E-02
     390.0000000000000000   2.5605376332961046E+03   1.0428184532258361E-01
     400.0000000000000000   2.3605623162818779E+03   1.1404966558328847E-01
     410.0000000000000000   2.1896145253699133E+03   1.2395812732558317E-01
     420.0000000000000000   2.0422639596747692E+03   1.3397548830384209E-01
     430.0000000000000000   1.9143193312893663E+03   1.4407108038169700E-01
     440.0000000000000000   1.8024961441861710E+03   1.5421557520592719E-01
     450.0000000000000000   1.7041937772353310E+03   1.6438057742787335E-01
     460.0000000000000000   1.6173250979413663E+03   1.7453922511771108E-01
     470.0000000000000000   1.5402020943611456E+03   1.8466542116860435E-01
     480.0000000000000000   1.4714305296234861E+03   1.9473665620198957E-01
     490.0000000000000000   1.4098788895490670E+03   2.0472905915254247E-01
     500.0000000000000000   1.3545923953219524E+03   2.1462253657694916E-01
     510.0000000000000000   1.3047749627949474E+03   2.2439807627639879E-01
     520.0000000000000000   1.2597539380376004E+03   2.3403854669688870E-01
     530.0000000000000000   1.2189585897883774E+03   2.4352851263666564E-01
     540.0000000000000000   1.1819003948988454E+03   2.5285449541353688E-01
     550.0000000000000000   1.1481614053238570E+03   2.6200440515745632E-01
     560.0000000000000000   1.1173791980765197E+03   2.7096822287555244E-01
     570.0000000000000000   1.0892404318657411E+03   2.7973729432256367E-01
     580.0000000000000000   1.0634727068138093E+03   2.8830436648115076E-01
     590.0000000000000000   1.0398373376270156E+03   2.9666373113404176E-01
     600.0000000000000000   1.0181250467096613E+03   3.0481097892452014E-01
     610.0000000000000000   9.9815143932433512E+02   3.1274294173059092E-01
     620.0000000000000000   9.7975420898775064E+02   3.2045732902438839E-01
     630.0000000000000000   9.6278933500813810E+02   3.2795298308136961E-01
     640.0000000000000000   9.4712846964675418E+02   3.3522969897472626E-01
     650.0000000000000000   9.3265766441078063E+02   3.4228800428651079E-01
     660.0000000000000000   9.1927519109275352E+02   3.4912906196631904E-01
     670.0000000000000000   9.0688976168295369E+02   3.5575472618373033E-01
     680.0000000000000000   8.9541964382073002E+02   3.6216733184305300E-01
     690.0000000000000000   8.8479106576434094E+02   3.6836976996536197E-01
     700.0000000000000000   8.7493802702441349E+02   3.7436509734495294E-01
     710.0000000000000000   8.6580030295294091E+02   3.8015700867385588E-01
     720.0000000000000000   8.5732377895195862E+02   3.8574927945830029E-01
     730.0000000000000000   8.4945936778835471E+02   3.9114588556761537E-01
     740.0000000000000000   8.4216237647421372E+02   3.9635109585538808E-01
     750.0000000000000000   8.3539217351094385E+02   4.0136925225051617E-01
     760.0000000000000000   8.2911160069423022E+02   4.0620489807990395E-01
     770.0000000000000000   8.2328703320300860E+02   4.1086243276243833E-01
     780.0000000000000000   8.1788745208095725E+02   4.1534652274797540E-01
     790.0000000000000000   8.1288446379984725E+02   4.1966177671690308E-01
     800.0000000000000000   8.0825236749491876E+02   4.2381264915206474E-01
     810.0000000000000000   8.0396693844693380E+02   4.2780391985660754E-01
     820.0000000000000000   8.0000633804101301E+02   4.3164007736979448E-01
     830.0000000000000000   7.9635053316864855E+02   4.3532548549789085E-01
     840.0000000000000000   7.9298058383095815E+02   4.3886477326172491E-01
     850.0000000000000000   7.8987934289246436E+02   4.4226226100260918E-01
     860.0000000000000000   7.8703090237284277E+02   4.4552222272292474E-01
     870.0000000000000000   7.8442041043433483E+02   4.4864894513875037E-01
     880.0000000000000000   7.8203452600710989E+02   4.5164629430978886E-01
     890.0000000000000000   7.7985995459971127E+02   4.5451878548267227E-01
     900.0000000000000000   7.7788555958847974E+02   4.5726981247200515E-01
     910.0000000000000000   7.7609991945379670E+02   4.5990359522714735E-01
     920.0000000000000000   7.7449284509432312E+02   4.6242385761428390E-01
     930.0000000000000000   7.7305491143619531E+02   4.6483415780323833E-01
     940.0000000000000000   7.7177704216975928E+02   4.6713822272022781E-01
     950.0000000000000000   7.7065126342135443E+02   4.6933918571728428E-01
     960.0000000000000000   7.6966960504881661E+02   4.7144059819784584E-01
     970.0000000000000000   7.6882469396257886E+02   4.7344582259979251E-01
     980.0000000000000000   7.6810990061396467E+02   4.7535783002621318E-01
     990.0000000000000000   7.6751881835360416E+02   4.7717971400447257E-01
    1000.0000000000000000   7.6704532307050852E+02   4.7891457846194224E-01
    1100.0000000000000000   7.6769417000959641E+02   4.9206225969143780E-01
    1200.0000000000000000   7.7557383503218932E+02   4.9914762660301581E-01
    1300.0000000000000000   7.8824435441684489E+02   5.0191373987042998E-01
    1400.0000000000000000   8.0421857511463872E+02   5.0160159719790831E-01
    1500.0000000000000000   8.2254396990270959E+02   4.9909723065709083E-01
    1600.0000000000000000   8.4258519336066502E+02   4.9503714122991915E-01
    1700.0000000000000000   8.6390401108123331E+02   4.8988186161828801E-01
    1800.0000000000000000   8.8618951348783457E+02   4.8396694971033344E-01
    1900.0000000000000000   9.0921583268403549E+02   4.7753840059062524E-01
    2000.0000000000000000   9.3281545948034147E+02   4.7077752004163564E-01
    2100.0000000000000000   9.5686196834916257E+02   4.6381842326120137E-01
    2200.0000000000000000   9.8125848563502973E+02   4.5676051134462264E-01
    2300.0000000000000000   1.0059297953200341E+03   4.4967745266428538E-01
    2400.0000000000000000   1.0308167730956359E+03   4.4262376392466635E-01
    2500.0000000000000000   1.0558725112483219E+03   4.3563952690080682E-01
    2600.0000000000000000   1.0810594255167991E+03   4.2875397609344329E-01
    2700.0000000000000000   1.1062998093231161E+03   4.2210550978743638E-01
    2800.0000000000000000   1.1308576233797833E+03   4.1663790095644948E-01
    2900.0000000000000000   1.1566260509028230E+03   4.0993181193638595E-01
    3000.0000000000000000   1.1822913160007322E+03   4.0354274271606000E-01
    3100.0000000000000000   1.2078577118056235E+03   3.9744743215849232E-01
    3200.0000000000000000   1.2333294789935821E+03   3.9162481126060500E-01
    3300.0000000000000000   1.2587107360275174E+03   3.8605578376387067E-01
    3400.0000000000000000   1.2840054677727480E+03   3.8072299846711066E-01
    3500.0000000000000000   1.3092174908669806E+03   3.7561067087521077E-01
    3600.0000000000000000   1.3354061594873774E+03   3.6956776069824565E-01
    3700.0000000000000000   1.3604374592725223E+03   3.6489057492178434E-01
    3800.0000000000000000   1.3864154676643552E+03   3.5932322058407362E-01
    3900.0000000000000000   1.4112811158770890E+03   3.5502563360131717E-01
    4000.0000000000000000   1.4370635905741785E+03   3.4987615118023940E-01
    4100.0000000000000000   1.4617772403714864E+03   3.4591176892292208E-01
    4200.0000000000000000   1.4873780078189664E+03   3.4113160490050465E-01
    4300.0000000000000000   1.5128871184972479E+03   3.3653249359727289E-01
    4400.0000000000000000   1.5383075929880806E+03   3.3210384689274786E-01
    4500.0000000000000000   1.5627295371763814E+03   3.2871910884664568E-01
    4600.0000000000000000   1.5879925148396258E+03   3.2458144892448404E-01
    4700.0000000000000000   1.6131751888753122E+03   3.2058800529616599E-01
    4800.0000000000000000   1.6382800997255404E+03   3.1673098223058699E-01
    4900.0000000000000000   1.6633096754236692E+03   3.1300314839351445E-01
    5000.0000000000000000   1.6882662460284087E+03   3.0939778066909290E-01
    5100.0000000000000000   1.7131520403262080E+03   3.0590862461476664E-01
    5200.0000000000000000   1.7388041648813005E+03   3.0177893444289111E-01
    5300.0000000000000000   1.7635437717568134E+03   2.9852113162337673E-01
    5400.0000000000000000   1.7882187987019972E+03   2.9536259603616749E-01
    5500.0000000000000000   1.8128311291086034E+03   2.9229860963189458E-01
    5600.0000000000000000   1.8373825621991782E+03   2.8932475954693831E-01
    5700.0000000000000000   1.8626657232932096E+03   2.8575904538001334E-01
    5800.0000000000000000   1.8870897101890737E+03   2.8296664063109678E-01
    5900.0000000000000000   1.9114578548808133E+03   2.8025223709619113E-01
    6000.0000000000000000   1.9365401576131574E+03   2.7697201302043611E-01
    6100.0000000000000000   1.9607904677564800E+03   2.7441563001493896E-01
    6200.0000000000000000   1.9857460663099062E+03   2.7130935935918332E-01
    6300.0000000000000000   2.0098843869629761E+03   2.6889735885856153E-01
    6400.0000000000000000   2.0347187747305768E+03   2.6595075644854066E-01
    6500.0000000000000000   2.0587505444882900E+03   2.6367103973421580E-01
    6600.0000000000000000   2.0834688678209122E+03   2.6087137105245389E-01
    6700.0000000000000000   2.1073991491012921E+03   2.5871316944202544E-01
    6800.0000000000000000   2.1320062250359206E+03   2.5604904984913374E-01
    6900.0000000000000000   2.1558397409694335E+03   2.5400274178051224E-01
    7000.0000000000000000   2.1803400849513414E+03   2.5146396021351031E-01
    7100.0000000000000000   2.2040812416599128E+03   2.4952092510066373E-01
    7200.0000000000000000   2.2284790934830530E+03   2.4709829303259473E-01
    7300.0000000000000000   2.2528262494049068E+03   2.4473435649585690E-01
    7400.0000000000000000   2.2764313456097734E+03   2.4293601232026593E-01
    7500.0000000000000000   2.3006818520081497E+03   2.4067588539039689E-01
    7600.0000000000000000   2.3248843773755279E+03   2.3846843583938776E-01
    7700.0000000000000000   2.3490397691522026E+03   2.3631177770942011E-01
    7800.0000000000000000   2.3724731482860834E+03   2.3468492890490705E-01
    7900.0000000000000000   2.3965388828960276E+03   2.3261813616392207E-01
    8000.0000000000000000   2.4205599147769958E+03   2.3059717293069190E-01
    8100.0000000000000000   2.4445369986963219E+03   2.2862047922879059E-01
    8200.0000000000000000   2.4678120993109951E+03   2.2714191867730263E-01
    8300.0000000000000000   2.4917057637083753E+03   2.2524357245745527E-01
    8400.0000000000000000   2.5155576578159375E+03   2.2338537064756903E-01
    8500.0000000000000000   2.5393684514684473E+03   2.2156601458293657E-01
    8600.0000000000000000   2.5631387915508408E+03   2.1978426614928998E-01
    8700.0000000000000000   2.5868693130837064E+03   2.1803893737819852E-01
    8800.0000000000000000   2.6099240195669804E+03   2.1675070290675277E-01
    8900.0000000000000000   2.6335793087206166E+03   2.1506976457598953E-01
    9000.0000000000000000   2.6571966551059236E+03   2.1342206514748197E-01
    9100.0000000000000000   2.6807766307598745E+03   2.1180660060308648E-01
    9200.0000000000000000   2.7043197970259012E+03   2.1022240585846338E-01
    9300.0000000000000000   2.7278267043558608E+03   2.0866855298260681E-01
    9400.0000000000000000   2.7512978924633176E+03   2.0714414947644297E-01
    9500.0000000000000000   2.7747338916771687E+03   2.0564833610631841E-01
    9600.0000000000000000   2.7981352188851392E+03   2.0418028778634750E-01
    9700.0000000000000000   2.8215023780318802E+03   2.0273921194352090E-01
    9800.0000000000000000   2.8448358616265909E+03   2.0132434633481783E-01
    9900.0000000000000000   2.8681361487387767E+03   1.9993495881305756E-01
   10000.0000000000000000   2.8914037087488969E+03   1.9857034413133143E-01
   11000.0000000000000000   3.1229515705843423E+03   1.8581680815747539E-01
   12000.0000000000000000   3.3516203744627260E+03   1.7498666492747739E-01
   13000.0000000000000000   3.5782742533953492E+03   1.6538706507180817E-01
   14000.0000000000000000   3.8031281241872439E+03   1.5677854414880940E-01
   15000.0000000000000000   4.0258522055695016E+03   1.4922016289485604E-01
   16000.0000000000000000   4.2471324530966822E+03   1.4230328881373927E-01
   17000.0000000000000000   4.4666084859169396E+03   1.3613534907526526E-01
   18000.0000000000000000   4.6844221530734276E+03   1.3059764907218288E-01
   19000.0000000000000000   4.9011608370362010E+03   1.2541001776694197E-01
   20000.0000000000000000   5.1159893796068254E+03   1.2087871472396704E-01
   21000.0000000000000000   5.3303741112105463E+03   1.1640903004990412E-01
   22000.0000000000000000   5.5430237988486751E+03   1.1247843211218961E-01
   23000.0000000000000000   5.7549178484445838E+03   1.0870899992440400E-01
   24000.0000000000000000   5.9652258074395795E+03   1.0538181200381003E-01
   25000.0000000000000000   6.1748943841523478E+03   1.0215831441516479E-01
   26000.0000000000000000   6.3835334493281471E+03   9.9166313289803382E-02
   27000.0000000000000000   6.5916095300531997E+03   9.6250976166900301E-02
   28000.0000000000000000   6.7983422077833402E+03   9.3653420626472944E-02
   29000.0000000000000000   7.0041753301101016E+03   9.1226288197590710E-02
   30000.0000000000000000   7.2095700100759104E+03   8.8830254609029644E-02
   31000.0000000000000000   7.4141255824479085E+03   8.6584003728359435E-02
   32000.0000000000000000   7.6179026738479897E+03   8.4466754847751929E-02
   33000.0000000000000000   7.8209251948106203E+03   8.2469054677062920E-02
   34000.0000000000000000   8.0232193638497847E+03   8.0581645208882557E-02
   35000.0000000000000000   8.2248116798828305E+03   7.8795634252995017E-02
   36000.0000000000000000   8.4257290285647759E+03   7.7102620064812472E-02
   37000.0000000000000000   8.6259971587584369E+03   7.5494621053317806E-02
   38000.0000000000000000   8.8256552320637493E+03   7.3961469857248899E-02
   39000.0000000000000000   9.0250278261859039E+03   7.2423702041838595E-02
   40000.0000000000000000   9.2234727347945573E+03   7.1037401543363868E-02
   41000.0000000000000000   9.4216917559791491E+03   6.9634363541813446E-02
   42000.0000000000000000   9.6190172286775105E+03   6.8370983015580589E-02
   43000.0000000000000000   9.8161329188504460E+03   6.7089377162059899E-02
   44000.0000000000000000   1.0012749443417813E+04   6.5856683055538393E-02
   45000.0000000000000000   1.0208838833919284E+04   6.4678916382077192E-02
   46000.0000000000000000   1.0404077673554586E+04   6.3625524584426288E-02
   47000.0000000000000000   1.0599191108842324E+04   6.2539439434496455E-02
   48000.0000000000000000   1.0793829048118680E+04   6.1496764082744362E-02
   49000.0000000000000000   1.0988022815911541E+04   6.0491874817802556E-02
   50000.0000000000000000   1.1181770968944926E+04   5.9524763281073194E-02
