       0.0010000000000000   1.0000000000000000E+30   0.0000000000000000E+00
       0.1000000000000000   1.0000000000000000E+30   0.0000000000000000E+00
       0.2000000000000000   1.0000000000000000E+30   0.0000000000000000E+00
       0.3000000000000000   1.0000000000000000E+30   0.0000000000000000E+00
       0.4000000000000000   1.0000000000000000E+30   0.0000000000000000E+00
       0.5000000000000000   1.0000000000000000E+30   0.0000000000000000E+00
       0.6000000000000000   1.0000000000000000E+30   0.0000000000000000E+00
       0.7000000000000000   1.0000000000000000E+30   0.0000000000000000E+00
       0.7999999999999999   1.0000000000000000E+30   0.0000000000000000E+00
       0.8999999999999999   1.0000000000000000E+30   0.0000000000000000E+00
       0.9999999999999999   1.0000000000000000E+30   0.0000000000000000E+00
       2.0000000000000000   1.0000000000000000E+30   0.0000000000000000E+00
       3.0000000000000000   1.0000000000000000E+30   0.0000000000000000E+00
       4.0000000000000000   1.0000000000000000E+30   0.0000000000000000E+00
       5.0000000000000000   1.0000000000000000E+30   0.0000000000000000E+00
       6.0000000000000000   1.0000000000000000E+30   0.0000000000000000E+00
       7.0000000000000000   1.0000000000000000E+30   0.0000000000000000E+00
       8.0000000000000000   1.0000000000000000E+30   0.0000000000000000E+00
       9.0000000000000000   1.0000000000000000E+30   0.0000000000000000E+00
      10.0000000000000000   1.0000000000000000E+30   0.0000000000000000E+00
      11.0000000000000000   1.0000000000000000E+30   0.0000000000000000E+00
      12.0000000000000000   1.0000000000000000E+30   0.0000000000000000E+00
      13.0000000000000000   1.0000000000000000E+30   0.0000000000000000E+00
      14.0000000000000000   1.0000000000000000E+30   0.0000000000000000E+00
      15.0000000000000000   1.0000000000000000E+30   0.0000000000000000E+00
      16.0000000000000000   1.0000000000000000E+30   0.0000000000000000E+00
      17.0000000000000000   1.0000000000000000E+30   0.0000000000000000E+00
      18.0000000000000000   1.0000000000000000E+30   0.0000000000000000E+00
      19.0000000000000000   1.0000000000000000E+30   0.0000000000000000E+00
      20.0000000000000000   1.0000000000000000E+30   0.0000000000000000E+00
      21.0000000000000000   1.0000000000000000E+30   0.0000000000000000E+00
      22.0000000000000000   1.0000000000000000E+30   0.0000000000000000E+00
      23.0000000000000000   1.0000000000000000E+30   0.0000000000000000E+00
      24.0000000000000000   1.0000000000000000E+30   0.0000000000000000E+00
      25.0000000000000000   1.0000000000000000E+30   0.0000000000000000E+00
      26.0000000000000000   1.0000000000000000E+30   0.0000000000000000E+00
      27.0000000000000000   1.0000000000000000E+30   0.0000000000000000E+00
      27.9989999999999988   1.0000000000000000E+30   0.0000000000000000E+00
      28.0000000000000000   1.0000000000000000E+30   0.0000000000000000E+00
      28.0010000000000012   1.0000000000000000E+30   0.0000000000000000E+00
      29.0000000000000000   1.0000000000000000E+30   0.0000000000000000E+00
      29.9989999999999988   1.0000000000000000E+30   0.0000000000000000E+00
      30.0000000000000000   1.0000000000000000E+30   0.0000000000000000E+00
      30.0010000000000012   1.0000000000000000E+30   0.0000000000000000E+00
      31.0000000000000000   1.0000000000000000E+30   0.0000000000000000E+00
      32.0000000000000000   1.0000000000000000E+30   0.0000000000000000E+00
      33.0000000000000000   1.0000000000000000E+30   0.0000000000000000E+00
      34.0000000000000000   1.0000000000000000E+30   0.0000000000000000E+00
      35.0000000000000000   1.0000000000000000E+30   0.0000000000000000E+00
      35.9990000000000023   1.0000000000000000E+30   0.0000000000000000E+00
      36.0000000000000000   1.0000000000000000E+30   0.0000000000000000E+00
      36.0009999999999977   1.0000000000000000E+30   0.0000000000000000E+00
      37.0000000000000000   1.0000000000000000E+30   0.0000000000000000E+00
      37.9990000000000023   1.0000000000000000E+30   0.0000000000000000E+00
      38.0000000000000000   1.0000000000000000E+30   0.0000000000000000E+00
      38.0009999999999977   1.0000000000000000E+30   0.0000000000000000E+00
      39.0000000000000000   1.0000000000000000E+30   0.0000000000000000E+00
      40.0000000000000000   1.0000000000000000E+30   0.0000000000000000E+00
      41.0000000000000000   1.0000000000000000E+30   0.0000000000000000E+00
      42.0000000000000000   1.0000000000000000E+30   0.0000000000000000E+00
      43.0000000000000000   1.0000000000000000E+30   0.0000000000000000E+00
      44.0000000000000000   1.0000000000000000E+30   0.0000000000000000E+00
      45.0000000000000000   1.0000000000000000E+30   0.0000000000000000E+00
      46.0000000000000000   1.0000000000000000E+30   0.0000000000000000E+00
      47.0000000000000000   1.0000000000000000E+30   0.0000000000000000E+00
      48.0000000000000000   1.0000000000000000E+30   0.0000000000000000E+00
      49.0000000000000000   1.0000000000000000E+30   0.0000000000000000E+00
      50.0000000000000000   1.0000000000000000E+30   0.0000000000000000E+00
      51.0000000000000000   1.0000000000000000E+30   0.0000000000000000E+00
      52.0000000000000000   1.0000000000000000E+30   0.0000000000000000E+00
      53.0000000000000000   1.0000000000000000E+30   0.0000000000000000E+00
      54.0000000000000000   1.0000000000000000E+30   0.0000000000000000E+00
      55.0000000000000000   1.0000000000000000E+30   0.0000000000000000E+00
      56.0000000000000000   1.0000000000000000E+30   0.0000000000000000E+00
      57.0000000000000000   1.0000000000000000E+30   0.0000000000000000E+00
      58.0000000000000000   1.0000000000000000E+30   0.0000000000000000E+00
      59.0000000000000000   1.0000000000000000E+30   0.0000000000000000E+00
      60.0000000000000000   1.0000000000000000E+30   0.0000000000000000E+00
      61.0000000000000000   1.0000000000000000E+30   0.0000000000000000E+00
      62.0000000000000000   1.0000000000000000E+30   0.0000000000000000E+00
      63.0000000000000000   1.0000000000000000E+30   0.0000000000000000E+00
      64.0000000000000000   1.0000000000000000E+30   0.0000000000000000E+00
      65.0000000000000000   1.0000000000000000E+30   0.0000000000000000E+00
      66.0000000000000000   1.0000000000000000E+30   0.0000000000000000E+00
      67.0000000000000000   1.0000000000000000E+30   0.0000000000000000E+00
      68.0000000000000000   1.0000000000000000E+30   0.0000000000000000E+00
      69.0000000000000000   1.0000000000000000E+30   0.0000000000000000E+00
      70.0000000000000000   1.0000000000000000E+30   0.0000000000000000E+00
      71.0000000000000000   1.0000000000000000E+30   0.0000000000000000E+00
      72.0000000000000000   1.0000000000000000E+30   0.0000000000000000E+00
      73.0000000000000000   1.0000000000000000E+30   0.0000000000000000E+00
      74.0000000000000000   1.0000000000000000E+30   0.0000000000000000E+00
      75.0000000000000000   1.0000000000000000E+30   0.0000000000000000E+00
      76.0000000000000000   1.0000000000000000E+30   0.0000000000000000E+00
      77.0000000000000000   1.0000000000000000E+30   0.0000000000000000E+00
      78.0000000000000000   1.0000000000000000E+30   0.0000000000000000E+00
      79.0000000000000000   1.0000000000000000E+30   0.0000000000000000E+00
      80.0000000000000000   1.0000000000000000E+30   0.0000000000000000E+00
      81.0000000000000000   1.0000000000000000E+30   0.0000000000000000E+00
      82.0000000000000000   1.0000000000000000E+30   0.0000000000000000E+00
      83.0000000000000000   1.0000000000000000E+30   0.0000000000000000E+00
      84.0000000000000000   1.0000000000000000E+30   0.0000000000000000E+00
      85.0000000000000000   1.0000000000000000E+30   0.0000000000000000E+00
      86.0000000000000000   1.0000000000000000E+30   0.0000000000000000E+00
      87.0000000000000000   1.0000000000000000E+30   0.0000000000000000E+00
      88.0000000000000000   1.0000000000000000E+30   0.0000000000000000E+00
      89.0000000000000000   1.0000000000000000E+30   0.0000000000000000E+00
      90.0000000000000000   1.0000000000000000E+30   0.0000000000000000E+00
      91.0000000000000000   1.0000000000000000E+30   0.0000000000000000E+00
      92.0000000000000000   1.0000000000000000E+30   0.0000000000000000E+00
      93.0000000000000000   1.0000000000000000E+30   0.0000000000000000E+00
      94.0000000000000000   1.0000000000000000E+30   0.0000000000000000E+00
      95.0000000000000000   1.0000000000000000E+30   0.0000000000000000E+00
      96.0000000000000000   1.0000000000000000E+30   0.0000000000000000E+00
      97.0000000000000000   1.0000000000000000E+30   0.0000000000000000E+00
      98.0000000000000000   1.0000000000000000E+30   0.0000000000000000E+00
      99.0000000000000000   1.0000000000000000E+30   0.0000000000000000E+00
     100.0000000000000000   1.0000000000000000E+30   0.0000000000000000E+00
     110.0000000000000000   1.0000000000000000E+30   0.0000000000000000E+00
     120.0000000000000000   1.0000000000000000E+30   0.0000000000000000E+00
     130.0000000000000000   1.0000000000000000E+30   0.0000000000000000E+00
     140.0000000000000000   1.0000000000000000E+30   0.0000000000000000E+00
     150.0000000000000000   1.0000000000000000E+30   0.0000000000000000E+00
     160.0000000000000000   1.0000000000000000E+30   0.0000000000000000E+00
     170.0000000000000000   1.0000000000000000E+30   0.0000000000000000E+00
     180.0000000000000000   1.0000000000000000E+30   0.0000000000000000E+00
     190.0000000000000000   1.0000000000000000E+30   0.0000000000000000E+00
     200.0000000000000000   1.0000000000000000E+30   0.0000000000000000E+00
     210.0000000000000000   1.0000000000000000E+30   0.0000000000000000E+00
     220.0000000000000000   1.0000000000000000E+30   0.0000000000000000E+00
     230.0000000000000000   1.0000000000000000E+30   0.0000000000000000E+00
     240.0000000000000000   1.0000000000000000E+30   0.0000000000000000E+00
     250.0000000000000000   1.0000000000000000E+30   0.0000000000000000E+00
     260.0000000000000000   1.0000000000000000E+30   0.0000000000000000E+00
     270.0000000000000000   1.0000000000000000E+30   0.0000000000000000E+00
     280.0000000000000000   1.0000000000000000E+30   0.0000000000000000E+00
     290.0000000000000000   1.0000000000000000E+30   0.0000000000000000E+00
     300.0000000000000000   1.0000000000000000E+30   0.0000000000000000E+00
     310.0000000000000000   1.0000000000000000E+30   0.0000000000000000E+00
     320.0000000000000000   1.0000000000000000E+30   0.0000000000000000E+00
     330.0000000000000000   1.0000000000000000E+30   0.0000000000000000E+00
     340.0000000000000000   1.0000000000000000E+30   0.0000000000000000E+00
     350.0000000000000000   1.0000000000000000E+30   0.0000000000000000E+00
     360.0000000000000000   1.0000000000000000E+30   0.0000000000000000E+00
     370.0000000000000000   1.0000000000000000E+30   0.0000000000000000E+00
     380.0000000000000000   1.0000000000000000E+30   0.0000000000000000E+00
     390.0000000000000000   1.0000000000000000E+30   0.0000000000000000E+00
     400.0000000000000000   1.0000000000000000E+30   0.0000000000000000E+00
     410.0000000000000000   1.0000000000000000E+30   0.0000000000000000E+00
     420.0000000000000000   1.0000000000000000E+30   0.0000000000000000E+00
     430.0000000000000000   1.0000000000000000E+30   0.0000000000000000E+00
     440.0000000000000000   1.0000000000000000E+30   0.0000000000000000E+00
     450.0000000000000000   1.0000000000000000E+30   0.0000000000000000E+00
     460.0000000000000000   1.0000000000000000E+30   0.0000000000000000E+00
     470.0000000000000000   1.0000000000000000E+30   0.0000000000000000E+00
     480.0000000000000000   1.0000000000000000E+30   0.0000000000000000E+00
     490.0000000000000000   1.0000000000000000E+30   0.0000000000000000E+00
     500.0000000000000000   1.0000000000000000E+30   0.0000000000000000E+00
     510.0000000000000000   1.0000000000000000E+30   0.0000000000000000E+00
     520.0000000000000000   1.0000000000000000E+30   0.0000000000000000E+00
     530.0000000000000000   2.3541463644562367E+07   2.2350554908902280E-05
     540.0000000000000000   4.4904235141063556E+06   1.1768902060820311E-04
     550.0000000000000000   2.0605375183439963E+06   2.5758221555850623E-04
     560.0000000000000000   1.2285221648890830E+06   4.3387443444963675E-04
     570.0000000000000000   8.3321806716314412E+05   6.4241965707874220E-04
     580.0000000000000000   6.1041697524146759E+05   8.8056777344959404E-04
     590.0000000000000000   4.7082314888106653E+05   1.1463771118047669E-03
     600.0000000000000000   3.7685427694425796E+05   1.4381154122202009E-03
     610.0000000000000000   3.1015899698614940E+05   1.7544942610616286E-03
     620.0000000000000000   2.6089548675495788E+05   2.0942450287227614E-03
     630.0000000000000000   2.2334275479372719E+05   2.4562296751323375E-03
     640.0000000000000000   1.9397488613301344E+05   2.8394449631551130E-03
     650.0000000000000000   1.7051736369810737E+05   3.2429422641186618E-03
     660.0000000000000000   1.5144574206136150E+05   3.6658335513205182E-03
     670.0000000000000000   1.3570442311290582E+05   4.1072357304750466E-03
     680.0000000000000000   1.2254470143231508E+05   4.5662104551279078E-03
     690.0000000000000000   1.1141375366757068E+05   5.0421064188985159E-03
     700.0000000000000000   1.0190530340999254E+05   5.5341155844674276E-03
     710.0000000000000000   9.3710360608131217E+04   6.0415116604213776E-03
     720.0000000000000000   8.6591308156810686E+04   6.5635835432611405E-03
     730.0000000000000000   8.0362904616607499E+04   7.0996355921371821E-03
     740.0000000000000000   7.4877370268400133E+04   7.6491336649492274E-03
     750.0000000000000000   7.0019581736057036E+04   8.2112380237518053E-03
     760.0000000000000000   6.5693777426035202E+04   8.7854444429211545E-03
     770.0000000000000000   6.1822745010271748E+04   9.3711785899204866E-03
     780.0000000000000000   5.8343661429928303E+04   9.9677596274873794E-03
     790.0000000000000000   5.5203974165061620E+04   1.0574603062410027E-02
     800.0000000000000000   5.2359516309722218E+04   1.1191187294273434E-02
     810.0000000000000000   4.9773279161092294E+04   1.1817005690929966E-02
     820.0000000000000000   4.7414757420666348E+04   1.2451329604275545E-02
     830.0000000000000000   4.5256718938373611E+04   1.3093807705592153E-02
     840.0000000000000000   4.3277174240724729E+04   1.3743690806003149E-02
     850.0000000000000000   4.1455782584224035E+04   1.4400730036441663E-02
     860.0000000000000000   3.9776000813822611E+04   1.5064300530630436E-02
     870.0000000000000000   3.8223454903227386E+04   1.5733814493982035E-02
     880.0000000000000000   3.6785256491019310E+04   1.6408809223910106E-02
     890.0000000000000000   3.5450220433334136E+04   1.7088806818998860E-02
     900.0000000000000000   3.4208506010174475E+04   1.7773346564993651E-02
     910.0000000000000000   3.3051500785788325E+04   1.8461936038772712E-02
     920.0000000000000000   3.1971615178194490E+04   1.9154080669644826E-02
     930.0000000000000000   3.0962010340013745E+04   1.9849353373042004E-02
     940.0000000000000000   3.0016716949939764E+04   2.0547257321603292E-02
     950.0000000000000000   2.9130254862134985E+04   2.1247420055333685E-02
     960.0000000000000000   2.8297902928195304E+04   2.1949325766644327E-02
     970.0000000000000000   2.7515262229028172E+04   2.2652609770879097E-02
     980.0000000000000000   2.6778505469407170E+04   2.3356791874016625E-02
     990.0000000000000000   2.6084075275141091E+04   2.4061506075271143E-02
    1000.0000000000000000   2.5428808661981897E+04   2.4766343967342227E-02
    1100.0000000000000000   2.0508556874250837E+04   3.1740966934946165E-02
    1200.0000000000000000   1.7494754796393830E+04   3.8369899556462611E-02
    1300.0000000000000000   1.5538041114639862E+04   4.4442392035081137E-02
    1400.0000000000000000   1.4216037372240882E+04   4.9854304502646496E-02
    1500.0000000000000000   1.3298305986648420E+04   5.4580982494173043E-02
    1600.0000000000000000   1.2650320827180871E+04   5.8647799623159205E-02
    1700.0000000000000000   1.2189304703495520E+04   6.2106819221691312E-02
    1800.0000000000000000   1.1862088360641714E+04   6.5021231676141419E-02
    1900.0000000000000000   1.1633272123355591E+04   6.7455994159402830E-02
    2000.0000000000000000   1.1478536611311338E+04   6.9472917037141729E-02
    2100.0000000000000000   1.1380716374609801E+04   7.1128328008516165E-02
    2200.0000000000000000   1.1327406105213082E+04   7.2472244036697456E-02
    2300.0000000000000000   1.1309448501424857E+04   7.3548409763629710E-02
    2400.0000000000000000   1.1319954198067473E+04   7.4394745306513160E-02
    2500.0000000000000000   1.1353656407283544E+04   7.5043898151611527E-02
    2600.0000000000000000   1.1406466142626830E+04   7.5523903382752625E-02
    2700.0000000000000000   1.1475165156868132E+04   7.5858810425683001E-02
    2800.0000000000000000   1.1557191899875035E+04   7.6069212459830296E-02
    2900.0000000000000000   1.1650483185804182E+04   7.6172767595103941E-02
    3000.0000000000000000   1.1753360480403586E+04   7.6184630796993780E-02
    3100.0000000000000000   1.1864446938796744E+04   7.6117808109492133E-02
    3200.0000000000000000   1.1982602540037715E+04   7.5983490451830615E-02
    3300.0000000000000000   1.2106876558885773E+04   7.5791314554791211E-02
    3400.0000000000000000   1.2236470498638309E+04   7.5549594339107143E-02
    3500.0000000000000000   1.2370709465436012E+04   7.5265509347039905E-02
    3600.0000000000000000   1.2509019365520626E+04   7.4945272497792564E-02
    3700.0000000000000000   1.2650908977838175E+04   7.4594270134990315E-02
    3800.0000000000000000   1.2795956538293824E+04   7.4217170794031381E-02
    3900.0000000000000000   1.2943797187255428E+04   7.3818034536696650E-02
    4000.0000000000000000   1.3094114910774457E+04   7.3400388678000014E-02
    4100.0000000000000000   1.3246633827122901E+04   7.2967309759859350E-02
    4200.0000000000000000   1.3401112935286867E+04   7.2521475452289819E-02
    4300.0000000000000000   1.3557340547863743E+04   7.2065223330977216E-02
    4400.0000000000000000   1.3715130336254446E+04   7.1600592192833407E-02
    4500.0000000000000000   1.3874317441612471E+04   7.1129364800203487E-02
    4600.0000000000000000   1.4034755869449673E+04   7.0653096845710278E-02
    4700.0000000000000000   1.4196315634839353E+04   7.0173150551699190E-02
    4800.0000000000000000   1.4358881142411572E+04   6.9690712767899468E-02
    4900.0000000000000000   1.4522348922386527E+04   6.9206822705501020E-02
    5000.0000000000000000   1.4686626284969332E+04   6.8722387933880080E-02
    5100.0000000000000000   1.4851630124624602E+04   6.8238199593530321E-02
    5200.0000000000000000   1.5017285634368684E+04   6.7754947895905943E-02
    5300.0000000000000000   1.5183525347237823E+04   6.7273234207310087E-02
    5400.0000000000000000   1.5350288353849808E+04   6.6793580632878685E-02
    5500.0000000000000000   1.5517519590427057E+04   6.6316440606469462E-02
    5600.0000000000000000   1.5685169053130867E+04   6.5842206768980061E-02
    5700.0000000000000000   1.5853191386849490E+04   6.5371217862210743E-02
    5800.0000000000000000   1.6021545453393308E+04   6.4903764262358124E-02
    5900.0000000000000000   1.6171695848188305E+04   6.4667713729787399E-02
    6000.0000000000000000   1.6351755781277388E+04   6.4085168195980688E-02
    6100.0000000000000000   1.6511809468968389E+04   6.3753979780890924E-02
    6200.0000000000000000   1.6691084477065222E+04   6.3195669472018129E-02
    6300.0000000000000000   1.6850875704370948E+04   6.2879140452078680E-02
    6400.0000000000000000   1.7029391353058883E+04   6.2343477567105975E-02
    6500.0000000000000000   1.7188932984088824E+04   6.2040613850602430E-02
    6600.0000000000000000   1.7366715191823037E+04   6.1526143302275203E-02
    6700.0000000000000000   1.7544089175218422E+04   6.1023478327114786E-02
    6800.0000000000000000   1.7703095017582480E+04   6.0741423413541162E-02
    6900.0000000000000000   1.7879774833372936E+04   6.0257892580953036E-02
    7000.0000000000000000   1.8056066240880620E+04   5.9785060845824307E-02
    7100.0000000000000000   1.8214580032623446E+04   5.9521700374044681E-02
    7200.0000000000000000   1.8390215461242646E+04   5.9066202039521065E-02
    7300.0000000000000000   1.8565481761402541E+04   5.8620430980469575E-02
    7400.0000000000000000   1.8723545133379743E+04   5.8373922717820464E-02
    7500.0000000000000000   1.8898192044435229E+04   5.7943904103565216E-02
    7600.0000000000000000   1.9072488261711514E+04   5.7522757192454775E-02
    7700.0000000000000000   1.9246439629788591E+04   5.7110197949626559E-02
    7800.0000000000000000   1.9403851426677618E+04   5.6884706155614619E-02
    7900.0000000000000000   1.9577229768683017E+04   5.6486034691380145E-02
    8000.0000000000000000   1.9750280531458357E+04   5.6095226373680258E-02
    8100.0000000000000000   1.9923009254529086E+04   5.5712039162645784E-02
    8200.0000000000000000   2.0095421330323261E+04   5.5336241024437807E-02
    8300.0000000000000000   2.0267522069215684E+04   5.4967609274039202E-02
    8400.0000000000000000   2.0423931664344585E+04   5.4770217355114753E-02
    8500.0000000000000000   2.0595522871476449E+04   5.4413142327119954E-02
    8600.0000000000000000   2.0766818096616502E+04   5.4062665919197832E-02
    8700.0000000000000000   2.0937822246162887E+04   5.3718597314262213E-02
    8800.0000000000000000   2.1108540171613120E+04   5.3380752475511689E-02
    8900.0000000000000000   2.1278976547222748E+04   5.3048955195657034E-02
    9000.0000000000000000   2.1449136068402582E+04   5.2723034972637493E-02
    9100.0000000000000000   2.1619023207852711E+04   5.2402828971678431E-02
    9200.0000000000000000   2.1788642473277028E+04   5.2088179174234014E-02
    9300.0000000000000000   2.1957998195073949E+04   5.1778934236607739E-02
    9400.0000000000000000   2.2127094608575338E+04   5.1474948378274918E-02
    9500.0000000000000000   2.2295935980970578E+04   5.1176080093941825E-02
    9600.0000000000000000   2.2464526344379658E+04   5.0882194327112246E-02
    9700.0000000000000000   2.2632869744416697E+04   5.0593159883350607E-02
    9800.0000000000000000   2.2800970060700238E+04   5.0308850956732154E-02
    9900.0000000000000000   2.2968831186885967E+04   5.0029145371721817E-02
   10000.0000000000000000   2.3136456877455257E+04   4.9753925615908530E-02
   11000.0000000000000000   2.4813449706895684E+04   4.7104138181484366E-02
   12000.0000000000000000   2.6468876192915723E+04   4.4821963609871722E-02
   13000.0000000000000000   2.8128860545320054E+04   4.2631539110987791E-02
   14000.0000000000000000   2.9758721506961258E+04   4.0803310302307889E-02
   15000.0000000000000000   3.1394369873435531E+04   3.9010424268638169E-02
   16000.0000000000000000   3.3003509694896537E+04   3.7493724063321639E-02
   17000.0000000000000000   3.4619258104673965E+04   3.5981312178773463E-02
   18000.0000000000000000   3.6211147848320274E+04   3.4688507414876953E-02
   19000.0000000000000000   3.7800529623675771E+04   3.3448603220948295E-02
   20000.0000000000000000   3.9378091886052141E+04   3.2318917321173576E-02
   21000.0000000000000000   4.0944666677333284E+04   3.1284928340197214E-02
   22000.0000000000000000   4.2500997930862839E+04   3.0334589469800007E-02
   23000.0000000000000000   4.4056633862998497E+04   2.9403730048174634E-02
   24000.0000000000000000   4.5602913688923014E+04   2.8542774526346543E-02
   25000.0000000000000000   4.7140366222931036E+04   2.7743935748665082E-02
   26000.0000000000000000   4.8669476860207818E+04   2.7000538563483389E-02
   27000.0000000000000000   5.0190690012687286E+04   2.6306838984439168E-02
   28000.0000000000000000   5.1712627854687918E+04   2.5613997602905079E-02
   29000.0000000000000000   5.3219072272448167E+04   2.5007060055438703E-02
   30000.0000000000000000   5.4726717869315253E+04   2.4395883419001934E-02
   31000.0000000000000000   5.6227670567406924E+04   2.3820679025502774E-02
   32000.0000000000000000   5.7714369787154319E+04   2.3316559283225170E-02
   33000.0000000000000000   5.9202829357620161E+04   2.2803111365936744E-02
   34000.0000000000000000   6.0685392921657265E+04   2.2317282071947973E-02
   35000.0000000000000000   6.2169854839639731E+04   2.1822066878580286E-02
   36000.0000000000000000   6.3641215168343202E+04   2.1386038972592593E-02
   37000.0000000000000000   6.5107327725239302E+04   2.0971587976376025E-02
   38000.0000000000000000   6.6568371684621583E+04   2.0577166306740582E-02
   39000.0000000000000000   6.8031779745439198E+04   2.0170250601379714E-02
   40000.0000000000000000   6.9483171336745247E+04   1.9812256394019481E-02
   41000.0000000000000000   7.0937068394994596E+04   1.9441047586717514E-02
   42000.0000000000000000   7.2379429458249724E+04   1.9114633808008638E-02
   43000.0000000000000000   7.3824443397231924E+04   1.8774369069504623E-02
   44000.0000000000000000   7.5265195749758816E+04   1.8448442954172983E-02
   45000.0000000000000000   7.6701859807210014E+04   1.8135760946815342E-02
   46000.0000000000000000   7.8127652938728672E+04   1.7861787261741990E-02
   47000.0000000000000000   7.9556381670850096E+04   1.7573173735109943E-02
   48000.0000000000000000   8.0981329967416386E+04   1.7295658075108172E-02
   49000.0000000000000000   8.2402599340160887E+04   1.7028596927148205E-02
   50000.0000000000000000   8.3820277560151284E+04   1.6771429770138277E-02
