       0.1000000000000000   2.3937237424701536E+02   1.2255215445810047E-04
       0.2000000000000000   2.0477887485519119E+02   2.4917077667102258E-04
       0.3000000000000000   1.9004422321587634E+02   3.8506898126102428E-04
       0.4000000000000000   1.8154310751305476E+02   5.2503497448950511E-04
       0.5000000000000000   1.7503301462279609E+02   6.7349539742623708E-04
       0.6000000000000000   1.6955312469078248E+02   8.3079241114244172E-04
       0.7000000000000000   1.6471806855474901E+02   9.9729418221121175E-04
       0.7999999999999999   1.6031894411222746E+02   1.1732909760958799E-03
       0.8999999999999999   1.5626211402828520E+02   1.3585998273226167E-03
       0.9999999999999999   1.5244904507619273E+02   1.5539487473111852E-03
       2.0000000000000000   1.2274099233426951E+02   4.0709418557760271E-03
       3.0000000000000000   1.0238922215643598E+02   7.6380123772763452E-03
       4.0000000000000000   8.7864786903865948E+01   1.2209376080675819E-02
       5.0000000000000000   7.7171406576336111E+01   1.7699185345651687E-02
       6.0000000000000000   6.9038753221786777E+01   2.4026487661503754E-02
       7.0000000000000000   6.2668353900486288E+01   3.1122255024037464E-02
       8.0000000000000000   5.7544673274465850E+01   3.8933503643989037E-02
       9.0000000000000000   5.3329469446221907E+01   4.7419559374084430E-02
      10.0000000000000000   4.9793271027528078E+01   5.6550646536371103E-02
      11.0000000000000000   4.6777538587871746E+01   6.6304264891494477E-02
      12.0000000000000000   4.4169110627849733E+01   7.6663130283279493E-02
      13.0000000000000000   4.1885770675796643E+01   8.7614763557019013E-02
      14.0000000000000000   3.9865307129451793E+01   9.9152089023711129E-02
      15.0000000000000000   3.8060587723655310E+01   1.1127176575534946E-01
      16.0000000000000000   3.6435398666720587E+01   1.2397254205524694E-01
      17.0000000000000000   3.4960900944298785E+01   1.3725741826064974E-01
      18.0000000000000000   3.3614329061704673E+01   1.5113141187141443E-01
      19.0000000000000000   3.2377238811644226E+01   1.6560211371409675E-01
      20.0000000000000000   3.1234544424221852E+01   1.8068004251891059E-01
      21.0000000000000000   3.0173785331416916E+01   1.9637824972088141E-01
      22.0000000000000000   2.9184686087058751E+01   2.1271148636839346E-01
      23.0000000000000000   2.8258594700198429E+01   2.2969690908175014E-01
      24.0000000000000000   2.7388151938752049E+01   2.4735468944439090E-01
      25.0000000000000000   2.6567122075118643E+01   2.6570708033268281E-01
      26.0000000000000000   2.5790158030026191E+01   2.8477885213224990E-01
      27.0000000000000000   2.5052650703317141E+01   3.0459735774371710E-01
      28.0000000000000000   2.4350613621963973E+01   3.2519253883976701E-01
      29.0000000000000000   2.3680561808889355E+01   3.4659724126996588E-01
      30.0000000000000000   2.3039455466697969E+01   3.6884716931577577E-01
      31.0000000000000000   2.2424613000607653E+01   3.9198123286874709E-01
      32.0000000000000000   2.1833682214449738E+01   4.1604140426401998E-01
      33.0000000000000000   2.1264567881828103E+01   4.4107332915771585E-01
      34.0000000000000000   2.0715413639809363E+01   4.6712627360412740E-01
      35.0000000000000000   2.0184564552992398E+01   4.9425343068219535E-01
      36.0000000000000000   1.9670542778299037E+01   5.2251217029731922E-01
      37.0000000000000000   1.9172025417580738E+01   5.5196430977670718E-01
      38.0000000000000000   1.8687826545717048E+01   5.8267639772873059E-01
      39.0000000000000000   1.8216880947154280E+01   6.1472001788146780E-01
      40.0000000000000000   1.7758233448783429E+01   6.4817205635229425E-01
      41.0000000000000000   1.7311024950387029E+01   6.8311505644554515E-01
      42.0000000000000000   1.6874485136830650E+01   7.1963748005316297E-01
      43.0000000000000000   1.6447924602231339E+01   7.5783400260521550E-01
      44.0000000000000000   1.6030729559832530E+01   7.9780568927691620E-01
      45.0000000000000000   1.5622354263415422E+01   8.3966028413669891E-01
      46.0000000000000000   1.5222319085836009E+01   8.8351223880210739E-01
      47.0000000000000000   1.4830206787636685E+01   9.2948271935661053E-01
      48.0000000000000000   1.4445660419859269E+01   9.7769943593415876E-01
      49.0000000000000000   1.4068381808126565E+01   1.0282962658696000E+00
      50.0000000000000000   1.3698130846964354E+01   1.0814126043466297E+00
      51.0000000000000000   1.3334725088502768E+01   1.1371923787895819E+00
      52.0000000000000000   1.2978040232450178E+01   1.1957826289561362E+00
      53.0000000000000000   1.2628010549776235E+01   1.2573315759924160E+00
      54.0000000000000000   1.2284629528653648E+01   1.3219860804820294E+00
      55.0000000000000000   1.1947950156236898E+01   1.3898884173108677E+00
      56.0000000000000000   1.1618085100861901E+01   1.4611722969123302E+00
      57.0000000000000000   1.1295206717260276E+01   1.5359577997749252E+00
      58.0000000000000000   1.0979542595085874E+01   1.6143462562100646E+00
      59.0000000000000000   1.0671373075915435E+01   1.6964137519295774E+00
      60.0000000000000000   1.0371026363802551E+01   1.7822041298937421E+00
      61.0000000000000000   1.0078867248101611E+01   1.8717227325808565E+00
      62.0000000000000000   9.7952876193050766E+00   1.9649295325730611E+00
      63.0000000000000000   9.5206921302289409E+00   2.0617336451167692E+00
      64.0000000000000000   9.2554820993055067E+00   2.1619892617908381E+00
      65.0000000000000000   9.0000380831716402E+00   2.2654936864890596E+00
      66.0000000000000000   8.7547021375011091E+00   2.3719879363173972E+00
      67.0000000000000000   8.5197611120868562E+00   2.4811601510909891E+00
      68.0000000000000000   8.2954323208144629E+00   2.5926517697279485E+00
      69.0000000000000000   8.0818527418167960E+00   2.7060661266877908E+00
      70.0000000000000000   7.8790725684075120E+00   2.8209788537745468E+00
      70.9989999999999952   7.6872400801440000E+00   2.9368329461850391E+00
      71.0000000000000000   7.6870534016122498E+00   2.9369492965531667E+00
      71.0010000000000048   7.6868667337238339E+00   2.9370656475331294E+00
      72.0000000000000000   7.5056709349930690E+00   3.0535320929455181E+00
      73.0000000000000000   7.3347214811596855E+00   3.1702881246766306E+00
      74.0000000000000000   7.1739314347221521E+00   3.2867942053608954E+00
      75.0000000000000000   7.0229685695546689E+00   3.4026511030850255E+00
      76.0000000000000000   6.8814544569931178E+00   3.5174895360663880E+00
      77.0000000000000000   6.7489763253393900E+00   3.6309745102940556E+00
      77.9989999999999952   6.6252184724057299E+00   3.7426967044589072E+00
      78.0000000000000000   6.6250987423005974E+00   3.7428076225015707E+00
      78.0010000000000048   6.6249790203484054E+00   3.7429185386283703E+00
      79.0000000000000000   6.5093738423322964E+00   3.8527279474865845E+00
      80.0000000000000000   6.4013501667043666E+00   3.9605116372202183E+00
      81.0000000000000000   6.3005799679169643E+00   4.0659705496933292E+00
      82.0000000000000000   6.2066250125242295E+00   4.1689501819545844E+00
      83.0000000000000000   6.1190609980664981E+00   4.2693271477992862E+00
      84.0000000000000000   6.0374807442207903E+00   4.3670063995755157E+00
      85.0000000000000000   5.9614963489335269E+00   4.4619183509545133E+00
      86.0000000000000000   5.8907404854516914E+00   4.5540160188339724E+00
      87.0000000000000000   5.8248670092425066E+00   4.6432722723346567E+00
      88.0000000000000000   5.7635510629701274E+00   4.7296772210740725E+00
      89.0000000000000000   5.7064887172674768E+00   4.8132358367297678E+00
      90.0000000000000000   5.6533963813061883E+00   4.8939657448337961E+00
      91.0000000000000000   5.6040099789530737E+00   4.9718952520323931E+00
      92.0000000000000000   5.5580839968216100E+00   5.0470615808459369E+00
      93.0000000000000000   5.5153904541377461E+00   5.1195093064182844E+00
      94.0000000000000000   5.4757178361022874E+00   5.1892889821329744E+00
      95.0000000000000000   5.4388700220404180E+00   5.2564559390105412E+00
      96.0000000000000000   5.4046652311362413E+00   5.3210692430054554E+00
      97.0000000000000000   5.3729350017541790E+00   5.3831907943341957E+00
      98.0000000000000000   5.3435232146838461E+00   5.4428845535476098E+00
      99.0000000000000000   5.3162851697987046E+00   5.5002158797293124E+00
     100.0000000000000000   5.2910867129129766E+00   5.5552509679372992E+00
     110.0000000000000000   5.1278401853059918E+00   5.9937130879903044E+00
     111.9989999999999952   5.1102391210013653E+00   6.0601973793139177E+00
     112.0010000000000048   5.1102234928845567E+00   6.0602608294135614E+00
     120.0000000000000000   5.0744389386469173E+00   6.2703311779578463E+00
     130.0000000000000000   5.0862179765119331E+00   6.4331119937338377E+00
     140.0000000000000000   5.1391087623979246E+00   6.5162935813904488E+00
     150.0000000000000000   5.2192232985781422E+00   6.5437170290523747E+00
     160.0000000000000000   5.3180713865438838E+00   6.5319742515793893E+00
     170.0000000000000000   5.4302085985585435E+00   6.4926979244526954E+00
     180.0000000000000000   5.5520027580895244E+00   6.4341238816400637E+00
     190.0000000000000000   5.6809494790345454E+00   6.3621409527110355E+00
     200.0000000000000000   5.8148559439948411E+00   6.2838482488059864E+00
     210.0000000000000000   5.9524487364819922E+00   6.2031041954866337E+00
     220.0000000000000000   6.0914706910989569E+00   6.1233769895982064E+00
     230.0000000000000000   6.2390919228367041E+00   6.0230184983947739E+00
     240.0000000000000000   6.3797669039615901E+00   5.9475172356358783E+00
     250.0000000000000000   6.5279285742414128E+00   5.8539561963195226E+00
     260.0000000000000000   6.6760749030321520E+00   5.7641594061919568E+00
     270.0000000000000000   6.8241579205633842E+00   5.6779425932491705E+00
     280.0000000000000000   6.9780762749274441E+00   5.5780036757852240E+00
     290.0000000000000000   7.1256800914390288E+00   5.4991629451532882E+00
     300.0000000000000000   7.2786756329029449E+00   5.4076053035941394E+00
     310.0000000000000000   7.4311364796416433E+00   5.3201475742504893E+00
     320.0000000000000000   7.5778428585418629E+00   5.2510500923168273E+00
     330.0000000000000000   7.7294098197700398E+00   5.1704536012021176E+00
     340.0000000000000000   7.8804731340058174E+00   5.0932279051220224E+00
     350.0000000000000000   8.0310460563134161E+00   5.0191577666744109E+00
     360.0000000000000000   8.1811419587901035E+00   4.9480458081371639E+00
     370.0000000000000000   8.3353384235629324E+00   4.8675234561294767E+00
     380.0000000000000000   8.4843987792786031E+00   4.8021890234041935E+00
     390.0000000000000000   8.6330250449891555E+00   4.7392895838573246E+00
     400.0000000000000000   8.7854972883312339E+00   4.6675784696453588E+00
     407.9990000000000236   8.9053453892362722E+00   4.6165923754230951E+00
     408.0009999999999764   8.9053774290672241E+00   4.6165743870496385E+00
     410.0000000000000000   8.9331794301006742E+00   4.6094712136599432E+00
     414.9990000000000236   9.0089260791262120E+00   4.5758767484161949E+00
     415.0009999999999764   9.0089580180309614E+00   4.5758591803315953E+00
     420.0000000000000000   9.0845658650197958E+00   4.5429071812140753E+00
     430.0000000000000000   9.2354050935461576E+00   4.4788375783660568E+00
     440.0000000000000000   9.3817241739690616E+00   4.4270655548744333E+00
     450.0000000000000000   9.5315698803279947E+00   4.3673142990740939E+00
     460.0000000000000000   9.6809130603583196E+00   4.3096702266896676E+00
     470.0000000000000000   9.8297676389672581E+00   4.2540190691096926E+00
     480.0000000000000000   9.9781470821369975E+00   4.2002546529160822E+00
     490.0000000000000000   1.0122391279676902E+01   4.1570574139836838E+00
     500.0000000000000000   1.0269910022881479E+01   4.1065772379436760E+00
     510.0000000000000000   1.0416990392566706E+01   4.0577164179205072E+00
     520.0000000000000000   1.0567164351605211E+01   4.0021931264732391E+00
     530.0000000000000000   1.0713352115786613E+01   3.9565131473170405E+00
     540.0000000000000000   1.0859135166306618E+01   3.9122206382873101E+00
     550.0000000000000000   1.1004523726265019E+01   3.8692504668169021E+00
     560.0000000000000000   1.1149527632951257E+01   3.8275415885012887E+00
     570.0000000000000000   1.1294156348631358E+01   3.7870367437811381E+00
     580.0000000000000000   1.1441687491227162E+01   3.7404360990720860E+00
     590.0000000000000000   1.1585545199130198E+01   3.7023230504299263E+00
     600.0000000000000000   1.1729054557936193E+01   3.6652571530358538E+00
     610.0000000000000000   1.1872223791752750E+01   3.6291936413001289E+00
     620.0000000000000000   1.2018180557743460E+01   3.5873696676020486E+00
     620.9990000000000236   1.2033054368947511E+01   3.5825848914656349E+00
     621.0009999999999764   1.2033084142667958E+01   3.5825753262688371E+00
     630.0000000000000000   1.2160646282834582E+01   3.5533116411019932E+00
     640.0000000000000000   1.2305860577540235E+01   3.5136433589193419E+00
     650.0000000000000000   1.2447654151088537E+01   3.4814236575160433E+00
     654.9990000000000236   1.2518422009064844E+01   3.4656234153664460E+00
     655.0009999999999764   1.2518451513683971E+01   3.4656146035121664E+00
     660.0000000000000000   1.2592154840046353E+01   3.4437416498511779E+00
     670.0000000000000000   1.2733305007122752E+01   3.4132124017890604E+00
     680.0000000000000000   1.2877120476105047E+01   3.3773623915590276E+00
     690.0000000000000000   1.3017653647822499E+01   3.3483922993135478E+00
     700.0000000000000000   1.3160810487292441E+01   3.3142359503426251E+00
     710.0000000000000000   1.3300751654435500E+01   3.2867066787561510E+00
     720.0000000000000000   1.3443274378985004E+01   3.2541204144577875E+00
     730.0000000000000000   1.3582647328683212E+01   3.2279247506626452E+00
     740.0000000000000000   1.3724558768651855E+01   3.1967974763420948E+00
     750.0000000000000000   1.3866169975313218E+01   3.1663957518808932E+00
     760.0000000000000000   1.4004707840642766E+01   3.1420691167791044E+00
     770.0000000000000000   1.4145739408534665E+01   3.1129771487618512E+00
     774.9990000000000236   1.4214765247867941E+01   3.1013092803407116E+00
     775.0009999999999764   1.4214793942286631E+01   3.1013025376344086E+00
     780.0000000000000000   1.4286485137557406E+01   3.0845395749004791E+00
     790.0000000000000000   1.4424234713788673E+01   3.0618870145937658E+00
     800.0000000000000000   1.4564430455600363E+01   3.0346289273804268E+00
     810.0000000000000000   1.4704353894149582E+01   3.0079628929735174E+00
     820.0000000000000000   1.4844006874909565E+01   2.9818738609370508E+00
     830.0000000000000000   1.4983393651979501E+01   2.9563428496276991E+00
     840.0000000000000000   1.5119899212280526E+01   2.9361544685397734E+00
     850.0000000000000000   1.5258783725534038E+01   2.9116137029368296E+00
     860.0000000000000000   1.5397414199785885E+01   2.8875806575398419E+00
     870.0000000000000000   1.5535795013665380E+01   2.8640384034223532E+00
     880.0000000000000000   1.5673931514936610E+01   2.8409688232025916E+00
     890.0000000000000000   1.5811828441874487E+01   2.8183554458748228E+00
     900.0000000000000000   1.5946967435554948E+01   2.8006414947246911E+00
     910.0000000000000000   1.6084404482138702E+01   2.7788521431663997E+00
     920.0000000000000000   1.6221610093650245E+01   2.7574841423029963E+00
     930.0000000000000000   1.6358588284330327E+01   2.7365238531448721E+00
     940.0000000000000000   1.6495342949387823E+01   2.7159582338764960E+00
     950.0000000000000000   1.6631877593409257E+01   2.6957752806634194E+00
     960.0000000000000000   1.6768195323524694E+01   2.6759640010089374E+00
     970.0000000000000000   1.6904298984651223E+01   2.6565141462998523E+00
     980.0000000000000000   1.7040191310134809E+01   2.6374159323885586E+00
     990.0000000000000000   1.7175875001156999E+01   2.6186598904185341E+00
    1000.0000000000000000   1.7311352751043390E+01   2.6002368140910699E+00
    1100.0000000000000000   1.8655372658378408E+01   2.4324896481441680E+00
    1200.0000000000000000   1.9983649329502516E+01   2.2865518641217610E+00
    1300.0000000000000000   2.1297887401197368E+01   2.1578463314554193E+00
    1400.0000000000000000   2.2599448718238968E+01   2.0430781356673977E+00
    1500.0000000000000000   2.3887610413972013E+01   1.9422181147232391E+00
    1600.0000000000000000   2.5165466185902741E+01   1.8503860490504771E+00
    1700.0000000000000000   2.6430010708333125E+01   1.7708141181200998E+00
    1800.0000000000000000   2.7687887803674727E+01   1.6949200101112625E+00
    1900.0000000000000000   2.8934080448156912E+01   1.6284884986514097E+00
    2000.0000000000000000   3.0172980223809816E+01   1.5661848685627775E+00
    2100.0000000000000000   3.1403292376576214E+01   1.5093708056729251E+00
    2200.0000000000000000   3.2627198734128108E+01   1.4556294213527943E+00
    2300.0000000000000000   3.3841953513085244E+01   1.4077381739023105E+00
    2400.0000000000000000   3.5050974579798350E+01   1.3621414293018641E+00
    2500.0000000000000000   3.6253346481143851E+01   1.3197659952638465E+00
    2600.0000000000000000   3.7449195262049479E+01   1.2804559082000910E+00
    2700.0000000000000000   3.8638853937875631E+01   1.2438784833377108E+00
    2800.0000000000000000   3.9822721193534569E+01   1.2096548466882322E+00
    2900.0000000000000000   4.1002379789627469E+01   1.1764207763247987E+00
    3000.0000000000000000   4.2175250300533733E+01   1.1464353867820289E+00
    3100.0000000000000000   4.3344557088227752E+01   1.1169670029593837E+00
    3200.0000000000000000   4.4508666900879369E+01   1.0893863141998745E+00
    3300.0000000000000000   4.5668350355795162E+01   1.0631351745584259E+00
    3400.0000000000000000   4.6823345528638377E+01   1.0384030163961129E+00
    3500.0000000000000000   4.7973810208248437E+01   1.0150776228048015E+00
    3541.9989999999997963   4.8456037075386206E+01   1.0054004324907246E+00
    3542.0010000000002037   4.8456059956800885E+01   1.0054000163466859E+00
    3600.0000000000000000   4.9119846392375507E+01   9.9308522662303900E-01
    3700.0000000000000000   5.0262276025447484E+01   9.7188671538661053E-01
    3731.9989999999997963   5.0626802988598236E+01   9.6546803324205677E-01
    3732.0010000000002037   5.0626825946609422E+01   9.6546750384038049E-01
    3800.0000000000000000   5.1401651259625218E+01   9.5103629764396214E-01
    3900.0000000000000000   5.2536343249049864E+01   9.3182312767170705E-01
    4000.0000000000000000   5.3667003376466567E+01   9.1371940678267705E-01
    4021.9990000000002510   5.3916274587601464E+01   9.0913885011872009E-01
    4022.0010000000006585   5.3916297118012466E+01   9.0913851312128902E-01
    4100.0000000000000000   5.4795647775420271E+01   8.9536657082675741E-01
    4200.0000000000000000   5.5920747283456571E+01   8.7785891737240873E-01
    4300.0000000000000000   5.7040459006375315E+01   8.6241484014319991E-01
    4400.0000000000000000   5.8158514128213859E+01   8.4657772016249488E-01
    4500.0000000000000000   5.9274449160033697E+01   8.3078396159758661E-01
    4600.0000000000000000   6.0384209608399395E+01   8.1745346706270805E-01
    4700.0000000000000000   6.1493566555653175E+01   8.0313113008373693E-01
    4800.0000000000000000   6.2599998978092565E+01   7.8935085151231987E-01
    4900.0000000000000000   6.3702795065571614E+01   7.7650944277086675E-01
    5000.0000000000000000   6.4802725106102486E+01   7.6418760886012749E-01
    5100.0000000000000000   6.5900245087431898E+01   7.5215526691884138E-01
    5200.0000000000000000   6.6995456772379384E+01   7.4037738170233869E-01
    5300.0000000000000000   6.8088400836577193E+01   7.2885141113968588E-01
    5400.0000000000000000   6.9178236271617450E+01   7.1802177413121437E-01
    5500.0000000000000000   7.0264892944253660E+01   7.0790354719007009E-01
    5600.0000000000000000   7.1351124060063029E+01   6.9707657986779725E-01
    5700.0000000000000000   7.2434551520648867E+01   6.8689807985854834E-01
    5800.0000000000000000   7.3513279400397082E+01   6.7819066140047268E-01
    5900.0000000000000000   7.4592519992127649E+01   6.6844078611567892E-01
    6000.0000000000000000   7.5668971390508375E+01   6.5915922434367857E-01
    6100.0000000000000000   7.6742212281485294E+01   6.5076629803818753E-01
    6200.0000000000000000   7.7814735413866586E+01   6.4198696781443221E-01
    6300.0000000000000000   7.8885529831263085E+01   6.3317195762343836E-01
    6400.0000000000000000   7.9951164924456663E+01   6.2611133573815758E-01
    6500.0000000000000000   8.1017460077509924E+01   6.1806079586659990E-01
    6600.0000000000000000   8.2081067195941287E+01   6.1055063002710086E-01
    6700.0000000000000000   8.3143840412932249E+01   6.0276213235934317E-01
    6800.0000000000000000   8.4203487124016050E+01   5.9575334080091136E-01
    6900.0000000000000000   8.5261889562789534E+01   5.8859707324119637E-01
    7000.0000000000000000   8.6317367057800283E+01   5.8219687546498122E-01
    7100.0000000000000000   8.7372872164903782E+01   5.7508986196805245E-01
    7200.0000000000000000   8.8426784105633303E+01   5.6821052059124655E-01
    7300.0000000000000000   8.9479083503271042E+01   5.6137435184771067E-01
    7400.0000000000000000   9.0527661016334832E+01   5.5554201319209850E-01
    7500.0000000000000000   9.1573471853765056E+01   5.5036393246624382E-01
    7600.0000000000000000   9.2623034536003189E+01   5.4301710059348851E-01
    7700.0000000000000000   9.3666753720659500E+01   5.3767727961110234E-01
    7800.0000000000000000   9.4707507044565759E+01   5.3291402095305473E-01
    7900.0000000000000000   9.5751831146509119E+01   5.2622597767443635E-01
    8000.0000000000000000   9.6789510123082678E+01   5.2174683048471215E-01
    8100.0000000000000000   9.7830770142711458E+01   5.1541505234981244E-01
    8200.0000000000000000   9.8864091432239761E+01   5.1157430324075770E-01
    8300.0000000000000000   9.9902861793404682E+01   5.0531940154456712E-01
    8400.0000000000000000   1.0093473369479617E+02   5.0121178915802023E-01
    8500.0000000000000000   1.0196916086098912E+02   4.9570889501946380E-01
    8600.0000000000000000   1.0300156056428195E+02   4.9045385550560566E-01
    8700.0000000000000000   1.0402725870695332E+02   4.8736702467921039E-01
    8800.0000000000000000   1.0505852721967898E+02   4.8188507475737863E-01
    8900.0000000000000000   1.0608768020298007E+02   4.7673319584520485E-01
    9000.0000000000000000   1.0711076087797670E+02   4.7325887205780798E-01
    9100.0000000000000000   1.0813449292020573E+02   4.6920082171665128E-01
    9200.0000000000000000   1.0915949259324972E+02   4.6438559984397298E-01
    9300.0000000000000000   1.1018173181121233E+02   4.6019351149952159E-01
    9400.0000000000000000   1.1120395874661300E+02   4.5567336178564660E-01
    9500.0000000000000000   1.1222268697066590E+02   4.5199327525267219E-01
    9600.0000000000000000   1.1323794707614842E+02   4.4916354384332768E-01
    9700.0000000000000000   1.1425422960290011E+02   4.4559852463680316E-01
    9800.0000000000000000   1.1527038365061445E+02   4.4172478863403558E-01
    9900.0000000000000000   1.1628554009930575E+02   4.3784671184875229E-01
   10000.0000000000000000   1.1729936835060677E+02   4.3408939273142277E-01
   11000.0000000000000000   1.2737574898564063E+02   4.0047002048583064E-01
   12000.0000000000000000   1.3734335958671699E+02   3.7355975821438081E-01
   13000.0000000000000000   1.4722389562901060E+02   3.4891994598014381E-01
   14000.0000000000000000   1.5701821426648223E+02   3.2829581769863703E-01
   15000.0000000000000000   1.6673424661290963E+02   3.1031396902325692E-01
   16000.0000000000000000   1.7638509505704664E+02   2.9395977983862664E-01
   17000.0000000000000000   1.8597209527927802E+02   2.7805398461824526E-01
   18000.0000000000000000   1.9549968711462944E+02   2.6411392346583024E-01
   19000.0000000000000000   2.0496626100627466E+02   2.5285973871607254E-01
   20000.0000000000000000   2.1436888635918140E+02   2.4389677967766690E-01
   21000.0000000000000000   2.2374421311574451E+02   2.3181381061419504E-01
   22000.0000000000000000   2.3305845368749488E+02   2.2378191380697901E-01
   23000.0000000000000000   2.4232499816879607E+02   2.1550132437793515E-01
   24000.0000000000000000   2.5156956415245827E+02   2.0664148708702129E-01
   25000.0000000000000000   2.6074670668072844E+02   2.0137569079330708E-01
   26000.0000000000000000   2.6990561744180843E+02   1.9347340034578359E-01
   26714.9989999999997963   2.7643439809631451E+02   1.8879730784133089E-01
   26715.0010000000002037   2.7643441692422971E+02   1.8879721336762345E-01
   27000.0000000000000000   2.7902430214682414E+02   1.8769926112941535E-01
   28000.0000000000000000   2.8811141960151690E+02   1.8102854951715666E-01
   29000.0000000000000000   2.9714307471388793E+02   1.7630456294800614E-01
   30000.0000000000000000   3.0617397007118916E+02   1.7132884523459541E-01
   31000.0000000000000000   3.1514958871757710E+02   1.6649624521855777E-01
   32000.0000000000000000   3.2410347307253249E+02   1.6180609389804942E-01
   33000.0000000000000000   3.3303856032885477E+02   1.5773505203161026E-01
   34000.0000000000000000   3.4194394332047136E+02   1.5364971600978947E-01
   35000.0000000000000000   3.5082211223641298E+02   1.4946144922897286E-01
   36000.0000000000000000   3.5966279576612186E+02   1.4608105766938265E-01
   37000.0000000000000000   3.6847605708141401E+02   1.4285141077110428E-01
   38000.0000000000000000   3.7729333255540678E+02   1.3970333319284056E-01
   39000.0000000000000000   3.8606641830222139E+02   1.3753823249920341E-01
   40000.0000000000000000   3.9479812065515534E+02   1.3445848247576173E-01
   41000.0000000000000000   4.0355753144225002E+02   1.3204081725179703E-01
   42000.0000000000000000   4.1225043521980683E+02   1.2834890594174853E-01
   43000.0000000000000000   4.2096329655721195E+02   1.2646864318314299E-01
   44000.0000000000000000   4.2964000346253414E+02   1.2287190235405379E-01
   45000.0000000000000000   4.3826949441782671E+02   1.2060293093010582E-01
   46000.0000000000000000   4.4692943857194490E+02   1.1828007282504413E-01
   47000.0000000000000000   4.5553561370098521E+02   1.1797395187875698E-01
   48000.0000000000000000   4.6415907417968322E+02   1.1363994378288655E-01
   49000.0000000000000000   4.7271801599579783E+02   1.1229941604468957E-01
   50000.0000000000000000   4.8125689950219265E+02   1.1137649219687257E-01
