       0.1000000000000000   6.4426191148823548E+01   4.5282424755418814E-04
       0.2000000000000000   5.6355128237030478E+01   8.9267105519046498E-04
       0.3000000000000000   5.3471411302102204E+01   1.3371285385824845E-03
       0.4000000000000000   5.2187213347437165E+01   1.7688986187593739E-03
       0.5000000000000000   5.1391720372010738E+01   2.2027657710807576E-03
       0.6000000000000000   5.0832333335156342E+01   2.6394178626193360E-03
       0.7000000000000000   5.0409793106847033E+01   3.0795248829981045E-03
       0.7999999999999999   5.0069826084997104E+01   3.5235419711010011E-03
       0.8999999999999999   4.9787614987789048E+01   3.9706932724620503E-03
       0.9999999999999999   4.9539018806391717E+01   4.4226423760383143E-03
       2.0000000000000000   4.7698191424265509E+01   9.2062817029789842E-03
       3.0000000000000000   4.5995054600408828E+01   1.4564112960574114E-02
       4.0000000000000000   4.4232343373677139E+01   2.0579225712160164E-02
       5.0000000000000000   4.2449707040325720E+01   2.7301421864484209E-02
       6.0000000000000000   4.0694867672873706E+01   3.4760930095987776E-02
       7.0000000000000000   3.9002802940899279E+01   4.2970480196169981E-02
       8.0000000000000000   3.7392304776392955E+01   5.1934975039035595E-02
       9.0000000000000000   3.5872078153898784E+01   6.1654431675942305E-02
      10.0000000000000000   3.4443594739649861E+01   7.2128089626857961E-02
      11.0000000000000000   3.3104575579328163E+01   8.3355245811228523E-02
      12.0000000000000000   3.1850319692422236E+01   9.5336588784203577E-02
      13.0000000000000000   3.0675099197826903E+01   1.0807566493132810E-01
      14.0000000000000000   2.9572384095704436E+01   1.2158060438009982E-01
      15.0000000000000000   2.8535770759842329E+01   1.3586363841684834E-01
      16.0000000000000000   2.7559244071998652E+01   1.5094061572204950E-01
      17.0000000000000000   2.6637039708633338E+01   1.6683285045341778E-01
      18.0000000000000000   2.5763968964114888E+01   1.8356592569720687E-01
      19.0000000000000000   2.4935276119363383E+01   2.0117034619745205E-01
      20.0000000000000000   2.4146670341044295E+01   2.1968199579077444E-01
      21.0000000000000000   2.3394287902108953E+01   2.3914214755885016E-01
      22.0000000000000000   2.2674705085385757E+01   2.5959721756567883E-01
      23.0000000000000000   2.1984848218763204E+01   2.8109953682490718E-01
      24.0000000000000000   2.1321951561515217E+01   3.0370809107470759E-01
      25.0000000000000000   2.0683556293126134E+01   3.2748833826172163E-01
      26.0000000000000000   2.0067463759528728E+01   3.5251293824827090E-01
      27.0000000000000000   1.9471708354079986E+01   3.7886230095018486E-01
      28.0000000000000000   1.8894536131993441E+01   4.0662515230994906E-01
      29.0000000000000000   1.8334375167687181E+01   4.3589933055046010E-01
      30.0000000000000000   1.7789826568489616E+01   4.6679241057888210E-01
      31.0000000000000000   1.7259640332246981E+01   4.9942259066302130E-01
      32.0000000000000000   1.6742712388100443E+01   5.3391930263733389E-01
      33.0000000000000000   1.6238063449507013E+01   5.7042424522909885E-01
      34.0000000000000000   1.5744838535723511E+01   6.0909196521623743E-01
      35.0000000000000000   1.5262298429355745E+01   6.5009052534883172E-01
      36.0000000000000000   1.4789816850345982E+01   6.9360192164558443E-01
      37.0000000000000000   1.4326878856243123E+01   7.3982217576317344E-01
      38.0000000000000000   1.3873081606669597E+01   7.8896093104765597E-01
      39.0000000000000000   1.3428136386335296E+01   8.4124034081623822E-01
      40.0000000000000000   1.2991873510418394E+01   8.9689294365614747E-01
      41.0000000000000000   1.2564246710957223E+01   9.5615826409268845E-01
      41.9990000000000023   1.2145754140647995E+01   1.0192125366833669E+00
      42.0000000000000000   1.2145339650632611E+01   1.0192776606141574E+00
      42.0009999999999977   1.2144925169544527E+01   1.0193427886362145E+00
      43.0000000000000000   1.1735371499333500E+01   1.0864870975356620E+00
      44.0000000000000000   1.1334701064198883E+01   1.1580074091677515E+00
      44.9990000000000023   1.0944212312620436E+01   1.2339536492559373E+00
      45.0000000000000000   1.0943826531083227E+01   1.2340319782908573E+00
      45.0009999999999977   1.0943440759964519E+01   1.2341103119858901E+00
      46.0000000000000000   1.0563380694060125E+01   1.3147117056659290E+00
      47.0000000000000000   1.0194117250769095E+01   1.4001379372282403E+00
      48.0000000000000000   9.8368869734039937E+00   1.4903244083417129E+00
      49.0000000000000000   9.4926022562833623E+00   1.5851900172425974E+00
      50.0000000000000000   9.1621904487503087E+00   1.6845447996868894E+00
      51.0000000000000000   8.8465385811590149E+00   1.7880817177797250E+00
      52.0000000000000000   8.5464347046486999E+00   1.8953765262784179E+00
      53.0000000000000000   8.2625124566763972E+00   2.0058970006975256E+00
      54.0000000000000000   7.9952062302764730E+00   2.1190212991565183E+00
      55.0000000000000000   7.7447226740430715E+00   2.2340636256413471E+00
      56.0000000000000000   7.5110316821960543E+00   2.3503041081579470E+00
      57.0000000000000000   7.2938765068125315E+00   2.4670191278737343E+00
      58.0000000000000000   7.0927987202142582E+00   2.5835093523595343E+00
      59.0000000000000000   6.9071743794220817E+00   2.6991223116974017E+00
      60.0000000000000000   6.7362548920033385E+00   2.8132686648146161E+00
      61.0000000000000000   6.5792068882097494E+00   2.9254325222283830E+00
      62.0000000000000000   6.4351494835361178E+00   3.0351755153761366E+00
      63.0000000000000000   6.3031853611644628E+00   3.1421365022415637E+00
      64.0000000000000000   6.1824254972413346E+00   3.2460278469132393E+00
      65.0000000000000000   6.0720076013704594E+00   3.3466294965545726E+00
      66.0000000000000000   5.9711089242764670E+00   3.4437818372776494E+00
      67.0000000000000000   5.8789543818935019E+00   3.5373780804573856E+00
      67.9989999999999952   5.7949013345514597E+00   3.6272685504978885E+00
      68.0000000000000000   5.7948209804724105E+00   3.6273567115106826E+00
      68.0010000000000048   5.7947406337407523E+00   3.6274448688798588E+00
      69.0000000000000000   5.7180394517935191E+00   3.7136943471452502E+00
      70.0000000000000000   5.6479938837256123E+00   3.7963992016912926E+00
      71.0000000000000000   5.5841199748513910E+00   3.8755052587250693E+00
      72.0000000000000000   5.5259024119034175E+00   3.9510671704474700E+00
      73.0000000000000000   5.4728717317733464E+00   4.0231558626165826E+00
      74.0000000000000000   5.4246009382785596E+00   4.0918547948296382E+00
      75.0000000000000000   5.3807020443296194E+00   4.1572568257832163E+00
      76.0000000000000000   5.3408227615537358E+00   4.2194615347793016E+00
      77.0000000000000000   5.3046431757896650E+00   4.2785731326086909E+00
      78.0000000000000000   5.2718727824873302E+00   4.3346986288536034E+00
      79.0000000000000000   5.2422476600486947E+00   4.3879463999642416E+00
      80.0000000000000000   5.2155278896117778E+00   4.4384250250130277E+00
      81.0000000000000000   5.1914952024452559E+00   4.4862423574419141E+00
      82.0000000000000000   5.1699508474108198E+00   4.5315047936869490E+00
      83.0000000000000000   5.1507136642358704E+00   4.5743167051513973E+00
      84.0000000000000000   5.1336183476644246E+00   4.6147800052475860E+00
      85.0000000000000000   5.1185138895130162E+00   4.6529938273291664E+00
      86.0000000000000000   5.1052621794165711E+00   4.6890542935121049E+00
      87.0000000000000000   5.0937367488347425E+00   4.7230543595234469E+00
      88.0000000000000000   5.0838216568612218E+00   4.7550837091907354E+00
      89.0000000000000000   5.0754104697037086E+00   4.7852287178670405E+00
      90.0000000000000000   5.0684053681894889E+00   4.8135724336976331E+00
      91.0000000000000000   5.0627163380274922E+00   4.8401945998662717E+00
      92.0000000000000000   5.0582604452621140E+00   4.8651716987471607E+00
      93.0000000000000000   5.0549611864396953E+00   4.8885770146094822E+00
      94.0000000000000000   5.0527479051934927E+00   4.9104807104248867E+00
      95.0000000000000000   5.0515552679944395E+00   4.9309499151362628E+00
      96.0000000000000000   5.0513227926602502E+00   4.9500488184196314E+00
      97.0000000000000000   5.0519944238769856E+00   4.9678387705288962E+00
      98.0000000000000000   5.0535181504270605E+00   4.9843783852937324E+00
      99.0000000000000000   5.0558456610134463E+00   4.9997236445971645E+00
     100.0000000000000000   5.0589320310579566E+00   5.0139280033540183E+00
     103.9989999999999952   5.0780651059795767E+00   5.0603132074798172E+00
     104.0010000000000048   5.0780771542570893E+00   5.0603325425017305E+00
     110.0000000000000000   5.1235790901672171E+00   5.1033779184535328E+00
     120.0000000000000000   5.2316741714606421E+00   5.1224760057583021E+00
     130.0000000000000000   5.3668901446292487E+00   5.0967674831545464E+00
     140.0000000000000000   5.5198419354046067E+00   5.0425375053711834E+00
     150.0000000000000000   5.6847992157044542E+00   4.9703354947734084E+00
     153.9989999999999952   5.7469665280629272E+00   4.9528955887610699E+00
     154.0010000000000048   5.7470129694446044E+00   4.9528521054422106E+00
     160.0000000000000000   5.8507076551453556E+00   4.9069283461004733E+00
     170.0000000000000000   6.0310831675465559E+00   4.8182788314754932E+00
     180.0000000000000000   6.2203037998464401E+00   4.7152503372529919E+00
     190.0000000000000000   6.4026794677884418E+00   4.6337027426710220E+00
     200.0000000000000000   6.5923986572735611E+00   4.5401335410563792E+00
     210.0000000000000000   6.7819602355152639E+00   4.4514354706442871E+00
     220.0000000000000000   6.9712904508168112E+00   4.3672814044540083E+00
     230.0000000000000000   7.1659443344700975E+00   4.2747453628496430E+00
     233.9989999999999952   7.2413371500054993E+00   4.2441849083868082E+00
     234.0010000000000048   7.2413803748054342E+00   4.2441574160236373E+00
     236.9989999999999952   7.3005970678254197E+00   4.2155670499006828E+00
     237.0010000000000048   7.3006401984058362E+00   4.2155400287297020E+00
     240.0000000000000000   7.3597842817173360E+00   4.1874534989840164E+00
     250.0000000000000000   7.5528272018259361E+00   4.1049622471647673E+00
     260.0000000000000000   7.7450938337767337E+00   4.0268749377021225E+00
     270.0000000000000000   7.9366071465775585E+00   3.9528364097936830E+00
     280.0000000000000000   8.1273911745734484E+00   3.8825282568869683E+00
     290.0000000000000000   8.3220141978199305E+00   3.8061373203783893E+00
     300.0000000000000000   8.5112491591902195E+00   3.7428506466913283E+00
     310.0000000000000000   8.7041143509531960E+00   3.6736951702881497E+00
     320.0000000000000000   8.8961008491370599E+00   3.6079173188646987E+00
     330.0000000000000000   9.0872421690198095E+00   3.5452646657244236E+00
     340.0000000000000000   9.2775703015769100E+00   3.4855096452171099E+00
     350.0000000000000000   9.4671156886921413E+00   3.4284466217193574E+00
     360.0000000000000000   9.6559072743804713E+00   3.3738892797499900E+00
     370.0000000000000000   9.8439725524793396E+00   3.3216683966515448E+00
     380.0000000000000000   1.0031337607121857E+01   3.2716299474087136E+00
     390.0000000000000000   1.0221624109045985E+01   3.2168968572489289E+00
     398.9990000000000236   1.0391482743521701E+01   3.1709264556742656E+00
     399.0009999999999764   1.0391522016280486E+01   3.1709135084955569E+00
     400.0000000000000000   1.0407577647830694E+01   3.1710119271117319E+00
     410.0000000000000000   1.0596377337233019E+01   3.1205492660486343E+00
     415.9990000000000236   1.0706522962414118E+01   3.0962679227132366E+00
     416.0009999999999764   1.0706561943822544E+01   3.0962557449278414E+00
     420.0000000000000000   1.0781014372474322E+01   3.0783066307045925E+00
     430.0000000000000000   1.0968420239886575E+01   3.0316087945496659E+00
     440.0000000000000000   1.1155141809708171E+01   2.9867049337156608E+00
     450.0000000000000000   1.1337923386797950E+01   2.9492182546430534E+00
     460.0000000000000000   1.1523375427022124E+01   2.9074557487878043E+00
     470.0000000000000000   1.1708201718094095E+01   2.8672005838534291E+00
     480.0000000000000000   1.1892420127459907E+01   2.8283692030625853E+00
     490.0000000000000000   1.2076047426149991E+01   2.7908847516847342E+00
     500.0000000000000000   1.2259099696069939E+01   2.7546758753218423E+00
     510.0000000000000000   1.2441592485371874E+01   2.7196760357898864E+00
     510.9989999999999668   1.2460398014088966E+01   2.7152508748977424E+00
     511.0009999999999195   1.2460435657202984E+01   2.7152420313451975E+00
     520.0000000000000000   1.2623540765901996E+01   2.6858232063711278E+00
     530.0000000000000000   1.2804958891548061E+01   2.6530595990685244E+00
     540.0000000000000000   1.2985860605491649E+01   2.6213313414549324E+00
     550.0000000000000000   1.3166259088268662E+01   2.5905881283246490E+00
     560.0000000000000000   1.3346166956417395E+01   2.5607829698516071E+00
     570.0000000000000000   1.3528416060661757E+01   2.5274723062465259E+00
     580.0000000000000000   1.3707341038852842E+01   2.4995002284235643E+00
     590.0000000000000000   1.3885810686311656E+01   2.4723391382212250E+00
     600.0000000000000000   1.4066581093707006E+01   2.4417888228961639E+00
     610.0000000000000000   1.4244135128969676E+01   2.4162204602775117E+00
     620.0000000000000000   1.4421264106577212E+01   2.3913599157135388E+00
     630.0000000000000000   1.4600647032890986E+01   2.3632273803471802E+00
     640.0000000000000000   1.4776921889365068E+01   2.3397579811790106E+00
     650.0000000000000000   1.4952798239489137E+01   2.3169112428329974E+00
     660.0000000000000000   1.5130879759449540E+01   2.2909042456884876E+00
     670.0000000000000000   1.5305955178045114E+01   2.2692826569711437E+00
     680.0000000000000000   1.5483207238018277E+01   2.2445772180978913E+00
     690.0000000000000000   1.5657515133317359E+01   2.2240824294695609E+00
     700.0000000000000000   1.5833970181095262E+01   2.2005777350832032E+00
     710.0000000000000000   1.6010033653435123E+01   2.1776664194874913E+00
     720.0000000000000000   1.6183229645084470E+01   2.1587280575041623E+00
     730.0000000000000000   1.6358540131042098E+01   2.1368846812034845E+00
     740.0000000000000000   1.6531042483183871E+01   2.1188688541901408E+00
     750.0000000000000000   1.6705626637476730E+01   2.0980174873311497E+00
     760.0000000000000000   1.6879860768678920E+01   2.0776484794958305E+00
     770.0000000000000000   1.7051347180475332E+01   2.0609254248164968E+00
     780.0000000000000000   1.7224888350512710E+01   2.0414514654462819E+00
     790.0000000000000000   1.7398098302651047E+01   2.0224093760027730E+00
     800.0000000000000000   1.7570977015013035E+01   2.0037913716831093E+00
     810.0000000000000000   1.7741174468037656E+01   1.9886090675768060E+00
     820.0000000000000000   1.7913407636032566E+01   1.9707668026689378E+00
     830.0000000000000000   1.8085327093830269E+01   1.9533056609462658E+00
     840.0000000000000000   1.8256932193525497E+01   1.9362200915779011E+00
     850.0000000000000000   1.8428224151094465E+01   1.9195023402221429E+00
     860.0000000000000000   1.8596936412915060E+01   1.9059597088288875E+00
     870.0000000000000000   1.8767643005780670E+01   1.8898862038564452E+00
     880.0000000000000000   1.8938055794417654E+01   1.8741411280741569E+00
     890.0000000000000000   1.9108176558498208E+01   1.8587173561334471E+00
     900.0000000000000000   1.9278008506356848E+01   1.8436062536236173E+00
     910.0000000000000000   1.9447556729604990E+01   1.8287971755199128E+00
     920.0000000000000000   1.9616827590645872E+01   1.8142782642687141E+00
     930.0000000000000000   1.9783650612918876E+01   1.8026233548347670E+00
     940.0000000000000000   1.9952397749971105E+01   1.7886183854838533E+00
     950.0000000000000000   2.0120879174342058E+01   1.7748794170835172E+00
     960.0000000000000000   2.0289098114634875E+01   1.7613992563675607E+00
     970.0000000000000000   2.0457058060376557E+01   1.7481706027351780E+00
     980.0000000000000000   2.0624762675123542E+01   1.7351861464313754E+00
     990.0000000000000000   2.0792215652199197E+01   1.7224387273418360E+00
    1000.0000000000000000   2.0959420624982148E+01   1.7099214286786177E+00
    1100.0000000000000000   2.2620544763238126E+01   1.5939348238990836E+00
    1200.0000000000000000   2.4259920374786649E+01   1.4955740846932031E+00
    1300.0000000000000000   2.5881796200586294E+01   1.4091876711474329E+00
    1400.0000000000000000   2.7486032836415792E+01   1.3341561899074306E+00
    1500.0000000000000000   2.9076099591621517E+01   1.2667028208402500E+00
    1600.0000000000000000   3.0653248074188674E+01   1.2054964449307974E+00
    1700.0000000000000000   3.2216687902026585E+01   1.1510300159477775E+00
    1800.0000000000000000   3.3767685841277157E+01   1.1020574825450380E+00
    1843.9990000000000236   3.4447285877308659E+01   1.0813442331220868E+00
    1844.0009999999999764   3.4447316900277087E+01   1.0813431715943702E+00
    1900.0000000000000000   3.5308468217450269E+01   1.0567340934925586E+00
    2000.0000000000000000   3.6838340198654613E+01   1.0155806110597125E+00
    2100.0000000000000000   3.8357969081360629E+01   9.7805642112461944E-01
    2200.0000000000000000   3.9868039045145267E+01   9.4365352954662174E-01
    2300.0000000000000000   4.1369077737532713E+01   9.1199152315369980E-01
    2400.0000000000000000   4.2862744230472941E+01   8.8199236358088440E-01
    2500.0000000000000000   4.4348464175175280E+01   8.5408772499719887E-01
    2526.9989999999997963   4.4748240657236899E+01   8.4690291512055804E-01
    2527.0010000000002037   4.4748270284060098E+01   8.4690236261851548E-01
    2600.0000000000000000   4.5826375479031810E+01   8.2821910064934912E-01
    2631.9989999999997963   4.6298020289492342E+01   8.2013631136382137E-01
    2632.0010000000002037   4.6298049961627576E+01   8.2013568673203019E-01
    2700.0000000000000000   4.7296846993335002E+01   8.0417869516435458E-01
    2800.0000000000000000   4.8761746663316423E+01   7.8086647860436564E-01
    2871.9989999999997963   4.9810926280743729E+01   7.6579491658144061E-01
    2872.0010000000002037   4.9810955438478743E+01   7.6579446942143103E-01
    2900.0000000000000000   5.0218345280912821E+01   7.5995240470072234E-01
    3000.0000000000000000   5.1670128790858456E+01   7.3944966215889896E-01
    3100.0000000000000000   5.3114478586272504E+01   7.2088412468661056E-01
    3200.0000000000000000   5.4553707737168644E+01   7.0293085161618252E-01
    3300.0000000000000000   5.5987779929109188E+01   6.8575522716408333E-01
    3400.0000000000000000   5.7416293502664246E+01   6.6955314657101994E-01
    3500.0000000000000000   5.8839196421206331E+01   6.5436572690686456E-01
    3600.0000000000000000   6.0257092372734171E+01   6.3993069131093716E-01
    3700.0000000000000000   6.1672382983971147E+01   6.2515424775980011E-01
    3800.0000000000000000   6.3079804685222605E+01   6.1250927775976272E-01
    3900.0000000000000000   6.4483599098477313E+01   6.0006053308443841E-01
    4000.0000000000000000   6.5884549340491475E+01   5.8746271771709968E-01
    4100.0000000000000000   6.7279481016226867E+01   5.7620667694987693E-01
    4200.0000000000000000   6.8671150931312141E+01   5.6501646293819574E-01
    4300.0000000000000000   7.0058721012514326E+01   5.5433053585424652E-01
    4400.0000000000000000   7.1442828962155104E+01   5.4396744376472428E-01
    4500.0000000000000000   7.2821988431144078E+01   5.3442368114554228E-01
    4600.0000000000000000   7.4199742126923795E+01   5.2435459636009984E-01
    4700.0000000000000000   7.5570644426553599E+01   5.1591289885068581E-01
    4800.0000000000000000   7.6940540788210214E+01   5.0690847110451587E-01
    4900.0000000000000000   7.8305966424645362E+01   4.9863502468842924E-01
    5000.0000000000000000   7.9668658308502387E+01   4.9039877476956528E-01
    5100.0000000000000000   8.1027849591159026E+01   4.8254275616737591E-01
    5200.0000000000000000   8.2383621022550287E+01   4.7505228161399060E-01
    5300.0000000000000000   8.3736964230383265E+01   4.6755774931756289E-01
    5400.0000000000000000   8.5085802927349690E+01   4.6083361877131268E-01
    5500.0000000000000000   8.6433829331964148E+01   4.5364641839840186E-01
    5600.0000000000000000   8.7778514106702715E+01   4.4685484129085912E-01
    5700.0000000000000000   8.9117325394172823E+01   4.4125583331176632E-01
    5800.0000000000000000   9.0458884174669421E+01   4.3403133435176744E-01
    5900.0000000000000000   9.1791934216035273E+01   4.2882504083667844E-01
    6000.0000000000000000   9.3127015960567576E+01   4.2240122126939039E-01
    6100.0000000000000000   9.4457397347594181E+01   4.1683748573809892E-01
    6200.0000000000000000   9.5783943758777340E+01   4.1173830424241070E-01
    6300.0000000000000000   9.7110652298197081E+01   4.0601084697706358E-01
    6400.0000000000000000   9.8434931305894452E+01   4.0051614238360567E-01
    6500.0000000000000000   9.9756640077814524E+01   3.9514154673902424E-01
    6600.0000000000000000   1.0107488878073663E+02   3.9020769379390113E-01
    6700.0000000000000000   1.0239120083425448E+02   3.8543401628847979E-01
    6800.0000000000000000   1.0370469462304348E+02   3.8076109903704902E-01
    6900.0000000000000000   1.0501717458130955E+02   3.7607804982698423E-01
    7000.0000000000000000   1.0632563485519100E+02   3.7182154149847968E-01
    7100.0000000000000000   1.0763252491132094E+02   3.6772061883922452E-01
    7200.0000000000000000   1.0893710310838719E+02   3.6355954339809127E-01
    7300.0000000000000000   1.1023787444111714E+02   3.6018963757078581E-01
    7400.0000000000000000   1.1154138899903472E+02   3.5539070336070661E-01
    7500.0000000000000000   1.1284114039651446E+02   3.5136470607995812E-01
    7600.0000000000000000   1.1413669496585287E+02   3.4797329883244948E-01
    7700.0000000000000000   1.1543191205692396E+02   3.4407649033630772E-01
    7800.0000000000000000   1.1672642485972722E+02   3.4024941061647612E-01
    7900.0000000000000000   1.1801433365108083E+02   3.3754425572884028E-01
    8000.0000000000000000   1.1930805273610939E+02   3.3288911347854611E-01
    8100.0000000000000000   1.2059260569942859E+02   3.3034934648456760E-01
    8200.0000000000000000   1.2188176269118067E+02   3.2626468268779296E-01
    8300.0000000000000000   1.2316213781239055E+02   3.2376488489053640E-01
    8400.0000000000000000   1.2444683882789499E+02   3.2002518153339071E-01
    8500.0000000000000000   1.2572862894193851E+02   3.1669591404476188E-01
    8600.0000000000000000   1.2700669456112070E+02   3.1392753383013355E-01
    8700.0000000000000000   1.2828439030805916E+02   3.1074476998152106E-01
    8800.0000000000000000   1.2956013553640273E+02   3.0767307469219135E-01
    8900.0000000000000000   1.3083023335906387E+02   3.0574035825012330E-01
    9000.0000000000000000   1.3210665682887162E+02   3.0212737161050196E-01
    9100.0000000000000000   1.3337939965233241E+02   2.9899769386320885E-01
    9200.0000000000000000   1.3464844158360074E+02   2.9629976774999189E-01
    9300.0000000000000000   1.3591073149714217E+02   2.9481528390817696E-01
    9400.0000000000000000   1.3717872623918529E+02   2.9173631051485438E-01
    9500.0000000000000000   1.3844511764614825E+02   2.8875695347173275E-01
    9600.0000000000000000   1.3970797099992851E+02   2.8630955123094476E-01
    9700.0000000000000000   1.4096961419262510E+02   2.8389838588830585E-01
    9800.0000000000000000   1.4223074588089145E+02   2.8136174274264797E-01
    9900.0000000000000000   1.4349057742592120E+02   2.7884113273425776E-01
   10000.0000000000000000   1.4474875185676888E+02   2.7640899211356512E-01
   11000.0000000000000000   1.5724830391658239E+02   2.5544453828846220E-01
   12000.0000000000000000   1.6962531681615016E+02   2.3752342199308757E-01
   13000.0000000000000000   1.8189304218778207E+02   2.2199013911411497E-01
   14000.0000000000000000   1.9405378223649384E+02   2.0863629886541993E-01
   15000.0000000000000000   2.0612675183674858E+02   1.9674376634365964E-01
   16000.0000000000000000   2.1811063059765527E+02   1.8610024513353829E-01
   17000.0000000000000000   2.3001976772332642E+02   1.7676815271613208E-01
   18000.0000000000000000   2.4184703302962097E+02   1.6893134998751289E-01
   19000.0000000000000000   2.5361461350762772E+02   1.6180177835580004E-01
   20000.0000000000000000   2.6531550007842048E+02   1.5384346936468127E-01
   20005.9989999999997963   2.6538456230048195E+02   1.5396829854435912E-01
   20006.0010000000002037   2.6538458545184074E+02   1.5396831579070813E-01
   21000.0000000000000000   2.7694678490921893E+02   1.4841148041050425E-01
   22000.0000000000000000   2.8853910204904651E+02   1.4242961719562380E-01
   23000.0000000000000000   3.0007612580752487E+02   1.3679860575184111E-01
   24000.0000000000000000   3.1154697426619379E+02   1.3263525879660518E-01
   25000.0000000000000000   3.2297722134841484E+02   1.2701455790148045E-01
   26000.0000000000000000   3.3435322921993748E+02   1.2327155451600841E-01
   27000.0000000000000000   3.4570908074503922E+02   1.1855498623687274E-01
   28000.0000000000000000   3.5700665386754929E+02   1.1610914233208477E-01
   29000.0000000000000000   3.6824808496837090E+02   1.1236930725885055E-01
   30000.0000000000000000   3.7948516909394652E+02   1.0952571125323159E-01
   31000.0000000000000000   3.9064177200339986E+02   1.0609058462232646E-01
   32000.0000000000000000   4.0179132216094894E+02   1.0413935859191606E-01
   33000.0000000000000000   4.1292785507430301E+02   1.0028946506224022E-01
   34000.0000000000000000   4.2401150049854471E+02   9.7627164568424643E-02
   35000.0000000000000000   4.3503647636770353E+02   9.6693638859956896E-02
   36000.0000000000000000   4.4606910299489044E+02   9.2550514794389943E-02
   37000.0000000000000000   4.5701493688836723E+02   9.1574671828584170E-02
   38000.0000000000000000   4.6798450801713113E+02   8.9498905112810181E-02
   39000.0000000000000000   4.7895434359551621E+02   8.6377768617351733E-02
   40000.0000000000000000   4.8981829264462971E+02   8.4266554105499561E-02
   41000.0000000000000000   5.0074272891169755E+02   8.2317643902792337E-02
   42000.0000000000000000   5.1154079743635708E+02   8.0662856697815963E-02
   43000.0000000000000000   5.2240264092490361E+02   7.9716498707440991E-02
   44000.0000000000000000   5.3316902949268660E+02   7.8898000531340551E-02
   45000.0000000000000000   5.4392222785561773E+02   7.7232003844078051E-02
   46000.0000000000000000   5.5471181120248309E+02   7.6135488729548881E-02
   47000.0000000000000000   5.6548805979632914E+02   7.3056401995505962E-02
   48000.0000000000000000   5.7617458910963830E+02   7.2629027562255949E-02
   49000.0000000000000000   5.8685717135819755E+02   7.0614244784774322E-02
   50000.0000000000000000   5.9749631765431297E+02   6.9951941309796387E-02
