       0.1000000000000000   4.4288190221684850E+01   6.5800170008115122E-04
       0.2000000000000000   3.8835637742396294E+01   1.2917571660188212E-03
       0.3000000000000000   3.6944367363092589E+01   1.9263991433306283E-03
       0.4000000000000000   3.6150787719879247E+01   2.5373083132705829E-03
       0.5000000000000000   3.5694791286334670E+01   3.1456387966682458E-03
       0.6000000000000000   3.5402384793977774E+01   3.7523164412700512E-03
       0.7000000000000000   3.5205782458712939E+01   4.3582211815652626E-03
       0.7999999999999999   3.5067513483174736E+01   4.9639441244610652E-03
       0.8999999999999999   3.4970378883771296E+01   5.5682382492751818E-03
       0.9999999999999999   3.4897680483900977E+01   6.1735086396563655E-03
       2.0000000000000000   3.4652726168371558E+01   1.2266933807682621E-02
       3.0000000000000000   3.4502673903435237E+01   1.8544824889160469E-02
       4.0000000000000000   3.4249079268744609E+01   2.5107278105265664E-02
       5.0000000000000000   3.3886739987899873E+01   3.2023159751529660E-02
       6.0000000000000000   3.3435928447931552E+01   3.9344402713414869E-02
       7.0000000000000000   3.2920403892086945E+01   4.7105347368983731E-02
       8.0000000000000000   3.2358603720623549E+01   5.5333206026929524E-02
       9.0000000000000000   3.1765587413898654E+01   6.4049057253625030E-02
      10.0000000000000000   3.1152560367133923E+01   7.3271320747597540E-02
      11.0000000000000000   3.0528585660951027E+01   8.3014739979351174E-02
      12.0000000000000000   2.9900491937538543E+01   9.3291488116158477E-02
      13.0000000000000000   2.9273739503233816E+01   1.0411189975819264E-01
      14.0000000000000000   2.8651950729873921E+01   1.1548723063374564E-01
      15.0000000000000000   2.8037892933663823E+01   1.2742840189297314E-01
      16.0000000000000000   2.7433706011805729E+01   1.3994538801540571E-01
      17.0000000000000000   2.6840662465970606E+01   1.5305010953189910E-01
      18.0000000000000000   2.6259738960160902E+01   1.6675457421005854E-01
      19.0000000000000000   2.5691429823902826E+01   1.8107197817957651E-01
      20.0000000000000000   2.5135966114647747E+01   1.9601730582255902E-01
      21.0000000000000000   2.4593332043060354E+01   2.1160726467519483E-01
      22.0000000000000000   2.4063418150066255E+01   2.2785963982643648E-01
      23.0000000000000000   2.3545972544771050E+01   2.4479421125455544E-01
      24.0000000000000000   2.3040619600781568E+01   2.6243346684541613E-01
      25.0000000000000000   2.2546950516888330E+01   2.8080181581133390E-01
      26.0000000000000000   2.2064515553343590E+01   2.9992611392673607E-01
      27.0000000000000000   2.1592840483579501E+01   3.1983580607129486E-01
      28.0000000000000000   2.1131446727825203E+01   3.4056300291428737E-01
      29.0000000000000000   2.0679842120118757E+01   3.6214285684374298E-01
      30.0000000000000000   2.0237550660850633E+01   3.8461355816860954E-01
      31.0000000000000000   1.9804095627490852E+01   4.0801673350471840E-01
      32.0000000000000000   1.9379028872292643E+01   4.3239734243050953E-01
      33.0000000000000000   1.8961906153736880E+01   4.5780432396964482E-01
      34.0000000000000000   1.8552308796737787E+01   4.8429057939288922E-01
      35.0000000000000000   1.8149836877414504E+01   5.1191331802799034E-01
      36.0000000000000000   1.7754112567113619E+01   5.4073433695266560E-01
      37.0000000000000000   1.7364780315281255E+01   5.7082032561950868E-01
      38.0000000000000000   1.6981508170612006E+01   6.0224317980747621E-01
      39.0000000000000000   1.6603986594281821E+01   6.3508033411921172E-01
      40.0000000000000000   1.6231931483769319E+01   6.6941505245484811E-01
      41.0000000000000000   1.5865082038253279E+01   7.0533679996599041E-01
      42.0000000000000000   1.5503202811794159E+01   7.4294151265743513E-01
      42.9990000000000023   1.5146439386876583E+01   7.8229156564041180E-01
      43.0000000000000000   1.5146084584336116E+01   7.8233188382590990E-01
      43.0009999999999977   1.5145729786372153E+01   7.8237220390609807E-01
      43.9990000000000023   1.4793895975475678E+01   8.2357524971921547E-01
      44.0000000000000000   1.4793545669989397E+01   8.2361752030901281E-01
      44.0009999999999977   1.4793195368925412E+01   8.2365979291022917E-01
      45.0000000000000000   1.4445431482246146E+01   8.6691517488941050E-01
      46.0000000000000000   1.4101617669356788E+01   9.1234869185062151E-01
      47.0000000000000000   1.3762011344267702E+01   9.6004888213874096E-01
      48.0000000000000000   1.3426553182831533E+01   1.0101531620019264E+00
      49.0000000000000000   1.3095219813455754E+01   1.0628049127015513E+00
      50.0000000000000000   1.2768026363470947E+01   1.1181524761418384E+00
      51.0000000000000000   1.2445029073351012E+01   1.1763477062689085E+00
      52.0000000000000000   1.2126328400539297E+01   1.2375439598805840E+00
      53.0000000000000000   1.1812071520198250E+01   1.3018934383879497E+00
      54.0000000000000000   1.1502454784154638E+01   1.3695437745289807E+00
      55.0000000000000000   1.1197725254448054E+01   1.4406337999088299E+00
      56.0000000000000000   1.0898181581178237E+01   1.5152884519966141E+00
      57.0000000000000000   1.0604173872383086E+01   1.5936125575512226E+00
      58.0000000000000000   1.0316098969918652E+01   1.6756845741224831E+00
      59.0000000000000000   1.0034396361538578E+01   1.7615491587800745E+00
      60.0000000000000000   9.7595410817834143E+00   1.8512095685762602E+00
      61.0000000000000000   9.4920302035995618E+00   1.9446212778045375E+00
      62.0000000000000000   9.2323702367304339E+00   2.0416857032092635E+00
      63.0000000000000000   8.9810601135603161E+00   2.1422460907945400E+00
      64.0000000000000000   8.7385728356291530E+00   2.2460856577783210E+00
      65.0000000000000000   8.5053368624995613E+00   2.3529285736312073E+00
      66.0000000000000000   8.2817185207112463E+00   2.4624440188481151E+00
      67.0000000000000000   8.0680070018538643E+00   2.5742532296063851E+00
      68.0000000000000000   7.8644032272736641E+00   2.6879390944196513E+00
      69.0000000000000000   7.6710134216979418E+00   2.8030575802389275E+00
      70.0000000000000000   7.4878477187685410E+00   2.9191500855289823E+00
      71.0000000000000000   7.3148235367096639E+00   3.0357557807772553E+00
      71.9989999999999952   7.1519311606261864E+00   3.1523065348389658E+00
      72.0000000000000000   7.1517730168131806E+00   3.1524230869778971E+00
      72.0010000000000048   7.1516148827363892E+00   3.1525396387437574E+00
      73.0000000000000000   6.9984534702029997E+00   3.2687196388976969E+00
      74.0000000000000000   6.8545596944986205E+00   3.3842403201626055E+00
      75.0000000000000000   6.7197370110236259E+00   3.4986132253235631E+00
      76.0000000000000000   6.5935943656513292E+00   3.6115034410897553E+00
      77.0000000000000000   6.4757160888756813E+00   3.7226152032675675E+00
      78.0000000000000000   6.3656728018840703E+00   3.8316922213644884E+00
      79.0000000000000000   6.2630305063799332E+00   3.9385168613321517E+00
      80.0000000000000000   6.1673580832554746E+00   4.0429083584510392E+00
      81.0000000000000000   6.0782332089902367E+00   4.1447203772853900E+00
      82.0000000000000000   5.9952468348670989E+00   4.2438381683260582E+00
      83.0000000000000000   5.9180064038223374E+00   4.3401755230096493E+00
      84.0000000000000000   5.8461380061648667E+00   4.4336716827181979E+00
      85.0000000000000000   5.7792876763118857E+00   4.5242883146114412E+00
      86.0000000000000000   5.7171219969337495E+00   4.6120066327728351E+00
      87.0000000000000000   5.6593281705189247E+00   4.6968247179551357E+00
      88.0000000000000000   5.6056137173795273E+00   4.7787550408745156E+00
      89.0000000000000000   5.5557058361146261E+00   4.8578222576695715E+00
      90.0000000000000000   5.5093506152852170E+00   4.9340612008891052E+00
      91.0000000000000000   5.4663120943540306E+00   5.0075151153526143E+00
      92.0000000000000000   5.4263712527296324E+00   5.0782341027598523E+00
      93.0000000000000000   5.3893249663003724E+00   5.1462737628006332E+00
      94.0000000000000000   5.3549849611761040E+00   5.2116940133451388E+00
      95.0000000000000000   5.3231767865082196E+00   5.2745580719904286E+00
      96.0000000000000000   5.2937388218169392E+00   5.3349315816693759E+00
      97.0000000000000000   5.2665213289280493E+00   5.3928818639206213E+00
      98.0000000000000000   5.2413855542391952E+00   5.4484772846242908E+00
      99.0000000000000000   5.2182028883016214E+00   5.5017867180032987E+00
     100.0000000000000000   5.1968540744638831E+00   5.5528790969372581E+00
     110.0000000000000000   5.0633674933563206E+00   5.9564869536479499E+00
     120.0000000000000000   5.0293752500137865E+00   6.2061500095015800E+00
     130.0000000000000000   5.0548100462052137E+00   6.3484687694294930E+00
     140.0000000000000000   5.1179215552877757E+00   6.4162029949935668E+00
     150.0000000000000000   5.2060768484140878E+00   6.4319879921650669E+00
     160.0000000000000000   5.3115104113501070E+00   6.4114973146642393E+00
     170.0000000000000000   5.4292199893031583E+00   6.3656777859533760E+00
     180.0000000000000000   5.5558561038958301E+00   6.3022540752543481E+00
     190.0000000000000000   5.6891024131464683E+00   6.2267321172897399E+00
     200.0000000000000000   5.8248934657775173E+00   6.1530569894674478E+00
     210.0000000000000000   5.9661243198140719E+00   6.0700861569128559E+00
     220.0000000000000000   6.1085741095728592E+00   5.9886004744186163E+00
     230.0000000000000000   6.2591721182569708E+00   5.8877647003410285E+00
     240.0000000000000000   6.4029646968900042E+00   5.8111611633055551E+00
     250.0000000000000000   6.5538757658114655E+00   5.7175648885405552E+00
     260.0000000000000000   6.7046858208140137E+00   5.6278763208943152E+00
     270.0000000000000000   6.8613509140584537E+00   5.5246606036900712E+00
     280.0000000000000000   7.0115999629220171E+00   5.4429500429261752E+00
     290.0000000000000000   7.1616721164769697E+00   5.3644815955061294E+00
     300.0000000000000000   7.3169054328452923E+00   5.2739831758394491E+00
     310.0000000000000000   7.4715694826511827E+00   5.1875877889196769E+00
     320.0000000000000000   7.6256777674781633E+00   5.1050139337924412E+00
     330.0000000000000000   7.7743083040971603E+00   5.0394653504977462E+00
     340.0000000000000000   7.9274796093977598E+00   4.9633092721110454E+00
     350.0000000000000000   8.0848130387342056E+00   4.8777618859342944E+00
     360.0000000000000000   8.2368443567073832E+00   4.8081169626979685E+00
     370.0000000000000000   8.3883933010360465E+00   4.7412105052597777E+00
     380.0000000000000000   8.5394741752041821E+00   4.6768768267547633E+00
     390.0000000000000000   8.6943629319471576E+00   4.6039460484171224E+00
     400.0000000000000000   8.8444373908090377E+00   4.5446480583299529E+00
     410.0000000000000000   8.9981831507420864E+00   4.4770938035391481E+00
     420.0000000000000000   9.1473140537986843E+00   4.4222441152872412E+00
     430.0000000000000000   9.2999835697845441E+00   4.3594614377334260E+00
     440.0000000000000000   9.4521119345588733E+00   4.2989926119412454E+00
     450.0000000000000000   9.5998839878236950E+00   4.2500346347080669E+00
     460.0000000000000000   9.7510277562955228E+00   4.1935802709755636E+00
     470.0000000000000000   9.9016745134258457E+00   4.1390857313043350E+00
     480.0000000000000000   1.0051838030112163E+01   4.0864462178164764E+00
     490.0000000000000000   1.0201531519064273E+01   4.0355644493116767E+00
     500.0000000000000000   1.0350767644012173E+01   3.9863500281563558E+00
     510.0000000000000000   1.0499558572255184E+01   3.9387187711931939E+00
     517.9990000000000236   1.0616880984584313E+01   3.9048802770256539E+00
     518.0009999999999764   1.0616912013111929E+01   3.9048679532069666E+00
     520.0000000000000000   1.0647916019907981E+01   3.8925921283151861E+00
     524.9990000000000236   1.0721920247931465E+01   3.8700759529706543E+00
     525.0009999999999764   1.0721951206813703E+01   3.8700638884549683E+00
     530.0000000000000000   1.0795851257086319E+01   3.8478967387872696E+00
     537.9990000000000236   1.0912543745382406E+01   3.8161690790474920E+00
     538.0009999999999764   1.0912574570019686E+01   3.8161574415319741E+00
     540.0000000000000000   1.0943375120759551E+01   3.8045640200850723E+00
     550.0000000000000000   1.1090498035432191E+01   3.7625297790677825E+00
     560.0000000000000000   1.1237230014848599E+01   3.7217338938301792E+00
     570.0000000000000000   1.1386817133222646E+01   3.6750025270809368E+00
     580.0000000000000000   1.1532749307100035E+01   3.6366588172616257E+00
     590.0000000000000000   1.1678318836025930E+01   3.5993893633446401E+00
     600.0000000000000000   1.1823534374579957E+01   3.5631474532452572E+00
     610.0000000000000000   1.1971495965664081E+01   3.5212942981110831E+00
     620.0000000000000000   1.2115982846101764E+01   3.4871013763130598E+00
     630.0000000000000000   1.2260139926029629E+01   3.4538081418595925E+00
     632.9990000000000236   1.2305120080296797E+01   3.4401973170742757E+00
     633.0009999999999764   1.2305150066230665E+01   3.4401882789734644E+00
     640.0000000000000000   1.2406969356896511E+01   3.4151272395117340E+00
     650.0000000000000000   1.2550445338781378E+01   3.3836351222644376E+00
     660.0000000000000000   1.2696554420578538E+01   3.3468958636908410E+00
     670.0000000000000000   1.2839378696589927E+01   3.3170591363651640E+00
     680.0000000000000000   1.2984795813536094E+01   3.2821109888255577E+00
     690.0000000000000000   1.3126995213085015E+01   3.2538006509656308E+00
     700.0000000000000000   1.3271747279101904E+01   3.2205079998711632E+00
     710.0000000000000000   1.3413347030607966E+01   3.1936081018091831E+00
     720.0000000000000000   1.3557458930970322E+01   3.1618496898149111E+00
     730.0000000000000000   1.3701257014163073E+01   3.1308521150808626E+00
     740.0000000000000000   1.3841977953794173E+01   3.1059220256167142E+00
     750.0000000000000000   1.3985170043864276E+01   3.0762969692223177E+00
     760.0000000000000000   1.4128063085217009E+01   3.0473573325709271E+00
     770.0000000000000000   1.4267955725222521E+01   3.0241857995566881E+00
     780.0000000000000000   1.4410275041908852E+01   2.9964774838118928E+00
     790.0000000000000000   1.4552308632374709E+01   2.9693897957094917E+00
     800.0000000000000000   1.4691418917346082E+01   2.9477951410525765E+00
     810.0000000000000000   1.4832908567244157E+01   2.9218161095127768E+00
     820.0000000000000000   1.4974126307030662E+01   2.8963985442717939E+00
     830.0000000000000000   1.5115075025515960E+01   2.8715264807532450E+00
     840.0000000000000000   1.5255760553801903E+01   2.8471792041938957E+00
     850.0000000000000000   1.5393636457768102E+01   2.8279072059899102E+00
     860.0000000000000000   1.5533822621159592E+01   2.8044959671948346E+00
     870.0000000000000000   1.5673756387695867E+01   2.7815646053180978E+00
     880.0000000000000000   1.5813442684412225E+01   2.7590961651463766E+00
     890.0000000000000000   1.5952886786948199E+01   2.7370736152398760E+00
     900.0000000000000000   1.6092092975917872E+01   2.7154821663199469E+00
     910.0000000000000000   1.6231064423836994E+01   2.6943093740116488E+00
     920.0000000000000000   1.6367356158636682E+01   2.6777424678769393E+00
     930.0000000000000000   1.6505874560280173E+01   2.6573304052805415E+00
     940.0000000000000000   1.6644166858041299E+01   2.6373043124339808E+00
     950.0000000000000000   1.6782236815273549E+01   2.6176520475745568E+00
     960.0000000000000000   1.6920087862580441E+01   2.5983623637136866E+00
     970.0000000000000000   1.7057723081638777E+01   2.5794249011375521E+00
     980.0000000000000000   1.7195145318418263E+01   2.5608299676590094E+00
     990.0000000000000000   1.7332357298240463E+01   2.5425683269990045E+00
    1000.0000000000000000   1.7469361697878860E+01   2.5246310630089428E+00
    1100.0000000000000000   1.8828556203979748E+01   2.3613242402167582E+00
    1200.0000000000000000   2.0173944673319784E+01   2.2161492896534978E+00
    1300.0000000000000000   2.1502883526623457E+01   2.0912303290068022E+00
    1400.0000000000000000   2.2817045650973395E+01   1.9824919840715161E+00
    1500.0000000000000000   2.4119723156334665E+01   1.8844385806648012E+00
    1600.0000000000000000   2.5411964782160201E+01   1.7951821705039457E+00
    1700.0000000000000000   2.6692730946569839E+01   1.7155713854204822E+00
    1800.0000000000000000   2.7962900746148737E+01   1.6440868875733685E+00
    1900.0000000000000000   2.9224954867705975E+01   1.5776101554861095E+00
    2000.0000000000000000   3.0476158037541527E+01   1.5190047027118834E+00
    2100.0000000000000000   3.1720435699009151E+01   1.4638093413671485E+00
    2200.0000000000000000   3.2958171083255081E+01   1.4116514957344803E+00
    2300.0000000000000000   3.4186769497169898E+01   1.3651220236279751E+00
    2400.0000000000000000   3.5409579414054036E+01   1.3208059146933164E+00
    2500.0000000000000000   3.6625559448760832E+01   1.2797374677558717E+00
    2600.0000000000000000   3.7835046127236595E+01   1.2415691892388181E+00
    2700.0000000000000000   3.9038303865646739E+01   1.2060389420327875E+00
    2800.0000000000000000   4.0237342405239332E+01   1.1714130651410530E+00
    2900.0000000000000000   4.1428998797451193E+01   1.1404354910263694E+00
    3000.0000000000000000   4.2616861107949177E+01   1.1100539777625906E+00
    3100.0000000000000000   4.3797740566732351E+01   1.0829267653723138E+00
    3200.0000000000000000   4.4975500149159451E+01   1.0559342481057539E+00
    3300.0000000000000000   4.6148146551104070E+01   1.0306951174544210E+00
    3400.0000000000000000   4.7316317979945886E+01   1.0067533474702879E+00
    3500.0000000000000000   4.8480074571360973E+01   9.8407052383877647E-01
    3600.0000000000000000   4.9639767801211079E+01   9.6242684687378821E-01
    3700.0000000000000000   5.0796525020669151E+01   9.4099348831995167E-01
    3800.0000000000000000   5.1947917616515667E+01   9.2157950817736223E-01
    3900.0000000000000000   5.3095013174541968E+01   9.0336546085583302E-01
    4000.0000000000000000   5.4240157088730648E+01   8.8482686111278697E-01
    4100.0000000000000000   5.5380275860728375E+01   8.6806543466693586E-01
    4200.0000000000000000   5.6518073319959356E+01   8.5125172822416162E-01
    4300.0000000000000000   5.7651530865910381E+01   8.3580423269920556E-01
    4400.0000000000000000   5.8783180632490598E+01   8.2006259587593411E-01
    4500.0000000000000000   5.9910408505981692E+01   8.0566199495814617E-01
    4600.0000000000000000   6.1036307931767837E+01   7.9082850208902522E-01
    4700.0000000000000000   6.2157170084714046E+01   7.7768494689562229E-01
    4800.0000000000000000   6.3274768240253998E+01   7.6530491913234344E-01
    4900.0000000000000000   6.4391145107627580E+01   7.5244252028138514E-01
    5000.0000000000000000   6.5504478353971024E+01   7.4016889528448460E-01
    5100.0000000000000000   6.6614889005969019E+01   7.2843455240505850E-01
    5200.0000000000000000   6.7722458073452273E+01   7.1720762725117415E-01
    5300.0000000000000000   6.8827206386783303E+01   7.0647972525386205E-01
    5400.0000000000000000   6.9930210885575477E+01   6.9566251626627795E-01
    5469.9989999999997963   7.0701066484221542E+01   6.8826521271681840E-01
    5470.0010000000002037   7.0701088358120728E+01   6.8826506533283682E-01
    5500.0000000000000000   7.1031277481431033E+01   6.8499278427333865E-01
    5600.0000000000000000   7.2129224981025232E+01   6.7503110602545413E-01
    5700.0000000000000000   7.3222874990874786E+01   6.6630402511957298E-01
    5800.0000000000000000   7.4317311628358823E+01   6.5639078196815592E-01
    5900.0000000000000000   7.5407429561080789E+01   6.4764396678653524E-01
    6000.0000000000000000   7.6497251842964928E+01   6.3836114099482866E-01
    6100.0000000000000000   7.7583208331666185E+01   6.3014761106504991E-01
    6200.0000000000000000   7.8667025577447518E+01   6.2211114232286557E-01
    6300.0000000000000000   7.9749959731717084E+01   6.1380136045195288E-01
    6400.0000000000000000   8.0830345598169671E+01   6.0599411135841974E-01
    6500.0000000000000000   8.1909993182579825E+01   5.9776163690315853E-01
    6600.0000000000000000   8.2985182645860675E+01   5.9086294926601968E-01
    6700.0000000000000000   8.4060333531328979E+01   5.8335548674914184E-01
    6800.0000000000000000   8.5131934676483837E+01   5.7672958797393725E-01
    6900.0000000000000000   8.6203910015782043E+01   5.6935316161716687E-01
    7000.0000000000000000   8.7271964100329910E+01   5.6305182965789113E-01
    7100.0000000000000000   8.8339529581603941E+01   5.5634540496630636E-01
    7200.0000000000000000   8.9404196251869138E+01   5.5024751374054515E-01
    7300.0000000000000000   9.0466154666048297E+01   5.4477788248118264E-01
    7400.0000000000000000   9.1528920587354435E+01   5.3828928221043804E-01
    7500.0000000000000000   9.2591035157625200E+01   5.3173241958874640E-01
    7600.0000000000000000   9.3647758808130305E+01   5.2666416010936401E-01
    7700.0000000000000000   9.4704125820748573E+01   5.2123813174340605E-01
    7800.0000000000000000   9.5761496220769203E+01   5.1505326197949952E-01
    7900.0000000000000000   9.6812276391504057E+01   5.1075946610579548E-01
    8000.0000000000000000   9.7868141544901306E+01   5.0414677878623559E-01
    8100.0000000000000000   9.8916549947412179E+01   4.9992787159571878E-01
    8200.0000000000000000   9.9967910703867645E+01   4.9405333326259482E-01
    8300.0000000000000000   1.0101186769386184E+02   4.9052322496478523E-01
    8400.0000000000000000   1.0206135828133731E+02   4.8461149943797777E-01
    8500.0000000000000000   1.0310442585896894E+02   4.8053700775490193E-01
    8600.0000000000000000   1.0414882373554352E+02   4.7555010329983666E-01
    8700.0000000000000000   1.0519189368030318E+02   4.7062009503797997E-01
    8800.0000000000000000   1.0622953666647416E+02   4.6731157351477204E-01
    8900.0000000000000000   1.0726975492461575E+02   4.6273232891632832E-01
    9000.0000000000000000   1.0830931584202416E+02   4.5795161979175325E-01
    9100.0000000000000000   1.0934755970181827E+02   4.5318915851565145E-01
    9200.0000000000000000   1.1037944235509940E+02   4.5018650335143739E-01
    9300.0000000000000000   1.1141251846576766E+02   4.4649920780728286E-01
    9400.0000000000000000   1.1244744144326748E+02   4.4190347814365438E-01
    9500.0000000000000000   1.1347947649355665E+02   4.3793335066482236E-01
    9600.0000000000000000   1.1450998037814480E+02   4.3414137377072343E-01
    9700.0000000000000000   1.1553999041989817E+02   4.3017328724272852E-01
    9800.0000000000000000   1.1656868779073659E+02   4.2628649123334650E-01
    9900.0000000000000000   1.1759559723101412E+02   4.2264487717512067E-01
   10000.0000000000000000   1.1862101948108383E+02   4.1916087254073392E-01
   11000.0000000000000000   1.2880962893670326E+02   3.8878882038348339E-01
   12000.0000000000000000   1.3890411373112275E+02   3.6046561513656195E-01
   13000.0000000000000000   1.4890187413808212E+02   3.3659060857520368E-01
   14000.0000000000000000   1.5881487588140070E+02   3.1658516656277030E-01
   15000.0000000000000000   1.6864794263338572E+02   2.9906243735288163E-01
   16000.0000000000000000   1.7841386880084630E+02   2.8315449814046084E-01
   17000.0000000000000000   1.8811363239696385E+02   2.6850305101101890E-01
   18000.0000000000000000   1.9775103956722910E+02   2.5603205901756892E-01
   19000.0000000000000000   2.0732650451807763E+02   2.4516286922999869E-01
   20000.0000000000000000   2.1685833643076109E+02   2.3447182152702309E-01
   21000.0000000000000000   2.2633455660922712E+02   2.2500632407793536E-01
   22000.0000000000000000   2.3576752725734724E+02   2.1546512432600759E-01
   23000.0000000000000000   2.4514357962819156E+02   2.0791853955149300E-01
   24000.0000000000000000   2.5449090217212793E+02   2.0055870837646275E-01
   25000.0000000000000000   2.6379134928209243E+02   1.9446621492776200E-01
   26000.0000000000000000   2.7306030154338453E+02   1.8726150465982558E-01
   27000.0000000000000000   2.8227493076003583E+02   1.8313379821566889E-01
   28000.0000000000000000   2.9147147908851559E+02   1.7567153956924342E-01
   29000.0000000000000000   3.0063057182347490E+02   1.7051931814535834E-01
   30000.0000000000000000   3.0975078333187605E+02   1.6651891655830620E-01
   31000.0000000000000000   3.1886021113754720E+02   1.6073503426459934E-01
   32000.0000000000000000   3.2790700737461378E+02   1.5700107158458898E-01
   33000.0000000000000000   3.3694534380867202E+02   1.5278677173055313E-01
   34000.0000000000000000   3.4595640989947310E+02   1.4897276926428807E-01
   35000.0000000000000000   3.5493842968463082E+02   1.4512632002348799E-01
   36000.0000000000000000   3.6388778501805564E+02   1.4217685206528644E-01
   37000.0000000000000000   3.7283142162284616E+02   1.3868878320125075E-01
   38000.0000000000000000   3.8175751722833638E+02   1.3508338098257502E-01
   39000.0000000000000000   3.9060801602144568E+02   1.3403260928220509E-01
   40000.0000000000000000   3.9947597876024980E+02   1.3071619992550002E-01
   41000.0000000000000000   4.0832632457957112E+02   1.2786652755101918E-01
   42000.0000000000000000   4.1714681992620092E+02   1.2463335928290595E-01
   43000.0000000000000000   4.2594832436640297E+02   1.2141330372528425E-01
   44000.0000000000000000   4.3475408221968291E+02   1.1865930302190465E-01
   45000.0000000000000000   4.4347867516068777E+02   1.1681132349821098E-01
   46000.0000000000000000   4.5221368709869671E+02   1.1457391724611403E-01
   47000.0000000000000000   4.6095117350126168E+02   1.1298336138382156E-01
   48000.0000000000000000   4.6967683838918197E+02   1.1009003713547934E-01
   49000.0000000000000000   4.7834092264348072E+02   1.1020632214585989E-01
   50000.0000000000000000   4.8701138010682820E+02   1.0814515157005763E-01
