       0.1000000000000000   1.0000000000000000E+30
       0.2000000000000000   1.0000000000000000E+30
       0.3000000000000000   1.0000000000000000E+30
       0.4000000000000000   1.0000000000000000E+30
       0.5000000000000000   1.0000000000000000E+30
       0.6000000000000000   1.0000000000000000E+30
       0.7000000000000000   1.0000000000000000E+30
       0.7999999999999999   1.0000000000000000E+30
       0.8999999999999999   1.0000000000000000E+30
       0.9999999999999999   1.0000000000000000E+30
       2.0000000000000000   1.0000000000000000E+30
       3.0000000000000000   1.0000000000000000E+30
       4.0000000000000000   1.0000000000000000E+30
       5.0000000000000000   1.0000000000000000E+30
       6.0000000000000000   1.0000000000000000E+30
       7.0000000000000000   1.0000000000000000E+30
       8.0000000000000000   1.0000000000000000E+30
       9.0000000000000000   1.0000000000000000E+30
      10.0000000000000000   1.0000000000000000E+30
      11.0000000000000000   1.0000000000000000E+30
      12.0000000000000000   1.0000000000000000E+30
      13.0000000000000000   1.0000000000000000E+30
      14.0000000000000000   1.0000000000000000E+30
      15.0000000000000000   1.0000000000000000E+30
      16.0000000000000000   1.0000000000000000E+30
      17.0000000000000000   1.0000000000000000E+30
      18.0000000000000000   1.0000000000000000E+30
      19.0000000000000000   1.0000000000000000E+30
      19.9989999999999988   1.0000000000000000E+30
      20.0000000000000000   1.0000000000000000E+30
      20.0010000000000012   1.0000000000000000E+30
      20.9989999999999988   1.0000000000000000E+30
      21.0000000000000000   1.0000000000000000E+30
      21.0010000000000012   1.0000000000000000E+30
      22.0000000000000000   1.0000000000000000E+30
      23.0000000000000000   1.0000000000000000E+30
      24.0000000000000000   1.0000000000000000E+30
      25.0000000000000000   1.0000000000000000E+30
      26.0000000000000000   1.0000000000000000E+30
      27.0000000000000000   1.0000000000000000E+30
      28.0000000000000000   1.0000000000000000E+30
      29.0000000000000000   1.0000000000000000E+30
      30.0000000000000000   1.0000000000000000E+30
      31.0000000000000000   1.0000000000000000E+30
      32.0000000000000000   1.0000000000000000E+30
      33.0000000000000000   1.0000000000000000E+30
      34.0000000000000000   1.0000000000000000E+30
      35.0000000000000000   1.0000000000000000E+30
      36.0000000000000000   1.0000000000000000E+30
      36.9990000000000023   1.0000000000000000E+30
      37.0000000000000000   1.0000000000000000E+30
      37.0009999999999977   1.0000000000000000E+30
      37.9990000000000023   1.0000000000000000E+30
      38.0000000000000000   1.0000000000000000E+30
      38.0009999999999977   1.0000000000000000E+30
      39.0000000000000000   1.0000000000000000E+30
      40.0000000000000000   1.0000000000000000E+30
      41.0000000000000000   1.0000000000000000E+30
      42.0000000000000000   1.0000000000000000E+30
      43.0000000000000000   1.0000000000000000E+30
      44.0000000000000000   1.0000000000000000E+30
      45.0000000000000000   1.0000000000000000E+30
      46.0000000000000000   1.0000000000000000E+30
      47.0000000000000000   1.0000000000000000E+30
      48.0000000000000000   1.0000000000000000E+30
      49.0000000000000000   1.0000000000000000E+30
      50.0000000000000000   1.0000000000000000E+30
      51.0000000000000000   1.0000000000000000E+30
      52.0000000000000000   1.0000000000000000E+30
      53.0000000000000000   1.0000000000000000E+30
      54.0000000000000000   1.0000000000000000E+30
      55.0000000000000000   1.0000000000000000E+30
      56.0000000000000000   1.0000000000000000E+30
      57.0000000000000000   1.0000000000000000E+30
      58.0000000000000000   1.0000000000000000E+30
      59.0000000000000000   1.0000000000000000E+30
      60.0000000000000000   1.0000000000000000E+30
      61.0000000000000000   1.0000000000000000E+30
      62.0000000000000000   1.0000000000000000E+30
      63.0000000000000000   1.0000000000000000E+30
      64.0000000000000000   1.0000000000000000E+30
      65.0000000000000000   1.0000000000000000E+30
      66.0000000000000000   1.0000000000000000E+30
      67.0000000000000000   1.0000000000000000E+30
      68.0000000000000000   1.0000000000000000E+30
      69.0000000000000000   1.0000000000000000E+30
      70.0000000000000000   1.0000000000000000E+30
      71.0000000000000000   1.0000000000000000E+30
      72.0000000000000000   1.0000000000000000E+30
      73.0000000000000000   1.0000000000000000E+30
      74.0000000000000000   1.0000000000000000E+30
      75.0000000000000000   1.0000000000000000E+30
      76.0000000000000000   1.0000000000000000E+30
      77.0000000000000000   1.0000000000000000E+30
      78.0000000000000000   1.0000000000000000E+30
      79.0000000000000000   1.0000000000000000E+30
      80.0000000000000000   1.0000000000000000E+30
      81.0000000000000000   1.0000000000000000E+30
      82.0000000000000000   1.0000000000000000E+30
      83.0000000000000000   1.0000000000000000E+30
      84.0000000000000000   1.0000000000000000E+30
      85.0000000000000000   1.0000000000000000E+30
      86.0000000000000000   1.0000000000000000E+30
      87.0000000000000000   1.0000000000000000E+30
      88.0000000000000000   1.0000000000000000E+30
      89.0000000000000000   1.0000000000000000E+30
      90.0000000000000000   1.0000000000000000E+30
      91.0000000000000000   1.0000000000000000E+30
      92.0000000000000000   1.0000000000000000E+30
      93.0000000000000000   1.0000000000000000E+30
      94.0000000000000000   1.0000000000000000E+30
      95.0000000000000000   1.0000000000000000E+30
      96.0000000000000000   1.0000000000000000E+30
      97.0000000000000000   1.0000000000000000E+30
      98.0000000000000000   1.0000000000000000E+30
      99.0000000000000000   1.0000000000000000E+30
     100.0000000000000000   1.0000000000000000E+30
     103.9989999999999952   1.0000000000000000E+30
     104.0010000000000048   1.0000000000000000E+30
     106.9989999999999952   1.0000000000000000E+30
     107.0010000000000048   1.0000000000000000E+30
     110.0000000000000000   1.0000000000000000E+30
     110.9989999999999952   1.0000000000000000E+30
     111.0010000000000048   1.0000000000000000E+30
     113.9989999999999952   1.0000000000000000E+30
     114.0010000000000048   1.0000000000000000E+30
     120.0000000000000000   1.0000000000000000E+30
     130.0000000000000000   1.0000000000000000E+30
     140.0000000000000000   1.0000000000000000E+30
     150.0000000000000000   1.0000000000000000E+30
     156.9989999999999952   1.0000000000000000E+30
     157.0010000000000048   1.0000000000000000E+30
     160.0000000000000000   1.0000000000000000E+30
     161.9989999999999952   1.0000000000000000E+30
     162.0010000000000048   1.0000000000000000E+30
     170.0000000000000000   1.0000000000000000E+30
     180.0000000000000000   1.0000000000000000E+30
     190.0000000000000000   1.0000000000000000E+30
     200.0000000000000000   1.0000000000000000E+30
     210.0000000000000000   1.0000000000000000E+30
     220.0000000000000000   1.0000000000000000E+30
     230.0000000000000000   1.0000000000000000E+30
     240.0000000000000000   1.0000000000000000E+30
     250.0000000000000000   1.0000000000000000E+30
     260.0000000000000000   1.0000000000000000E+30
     270.0000000000000000   1.0000000000000000E+30
     280.0000000000000000   1.0000000000000000E+30
     290.0000000000000000   1.0000000000000000E+30
     300.0000000000000000   1.0000000000000000E+30
     310.0000000000000000   1.0000000000000000E+30
     320.0000000000000000   1.0000000000000000E+30
     330.0000000000000000   1.0000000000000000E+30
     340.0000000000000000   1.0000000000000000E+30
     350.0000000000000000   1.0000000000000000E+30
     360.0000000000000000   1.0000000000000000E+30
     370.0000000000000000   1.0000000000000000E+30
     380.0000000000000000   1.0000000000000000E+30
     390.0000000000000000   1.0000000000000000E+30
     400.0000000000000000   1.0000000000000000E+30
     410.0000000000000000   1.0000000000000000E+30
     420.0000000000000000   1.0000000000000000E+30
     430.0000000000000000   1.0000000000000000E+30
     440.0000000000000000   1.0000000000000000E+30
     450.0000000000000000   1.0000000000000000E+30
     460.0000000000000000   1.0000000000000000E+30
     470.0000000000000000   1.0000000000000000E+30
     480.0000000000000000   1.0000000000000000E+30
     490.0000000000000000   1.0000000000000000E+30
     500.0000000000000000   1.0000000000000000E+30
     510.0000000000000000   1.0000000000000000E+30
     520.0000000000000000   1.0000000000000000E+30
     530.0000000000000000   1.0000000000000000E+30
     532.9990000000000236   1.0000000000000000E+30
     533.0009999999999764   1.0000000000000000E+30
     540.0000000000000000   1.0000000000000000E+30
     541.9990000000000236   1.0000000000000000E+30
     542.0009999999999764   1.0000000000000000E+30
     550.0000000000000000   1.0000000000000000E+30
     560.0000000000000000   1.0000000000000000E+30
     570.0000000000000000   1.0000000000000000E+30
     580.0000000000000000   1.0000000000000000E+30
     590.0000000000000000   1.0000000000000000E+30
     600.0000000000000000   1.0000000000000000E+30
     610.0000000000000000   1.0000000000000000E+30
     620.0000000000000000   1.0000000000000000E+30
     630.0000000000000000   1.0000000000000000E+30
     640.0000000000000000   1.0000000000000000E+30
     650.0000000000000000   1.0000000000000000E+30
     660.0000000000000000   1.0000000000000000E+30
     670.0000000000000000   1.0000000000000000E+30
     680.0000000000000000   1.0000000000000000E+30
     690.0000000000000000   1.0000000000000000E+30
     700.0000000000000000   1.0000000000000000E+30
     710.0000000000000000   1.0000000000000000E+30
     720.0000000000000000   1.0000000000000000E+30
     730.0000000000000000   1.0000000000000000E+30
     740.0000000000000000   1.0000000000000000E+30
     750.0000000000000000   1.0000000000000000E+30
     760.0000000000000000   1.0000000000000000E+30
     770.0000000000000000   1.0000000000000000E+30
     770.9990000000000236   1.0000000000000000E+30
     771.0009999999999764   1.0000000000000000E+30
     780.0000000000000000   1.0000000000000000E+30
     790.0000000000000000   1.0000000000000000E+30
     800.0000000000000000   1.0000000000000000E+30
     810.0000000000000000   1.0000000000000000E+30
     816.9990000000000236   1.0000000000000000E+30
     817.0009999999999764   1.0000000000000000E+30
     820.0000000000000000   1.0000000000000000E+30
     830.0000000000000000   1.0000000000000000E+30
     840.0000000000000000   1.0000000000000000E+30
     850.0000000000000000   1.0000000000000000E+30
     860.0000000000000000   1.0000000000000000E+30
     870.0000000000000000   1.0000000000000000E+30
     880.0000000000000000   1.0000000000000000E+30
     890.0000000000000000   1.0000000000000000E+30
     900.0000000000000000   1.0000000000000000E+30
     910.0000000000000000   1.0000000000000000E+30
     920.0000000000000000   1.0000000000000000E+30
     930.0000000000000000   1.0000000000000000E+30
     940.0000000000000000   1.0000000000000000E+30
     948.9990000000000236   1.0000000000000000E+30
     949.0009999999999764   1.0000000000000000E+30
     950.0000000000000000   1.0000000000000000E+30
     960.0000000000000000   1.0000000000000000E+30
     970.0000000000000000   1.0000000000000000E+30
     980.0000000000000000   1.0000000000000000E+30
     990.0000000000000000   1.0000000000000000E+30
    1000.0000000000000000   1.0000000000000000E+30
    1100.0000000000000000   1.0000000000000000E+30
    1118.9990000000000236   1.0000000000000000E+30
    1119.0009999999999764   1.0000000000000000E+30
    1145.9990000000000236   1.0000000000000000E+30
    1146.0009999999999764   1.0000000000000000E+30
    1200.0000000000000000   1.0000000000000000E+30
    1300.0000000000000000   1.0000000000000000E+30
    1301.9990000000000236   1.0000000000000000E+30
    1302.0009999999999764   5.6115632500022344E+04
    1400.0000000000000000   6.2828131335204685E+04
    1500.0000000000000000   6.9419362774076639E+04
    1600.0000000000000000   7.6908140350457761E+04
    1700.0000000000000000   8.4611025072886987E+04
    1800.0000000000000000   9.2670206031639231E+04
    1900.0000000000000000   1.0136340112799821E+05
    2000.0000000000000000   1.1033082641513064E+05
    2100.0000000000000000   1.2020326515522032E+05
    2200.0000000000000000   1.2969182791294290E+05
    2300.0000000000000000   1.4088609887032511E+05
    2400.0000000000000000   1.5145491285525766E+05
    2500.0000000000000000   1.6327171452565544E+05
    2600.0000000000000000   1.7565542298817434E+05
    2700.0000000000000000   1.8873189845335978E+05
    2800.0000000000000000   2.0094600877567579E+05
    2900.0000000000000000   2.1508144167444750E+05
    3000.0000000000000000   2.2942188812170323E+05
    3100.0000000000000000   2.4408609853777470E+05
    3200.0000000000000000   2.6016357023002472E+05
    3300.0000000000000000   2.7643993847367656E+05
    3400.0000000000000000   2.9328362030055892E+05
    3500.0000000000000000   3.1016012024421670E+05
    3600.0000000000000000   3.2733170109053515E+05
    3700.0000000000000000   3.4751519403555820E+05
    3800.0000000000000000   3.6529380904448649E+05
    3900.0000000000000000   3.8682643943475391E+05
    4000.0000000000000000   4.0654259305860812E+05
    4100.0000000000000000   4.2652630946648156E+05
    4136.9989999999997963   4.3511229969188769E+05
    4137.0010000000002037   4.3511277315528161E+05
    4200.0000000000000000   4.5055597914606758E+05
    4300.0000000000000000   4.7265261042164051E+05
    4384.9989999999997963   4.9027011568959989E+05
    4385.0010000000002037   4.9027059441850986E+05
    4400.0000000000000000   4.9388731044328952E+05
    4500.0000000000000000   5.1943474255045247E+05
    4600.0000000000000000   5.4351392427551281E+05
    4700.0000000000000000   5.6771760382176691E+05
    4702.9989999999997963   5.6854663571718626E+05
    4703.0010000000002037   5.6854718939729990E+05
    4800.0000000000000000   5.9454454021043540E+05
    4900.0000000000000000   6.2040788725975261E+05
    5000.0000000000000000   6.4738100689324073E+05
    5100.0000000000000000   6.7546702758779027E+05
    5200.0000000000000000   7.0635011072308570E+05
    5300.0000000000000000   7.3483469699947455E+05
    5400.0000000000000000   7.6368406330570369E+05
    5500.0000000000000000   7.9730201673469343E+05
    5600.0000000000000000   8.2826552731062588E+05
    5700.0000000000000000   8.6012396798983135E+05
    5800.0000000000000000   8.9351982698766736E+05
    5900.0000000000000000   9.3023705281085614E+05
    6000.0000000000000000   9.6381361985459283E+05
    6100.0000000000000000   9.9803242069124558E+05
    6200.0000000000000000   1.0371312493307918E+06
    6300.0000000000000000   1.0731083992570781E+06
    6400.0000000000000000   1.1151242072730747E+06
    6500.0000000000000000   1.1521389380042818E+06
    6600.0000000000000000   1.1917013675746699E+06
    6700.0000000000000000   1.2357979166635901E+06
    6800.0000000000000000   1.2751363734028907E+06
    6900.0000000000000000   1.3220604256558153E+06
    7000.0000000000000000   1.3613727564654844E+06
    7100.0000000000000000   1.4060204128104004E+06
    7200.0000000000000000   1.4556173606379961E+06
    7300.0000000000000000   1.4981590061205102E+06
    7400.0000000000000000   1.5498989845579276E+06
    7500.0000000000000000   1.5946469835476265E+06
    7600.0000000000000000   1.6479666939883342E+06
    7700.0000000000000000   1.6958164657114614E+06
    7800.0000000000000000   1.7520090566844710E+06
    7900.0000000000000000   1.7989922308128157E+06
    8000.0000000000000000   1.8576214126902248E+06
    8100.0000000000000000   1.9046052574345495E+06
    8200.0000000000000000   1.9593432627462528E+06
    8300.0000000000000000   2.0195005841347217E+06
    8400.0000000000000000   2.0754668254803084E+06
    8500.0000000000000000   2.1391062222427730E+06
    8600.0000000000000000   2.1927746940501765E+06
    8700.0000000000000000   2.2586117981210742E+06
    8800.0000000000000000   2.3148766461230717E+06
    8900.0000000000000000   2.3759236398363984E+06
    9000.0000000000000000   2.4425057004894516E+06
    9100.0000000000000000   2.5129270985889598E+06
    9200.0000000000000000   2.5721837766409419E+06
    9300.0000000000000000   2.6451507809518883E+06
    9400.0000000000000000   2.7045257131880359E+06
    9500.0000000000000000   2.7788481438091043E+06
    9600.0000000000000000   2.8468519914908903E+06
    9700.0000000000000000   2.9162763423090521E+06
    9800.0000000000000000   2.9936262345568468E+06
    9900.0000000000000000   3.0751911044984926E+06
   10000.0000000000000000   3.1396530031661047E+06
   10370.9989999999997963   3.4259782795366980E+06
   10371.0010000000002037   3.4259799384056027E+06
   11000.0000000000000000   3.9560831913830335E+06
   12000.0000000000000000   4.8912422828494292E+06
   13000.0000000000000000   5.9749690267640790E+06
   14000.0000000000000000   7.1881483008205025E+06
   15000.0000000000000000   8.5612997760336976E+06
   16000.0000000000000000   1.0134113474857235E+07
   17000.0000000000000000   1.1777332637102049E+07
   18000.0000000000000000   1.3655649819742678E+07
   19000.0000000000000000   1.5731937807229768E+07
   20000.0000000000000000   1.8028351738221105E+07
   21000.0000000000000000   2.0456145783092234E+07
   22000.0000000000000000   2.3163679245383121E+07
   23000.0000000000000000   2.6098866597128011E+07
   24000.0000000000000000   2.9215256554717045E+07
   25000.0000000000000000   3.2646687640070263E+07
   26000.0000000000000000   3.6277264960444339E+07
   27000.0000000000000000   4.0155407802400805E+07
   28000.0000000000000000   4.4236760496183209E+07
   29000.0000000000000000   4.8843979654912017E+07
   30000.0000000000000000   5.3583124060952067E+07
   30495.9989999999997963   5.6074872811363079E+07
   30496.0010000000002037   5.6074883850417279E+07
   31000.0000000000000000   5.8584307323764957E+07
   32000.0000000000000000   6.4129723877366953E+07
   33000.0000000000000000   6.9956810429091036E+07
   34000.0000000000000000   7.5540038247522354E+07
   35000.0000000000000000   8.2076837146968797E+07
   36000.0000000000000000   8.8694955794188008E+07
   37000.0000000000000000   9.5872374709887132E+07
   38000.0000000000000000   1.0304626191889730E+08
   39000.0000000000000000   1.1094439821601249E+08
   40000.0000000000000000   1.1919899370093498E+08
   41000.0000000000000000   1.2748063568969929E+08
   42000.0000000000000000   1.3662421435960835E+08
   43000.0000000000000000   1.4632403680255473E+08
   44000.0000000000000000   1.5621361092642066E+08
   45000.0000000000000000   1.6597223404036054E+08
   46000.0000000000000000   1.7667357532191646E+08
   47000.0000000000000000   1.8776749681392092E+08
   48000.0000000000000000   1.9940553735800701E+08
   49000.0000000000000000   2.1153789477723935E+08
   50000.0000000000000000   2.2420783797381219E+08
