       1.0000000000000000   1.0000000000000000E+30   0.0000000000000000E+00
       2.0000000000000000   1.0000000000000000E+30  -3.0351259015432879E+00
       3.0000000000000000   1.0000000000000000E+30  -4.2369715306887858E+00
       4.0000000000000000   1.0000000000000000E+30  -4.3334521065184290E+00
       5.0000000000000000   1.0000000000000000E+30  -4.0937973559488769E+00
       6.0000000000000000   1.0000000000000000E+30  -3.7704607110280213E+00
       7.0000000000000000   1.0000000000000000E+30  -3.4463670422629642E+00
       8.0000000000000000   1.0000000000000000E+30  -3.1477631606080414E+00
       9.0000000000000000   1.0000000000000000E+30  -2.8809714188248079E+00
      10.0000000000000000   1.0000000000000000E+30  -2.6452525359269550E+00
      11.0000000000000000   1.0000000000000000E+30  -2.4375647054741347E+00
      12.0000000000000000   1.0000000000000000E+30  -2.2543673990184061E+00
      13.0000000000000000   1.0000000000000000E+30  -2.0922884188898330E+00
      14.0000000000000000   1.0000000000000000E+30  -1.9483403672194324E+00
      15.0000000000000000   1.0000000000000000E+30  -1.8199585656432427E+00
      16.0000000000000000   1.0000000000000000E+30  -1.7049717746656681E+00
      17.0000000000000000   1.0000000000000000E+30  -1.6015518027704914E+00
      18.0000000000000000   1.0000000000000000E+30  -1.5081607287061416E+00
      19.0000000000000000   1.0000000000000000E+30  -1.4235027878867181E+00
      20.0000000000000000   1.0000000000000000E+30  -1.3464830086417692E+00
      21.0000000000000000   1.0000000000000000E+30  -1.2761726428431577E+00
      22.0000000000000000   1.0000000000000000E+30  -1.2117806765562340E+00
      23.0000000000000000   1.0000000000000000E+30  -1.1526305021286500E+00
      24.0000000000000000   1.0000000000000000E+30  -1.0981408574765099E+00
      25.0000000000000000   1.0000000000000000E+30  -1.0478102455408616E+00
      26.0000000000000000   1.0000000000000000E+30  -1.0012041733659525E+00
      27.0000000000000000   1.0000000000000000E+30  -9.5794466991806904E-01
      28.0000000000000000   1.0000000000000000E+30  -9.1770164552280709E-01
      29.0000000000000000   1.0000000000000000E+30  -8.8018574198685229E-01
      30.0000000000000000   1.0000000000000000E+30  -8.4514239243715172E-01
      31.0000000000000000   1.0000000000000000E+30  -8.1234686600015593E-01
      32.0000000000000000   1.0000000000000000E+30  -7.8160011711502064E-01
      33.0000000000000000   1.0000000000000000E+30  -7.5272529474856420E-01
      34.0000000000000000   1.0000000000000000E+30  -7.2556479493399517E-01
      35.0000000000000000   1.0000000000000000E+30  -6.9997776242131027E-01
      36.0000000000000000   1.0000000000000000E+30  -6.7583796502971194E-01
      37.0000000000000000   1.0000000000000000E+30  -6.5303197849970240E-01
      38.0000000000000000   1.0000000000000000E+30  -6.3145763101553554E-01
      39.0000000000000000   1.0000000000000000E+30  -6.1102266570357455E-01
      40.0000000000000000   1.0000000000000000E+30  -5.9164358677509177E-01
      41.0000000000000000   1.0000000000000000E+30  -5.7324466093862325E-01
      42.0000000000000000   1.0000000000000000E+30  -5.5575705054337399E-01
      43.0000000000000000   1.0000000000000000E+30  -5.3911805885666209E-01
      44.0000000000000000   1.0000000000000000E+30  -5.2327047110220748E-01
      45.0000000000000000   1.0000000000000000E+30  -5.0816197753254722E-01
      46.0000000000000000   1.0000000000000000E+30  -4.9374466698900676E-01
      47.0000000000000000   1.0000000000000000E+30  -4.7997458120500425E-01
      48.0000000000000000   1.0000000000000000E+30  -4.6681132160349426E-01
      49.0000000000000000   1.0000000000000000E+30  -4.5421770158364005E-01
      50.0000000000000000   1.0000000000000000E+30  -4.4215943833072424E-01
      51.0000000000000000   1.0000000000000000E+30  -4.3060487905352945E-01
      52.0000000000000000   1.0000000000000000E+30  -4.1952475728454353E-01
      53.0000000000000000   1.0000000000000000E+30  -4.0889197549447820E-01
      54.0000000000000000   1.0000000000000000E+30  -3.9868141079327579E-01
      55.0000000000000000   1.0000000000000000E+30  -3.8886974093111076E-01
      56.0000000000000000   1.0000000000000000E+30  -3.7943528818791927E-01
      57.0000000000000000   1.0000000000000000E+30  -3.7035787905958140E-01
      58.0000000000000000   1.0000000000000000E+30  -3.6161871792189554E-01
      59.0000000000000000   1.0000000000000000E+30  -3.5320027308732077E-01
      60.0000000000000000   1.0000000000000000E+30  -3.4508617387021756E-01
      61.0000000000000000   1.0000000000000000E+30  -3.3726111744908288E-01
      62.0000000000000000   1.0000000000000000E+30  -3.2971078446331598E-01
      63.0000000000000000   1.0000000000000000E+30  -3.2242176241086301E-01
      64.0000000000000000   1.0000000000000000E+30  -3.1538147602473166E-01
      65.0000000000000000   1.0000000000000000E+30  -3.0857812390325756E-01
      66.0000000000000000   1.0000000000000000E+30  -3.0200062075333867E-01
      67.0000000000000000   1.0000000000000000E+30  -2.9563854467933848E-01
      68.0000000000000000   1.0000000000000000E+30  -2.8948208901457084E-01
      69.0000000000000000   1.0000000000000000E+30  -2.8352201824845241E-01
      70.0000000000000000   1.0000000000000000E+30  -2.7774962765167732E-01
      71.0000000000000000   1.0000000000000000E+30  -2.7215670624502236E-01
      72.0000000000000000   1.0000000000000000E+30  -2.6673550279545744E-01
      73.0000000000000000   1.0000000000000000E+30  -2.6147869455679112E-01
      74.0000000000000000   1.0000000000000000E+30  -2.5637935850169469E-01
      75.0000000000000000   1.0000000000000000E+30  -2.5143094481813005E-01
      76.0000000000000000   1.0000000000000000E+30  -2.4662725246641862E-01
      77.0000000000000000   1.0000000000000000E+30  -2.4196240661374505E-01
      78.0000000000000000   1.0000000000000000E+30  -2.3743083778118035E-01
      79.0000000000000000   1.0000000000000000E+30  -2.3302726255455733E-01
      80.0000000000000000   1.0000000000000000E+30  -2.2874666572502803E-01
      81.0000000000000000   1.0000000000000000E+30  -2.2458428373805553E-01
      82.0000000000000000   1.0000000000000000E+30  -2.2053558934113510E-01
      83.0000000000000000   1.0000000000000000E+30  -2.1659627733087336E-01
      84.0000000000000000   1.0000000000000000E+30  -2.1276225130931295E-01
      85.0000000000000000   1.0000000000000000E+30  -2.0902961136767242E-01
      86.0000000000000000   1.0000000000000000E+30  -2.0539464262315243E-01
      87.0000000000000000   1.0000000000000000E+30  -2.0185380454112567E-01
      88.0000000000000000   1.0000000000000000E+30  -1.9840372098109363E-01
      89.0000000000000000   1.0000000000000000E+30  -1.9504117091020534E-01
      90.0000000000000000   1.0000000000000000E+30  -1.9176307973305329E-01
      91.0000000000000000   1.0000000000000000E+30  -1.8856651119088394E-01
      92.0000000000000000   1.0000000000000000E+30  -1.8544865978737318E-01
      93.0000000000000000   1.0000000000000000E+30  -1.8240684370174087E-01
      94.0000000000000000   1.0000000000000000E+30  -1.7943849815326096E-01
      95.0000000000000000   1.0000000000000000E+30  -1.7654116918421919E-01
      96.0000000000000000   1.0000000000000000E+30  -1.7371250783105602E-01
      97.0000000000000000   1.0000000000000000E+30  -1.7095026465591895E-01
      98.0000000000000000   1.0000000000000000E+30  -1.6825228461305847E-01
      99.0000000000000000   1.0000000000000000E+30  -1.6561650222656918E-01
     100.0000000000000000   1.0000000000000000E+30  -1.6304093705780914E-01
     110.0000000000000000   1.0000000000000000E+30  -1.4021450330293231E-01
     120.0000000000000000   1.0000000000000000E+30  -1.2172596057541424E-01
     130.0000000000000000   1.0000000000000000E+30  -1.0651098391694468E-01
     140.0000000000000000   1.0000000000000000E+30  -9.3819691020014973E-02
     150.0000000000000000   1.0000000000000000E+30  -8.3109785515982526E-02
     160.0000000000000000   1.0000000000000000E+30  -7.3980213227985300E-02
     170.0000000000000000   1.0000000000000000E+30  -6.6128555325092292E-02
     180.0000000000000000   1.0000000000000000E+30  -5.9322853572602960E-02
     190.0000000000000000   1.0000000000000000E+30  -5.3382496803036555E-02
     200.0000000000000000   1.0000000000000000E+30  -4.8164958949731641E-02
     210.0000000000000000   1.0000000000000000E+30  -4.3556411129223996E-02
     220.0000000000000000   1.0000000000000000E+30  -3.9464956025449069E-02
     230.0000000000000000   1.0000000000000000E+30  -3.5815672892606301E-02
     240.0000000000000000   1.0000000000000000E+30  -3.2546935325640285E-02
     250.0000000000000000   1.0000000000000000E+30  -2.9607638358619182E-02
     260.0000000000000000   1.0000000000000000E+30  -2.6955084905719788E-02
     270.0000000000000000   1.0000000000000000E+30  -2.4553356789879702E-02
     280.0000000000000000   1.0000000000000000E+30  -2.2372046369522468E-02
     290.0000000000000000   1.0000000000000000E+30  -2.0385259584497998E-02
     300.0000000000000000   1.0000000000000000E+30  -1.8570825468029420E-02
     310.0000000000000000   1.0000000000000000E+30  -1.6909664262309228E-02
     320.0000000000000000   1.0000000000000000E+30  -1.5385278486114588E-02
     330.0000000000000000   1.0000000000000000E+30  -1.3983340129953286E-02
     340.0000000000000000   1.0000000000000000E+30  -1.2691353605595488E-02
     350.0000000000000000   1.0000000000000000E+30  -1.1498378840252749E-02
     360.0000000000000000   1.0000000000000000E+30  -1.0394802456570798E-02
     370.0000000000000000   1.0000000000000000E+30  -9.3721476504965741E-03
     380.0000000000000000   1.0000000000000000E+30  -8.4229154050689432E-03
     390.0000000000000000   1.0000000000000000E+30  -7.5404512272374954E-03
     400.0000000000000000   1.0000000000000000E+30  -6.7188327881154341E-03
     410.0000000000000000   1.0000000000000000E+30  -5.9527747728559659E-03
     420.0000000000000000   1.0000000000000000E+30  -5.2375479694090621E-03
     430.0000000000000000   1.0000000000000000E+30  -4.5689101937545738E-03
     440.0000000000000000   1.0000000000000000E+30  -3.9430470986306729E-03
     450.0000000000000000   1.0000000000000000E+30  -3.3565212702068299E-03
     460.0000000000000000   1.0000000000000000E+30  -2.8062283029759447E-03
     470.0000000000000000   1.0000000000000000E+30  -2.2893587728929823E-03
     480.0000000000000000   1.0000000000000000E+30  -1.8033652143897773E-03
     490.0000000000000000   1.0000000000000000E+30  -1.3459333575407519E-03
     500.0000000000000000   1.0000000000000000E+30  -9.1495700448231967E-04
     510.0000000000000000   1.0000000000000000E+30  -5.0851602477178161E-04
     520.0000000000000000   1.0000000000000000E+30  -1.2485703207881169E-04
     530.0000000000000000   1.0000000000000000E+30   2.3762362711543932E-04
     540.0000000000000000   1.0000000000000000E+30   5.8039488554969133E-04
     550.0000000000000000   1.0000000000000000E+30   9.0480423361488746E-04
     560.0000000000000000   1.0000000000000000E+30   1.2120894905697135E-03
     570.0000000000000000   1.0000000000000000E+30   1.5033892620161873E-03
     580.0000000000000000   1.0000000000000000E+30   1.7797522494616882E-03
     590.0000000000000000   1.0000000000000000E+30   2.0421455544863028E-03
     600.0000000000000000   1.0000000000000000E+30   2.2914621003282806E-03
     610.0000000000000000   1.0000000000000000E+30   2.5285272769900702E-03
     620.0000000000000000   1.0000000000000000E+30   2.7541049017570421E-03
     630.0000000000000000   1.0000000000000000E+30   2.9689025749047157E-03
     640.0000000000000000   1.0000000000000000E+30   3.1735765000109823E-03
     650.0000000000000000   1.0000000000000000E+30   3.3687358294109504E-03
     660.0000000000000000   1.0000000000000000E+30   3.5549465877026524E-03
     670.0000000000000000   1.0000000000000000E+30   3.7327352196412198E-03
     680.0000000000000000   1.0000000000000000E+30   3.9025918030863808E-03
     690.0000000000000000   1.0000000000000000E+30   4.0649729627600618E-03
     700.0000000000000000   1.0000000000000000E+30   4.2203045163153327E-03
     710.0000000000000000   1.0000000000000000E+30   4.3689838805195764E-03
     720.0000000000000000   1.0000000000000000E+30   4.5113822621355507E-03
     730.0000000000000000   1.3372638539690809E+07   4.6478466552742929E-03
     740.0000000000000000   3.7846324243860980E+06   4.7787016645386695E-03
     750.0000000000000000   2.1892266208893424E+06   4.9042511711260934E-03
     760.0000000000000000   1.5339313124358698E+06   5.0247798571716479E-03
     770.0000000000000000   1.1776320306908900E+06   5.1405546019555569E-03
     780.0000000000000000   9.5412813434566592E+05   5.2518257621381502E-03
     790.0000000000000000   8.0110443479197123E+05   5.3588283468987349E-03
     800.0000000000000000   6.8993695637956436E+05   5.4617830977166798E-03
     810.0000000000000000   6.0563765942577983E+05   5.5608974815276081E-03
     820.0000000000000000   5.3960055981105205E+05   5.6563666050954402E-03
     830.0000000000000000   4.8653289219329308E+05   5.7483740576500190E-03
     840.0000000000000000   4.4300153313525533E+05   5.8370926881366487E-03
     850.0000000000000000   4.0668282942227443E+05   5.9226853227981558E-03
     860.0000000000000000   3.7594837055565696E+05   6.0053054282519528E-03
     870.0000000000000000   3.4962339143716241E+05   6.0850977247272932E-03
     880.0000000000000000   3.2683933115679258E+05   6.1621987536820385E-03
     890.0000000000000000   3.0694035490999348E+05   6.2367374036210585E-03
     900.0000000000000000   2.8942212639080238E+05   6.3088353975811863E-03
     910.0000000000000000   2.7389055888327560E+05   6.3786077454273168E-03
     920.0000000000000000   2.6003333424630159E+05   6.4461631638178746E-03
     930.0000000000000000   2.4759980709241633E+05   6.5116044664378613E-03
     940.0000000000000000   2.3638655011311945E+05   6.5750289268667172E-03
     950.0000000000000000   2.2622677672047459E+05   6.6365286162368793E-03
     960.0000000000000000   2.1698248034932406E+05   6.6961907176509407E-03
     970.0000000000000000   2.0853851042904562E+05   6.7540978191536769E-03
     980.0000000000000000   2.0079805079610093E+05   6.8103281869009678E-03
     990.0000000000000000   1.9367912828199804E+05   6.8649560200275805E-03
    1000.0000000000000000   1.8711188796231570E+05   6.9180516885890050E-03
    1100.0000000000000000   1.4181708679793146E+05   7.3778877657013995E-03
    1200.0000000000000000   1.1675905315248380E+05   7.7404811757005292E-03
    1300.0000000000000000   1.0106968316051581E+05   8.0376172581612219E-03
    1400.0000000000000000   9.0439532390351131E+04   8.2892153017554843E-03
    1500.0000000000000000   8.2834333954975547E+04   8.5080519412792585E-03
    1600.0000000000000000   7.7174293606276537E+04   8.7024909140740372E-03
    1700.0000000000000000   7.2835421928182870E+04   8.8781103456015437E-03
    1800.0000000000000000   6.9433048749154914E+04   9.0386982027063096E-03
    1900.0000000000000000   6.6717642508976802E+04   9.1868745659689048E-03
    2000.0000000000000000   6.4520520113881677E+04   9.3244877741105008E-03
    2100.0000000000000000   6.2723698017296003E+04   9.4528705161766487E-03
    2200.0000000000000000   6.1242254650701565E+04   9.5730075392242674E-03
    2300.0000000000000000   6.0013553504788666E+04   9.6856466712693483E-03
    2400.0000000000000000   5.8990410630885308E+04   9.7913729828532636E-03
    2500.0000000000000000   5.8136623202964649E+04   9.8906586922315187E-03
    2600.0000000000000000   5.7423961374147882E+04   9.9838969471768031E-03
    2700.0000000000000000   5.6830094944435696E+04   1.0071424798413511E-02
    2800.0000000000000000   5.6337133373591045E+04   1.0153538877029324E-02
    2900.0000000000000000   5.5930577860767182E+04   1.0230506119476936E-02
    3000.0000000000000000   5.5598556183117209E+04   1.0302571116973478E-02
    3100.0000000000000000   5.5331255287786371E+04   1.0369961157665501E-02
    3200.0000000000000000   5.5120494584976143E+04   1.0432889689638875E-02
    3300.0000000000000000   5.4959400925289767E+04   1.0491558703234500E-02
    3400.0000000000000000   5.4842158118945990E+04   1.0546160375082186E-02
    3500.0000000000000000   5.4763811817868140E+04   1.0596878209568972E-02
    3600.0000000000000000   5.4720116013116007E+04   1.0643887840134243E-02
    3700.0000000000000000   5.4707411162533142E+04   1.0687357602188599E-02
    3800.0000000000000000   5.4722526607246924E+04   1.0727448954435902E-02
    3900.0000000000000000   5.4762701818102098E+04   1.0764316801092662E-02
    4000.0000000000000000   5.4825522370012994E+04   1.0798109750646028E-02
    4100.0000000000000000   5.4908867531531556E+04   1.0828970335100429E-02
    4200.0000000000000000   5.5010867085951715E+04   1.0857035205569888E-02
    4300.0000000000000000   5.5129865542860724E+04   1.0882435314493561E-02
    4400.0000000000000000   5.5264392306667592E+04   1.0905296090926083E-02
    4500.0000000000000000   5.5413136677554015E+04   1.0925737612759020E-02
    4600.0000000000000000   5.5574926796343781E+04   1.0943874777986464E-02
    4700.0000000000000000   5.5748711826565632E+04   1.0959817475985512E-02
    4800.0000000000000000   5.5933546807998413E+04   1.0973670759047906E-02
    4900.0000000000000000   5.6128579726142387E+04   1.0985535013952273E-02
    5000.0000000000000000   5.6333040428672990E+04   1.0995506133110962E-02
    5100.0000000000000000   5.6546231088462795E+04   1.1003675684699650E-02
    5200.0000000000000000   5.6767517967301297E+04   1.1010131081137822E-02
    5300.0000000000000000   5.6996324278096516E+04   1.1014955745301737E-02
    5400.0000000000000000   5.7232123978473013E+04   1.1018229273898270E-02
    5500.0000000000000000   5.7474436357093793E+04   1.1020027597492101E-02
    5600.0000000000000000   5.7722821297126924E+04   1.1020423136752817E-02
    5700.0000000000000000   5.7976875120134624E+04   1.1019484954561938E-02
    5800.0000000000000000   5.8236226929129058E+04   1.1017278903694389E-02
    5900.0000000000000000   5.8500535382279195E+04   1.1013867769854944E-02
    6000.0000000000000000   5.8769485839289060E+04   1.1009311409914077E-02
    6100.0000000000000000   5.9042787831217691E+04   1.1003666885241377E-02
    6200.0000000000000000   5.9320172811801378E+04   1.0996988590083825E-02
    6300.0000000000000000   5.9601392154439345E+04   1.0989328374978097E-02
    6400.0000000000000000   5.9886215364122145E+04   1.0980735665221035E-02
    6500.0000000000000000   6.0174428477894347E+04   1.0971257574453016E-02
    6600.0000000000000000   6.0465832631085308E+04   1.0960939013433252E-02
    6700.0000000000000000   6.0760242769629156E+04   1.0949822794106034E-02
    6800.0000000000000000   6.1057486491418829E+04   1.0937949729073200E-02
    6900.0000000000000000   6.1357403001876650E+04   1.0925358726600750E-02
    7000.0000000000000000   6.1659842170836047E+04   1.0912086881295959E-02
    7100.0000000000000000   6.1964663679467943E+04   1.0898169560599816E-02
    7200.0000000000000000   6.2271736247394329E+04   1.0883640487242201E-02
    7300.0000000000000000   6.2580936931345044E+04   1.0868531817811425E-02
    7400.0000000000000000   6.2892150487762337E+04   1.0852874217589941E-02
    7500.0000000000000000   6.3205268792663839E+04   1.0836696931807834E-02
    7600.0000000000000000   6.3520190312863633E+04   1.0820027853464925E-02
    7700.0000000000000000   6.3836819623334093E+04   1.0802893587869030E-02
    7800.0000000000000000   6.4155066966088460E+04   1.0785319514036100E-02
    7900.0000000000000000   6.4474847846484707E+04   1.0767329843093591E-02
    8000.0000000000000000   6.4796082663307141E+04   1.0748947673825065E-02
    8100.0000000000000000   6.5118696369381811E+04   1.0730195045489185E-02
    8200.0000000000000000   6.5442618159832113E+04   1.0711092988042336E-02
    8300.0000000000000000   6.5767781185391112E+04   1.0691661569889125E-02
    8400.0000000000000000   6.6094122288457511E+04   1.0671919943280336E-02
    8500.0000000000000000   6.6421581759824607E+04   1.0651886387473164E-02
    8600.0000000000000000   6.6750103114222366E+04   1.0631578349763793E-02
    8700.0000000000000000   6.7079632883002705E+04   1.0611012484497705E-02
    8800.0000000000000000   6.7410120422464082E+04   1.0590204690158306E-02
    8900.0000000000000000   6.7741517736461014E+04   1.0569170144630038E-02
    9000.0000000000000000   6.8073779312075800E+04   1.0547923338727715E-02
    9100.0000000000000000   6.8406861967248347E+04   1.0526478108079369E-02
    9200.0000000000000000   6.8740724709364309E+04   1.0504847663445890E-02
    9300.0000000000000000   6.9075328603897244E+04   1.0483044619556537E-02
    9400.0000000000000000   6.9410636652283356E+04   1.0461081022535696E-02
    9500.0000000000000000   6.9746613678284251E+04   1.0438968375992286E-02
    9600.0000000000000000   7.0083226222159763E+04   1.0416717665839990E-02
    9700.0000000000000000   7.0420442442035259E+04   1.0394339383912637E-02
    9800.0000000000000000   7.0758232021901087E+04   1.0371843550436072E-02
    9900.0000000000000000   7.1096566085732702E+04   1.0349239735414718E-02
   10000.0000000000000000   7.1435417117263903E+04   1.0326537078987980E-02
   11000.0000000000000000   7.4847142529060322E+04   1.0095813876632997E-02
   12000.0000000000000000   7.8288024517478683E+04   9.8627099520250498E-03
   13000.0000000000000000   8.1744633900123052E+04   9.6315991461116707E-03
   14000.0000000000000000   8.5208111358452981E+04   9.4051956425470484E-03
   15000.0000000000000000   8.8672491381215805E+04   9.1851359194812521E-03
   16000.0000000000000000   9.2133699835834603E+04   8.9723514557797472E-03
   17000.0000000000000000   9.5588931457776271E+04   8.7673108005443413E-03
   18000.0000000000000000   9.9036250825878858E+04   8.5701787437040978E-03
   19000.0000000000000000   1.0247432959498346E+05   8.3809220689318384E-03
   20000.0000000000000000   1.0590226940056903E+05   8.1993803989444912E-03
   21000.0000000000000000   1.0931948008856417E+05   8.0253139391335600E-03
   22000.0000000000000000   1.1272559451807181E+05   7.8584357608897232E-03
   23000.0000000000000000   1.1612040804368314E+05   7.6984336378713688E-03
   24000.0000000000000000   1.1950383495812579E+05   7.5449847651384364E-03
   25000.0000000000000000   1.2287587678098190E+05   7.3977655978315331E-03
   26000.0000000000000000   1.2623659894203376E+05   7.2564583268816419E-03
   27000.0000000000000000   1.2958611349097990E+05   7.1207550304655453E-03
   28000.0000000000000000   1.3292456618393294E+05   6.9903602177186046E-03
   29000.0000000000000000   1.3625212678194451E+05   6.8649922622130051E-03
   30000.0000000000000000   1.3956898172889711E+05   6.7443840725054053E-03
