       0.1000000000000000   7.5897348605720607E+00   3.8357521795992031E-03
       0.2000000000000000   6.6980136422931480E+00   7.4695628436803382E-03
       0.3000000000000000   6.4113712145521529E+00   1.1050263562210345E-02
       0.4000000000000000   6.3108316156835684E+00   1.4442047901834645E-02
       0.5000000000000000   6.2669284182790008E+00   1.7769289880430077E-02
       0.6000000000000000   6.2501855934788813E+00   2.1039735793926786E-02
       0.7000000000000000   6.2490896215315201E+00   2.4260340287244279E-02
       0.7999999999999999   6.2573230267666551E+00   2.7436151303727917E-02
       0.8999999999999999   6.2719428160479760E+00   3.0563104220134928E-02
       0.9999999999999999   6.2902114581447455E+00   3.3654619948101441E-02
       2.0000000000000000   6.5305487696764768E+00   6.2853073061832715E-02
       3.0000000000000000   6.7534013184513970E+00   9.0058553873906308E-02
       4.0000000000000000   6.9337808639373613E+00   1.1623142719805259E-01
       5.0000000000000000   7.0757625850206347E+00   1.4193440920125391E-01
       6.0000000000000000   7.1857248655888011E+00   1.6753193267650579E-01
       7.0000000000000000   7.2694197833083303E+00   1.9326338653957903E-01
       8.0000000000000000   7.3312257357648623E+00   2.1930694781369922E-01
       9.0000000000000000   7.3746315296703440E+00   2.4579994743075748E-01
      10.0000000000000000   7.4023486940600929E+00   2.7285636192651397E-01
      11.0000000000000000   7.4166047175573917E+00   3.0057071784854883E-01
      12.0000000000000000   7.4192030684133252E+00   3.2902485968073136E-01
      13.0000000000000000   7.4116665594606905E+00   3.5829098582406160E-01
      14.0000000000000000   7.3952226158299954E+00   3.8843788336202262E-01
      15.0000000000000000   7.3709273513782652E+00   4.1952920002374300E-01
      16.0000000000000000   7.3397029916601388E+00   4.5162349912791083E-01
      17.0000000000000000   7.3023275258282396E+00   4.8477845246989970E-01
      18.0000000000000000   7.2595020126400351E+00   5.1904826106963309E-01
      19.0000000000000000   7.2118339006240051E+00   5.5448516274411130E-01
      20.0000000000000000   7.1598707939573094E+00   5.9113979256447546E-01
      21.0000000000000000   7.1041027423694709E+00   6.2906078213468253E-01
      22.0000000000000000   7.0449823480776468E+00   6.6829355744558649E-01
      23.0000000000000000   6.9829235674594363E+00   7.0888087902550034E-01
      24.0000000000000000   6.9183061986045953E+00   7.5086283197623249E-01
      25.0000000000000000   6.8514877614608336E+00   7.9427519089187570E-01
      26.0000000000000000   6.7828050545389518E+00   8.3914905370569415E-01
      27.0000000000000000   6.7125776692381960E+00   8.8550993208141326E-01
      28.0000000000000000   6.6411119032500370E+00   9.3337667055933871E-01
      29.0000000000000000   6.5687009989210239E+00   9.8276058598100524E-01
      30.0000000000000000   6.4956298057025936E+00   1.0336641073489747E+00
      31.0000000000000000   6.4221732340882562E+00   1.0860798110053835E+00
      32.0000000000000000   6.3486003547235503E+00   1.1399889244565418E+00
      33.0000000000000000   6.2751713635290827E+00   1.1953606161119159E+00
      34.0000000000000000   6.2021400827983699E+00   1.2521507237595757E+00
      35.0000000000000000   6.1297523358501635E+00   1.3103010050109565E+00
      36.0000000000000000   6.0582454978226057E+00   1.3697385379972553E+00
      37.0000000000000000   5.9878472785230006E+00   1.4303754404579490E+00
      38.0000000000000000   5.9187744781808300E+00   1.4921089434788637E+00
      39.0000000000000000   5.8512311383310385E+00   1.5548218790604424E+00
      40.0000000000000000   5.7854072780910997E+00   1.6183835491625098E+00
      41.0000000000000000   5.7214769397890723E+00   1.6826511105869264E+00
      42.0000000000000000   5.6595968534629248E+00   1.7474712781930646E+00
      43.0000000000000000   5.5999052116041961E+00   1.8126824256549243E+00
      44.0000000000000000   5.5425206563814040E+00   1.8781169019556279E+00
      45.0000000000000000   5.4875415151334606E+00   1.9436036642630330E+00
      46.0000000000000000   5.4350457667241994E+00   2.0089708427422028E+00
      47.0000000000000000   5.3850911652581752E+00   2.0740483583973139E+00
      48.0000000000000000   5.3377158253010473E+00   2.1386703925566719E+00
      49.0000000000000000   5.2929391875707950E+00   2.2026776439529479E+00
      50.0000000000000000   5.2507632557661017E+00   2.2659192954780405E+00
      51.0000000000000000   5.2111740685370052E+00   2.3282546538669782E+00
      52.0000000000000000   5.1741434195239187E+00   2.3895544184143054E+00
      53.0000000000000000   5.1396305688496842E+00   2.4497015904706707E+00
      54.0000000000000000   5.1075840617394794E+00   2.5085920286820627E+00
      55.0000000000000000   5.0779434633745604E+00   2.5661346902017512E+00
      56.0000000000000000   5.0506410953551955E+00   2.6222515933538628E+00
      57.0000000000000000   5.0256037414945673E+00   2.6768773178865866E+00
      58.0000000000000000   5.0027537808535687E+00   2.7299588596681157E+00
      59.0000000000000000   4.9820106857931714E+00   2.7814547897157458E+00
      60.0000000000000000   4.9632924004634269E+00   2.8313342666351469E+00
      61.0000000000000000   4.9465158777944511E+00   2.8795766352732808E+00
      62.0000000000000000   4.9315982323547534E+00   2.9261702539667800E+00
      63.0000000000000000   4.9184573877255211E+00   2.9711116762949650E+00
      64.0000000000000000   4.9070126254456028E+00   3.0144047696921557E+00
      65.0000000000000000   4.8971850675086861E+00   3.0560598596357744E+00
      66.0000000000000000   4.8888980315104282E+00   3.0960929140640467E+00
      67.0000000000000000   4.8820773008146903E+00   3.1345247762069275E+00
      68.0000000000000000   4.8766513222049044E+00   3.1713804515103456E+00
      69.0000000000000000   4.8725513352902157E+00   3.2066884521360808E+00
      70.0000000000000000   4.8697114471727510E+00   3.2404801988901313E+00
      71.0000000000000000   4.8680686629872270E+00   3.2727894819557748E+00
      72.0000000000000000   4.8675628845295753E+00   3.3036519761976550E+00
      73.0000000000000000   4.8681368757621968E+00   3.3331048101104748E+00
      74.0000000000000000   4.8697362066257943E+00   3.3611861844975972E+00
      75.0000000000000000   4.8723091609196683E+00   3.3879350560041592E+00
      76.0000000000000000   4.8758067261240781E+00   3.4133907700091521E+00
      77.0000000000000000   4.8801823823905393E+00   3.4375929196777966E+00
      78.0000000000000000   4.8853920784591800E+00   3.4605810520367006E+00
      79.0000000000000000   4.8913941063942570E+00   3.4823945002625392E+00
      80.0000000000000000   4.8981489943165855E+00   3.5030722253354720E+00
      81.0000000000000000   4.9056193979557703E+00   3.5226526829482707E+00
      82.0000000000000000   4.9137699970913511E+00   3.5411737128317178E+00
      83.0000000000000000   4.9225673894907604E+00   3.5586724476573162E+00
      84.0000000000000000   4.9319799870148691E+00   3.5751852396426154E+00
      85.0000000000000000   4.9419779205729499E+00   3.5907476019824878E+00
      86.0000000000000000   4.9525329440160100E+00   3.6053941636910798E+00
      87.0000000000000000   4.9636183421974707E+00   3.6191586387101737E+00
      88.0000000000000000   4.9752088539160448E+00   3.6320737907323419E+00
      89.0000000000000000   4.9872805745186852E+00   3.6441714350608430E+00
      90.0000000000000000   4.9998108860088184E+00   3.6554824192032118E+00
      91.0000000000000000   5.0127783825967134E+00   3.6660366239583091E+00
      92.0000000000000000   5.0261627997642266E+00   3.6758629669386229E+00
      93.0000000000000000   5.0399449480037122E+00   3.6849894105008980E+00
      94.0000000000000000   5.0541066503513434E+00   3.6934429733649292E+00
      95.0000000000000000   5.0686306834589807E+00   3.7012497452794588E+00
      96.0000000000000000   5.0835007221885418E+00   3.7084349041770892E+00
      97.0000000000000000   5.0987012874575903E+00   3.7150227353333012E+00
      98.0000000000000000   5.1142176965542534E+00   3.7210366521594516E+00
      99.0000000000000000   5.1300360197308468E+00   3.7264992179678966E+00
     100.0000000000000000   5.1461430324433763E+00   3.7314321691490333E+00
     110.0000000000000000   5.3206135964037680E+00   3.7558712520226023E+00
     120.0000000000000000   5.5133720924002905E+00   3.7460279527745701E+00
     130.0000000000000000   5.7183261904471072E+00   3.7135602765649489E+00
     140.0000000000000000   5.9315693388786439E+00   3.6663391736333573E+00
     150.0000000000000000   6.1505146395714929E+00   3.6097018058716142E+00
     160.0000000000000000   6.3734007473947161E+00   3.5472892980718820E+00
     170.0000000000000000   6.5989996766059509E+00   3.4815993305371982E+00
     180.0000000000000000   6.8264379940701980E+00   3.4143512728759293E+00
     190.0000000000000000   7.0550839389670292E+00   3.3467294076576630E+00
     200.0000000000000000   7.2844741320047408E+00   3.2795466614909912E+00
     210.0000000000000000   7.5142648128368679E+00   3.2133560530558665E+00
     220.0000000000000000   7.7441986455438210E+00   3.1485274234595919E+00
     230.0000000000000000   7.9694440406509717E+00   3.0937258592084453E+00
     240.0000000000000000   8.1996707948651260E+00   3.0323567410690142E+00
     250.0000000000000000   8.4285946902472659E+00   2.9744289307151308E+00
     260.0000000000000000   8.6562880194611491E+00   2.9196414454903725E+00
     270.0000000000000000   8.8828178522551067E+00   2.8677278107687529E+00
     280.0000000000000000   9.1127228350694036E+00   2.8108923983015428E+00
     287.9990000000000236   9.2930473307222474E+00   2.7720243317881099E+00
     288.0009999999999764   9.2930956313545892E+00   2.7720093184413406E+00
     290.0000000000000000   9.3369593683913870E+00   2.7643563768925845E+00
     300.0000000000000000   9.5644520133454698E+00   2.7130644687833438E+00
     310.0000000000000000   9.7866222852101146E+00   2.6710687587142390E+00
     320.0000000000000000   1.0011922082772024E+01   2.6244947523852815E+00
     330.0000000000000000   1.0236157031687052E+01   2.5801337983002157E+00
     340.0000000000000000   1.0459372731740702E+01   2.5378227779694824E+00
     350.0000000000000000   1.0681611902223469E+01   2.4974145643342558E+00
     360.0000000000000000   1.0902914620633117E+01   2.4587760746557645E+00
     370.0000000000000000   1.1126978296106198E+01   2.4163108532517548E+00
     380.0000000000000000   1.1346439196742615E+01   2.3810288140128448E+00
     390.0000000000000000   1.1565070862248032E+01   2.3471773419627313E+00
     400.0000000000000000   1.1786373563221289E+01   2.3096568893591276E+00
     410.0000000000000000   1.2003361548424515E+01   2.2785461802858378E+00
     420.0000000000000000   1.2222968254383582E+01   2.2438704993883651E+00
     430.0000000000000000   1.2438427280301092E+01   2.2151686704411513E+00
     440.0000000000000000   1.2656447627960013E+01   2.1830074789074074E+00
     450.0000000000000000   1.2873695288215275E+01   2.1520507274397094E+00
     460.0000000000000000   1.3090193572554188E+01   2.1222291013700847E+00
     470.0000000000000000   1.3305964700892503E+01   2.0934785952075279E+00
     480.0000000000000000   1.3517918905096172E+01   2.0698225534988191E+00
     490.0000000000000000   1.3732333338427351E+01   2.0429487083360867E+00
     500.0000000000000000   1.3946081473222629E+01   2.0169847939770706E+00
     510.0000000000000000   1.4159181738171567E+01   1.9918833372154670E+00
     520.0000000000000000   1.4371651760756876E+01   1.9676001671412329E+00
     530.0000000000000000   1.4583508408963116E+01   1.9440941337282125E+00
     540.0000000000000000   1.4797668157128822E+01   1.9177462411482693E+00
     550.0000000000000000   1.5008310739218283E+01   1.8957546751009131E+00
     560.0000000000000000   1.5218386449068129E+01   1.8744298473763348E+00
     570.0000000000000000   1.5427909527096936E+01   1.8537405163176157E+00
     580.0000000000000000   1.5636893622197180E+01   1.8336574158913768E+00
     590.0000000000000000   1.5848110369814359E+01   1.8109059318346510E+00
     600.0000000000000000   1.6056020353381502E+01   1.7920154304141871E+00
     610.0000000000000000   1.6263429319757417E+01   1.7736515754247735E+00
     620.0000000000000000   1.6473034498221804E+01   1.7527164383800018E+00
     630.0000000000000000   1.6679441035217035E+01   1.7353941173425134E+00
     640.0000000000000000   1.6888027327809894E+01   1.7155611444402774E+00
     650.0000000000000000   1.7093474936784187E+01   1.6991926833293838E+00
     660.0000000000000000   1.7298476035967443E+01   1.6832461758311916E+00
     670.0000000000000000   1.7505612967890510E+01   1.6648800036684408E+00
     680.0000000000000000   1.7709714897171249E+01   1.6497749885943462E+00
     690.0000000000000000   1.7915931569935530E+01   1.6323067968168465E+00
     700.0000000000000000   1.8121698731085885E+01   1.6152820847782017E+00
     710.0000000000000000   1.8324502201078559E+01   1.6013393617463882E+00
     720.0000000000000000   1.8529400502505876E+01   1.5851125198436748E+00
     730.0000000000000000   1.8731391771718101E+01   1.5718575757309678E+00
     740.0000000000000000   1.8935453001689122E+01   1.5563708281716524E+00
     750.0000000000000000   1.9139103645359416E+01   1.5412521084918567E+00
     760.0000000000000000   1.9339917007195474E+01   1.5289543855805894E+00
     770.0000000000000000   1.9542774665611383E+01   1.5144982751313756E+00
     780.0000000000000000   1.9745242411663128E+01   1.5003729774171282E+00
     790.0000000000000000   1.9944941533332130E+01   1.4889319051200962E+00
     800.0000000000000000   2.0146656625401338E+01   1.4754023316567166E+00
     810.0000000000000000   2.0348000825214378E+01   1.4621712607541761E+00
     820.0000000000000000   2.0548980172064141E+01   1.4492285311079212E+00
     830.0000000000000000   2.0747272197017327E+01   1.4388068163020231E+00
     840.0000000000000000   2.0947547405490049E+01   1.4263837119634912E+00
     850.0000000000000000   2.1147474690654334E+01   1.4142221581639871E+00
     860.0000000000000000   2.1347059496461153E+01   1.4023136289087847E+00
     870.0000000000000000   2.1546307211085821E+01   1.3906498895199326E+00
     880.0000000000000000   2.1745223004820637E+01   1.3792231342000214E+00
     890.0000000000000000   2.1941557793614145E+01   1.3701069184769346E+00
     900.0000000000000000   2.2139832399182993E+01   1.3591083342411476E+00
     910.0000000000000000   2.2337789312484176E+01   1.3483263255492435E+00
     920.0000000000000000   2.2535433202638750E+01   1.3377542777384077E+00
     930.0000000000000000   2.2732768606121965E+01   1.3273858608785969E+00
     940.0000000000000000   2.2929799918915659E+01   1.3172150275406889E+00
     950.0000000000000000   2.3126531395381889E+01   1.3072360026106709E+00
     960.0000000000000000   2.3322967163040953E+01   1.2974432597194909E+00
     970.0000000000000000   2.3519111246410198E+01   1.2878314925541028E+00
     980.0000000000000000   2.3714967577781255E+01   1.2783955969513658E+00
     990.0000000000000000   2.3910540003195894E+01   1.2691306588606794E+00
    1000.0000000000000000   2.4105832288981588E+01   1.2600319419517008E+00
    1100.0000000000000000   2.6044119934526833E+01   1.1772601011583801E+00
    1200.0000000000000000   2.7959950083675462E+01   1.1054673707018075E+00
    1300.0000000000000000   2.9855752489015313E+01   1.0423248722206377E+00
    1400.0000000000000000   3.1733526998487520E+01   9.8613018742406722E-01
    1500.0000000000000000   3.3593142020032261E+01   9.3680543469892741E-01
    1600.0000000000000000   3.5436161857769314E+01   8.9313078196399931E-01
    1700.0000000000000000   3.7265616861783045E+01   8.5312030118262960E-01
    1800.0000000000000000   3.9082534991804508E+01   8.1622044758052148E-01
    1900.0000000000000000   4.0884537798888850E+01   7.8384634803461906E-01
    2000.0000000000000000   4.2675840672017941E+01   7.5356728021915764E-01
    2100.0000000000000000   4.4455549700474833E+01   7.2595509548315895E-01
    2200.0000000000000000   4.6224372234628724E+01   7.0066103383195077E-01
    2300.0000000000000000   4.7984450988126959E+01   6.7663833505055482E-01
    2400.0000000000000000   4.9734799953566146E+01   6.5446530997811636E-01
    2500.0000000000000000   5.1475892524690202E+01   6.3394770809071244E-01
    2600.0000000000000000   5.3208197684782213E+01   6.1490217237184208E-01
    2700.0000000000000000   5.4932142022521504E+01   5.9717255284036153E-01
    2800.0000000000000000   5.6648102058393384E+01   5.8062988999678389E-01
    2900.0000000000000000   5.8357962379026176E+01   5.6450750388773441E-01
    3000.0000000000000000   6.0058987718500092E+01   5.5002117623274049E-01
    3100.0000000000000000   6.1754513168037491E+01   5.3580531342917670E-01
    3200.0000000000000000   6.3443325576315530E+01   5.2241617124420181E-01
    3300.0000000000000000   6.5125674341143124E+01   5.0978649064332393E-01
    3400.0000000000000000   6.6801774234615351E+01   4.9786229999698700E-01
    3500.0000000000000000   6.8471887225846700E+01   4.8657436745436100E-01
    3600.0000000000000000   7.0136135504050742E+01   4.7590293106299686E-01
    3700.0000000000000000   7.1794889842574847E+01   4.6574464465402082E-01
    3800.0000000000000000   7.3449461995566807E+01   4.5565932091263484E-01
    3900.0000000000000000   7.5097783437707477E+01   4.4641513788890880E-01
    4000.0000000000000000   7.6740823205483693E+01   4.3768057859325998E-01
    4100.0000000000000000   7.8380393128129711E+01   4.2887011419774090E-01
    4200.0000000000000000   8.0013732346317511E+01   4.2093523005751637E-01
    4300.0000000000000000   8.1643754775985173E+01   4.1292684670518348E-01
    4400.0000000000000000   8.3269403418250562E+01   4.0522833165419558E-01
    4500.0000000000000000   8.4890594259376513E+01   3.9788617303178847E-01
    4600.0000000000000000   8.6506349855003293E+01   3.9120135026720754E-01
    4700.0000000000000000   8.8119234456766222E+01   3.8441233554478660E-01
    4800.0000000000000000   8.9728345891513626E+01   3.7782171146323373E-01
    4900.0000000000000000   9.1333326581205654E+01   3.7154016638302395E-01
    5000.0000000000000000   9.2934393660802158E+01   3.6552079976151775E-01
    5100.0000000000000000   9.4531797613959583E+01   3.5970839687145445E-01
    5200.0000000000000000   9.6125649089322110E+01   3.5408614842982661E-01
    5300.0000000000000000   9.7715889181735946E+01   3.4868056008381848E-01
    5400.0000000000000000   9.9302374764512408E+01   3.4353514082615039E-01
    5500.0000000000000000   1.0088546258109169E+02   3.3856655286323090E-01
    5600.0000000000000000   1.0246702048695163E+02   3.3331227354445764E-01
    5700.0000000000000000   1.0404355973426340E+02   3.2867617927909631E-01
    5800.0000000000000000   1.0561763721210706E+02   3.2401996746249073E-01
    5900.0000000000000000   1.0718776047101160E+02   3.1971973090494538E-01
    6000.0000000000000000   1.0875670571867803E+02   3.1510260278820962E-01
    6100.0000000000000000   1.1032090352669711E+02   3.1104037118718048E-01
    6200.0000000000000000   1.1188255640030229E+02   3.0703326399631409E-01
    6300.0000000000000000   1.1344265447989127E+02   3.0283300404385616E-01
    6400.0000000000000000   1.1499902247851554E+02   2.9896889226306100E-01
    6500.0000000000000000   1.1655285352433758E+02   2.9515709364652759E-01
    6600.0000000000000000   1.1810333207110716E+02   2.9160856783755595E-01
    6700.0000000000000000   1.1965201168601909E+02   2.8796664774656944E-01
    6800.0000000000000000   1.2119742182694075E+02   2.8458127066209282E-01
    6900.0000000000000000   1.2274119500029289E+02   2.8108511287091725E-01
    7000.0000000000000000   1.2428194731746643E+02   2.7780121033774119E-01
    7100.0000000000000000   1.2582059087995535E+02   2.7452416711257643E-01
    7200.0000000000000000   1.2735598957495188E+02   2.7150456296488196E-01
    7300.0000000000000000   1.2888936674212957E+02   2.6847393066807740E-01
    7400.0000000000000000   1.3042076035234879E+02   2.6544536324926049E-01
    7500.0000000000000000   1.3195024894449205E+02   2.6244348264367079E-01
    7600.0000000000000000   1.3347664398201758E+02   2.5965999166606868E-01
    7700.0000000000000000   1.3500086575628163E+02   2.5691628442582981E-01
    7800.0000000000000000   1.3652383645084220E+02   2.5409690640617222E-01
    7900.0000000000000000   1.3804313490728345E+02   2.5160048374935340E-01
    8000.0000000000000000   1.3956225159558934E+02   2.4880924649208663E-01
    8100.0000000000000000   1.4107678849810944E+02   2.4654921740372385E-01
    8200.0000000000000000   1.4259214516473642E+02   2.4379964937910686E-01
    8300.0000000000000000   1.4410292444266241E+02   2.4157236277094088E-01
    8400.0000000000000000   1.4561398377664767E+02   2.3899864268764262E-01
    8500.0000000000000000   1.4712114122769168E+02   2.3679967714531797E-01
    8600.0000000000000000   1.4862702877527693E+02   2.3457022489728693E-01
    8700.0000000000000000   1.5013228366296681E+02   2.3213568308880353E-01
    8800.0000000000000000   1.5163316187774458E+02   2.3017573710670705E-01
    8900.0000000000000000   1.5313398262449510E+02   2.2796604696854594E-01
    9000.0000000000000000   1.5463324608253319E+02   2.2575365646643192E-01
    9100.0000000000000000   1.5613040582402050E+02   2.2362758936602867E-01
    9200.0000000000000000   1.5762435326364178E+02   2.2177206200611699E-01
    9300.0000000000000000   1.5911740058418388E+02   2.1981758913139063E-01
    9400.0000000000000000   1.6060865198510515E+02   2.1794099952521614E-01
    9500.0000000000000000   1.6209906387304500E+02   2.1593418948324811E-01
    9600.0000000000000000   1.6358756412476851E+02   2.1399739993122055E-01
    9700.0000000000000000   1.6507437881941345E+02   2.1209770914215417E-01
    9800.0000000000000000   1.6655936472328651E+02   2.1026144222361431E-01
    9900.0000000000000000   1.6804253185598662E+02   2.0848937378993074E-01
   10000.0000000000000000   1.6952402843851377E+02   2.0676005259903335E-01
   11000.0000000000000000   1.8425330571725897E+02   1.9122001095357341E-01
   12000.0000000000000000   1.9884397687668758E+02   1.7762288139041318E-01
   13000.0000000000000000   2.1330611364974285E+02   1.6601981290986173E-01
   14000.0000000000000000   2.2765101035973495E+02   1.5604940973131320E-01
   15000.0000000000000000   2.4189051212384976E+02   1.4721295127056538E-01
   16000.0000000000000000   2.5603198910847141E+02   1.3944912500542400E-01
   17000.0000000000000000   2.7008436793715180E+02   1.3236257354024844E-01
   18000.0000000000000000   2.8404852495321205E+02   1.2638462890796537E-01
   19000.0000000000000000   2.9793580009560878E+02   1.2089730383442993E-01
   20000.0000000000000000   3.1175544550716597E+02   1.1534437805594901E-01
   21000.0000000000000000   3.2550117504951197E+02   1.1067455112025322E-01
   22000.0000000000000000   3.3918234175395179E+02   1.0637775261493826E-01
   23000.0000000000000000   3.5279902416993525E+02   1.0253073737028241E-01
   24000.0000000000000000   3.6635661459404901E+02   9.9168235556620909E-02
   25000.0000000000000000   3.7986827082631737E+02   9.5286653483335065E-02
   26000.0000000000000000   3.9331677310883026E+02   9.2353425944970285E-02
   27000.0000000000000000   4.0672292017211635E+02   8.9118209337636603E-02
   28000.0000000000000000   4.2006896240131715E+02   8.6792922123340513E-02
   29000.0000000000000000   4.3337525898571971E+02   8.4193768440623262E-02
   30000.0000000000000000   4.4663278741162389E+02   8.2155078125703301E-02
   31000.0000000000000000   4.5986368996312024E+02   7.9187833869106675E-02
   32000.0000000000000000   4.7303035050338110E+02   7.7669107994789335E-02
   33000.0000000000000000   4.8617375926004866E+02   7.5352689299902825E-02
   34000.0000000000000000   4.9927557016643942E+02   7.3407630834266671E-02
   35000.0000000000000000   5.1233283894196313E+02   7.1960982525943198E-02
   36000.0000000000000000   5.2537537275208365E+02   6.9463686850422535E-02
   37000.0000000000000000   5.3836971076984071E+02   6.7964013056403011E-02
   38000.0000000000000000   5.5132995527380524E+02   6.6569463747044130E-02
   39000.0000000000000000   5.6425860887023464E+02   6.4882558860495321E-02
   40000.0000000000000000   5.7715437260166550E+02   6.3657733639805106E-02
   41000.0000000000000000   5.9002608679478419E+02   6.2118275748767215E-02
   42000.0000000000000000   6.0286286398266202E+02   6.0949655058381423E-02
   43000.0000000000000000   6.1565962044166668E+02   6.0024026957476842E-02
   44000.0000000000000000   6.2844361169383558E+02   5.9072205527547703E-02
   45000.0000000000000000   6.4120538724732830E+02   5.7462210031482309E-02
   46000.0000000000000000   6.5391385221933865E+02   5.7038624322529680E-02
   47000.0000000000000000   6.6663490704100093E+02   5.5278202728403919E-02
   48000.0000000000000000   6.7931514009011062E+02   5.4379411786947655E-02
   49000.0000000000000000   6.9197271358104649E+02   5.3237407105344851E-02
   50000.0000000000000000   7.0460318085113795E+02   5.2266988470766822E-02
