       0.1000000000000000   1.1354821660138096E+05
       0.2000000000000000   5.6861112695454409E+04
       0.3000000000000000   3.7952044380069092E+04
       0.4000000000000000   2.8492332821908498E+04
       0.5000000000000000   2.2813865057320992E+04
       0.6000000000000000   1.9026660214407671E+04
       0.7000000000000000   1.6320503201247267E+04
       0.7999999999999999   1.4290186879631736E+04
       0.8999999999999999   1.2710545658844349E+04
       0.9999999999999999   1.1446452072826149E+04
       2.0000000000000000   5.7516740350734708E+03
       3.0000000000000000   3.8493475535585185E+03
       4.0000000000000000   2.8966445945266728E+03
       5.0000000000000000   2.3242553502554438E+03
       6.0000000000000000   1.9422198466157304E+03
       7.0000000000000000   1.6690573808397046E+03
       8.0000000000000000   1.4639968340706137E+03
       9.0000000000000000   1.3043720393231190E+03
      10.0000000000000000   1.1765746840520640E+03
      11.0000000000000000   1.0719398184880367E+03
      12.0000000000000000   9.8468760264107425E+02
      13.0000000000000000   9.1081450790218219E+02
      14.0000000000000000   8.4745944410776235E+02
      15.0000000000000000   7.9252327947521030E+02
      16.0000000000000000   7.4443094760077474E+02
      17.0000000000000000   7.0197745882850131E+02
      18.0000000000000000   6.6422520426312826E+02
      19.0000000000000000   6.3043366571515855E+02
      20.0000000000000000   6.0001019611759375E+02
      21.0000000000000000   5.7247485135052511E+02
      22.0000000000000000   5.4743480529795193E+02
      23.0000000000000000   5.2456543351059076E+02
      24.0000000000000000   5.0359612169260527E+02
      25.0000000000000000   4.8429947711324519E+02
      26.0000000000000000   4.6648302728309937E+02
      27.0000000000000000   4.4998276164494155E+02
      28.0000000000000000   4.3465805581146662E+02
      29.0000000000000000   4.2038764489814201E+02
      30.0000000000000000   4.0706640139126836E+02
      31.0000000000000000   3.9460273596464077E+02
      32.0000000000000000   3.8291648516463567E+02
      33.0000000000000000   3.7193718271014268E+02
      34.0000000000000000   3.6160263552543614E+02
      35.0000000000000000   3.5185774361772860E+02
      36.0000000000000000   3.4265351641167257E+02
      37.0000000000000000   3.3394624840992384E+02
      38.0000000000000000   3.2569682486551494E+02
      39.0000000000000000   3.1787013415136647E+02
      40.0000000000000000   3.1043456815561672E+02
      41.0000000000000000   3.0336159571460399E+02
      42.0000000000000000   2.9662539689711497E+02
      43.0000000000000000   2.9020254826634795E+02
      44.0000000000000000   2.8407175099449529E+02
      45.0000000000000000   2.7821359519521673E+02
      45.9990000000000023   2.7261583637186448E+02
      46.0000000000000000   2.7261035494584104E+02
      46.0009999999999977   2.7260487375833441E+02
      47.0000000000000000   2.6724580944789506E+02
      47.9990000000000023   2.6211012007541927E+02
      48.0000000000000000   2.6210508651102083E+02
      48.0009999999999977   2.6210005315605406E+02
      49.0000000000000000   2.5717452517847755E+02
      50.0000000000000000   2.5244155481621866E+02
      51.0000000000000000   2.4789458840019813E+02
      52.0000000000000000   2.4352292811242447E+02
      53.0000000000000000   2.3931668159906488E+02
      54.0000000000000000   2.3526668752600727E+02
      55.0000000000000000   2.3136444924099686E+02
      56.0000000000000000   2.2760207553546965E+02
      57.0000000000000000   2.2397222763060208E+02
      58.0000000000000000   2.2046807164510011E+02
      59.0000000000000000   2.1708323588389234E+02
      60.0000000000000000   2.1381177239536544E+02
      61.0000000000000000   2.1064812230188920E+02
      62.0000000000000000   2.0758708448275118E+02
      63.0000000000000000   2.0462378723467361E+02
      64.0000000000000000   2.0175366258305380E+02
      65.0000000000000000   1.9897242296570712E+02
      66.0000000000000000   1.9627604002727435E+02
      67.0000000000000000   1.9366072531465920E+02
      68.0000000000000000   1.9112291267029033E+02
      69.0000000000000000   1.8865924215569424E+02
      70.0000000000000000   1.8626654534758268E+02
      71.0000000000000000   1.8394183188136188E+02
      72.0000000000000000   1.8168227710771362E+02
      73.0000000000000000   1.7948521076472076E+02
      74.0000000000000000   1.7734810656702044E+02
      75.0000000000000000   1.7526857262674545E+02
      76.0000000000000000   1.7324434262925044E+02
      77.0000000000000000   1.7127326769364382E+02
      78.0000000000000000   1.6935330886265396E+02
      79.0000000000000000   1.6748253015756822E+02
      80.0000000000000000   1.6565909215513801E+02
      81.0000000000000000   1.6388124604000819E+02
      82.0000000000000000   1.6214732809068227E+02
      83.0000000000000000   1.6045575456425158E+02
      84.0000000000000000   1.5880501694328981E+02
      85.0000000000000000   1.5719367752299900E+02
      86.0000000000000000   1.5562036530076045E+02
      87.0000000000000000   1.5408377215060526E+02
      88.0000000000000000   1.5258264925816718E+02
      89.0000000000000000   1.5111580379590760E+02
      90.0000000000000000   1.4968209581725301E+02
      91.0000000000000000   1.4828043535954052E+02
      92.0000000000000000   1.4690977973183047E+02
      93.0000000000000000   1.4556913097834456E+02
      94.0000000000000000   1.4425753350455616E+02
      95.0000000000000000   1.4297407185186617E+02
      96.0000000000000000   1.4171786861159057E+02
      97.0000000000000000   1.4048808246732540E+02
      98.0000000000000000   1.3928390635818505E+02
      99.0000000000000000   1.3810456575152853E+02
     100.0000000000000000   1.3694931702047938E+02
     110.0000000000000000   1.2657757537538980E+02
     116.9989999999999952   1.2039930985201988E+02
     117.0010000000000048   1.2039765313180493E+02
     120.0000000000000000   1.1797748344563736E+02
     126.9989999999999952   1.1278839554669604E+02
     127.0010000000000048   1.1278699736607537E+02
     130.0000000000000000   1.1074063949013453E+02
     140.0000000000000000   1.0457510048065338E+02
     150.0000000000000000   9.9266629656404803E+01
     160.0000000000000000   9.4654455318721006E+01
     170.0000000000000000   9.0615572811345160E+01
     173.9989999999999952   8.9138724340850672E+01
     174.0010000000000048   8.9138003906340330E+01
     180.0000000000000000   8.7054271420478941E+01
     190.0000000000000000   8.3894963644553258E+01
     200.0000000000000000   8.1077162475819748E+01
     210.0000000000000000   7.8551891616470925E+01
     220.0000000000000000   7.6279073285981269E+01
     230.0000000000000000   7.4225596481445294E+01
     240.0000000000000000   7.2363867484034870E+01
     250.0000000000000000   7.0670707757762614E+01
     260.0000000000000000   6.9126505834218676E+01
     270.0000000000000000   6.7714557417991998E+01
     280.0000000000000000   6.6420546718618255E+01
     290.0000000000000000   6.5232134961317556E+01
     300.0000000000000000   6.4138631099964002E+01
     310.0000000000000000   6.3130726191830902E+01
     320.0000000000000000   6.2200277525246968E+01
     330.0000000000000000   6.1340131958091888E+01
     340.0000000000000000   6.0543980403823859E+01
     350.0000000000000000   5.9806237241479373E+01
     360.0000000000000000   5.9121939809396167E+01
     370.0000000000000000   5.8486664185643093E+01
     380.0000000000000000   5.7896454259024623E+01
     390.0000000000000000   5.7347761706259853E+01
     400.0000000000000000   5.6837394969361050E+01
     410.0000000000000000   5.6362475696997464E+01
     420.0000000000000000   5.5920401407501082E+01
     430.0000000000000000   5.5508813360858184E+01
     440.0000000000000000   5.5125568811905659E+01
     450.0000000000000000   5.4768716963381358E+01
     460.0000000000000000   5.4436478056177123E+01
     470.0000000000000000   5.4127225129864044E+01
     480.0000000000000000   5.3839468064001792E+01
     490.0000000000000000   5.3571839574834812E+01
     500.0000000000000000   5.3323082893344434E+01
     510.0000000000000000   5.3092040894255092E+01
     520.0000000000000000   5.2877646480408096E+01
     530.0000000000000000   5.2678914057004150E+01
     540.0000000000000000   5.2494931954102853E+01
     550.0000000000000000   5.2324855677006660E+01
     560.0000000000000000   5.2167901880765363E+01
     570.0000000000000000   5.2023342980035352E+01
     577.9990000000000236   5.1916176814874049E+01
     578.0009999999999764   5.1916150929997983E+01
     580.0000000000000000   5.1890502317418964E+01
     588.9990000000000236   5.1780454910408508E+01
     589.0009999999999764   5.1780431418373603E+01
     590.0000000000000000   5.1768749824209884E+01
     600.0000000000000000   5.1657498115811762E+01
     610.0000000000000000   5.1556198972152430E+01
     620.0000000000000000   5.1464340159430250E+01
     630.0000000000000000   5.1381442555376005E+01
     640.0000000000000000   5.1307057544638567E+01
     650.0000000000000000   5.1240764655344762E+01
     660.0000000000000000   5.1182169411155613E+01
     670.0000000000000000   5.1130901376184219E+01
     680.0000000000000000   5.1086612373132247E+01
     690.0000000000000000   5.1048974856762648E+01
     700.0000000000000000   5.1017680427409296E+01
     710.0000000000000000   5.0992438470485801E+01
     720.0000000000000000   5.0972974909920289E+01
     730.0000000000000000   5.0959031064362776E+01
     740.0000000000000000   5.0950362596640403E+01
     750.0000000000000000   5.0946738547537230E+01
     760.0000000000000000   5.0947940446298603E+01
     770.0000000000000000   5.0953761490709688E+01
     780.0000000000000000   5.0964005790627709E+01
     790.0000000000000000   5.0978487669218005E+01
     800.0000000000000000   5.0997031016920694E+01
     810.0000000000000000   5.1019468693504450E+01
     820.0000000000000000   5.1045641974175197E+01
     824.9990000000000236   5.1060079062071821E+01
     825.0009999999999764   5.1060085014879732E+01
     830.0000000000000000   5.1075400035907279E+01
     840.0000000000000000   5.1108599480753320E+01
     850.0000000000000000   5.1145103892971058E+01
     860.0000000000000000   5.1184783427273459E+01
     870.0000000000000000   5.1227514425689854E+01
     875.9990000000000236   5.1254563883207659E+01
     876.0009999999999764   5.1254573074484213E+01
     880.0000000000000000   5.1273179060677883E+01
     890.0000000000000000   5.1321665002538133E+01
     900.0000000000000000   5.1372865109105419E+01
     910.0000000000000000   5.1426677136106292E+01
     920.0000000000000000   5.1483003466513978E+01
     930.0000000000000000   5.1541750857545217E+01
     940.0000000000000000   5.1602830203895415E+01
     950.0000000000000000   5.1666156316111028E+01
     960.0000000000000000   5.1731647712872807E+01
     970.0000000000000000   5.1799226426300400E+01
     980.0000000000000000   5.1868817819242580E+01
     990.0000000000000000   5.1940350413780891E+01
    1000.0000000000000000   5.2013755730087809E+01
    1011.9990000000001373   5.2104214238568751E+01
    1012.0010000000000900   5.2104229527032523E+01
    1100.0000000000000000   5.2837608505275966E+01
    1200.0000000000000000   5.3790814076266223E+01
    1300.0000000000000000   5.4837093752020017E+01
    1400.0000000000000000   5.5951171190031651E+01
    1500.0000000000000000   5.7115005461421717E+01
    1600.0000000000000000   5.8315457077125096E+01
    1700.0000000000000000   5.9542791903069606E+01
    1800.0000000000000000   6.0789693797996406E+01
    1900.0000000000000000   6.2050596305068837E+01
    2000.0000000000000000   6.3321220178287206E+01
    2100.0000000000000000   6.4598247040736098E+01
    2200.0000000000000000   6.5879085078034052E+01
    2300.0000000000000000   6.7161698187016341E+01
    2400.0000000000000000   6.8444479651390083E+01
    2500.0000000000000000   6.9726157562058361E+01
    2600.0000000000000000   7.1005723196972752E+01
    2700.0000000000000000   7.2282376225279179E+01
    2800.0000000000000000   7.3555482388169153E+01
    2900.0000000000000000   7.4824540534183697E+01
    3000.0000000000000000   7.6089156738993111E+01
    3100.0000000000000000   7.7349023840524652E+01
    3200.0000000000000000   7.8603905149189913E+01
    3300.0000000000000000   7.9853621402665695E+01
    3400.0000000000000000   8.1098040260709567E+01
    3500.0000000000000000   8.2337067802133362E+01
    3600.0000000000000000   8.3570641610037185E+01
    3700.0000000000000000   8.4798725124469144E+01
    3800.0000000000000000   8.6021303012103758E+01
    3900.0000000000000000   8.7238377356236214E+01
    4000.0000000000000000   8.8449964511633866E+01
    4100.0000000000000000   8.9656092500688828E+01
    4200.0000000000000000   9.0856798852131902E+01
    4300.0000000000000000   9.2052128803019883E+01
    4346.9989999999997963   9.2612079133403981E+01
    4347.0010000000002037   9.2612102936636163E+01
    4400.0000000000000000   9.3242133800002932E+01
    4500.0000000000000000   9.4426870248004093E+01
    4600.0000000000000000   9.5606398464083753E+01
    4617.9989999999997963   9.5818153517407296E+01
    4618.0010000000002037   9.5818177037806223E+01
    4700.0000000000000000   9.6780781801983224E+01
    4800.0000000000000000   9.7950085919030968E+01
    4900.0000000000000000   9.9114378162098404E+01
    4944.9989999999997963   9.9636681176862353E+01
    4945.0010000000002037   9.9636704368693216E+01
    5000.0000000000000000   1.0027372705334228E+02
    5100.0000000000000000   1.0142820185977347E+02
    5200.0000000000000000   1.0257787223337854E+02
    5300.0000000000000000   1.0372280791072782E+02
    5400.0000000000000000   1.0486307846282028E+02
    5500.0000000000000000   1.0599875308740897E+02
    5600.0000000000000000   1.0712990043729938E+02
    5700.0000000000000000   1.0825658847912537E+02
    5800.0000000000000000   1.0937888437799010E+02
    5900.0000000000000000   1.1049685440403357E+02
    6000.0000000000000000   1.1161056385763830E+02
    6100.0000000000000000   1.1272007701043927E+02
    6200.0000000000000000   1.1382545705975987E+02
    6300.0000000000000000   1.1492676609442954E+02
    6400.0000000000000000   1.1602406507025601E+02
    6500.0000000000000000   1.1711741379366542E+02
    6600.0000000000000000   1.1820687091225254E+02
    6700.0000000000000000   1.1929249391115044E+02
    6800.0000000000000000   1.2037433911430759E+02
    6900.0000000000000000   1.2145246168986463E+02
    7000.0000000000000000   1.2252691565896670E+02
    7100.0000000000000000   1.2359775390741756E+02
    7200.0000000000000000   1.2466502819968309E+02
    7300.0000000000000000   1.2572878919481825E+02
    7400.0000000000000000   1.2678908646394389E+02
    7500.0000000000000000   1.2784596850896867E+02
    7600.0000000000000000   1.2889948278227465E+02
    7700.0000000000000000   1.2994967570715403E+02
    7800.0000000000000000   1.3099659269878134E+02
    7900.0000000000000000   1.3204027818557253E+02
    8000.0000000000000000   1.3308077563077006E+02
    8100.0000000000000000   1.3411812755414417E+02
    8200.0000000000000000   1.3515237555370862E+02
    8300.0000000000000000   1.3618356032735699E+02
    8400.0000000000000000   1.3721172169434575E+02
    8500.0000000000000000   1.3823689861657763E+02
    8600.0000000000000000   1.3925912921961452E+02
    8700.0000000000000000   1.4027845081339603E+02
    8800.0000000000000000   1.4129489991261312E+02
    8900.0000000000000000   1.4230851225672427E+02
    9000.0000000000000000   1.4331932282958755E+02
    9100.0000000000000000   1.4432736587868499E+02
    9200.0000000000000000   1.4533267493393129E+02
    9300.0000000000000000   1.4633528282606542E+02
    9400.0000000000000000   1.4733522170460716E+02
    9500.0000000000000000   1.4833252305538107E+02
    9600.0000000000000000   1.4932721771760734E+02
    9700.0000000000000000   1.5031933590056002E+02
    9800.0000000000000000   1.5130890719979024E+02
    9900.0000000000000000   1.5229596061293120E+02
   10000.0000000000000000   1.5328052455507256E+02
   11000.0000000000000000   1.6299510662668663E+02
   12000.0000000000000000   1.7248819903734804E+02
   13000.0000000000000000   1.8178059802142957E+02
   14000.0000000000000000   1.9088971314414360E+02
   15000.0000000000000000   1.9983027747783495E+02
   16000.0000000000000000   2.0861488400017129E+02
   17000.0000000000000000   2.1725439494874985E+02
   18000.0000000000000000   2.2575825778537299E+02
   19000.0000000000000000   2.3413475187071998E+02
   20000.0000000000000000   2.4239118317646853E+02
   21000.0000000000000000   2.5053403959351900E+02
   22000.0000000000000000   2.5856911603000805E+02
   23000.0000000000000000   2.6650161610167493E+02
   24000.0000000000000000   2.7433623550205800E+02
   25000.0000000000000000   2.8207723089754046E+02
   26000.0000000000000000   2.8972847728281801E+02
   27000.0000000000000000   2.9729351605957544E+02
   28000.0000000000000000   3.0477559559866398E+02
   29000.0000000000000000   3.1217770566698522E+02
   30000.0000000000000000   3.1950260681179600E+02
   31000.0000000000000000   3.2675285557347377E+02
   31819.9989999999997963   3.3264401746364024E+02
   31820.0010000000002037   3.3264403177408616E+02
   32000.0000000000000000   3.3393082622621182E+02
   33000.0000000000000000   3.4103872961214290E+02
   34000.0000000000000000   3.4807862952917100E+02
   35000.0000000000000000   3.5505245704921572E+02
   36000.0000000000000000   3.6196202307714066E+02
   37000.0000000000000000   3.6880902940735950E+02
   38000.0000000000000000   3.7559507849185940E+02
   39000.0000000000000000   3.8232168209859378E+02
   40000.0000000000000000   3.8899026901036206E+02
   41000.0000000000000000   3.9560219189129083E+02
   42000.0000000000000000   4.0215873342816025E+02
   43000.0000000000000000   4.0866111183835642E+02
   44000.0000000000000000   4.1511048582248998E+02
   45000.0000000000000000   4.2150795902872932E+02
   46000.0000000000000000   4.2785458408658099E+02
   47000.0000000000000000   4.3415136626004170E+02
   48000.0000000000000000   4.4039926676295073E+02
   49000.0000000000000000   4.4659920577437441E+02
   50000.0000000000000000   4.5275206518660411E+02
