       0.1000000000000000   1.1091881236366479E+01   2.6256112235938131E-03
       0.2000000000000000   9.7838809686235244E+00   5.1183595182114809E-03
       0.3000000000000000   9.3597565369385372E+00   7.5808927736284301E-03
       0.4000000000000000   9.2073312708528423E+00   9.9197863721658102E-03
       0.5000000000000000   9.1371518314298523E+00   1.2220683265111120E-02
       0.6000000000000000   9.1062253251401497E+00   1.4489044500487783E-02
       0.7000000000000000   9.0977027197409690E+00   1.6729782249660586E-02
       0.7999999999999999   9.1023872615880332E+00   1.8946451391398469E-02
       0.8999999999999999   9.1160013269890356E+00   2.1136501650730895E-02
       0.9999999999999999   9.1345729058634433E+00   2.3309026756494780E-02
       2.0000000000000000   9.3889384887060121E+00   4.4242337280107930E-02
       3.0000000000000000   9.5997070959949369E+00   6.4510368929727488E-02
       4.0000000000000000   9.7395788985210690E+00   8.4759394151870601E-02
       5.0000000000000000   9.8198616383192583E+00   1.0536131882886056E-01
       6.0000000000000000   9.8530658803448024E+00   1.2655704698510639E-01
       7.0000000000000000   9.8495616925602185E+00   1.4850657487913946E-01
       8.0000000000000000   9.8170894590398774E+00   1.7133128935150124E-01
       9.0000000000000000   9.7616410635911155E+00   1.9512710988440385E-01
      10.0000000000000000   9.6878085181477402E+00   2.1997572029970344E-01
      11.0000000000000000   9.5992595235232621E+00   2.4594706594365173E-01
      12.0000000000000000   9.4989079760075139E+00   2.7310325203489960E-01
      13.0000000000000000   9.3891348206388212E+00   3.0150093546081186E-01
      14.0000000000000000   9.2718299254142345E+00   3.3119499546969067E-01
      15.0000000000000000   9.1485626287443580E+00   3.6223751667606630E-01
      16.0000000000000000   9.0206518915816840E+00   3.9467750414042424E-01
      17.0000000000000000   8.8891786477748234E+00   4.2856360832287582E-01
      18.0000000000000000   8.7550723603939407E+00   4.6394212107606320E-01
      19.0000000000000000   8.6191135396127390E+00   5.0085762327009575E-01
      20.0000000000000000   8.4819750166698409E+00   5.3935290087583421E-01
      21.0000000000000000   8.3442374522109599E+00   5.7946812000415093E-01
      22.0000000000000000   8.2064164092969030E+00   6.2123936622907650E-01
      23.0000000000000000   8.0689678094704433E+00   6.6469829968088578E-01
      24.0000000000000000   7.9322979510792138E+00   7.0987141354574401E-01
      25.0000000000000000   7.7967791180179722E+00   7.5677790261608846E-01
      26.0000000000000000   7.6627543519381174E+00   8.0542844138428538E-01
      27.0000000000000000   7.5305433275678535E+00   8.5582351322088301E-01
      28.0000000000000000   7.4004475123347380E+00   9.0795160454459733E-01
      29.0000000000000000   7.2727515426428626E+00   9.6178759378282208E-01
      30.0000000000000000   7.1477272938419079E+00   1.0172909071010312E+00
      31.0000000000000000   7.0256325875205006E+00   1.0744041212910402E+00
      32.0000000000000000   6.9067134774852965E+00   1.1330514575732189E+00
      33.0000000000000000   6.7912006849129574E+00   1.1931381861465435E+00
      34.0000000000000000   6.6793098287446613E+00   1.2545500352890844E+00
      35.0000000000000000   6.5712384768530754E+00   1.3171534416939785E+00
      36.0000000000000000   6.4671639528035403E+00   1.3807964005571587E+00
      37.0000000000000000   6.3672407873303873E+00   1.4453100146785036E+00
      38.0000000000000000   6.2715984646425245E+00   1.5105107153379151E+00
      39.0000000000000000   6.1803392829292383E+00   1.5762030969120908E+00
      40.0000000000000000   6.0935371873458557E+00   1.6421832120705664E+00
      41.0000000000000000   6.0112367817959189E+00   1.7082422618514166E+00
      42.0000000000000000   5.9334534690387102E+00   1.7741703839522360E+00
      43.0000000000000000   5.8601742414478686E+00   1.8397604416687494E+00
      44.0000000000000000   5.7913591847994637E+00   1.9048115543260440E+00
      45.0000000000000000   5.7269434297577231E+00   1.9691323654419457E+00
      46.0000000000000000   5.6668398922047540E+00   2.0325437218841991E+00
      47.0000000000000000   5.6109421385615565E+00   2.0948808585166590E+00
      48.0000000000000000   5.5591274860136908E+00   2.1559949844432320E+00
      49.0000000000000000   5.5112601471593727E+00   2.2157542940751500E+00
      50.0000000000000000   5.4671942770479571E+00   2.2740444368383237E+00
      51.0000000000000000   5.4267768296211711E+00   2.3307685134032412E+00
      52.0000000000000000   5.3898502167725884E+00   2.3858466619579746E+00
      53.0000000000000000   5.3562546104600584E+00   2.4392153250896649E+00
      54.0000000000000000   5.3258299716640041E+00   2.4908262718488259E+00
      55.0000000000000000   5.2984177247302053E+00   2.5406454584825493E+00
      56.0000000000000000   5.2738621775645003E+00   2.5886517937527374E+00
      57.0000000000000000   5.2520117423974995E+00   2.6348356820997161E+00
      58.0000000000000000   5.2327195116126415E+00   2.6791979980673495E+00
      59.0000000000000000   5.2158440508985127E+00   2.7217486667555777E+00
      60.0000000000000000   5.2012500220203650E+00   2.7625052748567072E+00
      61.0000000000000000   5.1888080738627131E+00   2.8014922692981208E+00
      62.0000000000000000   5.1783952336513295E+00   2.8387396728525389E+00
      63.0000000000000000   5.1698948797425395E+00   2.8742821775508038E+00
      64.0000000000000000   5.1631966654020482E+00   2.9081582749115102E+00
      65.0000000000000000   5.1581964028714760E+00   2.9404094779607770E+00
      66.0000000000000000   5.1547958825919933E+00   2.9710796325002042E+00
      67.0000000000000000   5.1529026578056625E+00   3.0002143122195966E+00
      68.0000000000000000   5.1524298059024973E+00   3.0278602917021358E+00
      69.0000000000000000   5.1532956713290989E+00   3.0540650911050928E+00
      70.0000000000000000   5.1554236000607592E+00   3.0788765853086821E+00
      71.0000000000000000   5.1587416701614099E+00   3.1023426721281404E+00
      72.0000000000000000   5.1631824273218205E+00   3.1245109919499425E+00
      73.0000000000000000   5.1686826225490030E+00   3.1454286938444973E+00
      74.0000000000000000   5.1751829580145836E+00   3.1651422422523496E+00
      75.0000000000000000   5.1826278262916254E+00   3.1836972735591855E+00
      76.0000000000000000   5.1909651411699382E+00   3.2011384117939006E+00
      77.0000000000000000   5.2001460163848581E+00   3.2175092555636482E+00
      78.0000000000000000   5.2101246206771785E+00   3.2328522430707443E+00
      79.0000000000000000   5.2208579617206619E+00   3.2472086098600075E+00
      80.0000000000000000   5.2323056985724632E+00   3.2606183488675260E+00
      81.0000000000000000   5.2444299650608865E+00   3.2731201848563596E+00
      82.0000000000000000   5.2571952063970873E+00   3.2847515610134272E+00
      83.0000000000000000   5.2705680241457173E+00   3.2955486356440642E+00
      84.0000000000000000   5.2845170307111404E+00   3.3055462875326609E+00
      85.0000000000000000   5.2990127169640457E+00   3.3147781281290385E+00
      86.0000000000000000   5.3140273262036057E+00   3.3232765195641427E+00
      87.0000000000000000   5.3295347358425493E+00   3.3310725994549926E+00
      88.0000000000000000   5.3455103585902757E+00   3.3381962984986697E+00
      89.0000000000000000   5.3619310267500762E+00   3.3446763828527670E+00
      90.0000000000000000   5.3787749074047140E+00   3.3505404767621276E+00
      91.0000000000000000   5.3960214140281426E+00   3.3558150977977124E+00
      92.0000000000000000   5.4136511249827759E+00   3.3605256910362091E+00
      93.0000000000000000   5.4316457081762799E+00   3.3646966639445108E+00
      94.0000000000000000   5.4499878510405697E+00   3.3683514216279065E+00
      95.0000000000000000   5.4686611953924569E+00   3.3715124021518443E+00
      96.0000000000000000   5.4876502769000615E+00   3.3742011116973716E+00
      97.0000000000000000   5.5069404687618579E+00   3.3764381593530550E+00
      98.0000000000000000   5.5265179288851494E+00   3.3782432914107052E+00
      99.0000000000000000   5.5463695528532657E+00   3.3796354248698668E+00
     100.0000000000000000   5.5664829256647783E+00   3.3806326804666269E+00
     110.0000000000000000   5.7796991478522415E+00   3.3723654473048978E+00
     120.0000000000000000   6.0092478527268485E+00   3.3397415174630427E+00
     130.0000000000000000   6.2495204471799815E+00   3.2918671318698745E+00
     140.0000000000000000   6.4969471595180766E+00   3.2346980660845746E+00
     150.0000000000000000   6.7491771921016728E+00   3.1721589590929971E+00
     160.0000000000000000   7.0046178910032708E+00   3.1068523688359995E+00
     170.0000000000000000   7.2621645619436732E+00   3.0405099336542363E+00
     180.0000000000000000   7.5210359864539047E+00   2.9742826564012002E+00
     190.0000000000000000   7.7806709192896202E+00   2.9089302027930302E+00
     200.0000000000000000   8.0406610300820844E+00   2.8449460434603697E+00
     210.0000000000000000   8.2974467135111478E+00   2.7877590545577577E+00
     220.0000000000000000   8.5548339340096753E+00   2.7326161044809218E+00
     230.0000000000000000   8.8161245520729246E+00   2.6728635072511642E+00
     240.0000000000000000   9.0757921125325378E+00   2.6167443212002000E+00
     250.0000000000000000   9.3339294590665425E+00   2.5639162441264056E+00
     260.0000000000000000   9.5906225266782954E+00   2.5140792541132893E+00
     270.0000000000000000   9.8459507011802962E+00   2.4669693580398064E+00
     280.0000000000000000   1.0099987230750854E+01   2.4223534361725010E+00
     287.9990000000000236   1.0303180271497048E+01   2.3871309126038804E+00
     288.0009999999999764   1.0303234262654810E+01   2.3871178172955752E+00
     290.0000000000000000   1.0357171041965895E+01   2.3741060388759316E+00
     300.0000000000000000   1.0608681761495863E+01   2.3341172662416931E+00
     310.0000000000000000   1.0863242143870057E+01   2.2905759957568090E+00
     320.0000000000000000   1.1116539699091479E+01   2.2492132366141901E+00
     330.0000000000000000   1.1368629566062596E+01   2.2098608502019776E+00
     340.0000000000000000   1.1619563363375706E+01   2.1723678825614785E+00
     350.0000000000000000   1.1869389436250017E+01   2.1365984298166132E+00
     360.0000000000000000   1.2118153087673798E+01   2.1024298084609843E+00
     370.0000000000000000   1.2365896812402539E+01   2.0697509612370535E+00
     380.0000000000000000   1.2612660478861338E+01   2.0384611319079555E+00
     390.0000000000000000   1.2862045910302838E+01   2.0042513253652525E+00
     400.0000000000000000   1.3106883601288606E+01   1.9755949354241942E+00
     410.0000000000000000   1.3354304361128461E+01   1.9440828649738005E+00
     420.0000000000000000   1.3597352077996113E+01   1.9177300592957216E+00
     430.0000000000000000   1.3842937167061608E+01   1.8885915765720940E+00
     440.0000000000000000   1.4087632029787750E+01   1.8605815265020651E+00
     450.0000000000000000   1.4328181831754719E+01   1.8372281779106918E+00
     460.0000000000000000   1.4571210537235798E+01   1.8111938643338592E+00
     470.0000000000000000   1.4813427238359244E+01   1.7861061284417776E+00
     480.0000000000000000   1.5054855494895008E+01   1.7619121437468792E+00
     490.0000000000000000   1.5295517761908394E+01   1.7385630349140619E+00
     500.0000000000000000   1.5535435500469243E+01   1.7160134726365344E+00
     510.0000000000000000   1.5774629207721842E+01   1.6942213786295752E+00
     520.0000000000000000   1.6013118487503078E+01   1.6731476250053352E+00
     530.0000000000000000   1.6250922096170441E+01   1.6527557822079912E+00
     537.9990000000000236   1.6442441815438553E+01   1.6351421167619027E+00
     538.0009999999999764   1.6442490391671548E+01   1.6351370320404708E+00
     540.0000000000000000   1.6488057980265527E+01   1.6330118959078392E+00
     550.0000000000000000   1.6724543340164171E+01   1.6138842638898911E+00
     560.0000000000000000   1.6960394650689175E+01   1.5953432671829648E+00
     570.0000000000000000   1.7198494524191748E+01   1.5745925974110619E+00
     580.0000000000000000   1.7433089811676613E+01   1.5571965974257977E+00
     590.0000000000000000   1.7667096694231955E+01   1.5403073228023547E+00
     600.0000000000000000   1.7903324733085018E+01   1.5212835539636960E+00
     610.0000000000000000   1.8136161354189657E+01   1.5053888226478962E+00
     620.0000000000000000   1.8368450116852571E+01   1.4899349207046515E+00
     630.0000000000000000   1.8602926608191897E+01   1.4724201142264188E+00
     640.0000000000000000   1.8834121680179670E+01   1.4578358721490450E+00
     650.0000000000000000   1.9067489819066388E+01   1.4412369988291245E+00
     660.0000000000000000   1.9297637850186355E+01   1.4274497668628030E+00
     670.0000000000000000   1.9527296163410877E+01   1.4140166524033437E+00
     680.0000000000000000   1.9759086221684530E+01   1.3986385106943944E+00
     690.0000000000000000   1.9990367391417006E+01   1.3836588945373656E+00
     700.0000000000000000   2.0218548662137668E+01   1.3712786502372121E+00
     710.0000000000000000   2.0448845832504841E+01   1.3570168282727870E+00
     720.0000000000000000   2.0676101760344608E+01   1.3452595086088954E+00
     730.0000000000000000   2.0905451348028599E+01   1.3316624071580494E+00
     740.0000000000000000   2.1131817230760792E+01   1.3204816013343597E+00
     750.0000000000000000   2.1360253465255735E+01   1.3075013215628233E+00
     760.0000000000000000   2.1588241396459967E+01   1.2948275980342887E+00
     770.0000000000000000   2.1813317274726646E+01   1.2844485635853173E+00
     780.0000000000000000   2.2040439254456206E+01   1.2723274911361535E+00
     790.0000000000000000   2.2267135255766906E+01   1.2604821304063116E+00
     800.0000000000000000   2.2493412823911672E+01   1.2489024564030642E+00
     810.0000000000000000   2.2716862816730529E+01   1.2394732537688427E+00
     820.0000000000000000   2.2942330785666144E+01   1.2283740384304354E+00
     830.0000000000000000   2.3167399947316422E+01   1.2175152294998957E+00
     840.0000000000000000   2.3392077039487845E+01   1.2068884869165171E+00
     850.0000000000000000   2.3616368244552806E+01   1.1964861337061683E+00
     860.0000000000000000   2.3837927410289804E+01   1.1880784285080999E+00
     870.0000000000000000   2.4061470761637164E+01   1.1780832154094718E+00
     880.0000000000000000   2.4284645259775967E+01   1.1682922909367766E+00
     890.0000000000000000   2.4507456597791396E+01   1.1586990969027975E+00
     900.0000000000000000   2.4729910119553331E+01   1.1492975044835356E+00
     910.0000000000000000   2.4952010885135529E+01   1.1400817483474286E+00
     920.0000000000000000   2.5173763788724671E+01   1.1310463274336695E+00
     930.0000000000000000   2.5395173641982272E+01   1.1221859358519366E+00
     940.0000000000000000   2.5613985362970055E+01   1.1151132237719306E+00
     950.0000000000000000   2.5834731776366375E+01   1.1065700111435657E+00
     960.0000000000000000   2.6055149556646018E+01   1.0981871139815365E+00
     970.0000000000000000   2.6275243197991141E+01   1.0899599198125629E+00
     980.0000000000000000   2.6495017063470943E+01   1.0818840126037395E+00
     990.0000000000000000   2.6714475402700600E+01   1.0739551533545122E+00
    1000.0000000000000000   2.6933622369360993E+01   1.0661692628200938E+00
    1100.0000000000000000   2.9110931086897075E+01   9.9400232363715824E-01
    1200.0000000000000000   3.1260898612428463E+01   9.3281444578619899E-01
    1300.0000000000000000   3.3388438929356433E+01   8.7907609727449487E-01
    1400.0000000000000000   3.5493883428334982E+01   8.3237044975403429E-01
    1500.0000000000000000   3.7581106341593788E+01   7.9038692851441306E-01
    1600.0000000000000000   3.9651659733395086E+01   7.5231755509378417E-01
    1700.0000000000000000   4.1705150397972083E+01   7.1837841668068936E-01
    1800.0000000000000000   4.3742843209195222E+01   6.8792303318615167E-01
    1900.0000000000000000   4.5767575411862062E+01   6.5964865791064187E-01
    2000.0000000000000000   4.7778536964279724E+01   6.3399743112907259E-01
    2100.0000000000000000   4.9776585013228306E+01   6.1061860782390520E-01
    2200.0000000000000000   5.1762491362816057E+01   5.8921993564780339E-01
    2300.0000000000000000   5.3738626561353890E+01   5.6889008895329241E-01
    2400.0000000000000000   5.5702239781849023E+01   5.5078315526952182E-01
    2500.0000000000000000   5.7657238333644131E+01   5.3341224514137930E-01
    2600.0000000000000000   5.9602452396731877E+01   5.1729352550604013E-01
    2700.0000000000000000   6.1538353219991144E+01   5.0229464157232973E-01
    2800.0000000000000000   6.3466983357909982E+01   4.8774110132841825E-01
    2900.0000000000000000   6.5385519990050966E+01   4.7466624915759781E-01
    3000.0000000000000000   6.7297487427685965E+01   4.6189580956687576E-01
    3100.0000000000000000   6.9201551368121457E+01   4.4993065413209005E-01
    3200.0000000000000000   7.1096797875858911E+01   4.3909023433353694E-01
    3300.0000000000000000   7.2986288453324434E+01   4.2842538631824878E-01
    3400.0000000000000000   7.4868830810944743E+01   4.1835593278970457E-01
    3500.0000000000000000   7.6744726768027050E+01   4.0882038415486405E-01
    3600.0000000000000000   7.8614101167678029E+01   3.9980491906870208E-01
    3700.0000000000000000   8.0478769515084750E+01   3.9081756965122461E-01
    3800.0000000000000000   8.2335941741314784E+01   3.8268808079855315E-01
    3900.0000000000000000   8.4187433145725578E+01   3.7491938656213603E-01
    4000.0000000000000000   8.6034686506523343E+01   3.6713695016331543E-01
    4100.0000000000000000   8.7874918996242215E+01   3.6012447730987995E-01
    4200.0000000000000000   8.9711399350701484E+01   3.5302589661625300E-01
    4300.0000000000000000   9.1542281762737801E+01   3.4634931005585806E-01
    4400.0000000000000000   9.3367224495596204E+01   3.4019797078499303E-01
    4500.0000000000000000   9.5188921875289921E+01   3.3391696234670382E-01
    4600.0000000000000000   9.7005305322626910E+01   3.2802148994001523E-01
    4700.0000000000000000   9.8817243685410503E+01   3.2233643450478600E-01
    4800.0000000000000000   1.0062501386126702E+02   3.1680540702826182E-01
    4900.0000000000000000   1.0242823490073255E+02   3.1152223944298063E-01
    5000.0000000000000000   1.0422592502311446E+02   3.0673075814590073E-01
    5100.0000000000000000   1.0602073438952699E+02   3.0183415555733684E-01
    5200.0000000000000000   1.0781276112355354E+02   2.9683540075106013E-01
    5300.0000000000000000   1.0959959443004855E+02   2.9228580926673353E-01
    5400.0000000000000000   1.1138232844334760E+02   2.8793850615092392E-01
    5500.0000000000000000   1.1316126898955173E+02   2.8373872231693226E-01
    5600.0000000000000000   1.1493752231886768E+02   2.7949540761812031E-01
    5700.0000000000000000   1.1670882887376230E+02   2.7564770951570444E-01
    5800.0000000000000000   1.1847850791582523E+02   2.7154466542169031E-01
    5900.0000000000000000   1.2024309818098401E+02   2.6789477611908030E-01
    6000.0000000000000000   1.2200542487398849E+02   2.6415303794874179E-01
    6100.0000000000000000   1.2376260285413584E+02   2.6085824242531830E-01
    6200.0000000000000000   1.2551889316399601E+02   2.5722721549017757E-01
    6300.0000000000000000   1.2727131124637458E+02   2.5384166311483836E-01
    6400.0000000000000000   1.2902091335647353E+02   2.5048535797096932E-01
    6500.0000000000000000   1.3076654246374554E+02   2.4738897431568541E-01
    6600.0000000000000000   1.3250964992964521E+02   2.4429162785274353E-01
    6700.0000000000000000   1.3424927154419603E+02   2.4138269277206584E-01
    6800.0000000000000000   1.3598695642660664E+02   2.3838424664758368E-01
    6900.0000000000000000   1.3772126519228709E+02   2.3556626385184268E-01
    7000.0000000000000000   1.3945356494852621E+02   2.3268922937610242E-01
    7100.0000000000000000   1.4118247897248227E+02   2.2999871743077333E-01
    7200.0000000000000000   1.4290853113815140E+02   2.2739450737035000E-01
    7300.0000000000000000   1.4463098520373507E+02   2.2501265858934216E-01
    7400.0000000000000000   1.4635220941618030E+02   2.2245818535442299E-01
    7500.0000000000000000   1.4807212223341136E+02   2.1979226344016053E-01
    7600.0000000000000000   1.4978709982455555E+02   2.1756346676526231E-01
    7700.0000000000000000   1.5150006967072716E+02   2.1529245528437382E-01
    7800.0000000000000000   1.5321265913324885E+02   2.1279100796518036E-01
    7900.0000000000000000   1.5492067504888024E+02   2.1064452588584801E-01
    8000.0000000000000000   1.5662776338364063E+02   2.0836605424304472E-01
    8100.0000000000000000   1.5833065545070747E+02   2.0639466173900639E-01
    8200.0000000000000000   1.6003362656390672E+02   2.0413238987122920E-01
    8300.0000000000000000   1.6173199610911439E+02   2.0223488442598975E-01
    8400.0000000000000000   1.6343004830213832E+02   2.0014480000352097E-01
    8500.0000000000000000   1.6512385026783485E+02   1.9835351559812753E-01
    8600.0000000000000000   1.6681750609618800E+02   1.9634257326704455E-01
    8700.0000000000000000   1.6850917692772887E+02   1.9435137604576427E-01
    8800.0000000000000000   1.7019655827091694E+02   1.9267871284807234E-01
    8900.0000000000000000   1.7188381255156187E+02   1.9079155441650103E-01
    9000.0000000000000000   1.7356842696377612E+02   1.8904385677624105E-01
    9100.0000000000000000   1.7525184169808233E+02   1.8719485745144426E-01
    9200.0000000000000000   1.7693091172907930E+02   1.8569402873836219E-01
    9300.0000000000000000   1.7860877296056290E+02   1.8413482138045834E-01
    9400.0000000000000000   1.8028645979060286E+02   1.8237746153947690E-01
    9500.0000000000000000   1.8196176736989773E+02   1.8071128480627535E-01
    9600.0000000000000000   1.8363490583278559E+02   1.7911358542447248E-01
    9700.0000000000000000   1.8530623622484592E+02   1.7753841643020557E-01
    9800.0000000000000000   1.8697569282246161E+02   1.7599401351322902E-01
    9900.0000000000000000   1.8864320623190520E+02   1.7449200270856002E-01
   10000.0000000000000000   1.9030882822527082E+02   1.7302925176279990E-01
   11000.0000000000000000   2.0686833570915510E+02   1.6002353374300438E-01
   12000.0000000000000000   2.2327293185599811E+02   1.4865292995574464E-01
   13000.0000000000000000   2.3953459183604477E+02   1.3888687652240869E-01
   14000.0000000000000000   2.5566580865944124E+02   1.3050659502881015E-01
   15000.0000000000000000   2.7167850218137676E+02   1.2313103028666506E-01
   16000.0000000000000000   2.8758312625949657E+02   1.1653566776371815E-01
   17000.0000000000000000   3.0338654320148498E+02   1.1065721497526725E-01
   18000.0000000000000000   3.1909251009971041E+02   1.0566751761024135E-01
   19000.0000000000000000   3.3471113650990100E+02   1.0112134331190406E-01
   20000.0000000000000000   3.5025705737180823E+02   9.6375595793301780E-02
   21000.0000000000000000   3.6571452440346809E+02   9.2737650165276547E-02
   22000.0000000000000000   3.8110504684009913E+02   8.9008173730059648E-02
   23000.0000000000000000   3.9642676122058180E+02   8.5647878175952985E-02
   24000.0000000000000000   4.1167437627228173E+02   8.2971054307513281E-02
   25000.0000000000000000   4.2687796188988756E+02   7.9565890682066792E-02
   26000.0000000000000000   4.4200721414364199E+02   7.7165262166381865E-02
   27000.0000000000000000   4.5708839579754073E+02   7.4445398335614657E-02
   28000.0000000000000000   4.7209997435373839E+02   7.2722514589560083E-02
   29000.0000000000000000   4.8707815160817290E+02   7.0350890114037876E-02
   30000.0000000000000000   5.0199592921858562E+02   6.8392936094726076E-02
   31000.0000000000000000   5.1687485000998242E+02   6.6327412105009850E-02
   32000.0000000000000000   5.3170080555733455E+02   6.4716937340134839E-02
   33000.0000000000000000   5.4648542490256727E+02   6.2960749649182413E-02
   34000.0000000000000000   5.6122678267103549E+02   6.1338439742633123E-02
   35000.0000000000000000   5.7592047216172978E+02   6.0131801540729134E-02
   36000.0000000000000000   5.9059753206972857E+02   5.8089392889290305E-02
   37000.0000000000000000   6.0520834773674289E+02   5.7169105867368404E-02
   38000.0000000000000000   6.1978907817730283E+02   5.5807930272247203E-02
   39000.0000000000000000   6.3435057460497569E+02   5.4260064398957059E-02
   40000.0000000000000000   6.4887057526899116E+02   5.2917469550882654E-02
   41000.0000000000000000   6.6334411074177092E+02   5.1860102043691791E-02
   42000.0000000000000000   6.7780023083481649E+02   5.0690713702301639E-02
   43000.0000000000000000   6.9220895734223575E+02   4.9835912957372830E-02
   44000.0000000000000000   7.0656918123186733E+02   4.9529849569238255E-02
   45000.0000000000000000   7.2094188441820199E+02   4.8182003145588119E-02
   46000.0000000000000000   7.3527083063904649E+02   4.7211042987753735E-02
   47000.0000000000000000   7.4957118015661695E+02   4.6000575079544907E-02
   48000.0000000000000000   7.6382065690528225E+02   4.5542449347322121E-02
   49000.0000000000000000   7.7807200799943678E+02   4.4403282509655799E-02
   50000.0000000000000000   7.9228321982834166E+02   4.3742082297747564E-02
