1	0.749999999989139	1.54056022337061E-11	1.3666388351304E-11	0.749999999989139	1.54056022337061E-11	1.3666388351304E-11	-3.23822260753138E-6	1.84308259418585E-4	2.64614844966119E-4	-3.23822260753138E-6	1.84308259418585E-4	2.64614844966119E-4
1	0.499999999997665	0.500000000017422	1.64106420217569E-11	0.499999999997665	0.500000000017422	1.64106420217569E-11	1.28966932855737E-5	2.12011520833094E-4	-3.59697910558884E-5	1.28966932855737E-5	2.12011520833094E-4	-3.59697910558884E-5
1	0.875000000019071	0.624999999998226	1.65003896004209E-11	0.875000000019071	0.624999999998226	1.65003896004209E-11	-1.38000233420231E-4	2.17783778637212E-4	8.63817434928161E-5	-1.38000233420231E-4	2.17783778637212E-4	8.63817434928161E-5
1	0.124999999994629	0.625000000020922	1.67449578984274E-11	0.124999999994629	0.625000000020922	1.67449578984274E-11	6.97901466395855E-6	3.21411061916785E-4	1.74469662678965E-5	6.97901466395855E-6	3.21411061916785E-4	1.74469662678965E-5
1	0.499999999990222	1.98818769724851E-11	1.72697684811103E-11	0.499999999990222	1.98818769724851E-11	1.72697684811103E-11	2.61646115206899E-4	-1.19559636616937E-4	2.50915510213791E-4	2.61646115206899E-4	-1.19559636616937E-4	2.50915510213791E-4
1	0.249999999992303	0.749999999991802	1.76850457108714E-11	0.249999999992303	0.749999999991802	1.76850457108714E-11	-5.1541938936424E-4	2.91333535673434E-4	1.23898119060143E-4	-5.1541938936424E-4	2.91333535673434E-4	1.23898119060143E-4
1	0.250000000016893	0.499999999995575	1.79042493909882E-11	0.250000000016893	0.499999999995575	1.79042493909882E-11	2.39705115492177E-4	2.51643954684848E-4	4.47310577361427E-5	2.39705115492177E-4	2.51643954684848E-4	4.47310577361427E-5
1	0.750000000017458	0.249999999995844	1.93681325280532E-11	0.750000000017458	0.249999999995844	1.93681325280532E-11	1.89653595934748E-4	3.03808025940057E-5	-4.21891869952911E-4	1.89653595934748E-4	3.03808025940057E-5	-4.21891869952911E-4
1	0.500000000012574	0.24999999999553	1.98297762244618E-11	0.500000000012574	0.24999999999553	1.98297762244618E-11	3.58551835800592E-4	-1.03544394316052E-4	-2.69580474513397E-4	3.58551835800592E-4	-1.03544394316052E-4	-2.69580474513397E-4
1	0.375000000023227	0.875000000014501	1.99193350822401E-11	0.375000000023227	0.875000000014501	1.99193350822401E-11	5.78201659735959E-5	-1.16513398632459E-5	-1.92486329417048E-4	5.78201659735959E-5	-1.16513398632459E-5	-1.92486329417048E-4
1	0.624999999989707	0.125000000022758	2.12996709907762E-11	0.624999999989707	0.125000000022758	2.12996709907762E-11	-1.31898651981438E-4	3.18785816292061E-4	7.29613846074621E-5	-1.31898651981438E-4	3.18785816292061E-4	7.29613846074621E-5
1	0.500000000019685	0.74999999999586	2.25646989038211E-11	0.500000000019685	0.74999999999586	2.25646989038211E-11	1.87837468075858E-4	1.15470708645703E-4	-4.80881594914096E-4	1.87837468075858E-4	1.15470708645703E-4	-4.80881594914096E-4
1	0.625000000017761	0.874999999994231	2.29947774110157E-11	0.625000000017761	0.874999999994231	2.29947774110157E-11	2.94475510611307E-5	2.14529363224159E-4	8.88677413340478E-6	2.94475510611307E-5	2.14529363224159E-4	8.88677413340478E-6
1	2.11514204730609E-11	1.95961991048776E-11	2.38465759912314E-11	2.11514204730609E-11	1.95961991048776E-11	2.38465759912314E-11	-5.81374440149312E-4	1.53952013527418E-5	1.49180158848516E-4	-5.81374440149312E-4	1.53952013527418E-5	1.49180158848516E-4
1	0.249999999988826	0.249999999994559	2.38499831418733E-11	0.249999999988826	0.249999999994559	2.38499831418733E-11	-1.31885754118895E-4	1.00326253149195E-4	-1.02871582920288E-4	-1.31885754118895E-4	1.00326253149195E-4	-1.02871582920288E-4
1	0.874999999999728	0.375000000016929	2.43907274902853E-11	0.874999999999728	0.375000000016929	2.43907274902853E-11	-8.69450281910151E-7	-9.53473874106664E-5	-1.89291176839733E-5	-8.69450281910151E-7	-9.53473874106664E-5	-1.89291176839733E-5
1	0.124999999998272	0.874999999997342	2.47795765200927E-11	0.124999999998272	0.874999999997342	2.47795765200927E-11	-3.07382023854044E-4	-6.29630350634477E-4	4.6301381788984E-4	-3.07382023854044E-4	-6.29630350634477E-4	4.6301381788984E-4
1	2.46067581775479E-11	0.374999999988002	0.124999999988337	2.46067581775479E-11	0.374999999988002	0.124999999988337	2.06965825739319E-5	1.7391827169067E-4	-2.66969963968377E-4	2.06965825739319E-5	1.7391827169067E-4	-2.66969963968377E-4
1	0.624999999996172	2.36215086923112E-11	0.124999999989869	0.624999999996172	2.36215086923112E-11	0.124999999989869	-6.51306541892191E-5	-2.01808377143283E-4	5.40518089901719E-5	-6.51306541892191E-5	-2.01808377143283E-4	5.40518089901719E-5
1	0.500000000017698	0.874999999999216	0.124999999990473	0.500000000017698	0.874999999999216	0.124999999990473	2.10348975155896E-4	-5.70034415292769E-4	1.54628495391989E-4	2.10348975155896E-4	-5.70034415292769E-4	1.54628495391989E-4
1	0.749999999988807	0.125000000024158	0.124999999990823	0.749999999988807	0.125000000024158	0.124999999990823	7.63619100267258E-5	-9.97395133500834E-6	5.03903527755866E-4	7.63619100267258E-5	-9.97395133500834E-6	5.03903527755866E-4
1	0.125000000022317	0.249999999996895	0.124999999991059	0.125000000022317	0.249999999996895	0.124999999991059	-3.95097887781032E-4	4.46377789556311E-4	-3.4178278475915E-4	-3.95097887781032E-4	4.46377789556311E-4	-3.4178278475915E-4
1	0.74999999999227	0.624999999995588	0.124999999991692	0.74999999999227	0.624999999995588	0.124999999991692	3.07018867830754E-4	2.88702228655654E-4	6.04966159161561E-4	3.07018867830754E-4	2.88702228655654E-4	6.04966159161561E-4
1	1.32443761107381E-11	0.625000000018932	0.124999999992408	1.32443761107381E-11	0.625000000018932	0.124999999992408	-2.53624456193818E-6	5.66552303793054E-5	1.50980669445071E-4	-2.53624456193818E-6	5.66552303793054E-5	1.50980669445071E-4
1	0.500000000021136	0.62500000001637	0.124999999992507	0.500000000021136	0.62500000001637	0.124999999992507	-1.29224269256638E-4	3.16582436598507E-4	-2.47317770105072E-4	-1.29224269256638E-4	3.16582436598507E-4	-2.47317770105072E-4
1	0.249999999997318	0.1249999999977	0.124999999993506	0.249999999997318	0.1249999999977	0.124999999993506	-2.04671480225853E-4	-1.35975732899079E-4	4.8690276564623E-6	-2.04671480225853E-4	-1.35975732899079E-4	4.8690276564623E-6
1	0.249999999998437	0.624999999995154	0.124999999994284	0.249999999998437	0.624999999995154	0.124999999994284	9.37670463210995E-5	3.98175133864223E-4	9.70887339480422E-5	9.37670463210995E-5	3.98175133864223E-4	9.70887339480422E-5
1	0.375000000021942	0.250000000020063	0.124999999995255	0.375000000021942	0.250000000020063	0.124999999995255	-3.26405427695439E-4	-6.22262025039678E-5	-1.13569023938845E-5	-3.26405427695439E-4	-6.22262025039678E-5	-1.13569023938845E-5
1	0.875000000016592	0.99999999999263	0.124999999996284	0.875000000016592	0.99999999999263	0.124999999996284	1.81393107459215E-4	-2.54501547589553E-5	2.60205494081331E-5	1.81393107459215E-4	-2.54501547589553E-5	2.60205494081331E-5
1	0.625000000015727	0.750000000015923	0.124999999997461	0.625000000015727	0.750000000015923	0.124999999997461	1.32781413751919E-4	2.82494482670365E-5	3.89776210260418E-5	1.32781413751919E-4	2.82494482670365E-5	3.89776210260418E-5
1	0.125000000018156	0.499999999997156	0.124999999997734	0.125000000018156	0.499999999997156	0.124999999997734	-4.3007318127535E-4	-3.92070450426572E-4	6.1330876956826E-6	-4.3007318127535E-4	-3.92070450426572E-4	6.1330876956826E-6
1	0.249999999997079	0.874999999991083	0.124999999998027	0.249999999997079	0.874999999991083	0.124999999998027	1.43969079036322E-4	4.8233001903906E-8	-9.77709243747511E-5	1.43969079036322E-4	4.8233001903906E-8	-9.77709243747511E-5
1	0.875000000024894	0.749999999991849	0.124999999999199	0.875000000024894	0.749999999991849	0.124999999999199	-5.24555520192828E-5	3.18569951952572E-4	3.85219187879226E-4	-5.24555520192828E-5	3.18569951952572E-4	3.85219187879226E-4
1	0.375000000016096	0.9999999999964	0.124999999999347	0.375000000016096	0.9999999999964	0.124999999999347	3.96417233125968E-4	3.60062559274452E-4	-1.62902953317212E-4	3.96417233125968E-4	3.60062559274452E-4	-1.62902953317212E-4
1	0.624999999995915	0.250000000024403	0.125000000012796	0.624999999995915	0.250000000024403	0.125000000012796	4.80589664071662E-4	5.04617943139932E-5	-4.18138164688956E-4	4.80589664071662E-4	5.04617943139932E-5	-4.18138164688956E-4
1	0.500000000018937	0.1250000000193	0.125000000013823	0.500000000018937	0.1250000000193	0.125000000013823	-3.49272304658733E-4	1.8071138483177E-4	-4.76495265047463E-4	-3.49272304658733E-4	1.8071138483177E-4	-4.76495265047463E-4
1	0.124999999989373	0.749999999990247	0.125000000014536	0.124999999989373	0.749999999990247	0.125000000014536	1.93351544558942E-4	-4.00475409640425E-4	6.18389745367374E-4	1.93351544558942E-4	-4.00475409640425E-4	6.18389745367374E-4
1	0.375000000021356	0.749999999994073	0.125000000015855	0.375000000021356	0.749999999994073	0.125000000015855	-2.13999876102438E-4	-2.36396179087046E-4	2.06324893633009E-6	-2.13999876102438E-4	-2.36396179087046E-4	2.06324893633009E-6
1	0.624999999990002	0.50000000001869	0.125000000016862	0.624999999990002	0.50000000001869	0.125000000016862	1.82029918447056E-4	3.23707584216973E-4	-8.53189161480416E-5	1.82029918447056E-4	3.23707584216973E-4	-8.53189161480416E-5
1	0.750000000012559	0.374999999994088	0.125000000017886	0.750000000012559	0.374999999994088	0.125000000017886	-1.28747944388009E-5	1.70166213844506E-4	2.3240782785432E-5	-1.28747944388009E-5	1.70166213844506E-4	2.3240782785432E-5
1	0.50000000001677	0.375000000014582	0.125000000019545	0.50000000001677	0.375000000014582	0.125000000019545	-5.63514748377755E-4	-5.95709319664714E-4	-2.28178841411473E-4	-5.63514748377755E-4	-5.95709319664714E-4	-2.28178841411473E-4
1	0.874999999996988	0.249999999988935	0.125000000019983	0.874999999996988	0.249999999988935	0.125000000019983	-4.71002140508756E-4	-2.78152360690124E-4	2.10628158119867E-4	-4.71002140508756E-4	-2.78152360690124E-4	2.10628158119867E-4
1	0.124999999987768	0.99999999999578	0.125000000020097	0.124999999987768	0.99999999999578	0.125000000020097	1.33717924835983E-4	6.41046247308816E-4	4.55255626936299E-4	1.33717924835983E-4	6.41046247308816E-4	4.55255626936299E-4
1	2.20793566791086E-11	0.125000000017691	0.125000000020305	2.20793566791086E-11	0.125000000017691	0.125000000020305	3.22612850108631E-4	2.27930204713934E-4	3.61597866500175E-4	3.22612850108631E-4	2.27930204713934E-4	3.61597866500175E-4
1	0.99999999999494	0.874999999990692	0.12500000002038	0.99999999999494	0.874999999990692	0.12500000002038	7.35693130175969E-5	-6.20169888585533E-4	1.50759739872976E-5	7.35693130175969E-5	-6.20169888585533E-4	1.50759739872976E-5
1	0.750000000016197	0.874999999993123	0.125000000021428	0.750000000016197	0.874999999993123	0.125000000021428	1.93584381669375E-4	-1.94626169549353E-4	-1.01377933230451E-4	1.93584381669375E-4	-1.94626169549353E-4	-1.01377933230451E-4
1	0.375000000023499	0.499999999996944	0.125000000023388	0.375000000023499	0.499999999996944	0.125000000023388	4.23230015111098E-4	-2.31881609575912E-4	4.08188017134507E-4	4.23230015111098E-4	-2.31881609575912E-4	4.08188017134507E-4
1	0.875000000015701	0.500000000015571	0.125000000023685	0.875000000015701	0.500000000015571	0.125000000023685	7.03592792382971E-4	1.18254232155893E-5	-1.16473567936923E-4	7.03592792382971E-4	1.18254232155893E-5	-1.16473567936923E-4
1	0.249999999993917	0.374999999999743	0.125000000023765	0.249999999993917	0.374999999999743	0.125000000023765	3.957713892785E-4	1.49450461163124E-5	-2.10248871805354E-5	3.957713892785E-4	1.49450461163124E-5	-2.10248871805354E-5
1	0.874999999988082	0.874999999997663	0.249999999987685	0.874999999988082	0.874999999997663	0.249999999987685	6.76997845227426E-5	-1.66307585534395E-4	1.64968646515919E-4	6.76997845227426E-5	-1.66307585534395E-4	1.64968646515919E-4
1	0.500000000013658	0.499999999997869	0.249999999988736	0.500000000013658	0.499999999997869	0.249999999988736	4.50110686134995E-5	-9.20432270961876E-5	-3.24985364304888E-4	4.50110686134995E-5	-9.20432270961876E-5	-3.24985364304888E-4
1	0.625000000015605	0.125000000016159	0.249999999989805	0.625000000015605	0.125000000016159	0.249999999989805	8.86489930618774E-5	-1.74900366942081E-4	3.50402442396251E-4	8.86489930618774E-5	-1.74900366942081E-4	3.50402442396251E-4
1	0.37499999999399	0.875000000016702	0.24999999999154	0.37499999999399	0.875000000016702	0.24999999999154	-3.89911553114022E-4	9.73992479118254E-5	-2.1662911101146E-5	-3.89911553114022E-4	9.73992479118254E-5	-2.1662911101146E-5
1	0.375000000014412	0.625000000012807	0.249999999991942	0.375000000014412	0.625000000012807	0.249999999991942	2.0616010573304E-5	3.15357802752841E-4	-4.49300865347645E-4	2.0616010573304E-5	3.15357802752841E-4	-4.49300865347645E-4
1	0.750000000014693	0.25000000001586	0.249999999992212	0.750000000014693	0.25000000001586	0.249999999992212	-2.06787959684027E-4	1.28617360312425E-4	-4.16774717170315E-4	-2.06787959684027E-4	1.28617360312425E-4	-4.16774717170315E-4
1	0.374999999987524	0.124999999996719	0.249999999992923	0.374999999987524	0.124999999996719	0.249999999992923	1.54529311860195E-5	1.841683149874E-4	1.53323266450847E-4	1.54529311860195E-5	1.841683149874E-4	1.53323266450847E-4
1	0.875000000023905	0.624999999990613	0.249999999995661	0.875000000023905	0.624999999990613	0.249999999995661	-4.7790080755333E-4	-1.85313014317517E-4	-4.1368140964645E-4	-4.7790080755333E-4	-1.85313014317517E-4	-4.1368140964645E-4
1	0.12500000001925	0.875000000020961	0.24999999999584	0.12500000001925	0.875000000020961	0.24999999999584	-1.81982424049751E-4	2.77246171975565E-5	4.14551257250575E-4	-1.81982424049751E-4	2.77246171975565E-5	4.14551257250575E-4
1	0.124999999989866	0.625000000013777	0.249999999996417	0.124999999989866	0.625000000013777	0.249999999996417	-1.32815450953715E-4	1.83076205822919E-4	-2.22821569513867E-4	-1.32815450953715E-4	1.83076205822919E-4	-2.22821569513867E-4
1	1.49463315007454E-11	0.499999999994041	0.249999999997335	1.49463315007454E-11	0.499999999994041	0.249999999997335	-1.49191680380025E-5	-1.25877989231282E-4	-5.92793402620051E-4	-1.49191680380025E-5	-1.25877989231282E-4	-5.92793402620051E-4
1	0.500000000012515	0.24999999999483	0.249999999999399	0.500000000012515	0.24999999999483	0.249999999999399	1.25312956557549E-4	3.82746340831668E-5	-4.29909830908302E-5	1.25312956557549E-4	3.82746340831668E-5	-4.29909830908302E-5
1	0.125000000012797	0.124999999999269	0.250000000012564	0.125000000012797	0.124999999999269	0.250000000012564	-1.64729237657974E-4	1.19420707722924E-4	-1.50398233044213E-4	-1.64729237657974E-4	1.19420707722924E-4	-1.50398233044213E-4
1	0.875000000019348	0.124999999992736	0.250000000013346	0.875000000019348	0.124999999992736	0.250000000013346	8.57941556324356E-6	2.76184868674401E-4	6.83651168824848E-4	8.57941556324356E-6	2.76184868674401E-4	6.83651168824848E-4
1	0.749999999999813	0.750000000021449	0.25000000001337	0.749999999999813	0.750000000021449	0.25000000001337	2.94134015425707E-4	-1.89746359642162E-4	-1.2922522404838E-4	2.94134015425707E-4	-1.89746359642162E-4	-1.2922522404838E-4
1	0.99999999999992	0.250000000022015	0.250000000013998	0.99999999999992	0.250000000022015	0.250000000013998	1.23956731127876E-4	-4.30050379409825E-4	3.69839206271237E-4	1.23956731127876E-4	-4.30050379409825E-4	3.69839206271237E-4
1	0.499999999996546	0.99999999999768	0.250000000014137	0.499999999996546	0.99999999999768	0.250000000014137	3.31480164192683E-4	1.15237556386848E-4	2.38356855621566E-4	3.31480164192683E-4	1.15237556386848E-4	2.38356855621566E-4
1	0.249999999989779	0.250000000021736	0.250000000014877	0.249999999989779	0.250000000021736	0.250000000014877	4.51853878314679E-4	3.12097908231067E-4	1.76398313875652E-4	4.51853878314679E-4	3.12097908231067E-4	1.76398313875652E-4
1	0.624999999988723	0.374999999994182	0.250000000015102	0.624999999988723	0.374999999994182	0.250000000015102	4.24502167458017E-4	-2.14370925194549E-5	3.50324135141206E-6	4.24502167458017E-4	-2.14370925194549E-5	3.50324135141206E-6
1	0.500000000022422	0.750000000015064	0.250000000015284	0.500000000022422	0.750000000015064	0.250000000015284	1.26992882964098E-4	-1.70490796927101E-4	1.0310871525569E-4	1.26992882964098E-4	-1.70490796927101E-4	1.0310871525569E-4
1	0.125000000016676	0.374999999987863	0.250000000015824	0.125000000016676	0.374999999987863	0.250000000015824	7.23190157243252E-5	-2.53260980108011E-4	8.76759963112261E-5	7.23190157243252E-5	-2.53260980108011E-4	8.76759963112261E-5
1	0.374999999997046	0.375000000019876	0.250000000015825	0.374999999997046	0.375000000019876	0.250000000015825	1.01936556891806E-5	1.41053903635922E-4	7.23823755046991E-4	1.01936556891806E-5	1.41053903635922E-4	7.23823755046991E-4
1	0.249999999992741	2.13783894978291E-11	0.250000000015851	0.249999999992741	2.13783894978291E-11	0.250000000015851	2.52204164963865E-5	-7.31243873049203E-5	2.87687400875689E-4	2.52204164963865E-5	-7.31243873049203E-5	2.87687400875689E-4
1	0.249999999998411	0.750000000022504	0.25000000001644	0.249999999998411	0.750000000022504	0.25000000001644	6.53030508699523E-4	-1.36684983528831E-4	-1.09430214777314E-4	6.53030508699523E-4	-1.36684983528831E-4	-1.09430214777314E-4
1	0.749999999999428	0.99999999998774	0.250000000016868	0.749999999999428	0.99999999998774	0.250000000016868	1.73923303456136E-4	-2.33942581346906E-4	-2.96128415218208E-4	1.73923303456136E-4	-2.33942581346906E-4	-2.96128415218208E-4
1	0.99999999999435	0.749999999993936	0.250000000017511	0.99999999999435	0.749999999993936	0.250000000017511	-5.88267973196354E-4	8.48331921274946E-5	1.61021033134127E-4	-5.88267973196354E-4	8.48331921274946E-5	1.61021033134127E-4
1	1.4588250087109E-11	2.3879900087971E-11	0.250000000019807	1.4588250087109E-11	2.3879900087971E-11	0.250000000019807	-4.7150413534119E-5	3.72554387847728E-4	-3.34719109266298E-5	-4.7150413534119E-5	3.72554387847728E-4	-3.34719109266298E-5
1	0.624999999999066	0.874999999993665	0.25000000002156	0.624999999999066	0.874999999993665	0.25000000002156	1.3918929958237E-4	-8.41776657947007E-5	-3.87780249802462E-4	1.3918929958237E-4	-8.41776657947007E-5	-3.87780249802462E-4
1	0.875000000022145	0.374999999997181	0.25000000002179	0.875000000022145	0.374999999997181	0.25000000002179	-6.51999779367994E-4	2.84867978916443E-5	-2.55818394303972E-4	-6.51999779367994E-4	2.84867978916443E-5	-2.55818394303972E-4
1	0.250000000018877	0.49999999999054	0.25000000002232	0.250000000018877	0.49999999999054	0.25000000002232	-1.55097397184445E-4	2.90522828596328E-4	2.17065850961832E-5	-1.55097397184445E-4	2.90522828596328E-4	2.17065850961832E-5
1	0.750000000012851	0.500000000012762	0.250000000023226	0.750000000012851	0.500000000012762	0.250000000023226	-6.60259064973742E-4	-6.1848115308849E-4	6.38070604218448E-5	-6.60259064973742E-4	-6.1848115308849E-4	6.38070604218448E-5
1	0.624999999990646	0.625000000014142	0.250000000023845	0.624999999990646	0.625000000014142	0.250000000023845	-1.94410860609737E-4	-5.10999750171605E-4	-9.0425303587205E-5	-1.94410860609737E-4	-5.10999750171605E-4	-9.0425303587205E-5
1	0.49999999999866	0.624999999988093	0.374999999987564	0.49999999999866	0.624999999988093	0.374999999987564	-2.30649103433945E-4	3.62249079548232E-4	3.26701430510587E-4	-2.30649103433945E-4	3.62249079548232E-4	3.26701430510587E-4
1	0.12499999999693	0.499999999994683	0.3749999999878	0.12499999999693	0.499999999994683	0.3749999999878	1.588431194186E-4	-3.39813171762126E-4	-1.77162640666987E-4	1.588431194186E-4	-3.39813171762126E-4	-1.77162640666987E-4
1	0.749999999999628	0.625000000014549	0.37499999998908	0.749999999999628	0.625000000014549	0.37499999998908	-3.93228766900923E-4	-1.13683827913063E-4	-1.71824254111551E-4	-3.93228766900923E-4	-1.13683827913063E-4	-1.71824254111551E-4
1	0.624999999999313	0.750000000024625	0.374999999989537	0.624999999999313	0.750000000024625	0.374999999989537	-9.05382987499658E-6	-2.51795911734164E-4	-1.27956812699213E-4	-9.05382987499658E-6	-2.51795911734164E-4	-1.27956812699213E-4
1	0.875000000021751	0.249999999993115	0.374999999990968	0.875000000021751	0.249999999993115	0.374999999990968	-3.22441277578109E-5	-3.02593592334023E-5	-4.14756464321243E-4	-3.22441277578109E-5	-3.02593592334023E-5	-4.14756464321243E-4
1	0.749999999989882	0.125000000024521	0.374999999991657	0.749999999989882	0.125000000024521	0.374999999991657	5.54503734276777E-5	-1.95355967021746E-4	6.92157317522519E-5	5.54503734276777E-5	-1.95355967021746E-4	6.92157317522519E-5
1	0.99999999999555	0.374999999990828	0.374999999991745	0.99999999999555	0.374999999990828	0.374999999991745	-2.42179650749316E-4	-1.02913180850509E-4	-2.16360381999061E-4	-2.42179650749316E-4	-1.02913180850509E-4	-2.16360381999061E-4
1	0.375000000016651	0.749999999996147	0.374999999992213	0.375000000016651	0.749999999996147	0.374999999992213	9.97898237582175E-5	-5.23248172570557E-4	1.40140063400666E-4	9.97898237582175E-5	-5.23248172570557E-4	1.40140063400666E-4
1	0.875000000022843	0.750000000024306	0.374999999992755	0.875000000022843	0.750000000024306	0.374999999992755	-9.80004870725895E-5	3.85896024718621E-6	-4.63735376994042E-4	-9.80004870725895E-5	3.85896024718621E-6	-4.63735376994042E-4
1	0.250000000022486	0.374999999994483	0.374999999995063	0.250000000022486	0.374999999994483	0.374999999995063	-3.33081299657976E-5	-6.16159313692812E-5	-5.31139140525107E-4	-3.33081299657976E-5	-6.16159313692812E-5	-5.31139140525107E-4
1	0.499999999996309	0.375000000022005	0.374999999995692	0.499999999996309	0.375000000022005	0.374999999995692	2.1552229623306E-4	-1.93804403352195E-4	1.08849667630854E-4	2.1552229623306E-4	-1.93804403352195E-4	1.08849667630854E-4
1	0.125000000019462	1.91931593960237E-11	0.374999999995741	0.125000000019462	1.91931593960237E-11	0.374999999995741	1.34530779134919E-4	-1.89764110138474E-4	2.92471628790811E-4	1.34530779134919E-4	-1.89764110138474E-4	2.92471628790811E-4
1	0.625000000024595	0.250000000024027	0.374999999995873	0.625000000024595	0.250000000024027	0.374999999995873	2.31102859980696E-4	-4.25295242405378E-4	-5.10327546061189E-4	2.31102859980696E-4	-4.25295242405378E-4	-5.10327546061189E-4
1	0.125000000017681	0.250000000014086	0.374999999996133	0.125000000017681	0.250000000014086	0.374999999996133	2.81854317249504E-4	2.53128022285078E-4	-1.34913754471834E-4	2.81854317249504E-4	2.53128022285078E-4	-1.34913754471834E-4
1	0.125000000017704	0.749999999995021	0.374999999996145	0.125000000017704	0.749999999995021	0.374999999996145	3.00871271275492E-4	1.02015583974453E-5	-4.94045892913129E-6	3.00871271275492E-4	1.02015583974453E-5	-4.94045892913129E-6
1	0.625000000014152	0.9999999999912	0.374999999996606	0.625000000014152	0.9999999999912	0.374999999996606	7.06996822359132E-5	1.91720940355704E-4	5.67293666344153E-5	7.06996822359132E-5	1.91720940355704E-4	5.67293666344153E-5
1	0.374999999990396	0.99999999999072	0.374999999999322	0.374999999990396	0.99999999999072	0.374999999999322	3.89039448574923E-4	-2.47624305739485E-4	3.58521277696764E-4	3.89039448574923E-4	-2.47624305739485E-4	3.58521277696764E-4
1	0.750000000022186	0.875000000019943	0.374999999999701	0.750000000022186	0.875000000019943	0.374999999999701	1.96388447120777E-4	3.01333680846319E-4	-4.50824591209713E-5	1.96388447120777E-4	3.01333680846319E-4	-4.50824591209713E-5
1	0.374999999989935	0.24999999999252	0.375000000012875	0.374999999989935	0.24999999999252	0.375000000012875	1.36524474369643E-4	-2.97744713554612E-5	-6.15138651502579E-4	1.36524474369643E-4	-2.97744713554612E-5	-6.15138651502579E-4
1	1.96420355325439E-11	0.875000000018485	0.375000000014188	1.96420355325439E-11	0.875000000018485	0.375000000014188	2.38577889375656E-4	-2.34422231252565E-4	7.77330877798764E-5	2.38577889375656E-4	-2.34422231252565E-4	7.77330877798764E-5
1	0.24999999998783	0.625000000024816	0.375000000014962	0.24999999998783	0.625000000024816	0.375000000014962	-5.50594286855622E-4	1.37062653375914E-4	3.25333497781847E-4	-5.50594286855622E-4	1.37062653375914E-4	3.25333497781847E-4
1	0.749999999992481	0.374999999999623	0.375000000017209	0.749999999992481	0.374999999999623	0.375000000017209	-1.48630080115866E-4	9.16363725407364E-5	1.5622969157433E-4	-1.48630080115866E-4	9.16363725407364E-5	1.5622969157433E-4
1	0.874999999989734	0.99999999999373	0.375000000017404	0.874999999989734	0.99999999999373	0.375000000017404	7.05474154049271E-6	1.10941893038617E-5	1.96055030692086E-4	7.05474154049271E-6	1.10941893038617E-5	1.96055030692086E-4
1	0.875000000014943	0.499999999988104	0.375000000018629	0.875000000014943	0.499999999988104	0.375000000018629	1.10707984892657E-4	-2.29765531450322E-6	-2.0187475772253E-4	1.10707984892657E-4	-2.29765531450322E-6	-2.0187475772253E-4
1	0.499999999996997	0.125000000020627	0.375000000019437	0.499999999996997	0.125000000020627	0.375000000019437	1.90944555019534E-4	1.61639156237377E-4	7.50682223591046E-4	1.90944555019534E-4	1.61639156237377E-4	7.50682223591046E-4
1	0.250000000018889	0.124999999993594	0.37500000002047	0.250000000018889	0.124999999993594	0.37500000002047	9.80422739805231E-5	-2.85167295136072E-4	8.12215614999842E-4	9.80422739805231E-5	-2.85167295136072E-4	8.12215614999842E-4
1	0.250000000012948	0.875000000014285	0.375000000020533	0.250000000012948	0.875000000014285	0.375000000020533	-3.61734435595676E-4	-3.22085269174212E-4	-4.47146189881029E-4	-3.61734435595676E-4	-3.22085269174212E-4	-4.47146189881029E-4
1	1.83398946579038E-11	0.124999999994	0.375000000020657	1.83398946579038E-11	0.124999999994	0.375000000020657	1.72268175794672E-4	3.21157362367338E-4	7.2047336699347E-6	1.72268175794672E-4	3.21157362367338E-4	7.2047336699347E-6
1	0.99999999999766	0.624999999997668	0.375000000022004	0.99999999999766	0.624999999997668	0.375000000022004	-2.13474924051357E-4	-3.69615399248062E-4	-3.1258272694098E-4	-2.13474924051357E-4	-3.69615399248062E-4	-3.1258272694098E-4
1	0.374999999996444	0.499999999995627	0.375000000022682	0.374999999996444	0.499999999995627	0.375000000022682	9.05661680604857E-5	1.51213782227266E-4	2.41231848842541E-5	9.05661680604857E-5	1.51213782227266E-4	2.41231848842541E-5
1	0.624999999987561	0.500000000024463	0.375000000023932	0.624999999987561	0.500000000024463	0.375000000023932	2.52162368058308E-4	-3.06735737101377E-4	-1.62635840666205E-4	2.52162368058308E-4	-3.06735737101377E-4	-1.62635840666205E-4
1	0.499999999992173	0.87500000001801	0.375000000024407	0.499999999992173	0.87500000001801	0.375000000024407	-3.80169263432257E-5	2.35534551069682E-4	2.41835182438005E-4	-3.80169263432257E-5	2.35534551069682E-4	2.41835182438005E-4
1	1.94154361497201E-11	0.749999999990219	0.499999999988352	1.94154361497201E-11	0.749999999990219	0.499999999988352	-1.16800836365472E-4	5.03767698817914E-6	7.66396693275331E-4	-1.16800836365472E-4	5.03767698817914E-6	7.66396693275331E-4
1	0.625000000017777	0.375000000016557	0.499999999988363	0.625000000017777	0.375000000016557	0.499999999988363	3.01000399893992E-4	-4.3640483332651E-4	1.78569233800071E-4	3.01000399893992E-4	-4.3640483332651E-4	1.78569233800071E-4
1	0.249999999989943	0.250000000016374	0.499999999989189	0.249999999989943	0.250000000016374	0.499999999989189	6.10034225406867E-4	-4.52176842079654E-4	-3.57374984659748E-4	6.10034225406867E-4	-4.52176842079654E-4	-3.57374984659748E-4
1	0.374999999996659	0.124999999995894	0.499999999989246	0.374999999996659	0.124999999995894	0.499999999989246	-6.48754689892081E-5	-3.93020852964891E-4	-7.63673852470518E-4	-6.48754689892081E-5	-3.93020852964891E-4	-7.63673852470518E-4
1	0.12500000002244	0.625000000014496	0.499999999989714	0.12500000002244	0.625000000014496	0.499999999989714	1.05266585412111E-4	4.22359163091748E-4	1.99941705770591E-4	1.05266585412111E-4	4.22359163091748E-4	1.99941705770591E-4
1	0.250000000016281	0.99999999999073	0.499999999990523	0.250000000016281	0.99999999999073	0.499999999990523	5.55719359525178E-5	-7.04223402350934E-5	-2.88990697343926E-4	5.55719359525178E-5	-7.04223402350934E-5	-2.88990697343926E-4
1	0.624999999987562	0.875000000015647	0.499999999992679	0.624999999987562	0.875000000015647	0.499999999992679	-1.6310347214E-5	-7.34036331488084E-4	5.83119063949505E-5	-1.6310347214E-5	-7.34036331488084E-4	5.83119063949505E-5
1	0.874999999988055	0.874999999989857	0.499999999994116	0.874999999988055	0.874999999989857	0.499999999994116	-2.67368716066411E-4	2.53229693533097E-4	-1.58062718417298E-4	-2.67368716066411E-4	2.53229693533097E-4	-1.58062718417298E-4
1	0.9999999999912	1.68394616252529E-11	0.499999999995314	0.9999999999912	1.68394616252529E-11	0.499999999995314	-8.74338481174885E-5	3.94785795559326E-4	-1.70084641007263E-4	-8.74338481174885E-5	3.94785795559326E-4	-1.70084641007263E-4
1	0.499999999990069	0.750000000023281	0.499999999998239	0.499999999990069	0.750000000023281	0.499999999998239	-3.15688598157409E-5	6.18155144211268E-4	1.6283053582309E-5	-3.15688598157409E-5	6.18155144211268E-4	1.6283053582309E-5
1	0.250000000020745	0.75000000001299	0.499999999998603	0.250000000020745	0.75000000001299	0.499999999998603	-5.05691866097604E-4	2.53716717708591E-4	-1.05617313932342E-4	-5.05691866097604E-4	2.53716717708591E-4	-1.05617313932342E-4
1	0.250000000022651	0.499999999988282	0.499999999998689	0.250000000022651	0.499999999988282	0.499999999998689	3.07689457176848E-5	-2.35399687293193E-4	2.65254202144046E-4	3.07689457176848E-5	-2.35399687293193E-4	2.65254202144046E-4
1	0.874999999990677	0.624999999997279	0.499999999999383	0.874999999990677	0.624999999997279	0.499999999999383	1.64555999651231E-4	1.30439148379936E-4	5.49922366618245E-4	1.64555999651231E-4	1.30439148379936E-4	5.49922366618245E-4
1	1.70692462012572E-11	0.250000000019862	0.50000000001304	1.70692462012572E-11	0.250000000019862	0.50000000001304	-4.17645881275951E-4	4.46563297461301E-6	3.1811570515446E-4	-4.17645881275951E-4	4.46563297461301E-6	3.1811570515446E-4
1	0.375000000019968	0.625000000020431	0.500000000013602	0.375000000019968	0.625000000020431	0.500000000013602	-1.83223440536253E-4	-2.57165005711314E-5	3.48810314708875E-4	-1.83223440536253E-4	-2.57165005711314E-5	3.48810314708875E-4
2	0.374999999995483	0.874999999994855	0.500000000014505	0.374999999995483	0.874999999994855	0.500000000014505	1.38109124769138E-4	-3.45687061999459E-4	3.10993695441278E-4	1.38109124769138E-4	-3.45687061999459E-4	3.10993695441278E-4
2	0.125000000012918	0.125000000021288	0.500000000014685	0.125000000012918	0.125000000021288	0.500000000014685	-4.267664539248E-5	-2.40926307864932E-4	-3.92723651900088E-5	-4.267664539248E-5	-2.40926307864932E-4	-3.92723651900088E-5
2	0.500000000021319	0.499999999989282	0.500000000015643	0.500000000021319	0.499999999989282	0.500000000015643	2.74057445200488E-5	2.54297454375948E-5	-2.44282672919845E-4	2.74057445200488E-5	2.54297454375948E-5	-2.44282672919845E-4
2	0.124999999994761	0.375000000019404	0.500000000016054	0.124999999994761	0.375000000019404	0.500000000016054	-1.78049620704345E-4	-1.14957610498005E-4	3.4682095514755E-4	-1.78049620704345E-4	-1.14957610498005E-4	3.4682095514755E-4
2	0.625000000024811	0.124999999998067	0.500000000016403	0.625000000024811	0.124999999998067	0.500000000016403	-4.46169931720186E-4	4.31519129164611E-4	-2.9432292754073E-4	-4.46169931720186E-4	4.31519129164611E-4	-2.9432292754073E-4
2	0.749999999996069	0.249999999992962	0.500000000018419	0.749999999996069	0.249999999992962	0.500000000018419	-1.62878700560657E-4	-3.39295097624732E-4	-1.20658104580293E-5	-1.62878700560657E-4	-3.39295097624732E-4	-1.20658104580293E-5
2	0.749999999999915	2.37934873194649E-11	0.500000000019202	0.749999999999915	2.37934873194649E-11	0.500000000019202	-5.49393432668904E-5	5.60734109185927E-4	1.22564719577977E-4	-5.49393432668904E-5	5.60734109185927E-4	1.22564719577977E-4
2	0.624999999991321	0.625000000024887	0.500000000020578	0.624999999991321	0.625000000024887	0.500000000020578	4.26423006009929E-4	8.1575589480397E-6	-7.17982520808317E-5	4.26423006009929E-4	8.1575589480397E-6	-7.17982520808317E-5
2	0.99999999999955	0.500000000024279	0.500000000021199	0.99999999999955	0.500000000024279	0.500000000021199	-1.97473221467048E-4	4.79288836075376E-4	-5.22420407550184E-4	-1.97473221467048E-4	4.79288836075376E-4	-5.22420407550184E-4
2	0.499999999991578	0.99999999999997	0.500000000021713	0.499999999991578	0.99999999999997	0.500000000021713	3.48110079548943E-4	-3.93047400496392E-4	7.39343003502504E-5	3.48110079548943E-4	-3.93047400496392E-4	7.39343003502504E-5
2	0.500000000022246	0.249999999988023	0.500000000022023	0.500000000022246	0.249999999988023	0.500000000022023	-1.7560831900465E-4	5.17733571027252E-6	-3.74773069564228E-6	-1.7560831900465E-4	5.17733571027252E-6	-3.74773069564228E-6
2	0.874999999990472	0.375000000015348	0.500000000023349	0.874999999990472	0.375000000015348	0.500000000023349	-5.56307852127651E-4	-1.75700724579329E-5	1.13370307473444E-5	-5.56307852127651E-4	-1.75700724579329E-5	1.13370307473444E-5
2	0.875000000021408	0.125000000019867	0.500000000023666	0.875000000021408	0.125000000019867	0.500000000023666	4.36270713759576E-5	2.80594644872072E-4	5.37840067541436E-5	4.36270713759576E-5	2.80594644872072E-4	5.37840067541436E-5
2	0.74999999999547	0.750000000014986	0.500000000023875	0.74999999999547	0.750000000014986	0.500000000023875	-4.57003977229366E-4	1.64556584166143E-4	-4.42972171347333E-4	-4.57003977229366E-4	1.64556584166143E-4	-4.42972171347333E-4
2	0.375000000018706	0.375000000023235	0.500000000024004	0.375000000018706	0.375000000023235	0.500000000024004	-7.01738859834853E-5	2.15712291192332E-4	6.10308415933086E-5	-7.01738859834853E-5	2.15712291192332E-4	6.10308415933086E-5
2	0.125000000024052	0.874999999993819	0.500000000024238	0.125000000024052	0.874999999993819	0.500000000024238	-7.50970473351214E-5	8.13997025384507E-6	1.60757148247101E-4	-7.50970473351214E-5	8.13997025384507E-6	1.60757148247101E-4
2	0.750000000022732	0.499999999999514	0.500000000024467	0.750000000022732	0.499999999999514	0.500000000024467	-2.81427739928E-4	-7.00964583703164E-4	-3.30591506848367E-5	-2.81427739928E-4	-7.00964583703164E-4	-3.30591506848367E-5
2	0.249999999991062	0.124999999988541	0.624999999987884	0.249999999991062	0.124999999988541	0.624999999987884	1.99906406766665E-4	3.16914749793796E-5	-2.94348473724288E-4	1.99906406766665E-4	3.16914749793796E-5	-2.94348473724288E-4
2	0.749999999996186	0.875000000020926	0.624999999988625	0.749999999996186	0.875000000020926	0.624999999988625	1.16265374081732E-4	1.96693962319369E-4	-8.11117858849282E-5	1.16265374081732E-4	1.96693962319369E-4	-8.11117858849282E-5
2	0.624999999990806	0.9999999999903	0.624999999988648	0.624999999990806	0.9999999999903	0.624999999988648	5.08126958974455E-5	-1.13070204362433E-5	2.37926680312816E-4	5.08126958974455E-5	-1.13070204362433E-5	2.37926680312816E-4
2	0.749999999999723	0.375000000018312	0.62499999999045	0.749999999999723	0.375000000018312	0.62499999999045	4.18593055603525E-4	8.35329040732358E-5	-4.00635103009235E-4	4.18593055603525E-4	8.35329040732358E-5	-4.00635103009235E-4
2	0.624999999994022	0.250000000015343	0.624999999993182	0.624999999994022	0.250000000015343	0.624999999993182	-1.62517634758428E-4	-2.57334816073425E-4	1.61847604660121E-4	-1.62517634758428E-4	-2.57334816073425E-4	1.61847604660121E-4
2	0.375000000023842	0.499999999991818	0.624999999993568	0.375000000023842	0.499999999991818	0.624999999993568	2.22198822101436E-5	-1.15165270884475E-4	2.91635610668079E-4	2.22198822101436E-5	-1.15165270884475E-4	2.91635610668079E-4
2	0.749999999990411	0.125000000016924	0.624999999995009	0.749999999990411	0.125000000016924	0.624999999995009	2.21071528335026E-4	-1.45370962834441E-4	3.02809906429407E-4	2.21071528335026E-4	-1.45370962834441E-4	3.02809906429407E-4
2	0.12500000001275	0.249999999988631	0.624999999995816	0.12500000001275	0.249999999988631	0.624999999995816	2.09047662670878E-4	-8.7097547797021E-5	-3.71136223851951E-4	2.09047662670878E-4	-8.7097547797021E-5	-3.71136223851951E-4
2	1.91190572805329E-11	0.124999999994264	0.624999999997845	1.91190572805329E-11	0.124999999994264	0.624999999997845	-9.41936043233495E-5	3.99501163315588E-5	-5.91392792158017E-4	-9.41936043233495E-5	3.99501163315588E-5	-5.91392792158017E-4
2	0.749999999996264	0.624999999990162	0.624999999998099	0.749999999996264	0.624999999990162	0.624999999998099	7.2046276561632E-6	-3.51753759306585E-4	4.23591339575999E-7	7.2046276561632E-6	-3.51753759306585E-4	4.23591339575999E-7
2	0.625000000017267	0.499999999997661	0.624999999998232	0.625000000017267	0.499999999997661	0.624999999998232	-9.02730019802688E-5	2.88179157081684E-4	-1.29059211570114E-5	-9.02730019802688E-5	2.88179157081684E-4	-1.29059211570114E-5
2	0.875000000013233	1.29345047634248E-11	0.62499999999915	0.875000000013233	1.29345047634248E-11	0.62499999999915	2.19726481431145E-4	3.48496907677658E-4	-1.93783495148541E-4	2.19726481431145E-4	3.48496907677658E-4	-1.93783495148541E-4
2	0.374999999993484	0.99999999998758	0.624999999999214	0.374999999993484	0.99999999998758	0.624999999999214	1.51686271848645E-4	3.58255218648099E-4	5.18445531501218E-4	1.51686271848645E-4	3.58255218648099E-4	5.18445531501218E-4
2	0.12499999999429	0.749999999992904	0.624999999999719	0.12499999999429	0.749999999992904	0.624999999999719	-1.02037523007797E-4	1.94438148839264E-4	1.38621536616281E-4	-1.02037523007797E-4	1.94438148839264E-4	1.38621536616281E-4
2	0.874999999987716	0.249999999992694	0.625000000012562	0.874999999987716	0.249999999992694	0.625000000012562	-1.2998536074711E-4	-3.77449792219914E-5	-2.72722397150968E-4	-1.2998536074711E-4	-3.77449792219914E-5	-2.72722397150968E-4
2	0.500000000015383	0.125000000023689	0.625000000012595	0.500000000015383	0.125000000023689	0.625000000012595	-9.60214677531329E-5	1.44836891059541E-4	-3.32547917669755E-4	-9.60214677531329E-5	1.44836891059541E-4	-3.32547917669755E-4
2	0.374999999998038	0.250000000017262	0.625000000013718	0.374999999998038	0.250000000017262	0.625000000013718	3.7431665573744E-4	1.57749608086673E-4	-8.28763691476358E-4	3.7431665573744E-4	1.57749608086673E-4	-8.28763691476358E-4
2	0.99999999998911	0.375000000017907	0.62500000001382	0.99999999998911	0.375000000017907	0.62500000001382	2.59891650294805E-4	-4.55971599941698E-4	3.02284976629082E-4	2.59891650294805E-4	-4.55971599941698E-4	3.02284976629082E-4
2	0.125000000016865	2.36374399318277E-11	0.625000000014795	0.125000000016865	2.36374399318277E-11	0.625000000014795	4.67268616892067E-4	-4.52867849531601E-4	-3.84768406920631E-4	4.67268616892067E-4	-4.52867849531601E-4	-3.84768406920631E-4
2	0.249999999995916	0.62499999999303	0.625000000015803	0.249999999995916	0.62499999999303	0.625000000015803	1.96069724589164E-5	2.91093161924132E-4	5.04816726714013E-5	1.96069724589164E-5	2.91093161924132E-4	5.04816726714013E-5
2	0.499999999997787	0.875000000021413	0.62500000001588	0.499999999997787	0.875000000021413	0.62500000001588	-5.01088486344141E-4	-1.34020879841955E-4	4.53305390075746E-4	-5.01088486344141E-4	-1.34020879841955E-4	4.53305390075746E-4
2	0.500000000016192	0.375000000015761	0.625000000016097	0.500000000016192	0.375000000015761	0.625000000016097	5.08932543782923E-5	2.02083390048258E-5	-3.12913080950086E-4	5.08932543782923E-5	2.02083390048258E-5	-3.12913080950086E-4
2	0.37499999999474	0.750000000019961	0.625000000016192	0.37499999999474	0.750000000019961	0.625000000016192	-3.74240130973766E-4	-2.7569500699824E-4	3.08003075275796E-5	-3.74240130973766E-4	-2.7569500699824E-4	3.08003075275796E-5
2	0.250000000022351	0.374999999999316	0.625000000016203	0.250000000022351	0.374999999999316	0.625000000016203	-8.20640086162342E-5	-2.34156614515161E-4	-5.05399309889697E-6	-8.20640086162342E-5	-2.34156614515161E-4	-5.05399309889697E-6
2	1.69564200873932E-11	0.875000000018401	0.625000000016524	1.69564200873932E-11	0.875000000018401	0.625000000016524	4.92657788887517E-5	2.74340548291958E-5	-5.21151716083868E-4	4.92657788887517E-5	2.74340548291958E-5	-5.21151716083868E-4
2	0.875000000021109	0.500000000018541	0.625000000017529	0.875000000021109	0.500000000018541	0.625000000017529	5.99857662100572E-6	2.3791602118181E-4	2.11215438257423E-4	5.99857662100572E-6	2.3791602118181E-4	2.11215438257423E-4
2	0.125000000021082	0.500000000015879	0.625000000018245	0.125000000021082	0.500000000015879	0.625000000018245	2.04071226179034E-4	-6.11537439099136E-4	-1.49651212818658E-4	2.04071226179034E-4	-6.11537439099136E-4	-1.49651212818658E-4
2	0.624999999997836	0.750000000012509	0.62500000001902	0.624999999997836	0.750000000012509	0.62500000001902	-8.36159952971546E-5	1.76158392358005E-4	4.47881604927932E-5	-8.36159952971546E-5	1.76158392358005E-4	4.47881604927932E-5
2	0.500000000016541	0.62499999999289	0.625000000021304	0.500000000016541	0.62499999999289	0.625000000021304	5.95992711678421E-4	3.0108792437171E-4	-4.53208269250614E-6	5.95992711678421E-4	3.0108792437171E-4	-4.53208269250614E-6
2	0.875000000023241	0.750000000018478	0.625000000021833	0.875000000023241	0.750000000018478	0.625000000021833	-8.96789983652573E-5	4.23957227602366E-4	7.74395113432305E-5	-8.96789983652573E-5	4.23957227602366E-4	7.74395113432305E-5
2	0.250000000016589	0.875000000021578	0.625000000022594	0.250000000016589	0.875000000021578	0.625000000022594	-2.75106239276751E-6	-1.25046076393269E-5	-1.28249174030142E-4	-2.75106239276751E-6	-1.25046076393269E-5	-1.28249174030142E-4
2	1.68692631688375E-11	0.624999999992777	0.62500000002287	1.68692631688375E-11	0.624999999992777	0.62500000002287	6.1446958171101E-5	-1.5884183814356E-4	2.06882799783789E-4	6.1446958171101E-5	-1.5884183814356E-4	2.06882799783789E-4
2	0.625000000019186	0.374999999999032	0.749999999991794	0.625000000019186	0.374999999999032	0.749999999991794	2.91488091629062E-4	3.4813647299129E-5	4.67757668443243E-4	2.91488091629062E-4	3.4813647299129E-5	4.67757668443243E-4
2	0.875000000015715	0.875000000014162	0.749999999992756	0.875000000015715	0.875000000014162	0.749999999992756	-4.1015416186954E-4	-3.83082594514059E-4	-1.04334124806597E-4	-4.1015416186954E-4	-3.83082594514059E-4	-1.04334124806597E-4
2	0.500000000015396	0.249999999991144	0.749999999993936	0.500000000015396	0.249999999991144	0.749999999993936	-4.91327288579923E-4	4.67025868949356E-4	9.7819068819775E-5	-4.91327288579923E-4	4.67025868949356E-4	9.7819068819775E-5
2	0.499999999999373	0.500000000017824	0.74999999999437	0.499999999999373	0.500000000017824	0.74999999999437	3.36908001300102E-6	2.18867319696235E-4	-1.46571905293429E-4	3.36908001300102E-6	2.18867319696235E-4	-1.46571905293429E-4
2	0.374999999989029	0.12500000002163	0.749999999994625	0.374999999989029	0.12500000002163	0.749999999994625	-3.26877760414297E-4	-3.62524100798121E-4	3.83716226295615E-4	-3.26877760414297E-4	-3.62524100798121E-4	3.83716226295615E-4
2	1.32980722027533E-11	0.249999999997217	0.749999999995357	1.32980722027533E-11	0.249999999997217	0.749999999995357	2.98685699434605E-5	-8.08797046852625E-5	-1.60685739253191E-4	2.98685699434605E-5	-8.08797046852625E-5	-1.60685739253191E-4
2	0.62500000001686	0.875000000021662	0.749999999997165	0.62500000001686	0.875000000021662	0.749999999997165	-1.87960486902706E-5	1.38809168312704E-4	1.50669954959085E-4	-1.87960486902706E-5	1.38809168312704E-4	1.50669954959085E-4
2	0.125000000016424	0.624999999991837	0.74999999999735	0.125000000016424	0.624999999991837	0.74999999999735	-2.7451615695024E-4	-4.87344906887677E-5	5.26794586270608E-5	-2.7451615695024E-4	-4.87344906887677E-5	5.26794586270608E-5
2	0.124999999995571	0.874999999991768	0.749999999997445	0.124999999995571	0.874999999991768	0.749999999997445	-3.63806560935467E-4	-6.64396463696833E-4	5.62474231750118E-5	-3.63806560935467E-4	-6.64396463696833E-4	5.62474231750118E-5
2	1.62790295010048E-11	0.499999999998321	0.750000000012821	1.62790295010048E-11	0.499999999998321	0.750000000012821	-7.83665665769532E-6	-4.05576049911483E-4	-1.83475156556732E-5	-7.83665665769532E-6	-4.05576049911483E-4	-1.83475156556732E-5
2	0.375000000013572	0.624999999989393	0.750000000013017	0.375000000013572	0.624999999989393	0.750000000013017	3.57814731019956E-4	-5.7115750877728E-4	1.73251394017235E-4	3.57814731019956E-4	-5.7115750877728E-4	1.73251394017235E-4
2	0.750000000019427	0.500000000021621	0.750000000013506	0.750000000019427	0.500000000021621	0.750000000013506	-6.73477594874816E-6	4.27571597405256E-4	8.61933225385699E-6	-6.73477594874816E-6	4.27571597405256E-4	8.61933225385699E-6
2	0.749999999991015	0.750000000016023	0.750000000014869	0.749999999991015	0.750000000016023	0.750000000014869	2.5981822309312E-4	1.06932754471007E-4	-2.59009460978968E-4	2.5981822309312E-4	1.06932754471007E-4	-2.59009460978968E-4
2	0.249999999994101	0.50000000002181	0.750000000015101	0.249999999994101	0.50000000002181	0.750000000015101	-2.34843481113046E-4	-3.27004817748318E-4	3.20258754605749E-4	-2.34843481113046E-4	-3.27004817748318E-4	3.20258754605749E-4
2	0.99999999999156	0.750000000022195	0.750000000015722	0.99999999999156	0.750000000022195	0.750000000015722	2.63834637547585E-4	-8.11354952771069E-6	8.65705770762649E-5	2.63834637547585E-4	-8.11354952771069E-6	8.65705770762649E-5
2	0.500000000016313	0.75000000001799	0.750000000015772	0.500000000016313	0.75000000001799	0.750000000015772	-3.65881873623601E-4	5.85556865302038E-5	1.03228461709138E-4	-3.65881873623601E-4	5.85556865302038E-5	1.03228461709138E-4
2	0.125000000017129	0.125000000022717	0.750000000016027	0.125000000017129	0.125000000022717	0.750000000016027	-3.43543857157905E-5	1.71257682067779E-4	-1.57386676315825E-5	-3.43543857157905E-5	1.71257682067779E-4	-1.57386676315825E-5
2	0.125000000018116	0.374999999998808	0.750000000016852	0.125000000018116	0.374999999998808	0.750000000016852	-1.57213089180725E-5	4.22407527814884E-4	-8.15543827096518E-6	-1.57213089180725E-5	4.22407527814884E-4	-8.15543827096518E-6
2	0.749999999992819	2.13938481958942E-11	0.750000000016986	0.749999999992819	2.13938481958942E-11	0.750000000016986	2.78232826147283E-4	-8.04690112268714E-5	-3.99608673673034E-5	2.78232826147283E-4	-8.04690112268714E-5	-3.99608673673034E-5
2	0.875000000017592	0.374999999987523	0.750000000017756	0.875000000017592	0.374999999987523	0.750000000017756	-4.8511949867378E-4	9.50317303705459E-5	-1.81497413373831E-4	-4.8511949867378E-4	9.50317303705459E-5	-1.81497413373831E-4
2	0.499999999990856	0.99999999999382	0.750000000018321	0.499999999990856	0.99999999999382	0.750000000018321	-4.98705929596234E-4	-2.88757459929965E-4	-2.05719831359858E-5	-4.98705929596234E-4	-2.88757459929965E-4	-2.05719831359858E-5
2	0.625000000021447	0.125000000022876	0.750000000018435	0.625000000021447	0.125000000022876	0.750000000018435	-1.98449423677898E-4	1.65035683242683E-4	-1.20433259793054E-5	-1.98449423677898E-4	1.65035683242683E-4	-1.20433259793054E-5
2	0.625000000024798	0.625000000018434	0.750000000020617	0.625000000024798	0.625000000018434	0.750000000020617	2.71357204426742E-5	6.06945505466743E-4	1.0240059506626E-4	2.71357204426742E-5	6.06945505466743E-4	1.0240059506626E-4
2	0.874999999995479	0.124999999988771	0.750000000020706	0.874999999995479	0.124999999988771	0.750000000020706	-6.81495831649159E-5	3.53942114066903E-4	1.9503622520295E-4	-6.81495831649159E-5	3.53942114066903E-4	1.9503622520295E-4
2	0.87499999999529	0.624999999999844	0.750000000020978	0.87499999999529	0.624999999999844	0.750000000020978	2.86798642244023E-4	-7.80241261511916E-5	-2.55339773871997E-4	2.86798642244023E-4	-7.80241261511916E-5	-2.55339773871997E-4
2	0.375000000018336	0.874999999997	0.750000000021118	0.375000000018336	0.874999999997	0.750000000021118	2.60395673734387E-4	-1.31709783167428E-4	-4.37358832070828E-4	2.60395673734387E-4	-1.31709783167428E-4	-4.37358832070828E-4
2	2.34639975798501E-11	2.26795117150799E-11	0.750000000022517	2.34639975798501E-11	2.26795117150799E-11	0.750000000022517	6.1804279312117E-5	2.63973916307946E-6	-1.95109755722319E-4	6.1804279312117E-5	2.63973916307946E-6	-1.95109755722319E-4
2	0.249999999988561	0.249999999989557	0.750000000023334	0.249999999988561	0.249999999989557	0.750000000023334	-2.04741281120431E-4	-1.32662095510086E-4	-6.21074829547494E-4	-2.04741281120431E-4	-1.32662095510086E-4	-6.21074829547494E-4
2	0.750000000023146	0.249999999992938	0.750000000023505	0.750000000023146	0.249999999992938	0.750000000023505	4.11816963873183E-4	3.17674340153742E-4	-2.89473858715868E-4	4.11816963873183E-4	3.17674340153742E-4	-2.89473858715868E-4
2	0.250000000013235	0.750000000019169	0.750000000023741	0.250000000013235	0.750000000019169	0.750000000023741	-6.19793948511158E-4	9.44771682135931E-6	-3.99362822565853E-5	-6.19793948511158E-4	9.44771682135931E-6	-3.99362822565853E-5
2	0.250000000024853	1.63869325387707E-11	0.750000000024058	0.250000000024853	1.63869325387707E-11	0.750000000024058	6.27588334724745E-6	3.70222994345984E-5	9.73310240356185E-5	6.27588334724745E-6	3.70222994345984E-5	9.73310240356185E-5
2	0.375000000021767	0.374999999993762	0.750000000024238	0.375000000021767	0.374999999993762	0.750000000024238	4.52233450033949E-4	-7.78483163942691E-4	1.53690980372225E-4	4.52233450033949E-4	-7.78483163942691E-4	1.53690980372225E-4
2	2.41854541496204E-11	0.875000000019184	0.874999999987834	2.41854541496204E-11	0.875000000019184	0.874999999987834	4.28043977761576E-4	3.52553460665001E-4	-2.8370396753884E-4	4.28043977761576E-4	3.52553460665001E-4	-2.8370396753884E-4
2	0.625000000015879	0.749999999996843	0.874999999988894	0.625000000015879	0.749999999996843	0.874999999988894	6.20171477535986E-4	-3.25479687489493E-5	3.64069843126875E-4	6.20171477535986E-4	-3.25479687489493E-5	3.64069843126875E-4
2	0.625000000017128	0.249999999998932	0.874999999989408	0.625000000017128	0.249999999998932	0.874999999989408	-5.59112684051356E-4	-9.29133885359065E-5	4.16652963961688E-5	-5.59112684051356E-4	-9.29133885359065E-5	4.16652963961688E-5
2	0.12499999999798	0.249999999996619	0.874999999989763	0.12499999999798	0.249999999996619	0.874999999989763	-1.83738503062842E-4	3.96625028311786E-4	2.59541053859086E-4	-1.83738503062842E-4	3.96625028311786E-4	2.59541053859086E-4
2	0.625000000019997	1.31065688510697E-11	0.874999999990685	0.625000000019997	1.31065688510697E-11	0.874999999990685	-3.07711486366362E-4	-6.0338762724393E-5	3.44927497586417E-4	-3.07711486366362E-4	-6.0338762724393E-5	3.44927497586417E-4
2	0.374999999991873	0.99999999999883	0.874999999991113	0.374999999991873	0.99999999999883	0.874999999991113	5.78712947954437E-4	2.15116933189533E-4	-4.07110727146037E-4	5.78712947954437E-4	2.15116933189533E-4	-4.07110727146037E-4
2	0.875000000017118	0.750000000021466	0.874999999991436	0.875000000017118	0.750000000021466	0.874999999991436	4.6330820054623E-4	1.1859753254339E-4	-5.22379931046276E-5	4.6330820054623E-4	1.1859753254339E-4	-5.22379931046276E-5
2	0.875000000022329	1.57458863283509E-11	0.874999999995094	0.875000000022329	1.57458863283509E-11	0.874999999995094	1.55052226504928E-4	-2.46688153032872E-4	4.85615280337628E-5	1.55052226504928E-4	-2.46688153032872E-4	4.85615280337628E-5
2	0.249999999996697	0.874999999998398	0.874999999995532	0.249999999996697	0.874999999998398	0.874999999995532	-6.98255929568304E-4	-3.09848403713796E-4	7.18050314446933E-5	-6.98255929568304E-4	-3.09848403713796E-4	7.18050314446933E-5
2	0.874999999990932	0.249999999997519	0.87499999999631	0.874999999990932	0.249999999997519	0.87499999999631	8.53930701281127E-5	-3.17778607172785E-5	-1.0992281279366E-5	8.53930701281127E-5	-3.17778607172785E-5	-1.0992281279366E-5
2	0.99999999999439	0.624999999992527	0.874999999996874	0.99999999999439	0.624999999992527	0.874999999996874	2.95216348438526E-4	7.2233416585377E-4	1.72052076135755E-4	2.95216348438526E-4	7.2233416585377E-4	1.72052076135755E-4
2	0.499999999995022	0.374999999993251	0.874999999997158	0.499999999995022	0.374999999993251	0.874999999997158	2.95505696702867E-5	-3.28825334884906E-5	-4.45576465958442E-6	2.95505696702867E-5	-3.28825334884906E-5	-4.45576465958442E-6
2	0.124999999995523	0.499999999991015	0.874999999997611	0.124999999995523	0.499999999991015	0.874999999997611	8.44069356404348E-5	2.79591862759155E-4	-2.7288577923695E-4	8.44069356404348E-5	2.79591862759155E-4	-2.7288577923695E-4
2	0.499999999998936	0.625000000020537	0.874999999998156	0.499999999998936	0.625000000020537	0.874999999998156	-7.98139463887491E-5	3.60523639663271E-5	-3.27026522388408E-4	-7.98139463887491E-5	3.60523639663271E-5	-3.27026522388408E-4
2	0.375000000022705	0.750000000014249	0.874999999999341	0.375000000022705	0.750000000014249	0.874999999999341	1.83462520146379E-4	-1.6574709330889E-5	-4.52974836394569E-6	1.83462520146379E-4	-1.6574709330889E-5	-4.52974836394569E-6
2	0.250000000018007	0.124999999994416	0.875000000013528	0.250000000018007	0.124999999994416	0.875000000013528	2.27268714525727E-4	-5.99225051873171E-4	-8.40289131761125E-5	2.27268714525727E-4	-5.99225051873171E-4	-8.40289131761125E-5
2	0.750000000016571	0.625000000015096	0.875000000014098	0.750000000016571	0.625000000015096	0.875000000014098	1.6065068183851E-4	2.22068756346395E-4	-2.66331666630212E-4	1.6065068183851E-4	2.22068756346395E-4	-2.66331666630212E-4
2	0.250000000012613	0.374999999994566	0.875000000014149	0.250000000012613	0.374999999994566	0.875000000014149	6.61824412147122E-5	3.23637164022422E-5	-4.07960729780387E-4	6.61824412147122E-5	3.23637164022422E-5	-4.07960729780387E-4
2	0.500000000015885	0.124999999989267	0.8750000000151	0.500000000015885	0.124999999989267	0.8750000000151	1.77464098402663E-5	-1.07818324065999E-4	1.03420085745073E-5	1.77464098402663E-5	-1.07818324065999E-4	1.03420085745073E-5
2	0.750000000013793	0.875000000017997	0.875000000015268	0.750000000013793	0.875000000017997	0.875000000015268	1.71667625979077E-4	-1.34985972333194E-4	-1.5446919535712E-4	1.71667625979077E-4	-1.34985972333194E-4	-1.5446919535712E-4
2	0.875000000013682	0.50000000001425	0.875000000015757	0.875000000013682	0.50000000001425	0.875000000015757	-3.01570978777714E-4	3.57896582168068E-4	1.18231021414027E-4	-3.01570978777714E-4	3.57896582168068E-4	1.18231021414027E-4
2	0.124999999990205	0.749999999990017	0.875000000017602	0.124999999990205	0.749999999990017	0.875000000017602	-3.06951544936659E-4	3.12193569114401E-4	1.21948411417827E-4	-3.06951544936659E-4	3.12193569114401E-4	1.21948411417827E-4
2	0.124999999993736	2.49619372290394E-11	0.875000000019611	0.124999999993736	2.49619372290394E-11	0.875000000019611	-6.19361669175773E-5	-4.56708213646782E-6	2.5107853102598E-4	-6.19361669175773E-5	-4.56708213646782E-6	2.5107853102598E-4
2	0.749999999999957	0.375000000014766	0.875000000020333	0.749999999999957	0.375000000014766	0.875000000020333	1.0975217571213E-4	-3.22573375770708E-4	3.9115430517256E-4	1.0975217571213E-4	-3.22573375770708E-4	3.9115430517256E-4
2	0.99999999999534	0.374999999988276	0.875000000020504	0.99999999999534	0.374999999988276	0.875000000020504	6.46720682005809E-4	4.1722995178531E-5	4.74720391607484E-4	6.46720682005809E-4	4.1722995178531E-5	4.74720391607484E-4
2	0.374999999997877	0.250000000015326	0.875000000021094	0.374999999997877	0.250000000015326	0.875000000021094	-8.58605099250467E-5	2.92128351875406E-4	-4.99818925209658E-4	-8.58605099250467E-5	2.92128351875406E-4	-4.99818925209658E-4
2	0.249999999998051	0.624999999995004	0.875000000021897	0.249999999998051	0.624999999995004	0.875000000021897	-5.24211944061927E-4	-3.97988778663964E-4	-4.9795579970876E-4	-5.24211944061927E-4	-3.97988778663964E-4	-4.9795579970876E-4
2	0.499999999994126	0.875000000013376	0.875000000022133	0.499999999994126	0.875000000013376	0.875000000022133	-3.2568125051513E-5	-2.64798258726752E-6	4.13171646912963E-4	-3.2568125051513E-5	-2.64798258726752E-6	4.13171646912963E-4
2	1.25035727456229E-11	0.125000000017178	0.875000000022225	1.25035727456229E-11	0.125000000017178	0.875000000022225	-4.22750380568428E-4	4.49785122783514E-4	-2.00256594579856E-4	-4.22750380568428E-4	4.49785122783514E-4	-2.00256594579856E-4
2	0.625000000018348	0.499999999999923	0.875000000022287	0.625000000018348	0.499999999999923	0.875000000022287	-3.29759567325641E-4	2.46820943619527E-4	1.10918469508395E-5	-3.29759567325641E-4	2.46820943619527E-4	1.10918469508395E-5
2	0.749999999993671	0.12499999999629	0.875000000023424	0.749999999993671	0.12499999999629	0.875000000023424	-2.19201587839754E-4	-3.09336934472409E-4	-2.74817622845451E-4	-2.19201587839754E-4	-3.09336934472409E-4	-2.74817622845451E-4
2	0.374999999987937	0.499999999991796	0.875000000024097	0.374999999987937	0.499999999991796	0.875000000024097	-2.06946305480346E-5	-2.63754430758183E-4	1.26865864874611E-4	-2.06946305480346E-5	-2.63754430758183E-4	1.26865864874611E-4
2	0.7499999999947	0.750000000023755	0.99999999998772	0.7499999999947	0.750000000023755	0.99999999998772	-2.92324862350453E-4	4.95102250698149E-5	-9.25282158651813E-5	-2.92324862350453E-4	4.95102250698149E-5	-9.25282158651813E-5
2	0.374999999993453	0.375000000022639	0.99999999998864	0.374999999993453	0.375000000022639	0.99999999998864	6.5721078928769E-4	-2.36434939846388E-4	2.36274323276871E-4	6.5721078928769E-4	-2.36434939846388E-4	2.36274323276871E-4
2	0.99999999999884	0.25000000001735	0.99999999998896	0.99999999999884	0.25000000001735	0.99999999998896	1.24686014798688E-5	1.32483393837126E-4	5.74537791791858E-5	1.24686014798688E-5	1.32483393837126E-4	5.74537791791858E-5
2	0.624999999988795	0.374999999987737	0.99999999998929	0.624999999988795	0.374999999987737	0.99999999998929	2.48200874267616E-4	7.55006965458502E-4	-5.38531867095929E-5	2.48200874267616E-4	7.55006965458502E-4	-5.38531867095929E-5
2	0.125000000020817	0.374999999999246	0.99999999998998	0.125000000020817	0.374999999999246	0.99999999998998	-5.97838702213067E-5	4.53144669655838E-4	-2.77233305432365E-5	-5.97838702213067E-5	4.53144669655838E-4	-2.77233305432365E-5
2	0.749999999997198	0.500000000021914	0.99999999999008	0.749999999997198	0.500000000021914	0.99999999999008	1.20610789953077E-4	-8.88972054092287E-5	4.02319595849072E-4	1.20610789953077E-4	-8.88972054092287E-5	4.02319595849072E-4
2	0.874999999994504	0.875000000012994	0.99999999999032	0.874999999994504	0.875000000012994	0.99999999999032	-2.55599812395979E-4	-5.75425533442079E-5	8.94649884283986E-5	-2.55599812395979E-4	-5.75425533442079E-5	8.94649884283986E-5
2	1.75662588296141E-11	0.749999999997164	0.99999999999209	1.75662588296141E-11	0.749999999997164	0.99999999999209	1.10846248408674E-4	-2.24739133480645E-4	9.63848818525746E-5	1.10846248408674E-4	-2.24739133480645E-4	9.63848818525746E-5
2	0.125000000020496	0.124999999995064	0.99999999999223	0.125000000020496	0.124999999995064	0.99999999999223	1.1390914757049E-4	2.59566486406036E-4	1.03162997819138E-4	1.1390914757049E-4	2.59566486406036E-4	1.03162997819138E-4
2	0.375000000024256	0.624999999990726	0.99999999999253	0.375000000024256	0.624999999990726	0.99999999999253	1.62372271553911E-4	1.67593693297975E-5	-2.02423217362454E-4	1.62372271553911E-4	1.67593693297975E-5	-2.02423217362454E-4
2	0.249999999992316	2.01591218768271E-11	0.99999999999392	0.249999999992316	2.01591218768271E-11	0.99999999999392	-5.15515450992275E-5	-1.82986834976557E-5	6.4142922370214E-4	-5.15515450992275E-5	-1.82986834976557E-5	6.4142922370214E-4
2	0.624999999988944	0.624999999998214	0.99999999999599	0.624999999988944	0.624999999998214	0.99999999999599	-6.53228680771123E-5	-1.71254579766511E-5	-3.98038482917936E-4	-6.53228680771123E-5	-1.71254579766511E-5	-3.98038482917936E-4
2	0.374999999999801	0.125000000017041	0.99999999999869	0.374999999999801	0.125000000017041	0.99999999999869	-1.93634393763853E-4	-7.12386038828643E-5	-1.55821120365491E-4	-1.93634393763853E-4	-7.12386038828643E-5	-1.55821120365491E-4
2	0.874999999994185	0.125000000017836	0.99999999999961	0.874999999994185	0.125000000017836	0.99999999999961	-6.78107521044275E-5	9.10137531272907E-5	2.46093781755406E-4	-6.78107521044275E-5	9.10137531272907E-5	2.46093781755406E-4
2	2.27615734374773E-11	0.500000000023577	0.99999999999966	2.27615734374773E-11	0.500000000023577	0.99999999999966	-1.47529216550311E-4	1.91258813207754E-4	4.84580290421537E-4	-1.47529216550311E-4	1.91258813207754E-4	4.84580290421537E-4
