       1.0000000000000000   1.0000000000000000E+30   0.0000000000000000E+00
       2.0000000000000000   1.0000000000000000E+30  -7.7707984774627752E+00
       3.0000000000000000   1.0000000000000000E+30  -1.1114536453042506E+01
       4.0000000000000000   1.0000000000000000E+30  -1.1588545744547821E+01
       5.0000000000000000   1.0000000000000000E+30  -1.1127365751562523E+01
       6.0000000000000000   1.0000000000000000E+30  -1.0396105043990996E+01
       7.0000000000000000   1.0000000000000000E+30  -9.6255736530656719E+00
       8.0000000000000000   1.0000000000000000E+30  -8.8957712537622466E+00
       9.0000000000000000   1.0000000000000000E+30  -8.2312185273420493E+00
      10.0000000000000000   1.0000000000000000E+30  -7.6354249243981673E+00
      11.0000000000000000   1.0000000000000000E+30  -7.1041445483717940E+00
      12.0000000000000000   1.0000000000000000E+30  -6.6306711655492503E+00
      13.0000000000000000   1.0000000000000000E+30  -6.2079661124870693E+00
      14.0000000000000000   1.0000000000000000E+30  -5.8294749958050307E+00
      15.0000000000000000   1.0000000000000000E+30  -5.4893912615192084E+00
      16.0000000000000000   1.0000000000000000E+30  -5.1826886914590089E+00
      17.0000000000000000   1.0000000000000000E+30  -4.9050629956754443E+00
      18.0000000000000000   1.0000000000000000E+30  -4.6528438732384814E+00
      19.0000000000000000   1.0000000000000000E+30  -4.4229038663244484E+00
      20.0000000000000000   1.0000000000000000E+30  -4.2125745299998636E+00
      21.0000000000000000   1.0000000000000000E+30  -4.0195733350682312E+00
      22.0000000000000000   1.0000000000000000E+30  -3.8419416163721234E+00
      23.0000000000000000   1.0000000000000000E+30  -3.6779926251047361E+00
      24.0000000000000000   1.0000000000000000E+30  -3.5262683386003495E+00
      25.0000000000000000   1.0000000000000000E+30  -3.3855036519345343E+00
      26.0000000000000000   1.0000000000000000E+30  -3.2545966992938333E+00
      27.0000000000000000   1.0000000000000000E+30  -3.1325842256148104E+00
      28.0000000000000000   1.0000000000000000E+30  -3.0186211039848865E+00
      29.0000000000000000   1.0000000000000000E+30  -2.9119632527997710E+00
      30.0000000000000000   1.0000000000000000E+30  -2.8119533426928585E+00
      31.0000000000000000   1.0000000000000000E+30  -2.7180087966357407E+00
      32.0000000000000000   1.0000000000000000E+30  -2.6296116795822408E+00
      33.0000000000000000   1.0000000000000000E+30  -2.5463001495615476E+00
      34.0000000000000000   1.0000000000000000E+30  -2.4676612031861098E+00
      35.0000000000000000   1.0000000000000000E+30  -2.3933244977934649E+00
      36.0000000000000000   1.0000000000000000E+30  -2.3229570721551185E+00
      37.0000000000000000   1.0000000000000000E+30  -2.2562588197352151E+00
      38.0000000000000000   1.0000000000000000E+30  -2.1929585943892582E+00
      39.0000000000000000   1.0000000000000000E+30  -2.1328108493828384E+00
      40.0000000000000000   1.0000000000000000E+30  -2.0755927276604442E+00
      41.0000000000000000   1.0000000000000000E+30  -2.0211015351842643E+00
      42.0000000000000000   1.0000000000000000E+30  -1.9691525405132495E+00
      43.0000000000000000   1.0000000000000000E+30  -1.9195770530964678E+00
      44.0000000000000000   1.0000000000000000E+30  -1.8722207404064475E+00
      45.0000000000000000   1.0000000000000000E+30  -1.8269421503502525E+00
      46.0000000000000000   1.0000000000000000E+30  -1.7836114106210346E+00
      47.0000000000000000   1.0000000000000000E+30  -1.7421090809906266E+00
      48.0000000000000000   1.0000000000000000E+30  -1.7023251381572084E+00
      49.0000000000000000   1.0000000000000000E+30  -1.6641580757809233E+00
      50.0000000000000000   1.0000000000000000E+30  -1.6275141048704509E+00
      51.0000000000000000   1.0000000000000000E+30  -1.5923064418099562E+00
      52.0000000000000000   1.0000000000000000E+30  -1.5584546731086371E+00
      53.0000000000000000   1.0000000000000000E+30  -1.5258841874704456E+00
      54.0000000000000000   1.0000000000000000E+30  -1.4945256670662721E+00
      55.0000000000000000   1.0000000000000000E+30  -1.4643146309828350E+00
      56.0000000000000000   1.0000000000000000E+30  -1.4351910247531210E+00
      57.0000000000000000   1.0000000000000000E+30  -1.4070988506682944E+00
      58.0000000000000000   1.0000000000000000E+30  -1.3799858342521452E+00
      59.0000000000000000   1.0000000000000000E+30  -1.3538031228637428E+00
      60.0000000000000000   1.0000000000000000E+30  -1.3285050128973748E+00
      61.0000000000000000   1.0000000000000000E+30  -1.3040487024828415E+00
      62.0000000000000000   1.0000000000000000E+30  -1.2803940669645917E+00
      63.0000000000000000   1.0000000000000000E+30  -1.2575034547632744E+00
      64.0000000000000000   1.0000000000000000E+30  -1.2353415015056772E+00
      65.0000000000000000   1.0000000000000000E+30  -1.2138749605546428E+00
      66.0000000000000000   1.0000000000000000E+30  -1.1930725482846838E+00
      67.0000000000000000   1.0000000000000000E+30  -1.1729048026361055E+00
      68.0000000000000000   1.0000000000000000E+30  -1.1533439536441303E+00
      69.0000000000000000   1.0000000000000000E+30  -1.1343638047830247E+00
      70.0000000000000000   1.0000000000000000E+30  -1.1159396240913255E+00
      71.0000000000000000   1.0000000000000000E+30  -1.0980480441551870E+00
      72.0000000000000000   1.0000000000000000E+30  -1.0806669701245928E+00
      73.0000000000000000   1.0000000000000000E+30  -1.0637754950235814E+00
      74.0000000000000000   1.0000000000000000E+30  -1.0473538216918665E+00
      75.0000000000000000   1.0000000000000000E+30  -1.0313831907629134E+00
      76.0000000000000000   1.0000000000000000E+30  -1.0158458141434994E+00
      77.0000000000000000   1.0000000000000000E+30  -1.0007248135130202E+00
      78.0000000000000000   1.0000000000000000E+30  -9.8600416340828556E-01
      79.0000000000000000   1.0000000000000000E+30  -9.7166863850171203E-01
      80.0000000000000000   1.0000000000000000E+30  -9.5770376471860963E-01
      81.0000000000000000   1.0000000000000000E+30  -9.4409577387282362E-01
      82.0000000000000000   1.0000000000000000E+30  -9.3083156153022384E-01
      83.0000000000000000   1.0000000000000000E+30  -9.1789864783646102E-01
      84.0000000000000000   1.0000000000000000E+30  -9.0528514106968494E-01
      85.0000000000000000   1.0000000000000000E+30  -8.9297970370059498E-01
      86.0000000000000000   1.0000000000000000E+30  -8.8097152076181939E-01
      87.0000000000000000   1.0000000000000000E+30  -8.6925027034619506E-01
      88.0000000000000000   1.0000000000000000E+30  -8.5780609606938663E-01
      89.0000000000000000   1.0000000000000000E+30  -8.4662958134663080E-01
      90.0000000000000000   1.0000000000000000E+30  -8.3571172534631066E-01
      91.0000000000000000   1.0000000000000000E+30  -8.2504392049477882E-01
      92.0000000000000000   1.0000000000000000E+30  -8.1461793141744099E-01
      93.0000000000000000   1.0000000000000000E+30  -8.0442587521071962E-01
      94.0000000000000000   1.0000000000000000E+30  -7.9446020294822550E-01
      95.0000000000000000   1.0000000000000000E+30  -7.8471368233238492E-01
      96.0000000000000000   1.0000000000000000E+30  -7.7517938140995601E-01
      97.0000000000000000   1.0000000000000000E+30  -7.6585065327643109E-01
      98.0000000000000000   1.0000000000000000E+30  -7.5672112170026273E-01
      99.0000000000000000   1.0000000000000000E+30  -7.4778466760330664E-01
     100.0000000000000000   1.0000000000000000E+30  -7.3903541633882808E-01
     110.0000000000000000   1.0000000000000000E+30  -6.6069935842647465E-01
     120.0000000000000000   1.0000000000000000E+30  -5.9605090539159489E-01
     130.0000000000000000   1.0000000000000000E+30  -5.4187281848695990E-01
     140.0000000000000000   1.0000000000000000E+30  -4.9587242736958725E-01
     150.0000000000000000   1.0000000000000000E+30  -4.5637368657345950E-01
     160.0000000000000000   1.0000000000000000E+30  -4.2212417493175580E-01
     170.0000000000000000   1.0000000000000000E+30  -3.9217004044441062E-01
     180.0000000000000000   1.0000000000000000E+30  -3.6577260257059285E-01
     190.0000000000000000   1.0000000000000000E+30  -3.4235131717097594E-01
     200.0000000000000000   1.0000000000000000E+30  -3.2144389494463599E-01
     210.0000000000000000   1.0000000000000000E+30  -3.0267785876523084E-01
     220.0000000000000000   1.0000000000000000E+30  -2.8574989783063359E-01
     230.0000000000000000   1.0000000000000000E+30  -2.7041064141695909E-01
     240.0000000000000000   1.0000000000000000E+30  -2.5645326703968357E-01
     250.0000000000000000   1.0000000000000000E+30  -2.4370486531946375E-01
     260.0000000000000000   1.0000000000000000E+30  -2.3201981589353970E-01
     270.0000000000000000   1.0000000000000000E+30  -2.2127465012427686E-01
     280.0000000000000000   1.0000000000000000E+30  -2.1136402657679459E-01
     290.0000000000000000   1.0000000000000000E+30  -2.0219754879045862E-01
     300.0000000000000000   1.0000000000000000E+30  -1.9369722730393313E-01
     310.0000000000000000   1.0000000000000000E+30  -1.8579543925081343E-01
     320.0000000000000000   1.0000000000000000E+30  -1.7843327571451983E-01
     330.0000000000000000   1.0000000000000000E+30  -1.7155919381258994E-01
     340.0000000000000000   1.0000000000000000E+30  -1.6512791014497852E-01
     350.0000000000000000   1.0000000000000000E+30  -1.5909948682652988E-01
     360.0000000000000000   1.0000000000000000E+30  -1.5343857224524873E-01
     370.0000000000000000   1.0000000000000000E+30  -1.4811376693875070E-01
     380.0000000000000000   1.0000000000000000E+30  -1.4309709126676395E-01
     390.0000000000000000   1.0000000000000000E+30  -1.3836353638363338E-01
     400.0000000000000000   1.0000000000000000E+30  -1.3389068374797136E-01
     410.0000000000000000   1.0000000000000000E+30  -1.2965838131466739E-01
     420.0000000000000000   1.0000000000000000E+30  -1.2564846683491313E-01
     430.0000000000000000   1.0000000000000000E+30  -1.2184453048942277E-01
     440.0000000000000000   1.0000000000000000E+30  -1.1823171050859893E-01
     450.0000000000000000   1.0000000000000000E+30  -1.1479651657390533E-01
     460.0000000000000000   1.0000000000000000E+30  -1.1152667671019525E-01
     470.0000000000000000   1.0000000000000000E+30  -1.0841100411739647E-01
     480.0000000000000000   1.0000000000000000E+30  -1.0543928098885404E-01
     490.0000000000000000   1.0000000000000000E+30  -1.0260215685151981E-01
     500.0000000000000000   1.0000000000000000E+30  -9.9891059362400156E-02
     510.0000000000000000   1.0000000000000000E+30  -9.7298115823764172E-02
     520.0000000000000000   1.0000000000000000E+30  -9.4816083950347477E-02
     530.0000000000000000   1.0000000000000000E+30  -9.2438290646074436E-02
     540.0000000000000000   1.0000000000000000E+30  -9.0158577734344131E-02
     550.0000000000000000   1.0000000000000000E+30  -8.7971253741589900E-02
     560.0000000000000000   1.0000000000000000E+30  -8.5871050964207177E-02
     570.0000000000000000   1.0000000000000000E+30  -8.3853087158504647E-02
     580.0000000000000000   1.0000000000000000E+30  -8.1912831285708490E-02
     590.0000000000000000   1.0000000000000000E+30  -8.0046072822168274E-02
     600.0000000000000000   1.0000000000000000E+30  -7.8248894211175160E-02
     610.0000000000000000   1.0000000000000000E+30  -7.6517646089179117E-02
     620.0000000000000000   1.0000000000000000E+30  -7.4848924967279101E-02
     630.0000000000000000   1.0000000000000000E+30  -7.3239553089997952E-02
     640.0000000000000000   1.0000000000000000E+30  -7.1686560228634080E-02
     650.0000000000000000   1.0000000000000000E+30  -7.0187167196816377E-02
     660.0000000000000000   1.0000000000000000E+30  -6.8738770902032453E-02
     670.0000000000000000   1.0000000000000000E+30  -6.7338930769490504E-02
     680.0000000000000000   1.0000000000000000E+30  -6.5985356394231323E-02
     690.0000000000000000   1.0000000000000000E+30  -6.4675896294385429E-02
     700.0000000000000000   1.0000000000000000E+30  -6.3408527653230129E-02
     710.0000000000000000   1.0000000000000000E+30  -6.2181346950569490E-02
     720.0000000000000000   1.0000000000000000E+30  -6.0992561395196897E-02
     730.0000000000000000   1.0000000000000000E+30  -5.9840481080031399E-02
     740.0000000000000000   1.0000000000000000E+30  -5.8723511790137878E-02
     750.0000000000000000   1.0000000000000000E+30  -5.7640148401414085E-02
     760.0000000000000000   1.0000000000000000E+30  -5.6588968814387811E-02
     770.0000000000000000   1.0000000000000000E+30  -5.5568628373438733E-02
     780.0000000000000000   1.0000000000000000E+30  -5.4577854726947345E-02
     790.0000000000000000   1.0000000000000000E+30  -5.3615443088453035E-02
     800.0000000000000000   1.0000000000000000E+30  -5.2680251862973079E-02
     810.0000000000000000   1.0000000000000000E+30  -5.1771198606230848E-02
     820.0000000000000000   1.0000000000000000E+30  -5.0887256287749753E-02
     830.0000000000000000   1.0000000000000000E+30  -5.0027449831616014E-02
     840.0000000000000000   1.0000000000000000E+30  -4.9190852911256078E-02
     850.0000000000000000   1.0000000000000000E+30  -4.8376584976839374E-02
     860.0000000000000000   1.0000000000000000E+30  -4.7583808495945498E-02
     870.0000000000000000   1.0000000000000000E+30  -4.6811726389946365E-02
     880.0000000000000000   1.0000000000000000E+30  -4.6059579650180184E-02
     890.0000000000000000   1.0000000000000000E+30  -4.5326645119452641E-02
     900.0000000000000000   1.0000000000000000E+30  -4.4612233425708130E-02
     910.0000000000000000   1.0000000000000000E+30  -4.3915687055896734E-02
     920.0000000000000000   1.0000000000000000E+30  -4.3236378559119611E-02
     930.0000000000000000   1.0000000000000000E+30  -4.2573708869094486E-02
     940.0000000000000000   1.0000000000000000E+30  -4.1927105736847971E-02
     950.0000000000000000   1.0000000000000000E+30  -4.1296022265318984E-02
     960.0000000000000000   1.0000000000000000E+30  -4.0679935538267056E-02
     970.0000000000000000   1.0000000000000000E+30  -4.0078345336516927E-02
     980.0000000000000000   1.0000000000000000E+30  -3.9490772935152040E-02
     990.0000000000000000   1.0000000000000000E+30  -3.8916759975795155E-02
    1000.0000000000000000   1.0000000000000000E+30  -3.8355867408592648E-02
    1100.0000000000000000   1.0000000000000000E+30  -3.3383956763608065E-02
    1200.0000000000000000   1.0000000000000000E+30  -2.9352782665341744E-02
    1300.0000000000000000   1.0000000000000000E+30  -2.6029289065750871E-02
    1400.0000000000000000   1.0000000000000000E+30  -2.3250233993815213E-02
    1500.0000000000000000   1.0000000000000000E+30  -2.0898100680370565E-02
    1600.0000000000000000   1.0000000000000000E+30  -1.8886285702426408E-02
    1700.0000000000000000   1.0000000000000000E+30  -1.7149661905873234E-02
    1800.0000000000000000   1.0000000000000000E+30  -1.5638378893026314E-02
    1900.0000000000000000   1.0000000000000000E+30  -1.4313680396812748E-02
    2000.0000000000000000   1.0000000000000000E+30  -1.3145015539342811E-02
    2100.0000000000000000   1.0000000000000000E+30  -1.2108001900845274E-02
    2200.0000000000000000   1.0000000000000000E+30  -1.1182962394810685E-02
    2300.0000000000000000   1.0000000000000000E+30  -1.0353856697121432E-02
    2400.0000000000000000   1.0000000000000000E+30  -9.6074890327885465E-03
    2500.0000000000000000   1.0000000000000000E+30  -8.9329127942152590E-03
    2600.0000000000000000   1.0000000000000000E+30  -8.3209774959000903E-03
    2700.0000000000000000   1.0000000000000000E+30  -7.7639800959737743E-03
    2800.0000000000000000   1.0000000000000000E+30  -7.2553938232855679E-03
    2900.0000000000000000   1.0000000000000000E+30  -6.7896552397890249E-03
    3000.0000000000000000   1.0000000000000000E+30  -6.3619955346089618E-03
    3100.0000000000000000   1.0000000000000000E+30  -5.9683057515557032E-03
    3200.0000000000000000   1.0000000000000000E+30  -5.6050282927383073E-03
    3300.0000000000000000   1.0000000000000000E+30  -5.2690689458513200E-03
    3400.0000000000000000   1.0000000000000000E+30  -4.9577250722032656E-03
    3500.0000000000000000   1.0000000000000000E+30  -4.6686266166989206E-03
    3600.0000000000000000   1.0000000000000000E+30  -4.3996873632415204E-03
    3700.0000000000000000   1.0000000000000000E+30  -4.1490644315594601E-03
    3800.0000000000000000   1.0000000000000000E+30  -3.9151244452117892E-03
    3900.0000000000000000   1.0000000000000000E+30  -3.6964151317940030E-03
    4000.0000000000000000   1.0000000000000000E+30  -3.4916413713000040E-03
    4100.0000000000000000   1.0000000000000000E+30  -3.2996449062010534E-03
    4200.0000000000000000   1.0000000000000000E+30  -3.1193870810174891E-03
    4300.0000000000000000   1.0000000000000000E+30  -2.9499341002886233E-03
    4400.0000000000000000   1.0000000000000000E+30  -2.7904443895730839E-03
    4500.0000000000000000   1.0000000000000000E+30  -2.6401577202038000E-03
    4600.0000000000000000   1.0000000000000000E+30  -2.4983858193416576E-03
    4700.0000000000000000   1.0000000000000000E+30  -2.3645042357414324E-03
    4800.0000000000000000   1.0000000000000000E+30  -2.2379452711085105E-03
    4900.0000000000000000   1.0000000000000000E+30  -2.1181918189484179E-03
    5000.0000000000000000   1.0000000000000000E+30  -2.0047719789153804E-03
    5100.0000000000000000   1.0000000000000000E+30  -1.8972543360390511E-03
    5200.0000000000000000   1.0000000000000000E+30  -1.7952438117808506E-03
    5300.0000000000000000   1.0000000000000000E+30  -1.6983780083775660E-03
    5400.0000000000000000   1.0000000000000000E+30  -1.6063239799508876E-03
    5500.0000000000000000   1.0000000000000000E+30  -1.5187753738603899E-03
    5600.0000000000000000   1.0000000000000000E+30  -1.4354498941237922E-03
    5700.0000000000000000   1.0000000000000000E+30  -1.3560870457193605E-03
    5800.0000000000000000   1.0000000000000000E+30  -1.2804461244600245E-03
    5900.0000000000000000   1.0000000000000000E+30  -1.2083044220818379E-03
    6000.0000000000000000   1.0000000000000000E+30  -1.1394556203773195E-03
    6100.0000000000000000   1.0000000000000000E+30  -1.0737083517564526E-03
    6200.0000000000000000   1.0000000000000000E+30  -1.0108849066391740E-03
    6300.0000000000000000   1.0000000000000000E+30  -9.5082007065992063E-04
    6400.0000000000000000   1.0000000000000000E+30  -8.9336007686823676E-04
    6500.0000000000000000   1.0000000000000000E+30  -8.3836165999851638E-04
    6600.0000000000000000   1.0000000000000000E+30  -7.8569120150569498E-04
    6700.0000000000000000   1.0000000000000000E+30  -7.3522395546246275E-04
    6800.0000000000000000   1.0000000000000000E+30  -6.8684334662169459E-04
    6900.0000000000000000   1.0000000000000000E+30  -6.4044033299318515E-04
    7000.0000000000000000   1.0000000000000000E+30  -5.9591282619083101E-04
    7100.0000000000000000   1.0000000000000000E+30  -5.5316516359458405E-04
    7200.0000000000000000   1.0000000000000000E+30  -5.1210762705828142E-04
    7300.0000000000000000   1.0000000000000000E+30  -4.7265600349367438E-04
    7400.0000000000000000   1.0000000000000000E+30  -4.3473118318510212E-04
    7500.0000000000000000   1.0000000000000000E+30  -3.9825879214842771E-04
    7600.0000000000000000   1.0000000000000000E+30  -3.6316885525079643E-04
    7700.0000000000000000   1.0000000000000000E+30  -3.2939548716228844E-04
    7800.0000000000000000   1.0000000000000000E+30  -2.9687660852252963E-04
    7900.0000000000000000   1.0000000000000000E+30  -2.6555368498083900E-04
    8000.0000000000000000   1.0000000000000000E+30  -2.3537148701186956E-04
    8100.0000000000000000   1.0000000000000000E+30  -2.0627786862409286E-04
    8200.0000000000000000   1.0000000000000000E+30  -1.7822356326956199E-04
    8300.0000000000000000   1.0000000000000000E+30  -1.5116199543292901E-04
    8400.0000000000000000   1.0000000000000000E+30  -1.2504910652852994E-04
    8500.0000000000000000   1.0000000000000000E+30  -9.9843193868626786E-05
    8600.0000000000000000   1.0000000000000000E+30  -7.5504761585701934E-05
    8700.0000000000000000   1.0000000000000000E+30  -5.1996382498541292E-05
    8800.0000000000000000   1.0000000000000000E+30  -2.9282570007619130E-05
    8900.0000000000000000   1.0000000000000000E+30  -7.3296591907763157E-06
    9000.0000000000000000   1.0000000000000000E+30   1.3894303652992429E-05
    9100.0000000000000000   1.0000000000000000E+30   3.4419663694883811E-05
    9200.0000000000000000   1.0000000000000000E+30   5.4275253124210087E-05
    9300.0000000000000000   1.0000000000000000E+30   7.3488480118501920E-05
    9400.0000000000000000   1.0000000000000000E+30   9.2085411751281152E-05
    9500.0000000000000000   1.0000000000000000E+30   1.1009085130767163E-04
    9600.0000000000000000   1.0000000000000000E+30   1.2752841043722470E-04
    9700.0000000000000000   1.0000000000000000E+30   1.4442057653632590E-04
    9800.0000000000000000   1.0000000000000000E+30   1.6078877571913376E-04
    9900.0000000000000000   1.0000000000000000E+30   1.7665343170579289E-04
   10000.0000000000000000   1.0000000000000000E+30   1.9203402092911551E-04
   11000.0000000000000000   1.0000000000000000E+30   3.2291803500631187E-04
   12000.0000000000000000   1.0000000000000000E+30   4.2142170122793168E-04
   13000.0000000000000000   2.5343928484212095E+08   4.9717035909693850E-04
   14000.0000000000000000   9.3651902472831681E+07   5.5658635569621182E-04
   15000.0000000000000000   5.7426985116217338E+07   6.0406531921361050E-04
   16000.0000000000000000   4.1777697331907675E+07   6.4268075541612469E-04
   17000.0000000000000000   3.3185060607796781E+07   6.7462115338288726E-04
   18000.0000000000000000   2.7812791942601800E+07   7.0146937481291945E-04
   19000.0000000000000000   2.4165894195013512E+07   7.2438589045128185E-04
   20000.0000000000000000   2.1545061158785570E+07   7.4423167222478380E-04
   21000.0000000000000000   1.9581181993748907E+07   7.6165224208434902E-04
   22000.0000000000000000   1.8061812973576136E+07   7.7713615346036648E-04
   23000.0000000000000000   1.6856416763983969E+07   7.9105630782471347E-04
   24000.0000000000000000   1.5880561375491908E+07   8.0369954278301857E-04
   25000.0000000000000000   1.5077327364835268E+07   8.1528807906998640E-04
   26000.0000000000000000   1.4407009247693582E+07   8.2599523599903243E-04
   27000.0000000000000000   1.3841103290055005E+07   8.3595705991239635E-04
   28000.0000000000000000   1.3358640652678322E+07   8.4528100445377949E-04
   29000.0000000000000000   1.2943866566521404E+07   8.5405246175206996E-04
   30000.0000000000000000   1.2584723977936182E+07   8.6233971200854842E-04
