       1.0000000000000000   1.0000000000000000E+30
       2.0000000000000000   1.0000000000000000E+30
       3.0000000000000000   1.0000000000000000E+30
       4.0000000000000000   1.0000000000000000E+30
       5.0000000000000000   1.0000000000000000E+30
       6.0000000000000000   1.0000000000000000E+30
       7.0000000000000000   1.0000000000000000E+30
       8.0000000000000000   1.0000000000000000E+30
       9.0000000000000000   1.0000000000000000E+30
      10.0000000000000000   1.0000000000000000E+30
      11.0000000000000000   1.0000000000000000E+30
      12.0000000000000000   1.0000000000000000E+30
      13.0000000000000000   1.0000000000000000E+30
      14.0000000000000000   1.0000000000000000E+30
      15.0000000000000000   1.0000000000000000E+30
      16.0000000000000000   1.0000000000000000E+30
      17.0000000000000000   1.0000000000000000E+30
      18.0000000000000000   1.0000000000000000E+30
      19.0000000000000000   1.0000000000000000E+30
      20.0000000000000000   1.0000000000000000E+30
      21.0000000000000000   1.0000000000000000E+30
      22.0000000000000000   1.0000000000000000E+30
      23.0000000000000000   1.0000000000000000E+30
      24.0000000000000000   1.0000000000000000E+30
      25.0000000000000000   1.0000000000000000E+30
      26.0000000000000000   1.0000000000000000E+30
      27.0000000000000000   1.0000000000000000E+30
      28.0000000000000000   1.0000000000000000E+30
      29.0000000000000000   1.0000000000000000E+30
      30.0000000000000000   1.0000000000000000E+30
      31.0000000000000000   1.0000000000000000E+30
      32.0000000000000000   1.0000000000000000E+30
      33.0000000000000000   1.0000000000000000E+30
      34.0000000000000000   1.0000000000000000E+30
      35.0000000000000000   1.0000000000000000E+30
      36.0000000000000000   1.0000000000000000E+30
      37.0000000000000000   1.0000000000000000E+30
      38.0000000000000000   1.0000000000000000E+30
      39.0000000000000000   1.0000000000000000E+30
      40.0000000000000000   1.0000000000000000E+30
      41.0000000000000000   1.0000000000000000E+30
      42.0000000000000000   1.0000000000000000E+30
      43.0000000000000000   1.0000000000000000E+30
      44.0000000000000000   1.0000000000000000E+30
      45.0000000000000000   1.0000000000000000E+30
      46.0000000000000000   1.0000000000000000E+30
      47.0000000000000000   1.0000000000000000E+30
      48.0000000000000000   1.0000000000000000E+30
      49.0000000000000000   1.0000000000000000E+30
      50.0000000000000000   1.0000000000000000E+30
      51.0000000000000000   1.0000000000000000E+30
      52.0000000000000000   1.0000000000000000E+30
      53.0000000000000000   1.0000000000000000E+30
      54.0000000000000000   1.0000000000000000E+30
      55.0000000000000000   1.0000000000000000E+30
      56.0000000000000000   1.0000000000000000E+30
      57.0000000000000000   1.0000000000000000E+30
      58.0000000000000000   1.0000000000000000E+30
      59.0000000000000000   1.0000000000000000E+30
      60.0000000000000000   1.0000000000000000E+30
      61.0000000000000000   1.0000000000000000E+30
      62.0000000000000000   1.0000000000000000E+30
      63.0000000000000000   1.0000000000000000E+30
      64.0000000000000000   1.0000000000000000E+30
      65.0000000000000000   1.0000000000000000E+30
      66.0000000000000000   1.0000000000000000E+30
      67.0000000000000000   1.0000000000000000E+30
      68.0000000000000000   1.0000000000000000E+30
      69.0000000000000000   1.0000000000000000E+30
      70.0000000000000000   1.0000000000000000E+30
      71.0000000000000000   1.0000000000000000E+30
      72.0000000000000000   1.0000000000000000E+30
      73.0000000000000000   1.0000000000000000E+30
      74.0000000000000000   1.0000000000000000E+30
      75.0000000000000000   1.0000000000000000E+30
      76.0000000000000000   1.0000000000000000E+30
      77.0000000000000000   1.0000000000000000E+30
      78.0000000000000000   1.0000000000000000E+30
      79.0000000000000000   1.0000000000000000E+30
      80.0000000000000000   1.0000000000000000E+30
      81.0000000000000000   1.0000000000000000E+30
      82.0000000000000000   1.0000000000000000E+30
      83.0000000000000000   1.0000000000000000E+30
      84.0000000000000000   1.0000000000000000E+30
      85.0000000000000000   1.0000000000000000E+30
      86.0000000000000000   1.0000000000000000E+30
      87.0000000000000000   1.0000000000000000E+30
      88.0000000000000000   1.0000000000000000E+30
      89.0000000000000000   1.0000000000000000E+30
      90.0000000000000000   1.0000000000000000E+30
      91.0000000000000000   1.0000000000000000E+30
      92.0000000000000000   1.0000000000000000E+30
      93.0000000000000000   1.0000000000000000E+30
      94.0000000000000000   1.0000000000000000E+30
      95.0000000000000000   1.0000000000000000E+30
      96.0000000000000000   1.0000000000000000E+30
      97.0000000000000000   1.0000000000000000E+30
      98.0000000000000000   1.0000000000000000E+30
      99.0000000000000000   1.0000000000000000E+30
     100.0000000000000000   1.0000000000000000E+30
     110.0000000000000000   1.0000000000000000E+30
     120.0000000000000000   1.0000000000000000E+30
     130.0000000000000000   1.0000000000000000E+30
     140.0000000000000000   1.0000000000000000E+30
     150.0000000000000000   1.0000000000000000E+30
     160.0000000000000000   1.0000000000000000E+30
     170.0000000000000000   1.0000000000000000E+30
     180.0000000000000000   1.0000000000000000E+30
     190.0000000000000000   1.0000000000000000E+30
     200.0000000000000000   1.0000000000000000E+30
     210.0000000000000000   1.0000000000000000E+30
     220.0000000000000000   1.0000000000000000E+30
     230.0000000000000000   1.0000000000000000E+30
     240.0000000000000000   1.0000000000000000E+30
     250.0000000000000000   1.0000000000000000E+30
     260.0000000000000000   1.0000000000000000E+30
     270.0000000000000000   1.0000000000000000E+30
     280.0000000000000000   7.5647238570882269E+02
     290.0000000000000000   7.5276305165131214E+02
     300.0000000000000000   7.5622502573348720E+02
     310.0000000000000000   7.6617529432829349E+02
     320.0000000000000000   7.8203586888520283E+02
     330.0000000000000000   8.0331498622651236E+02
     340.0000000000000000   8.2959212089259847E+02
     350.0000000000000000   8.6050595106095193E+02
     360.0000000000000000   8.9574463109094279E+02
     370.0000000000000000   9.3503787890882040E+02
     380.0000000000000000   9.7815050133682223E+02
     390.0000000000000000   1.0248770662933839E+03
     400.0000000000000000   1.0750374954372364E+03
     410.0000000000000000   1.1284733999061420E+03
     420.0000000000000000   1.1850450193378822E+03
     430.0000000000000000   1.2446286532735785E+03
     440.0000000000000000   1.3071144964620785E+03
     450.0000000000000000   1.3724048070780982E+03
     460.0000000000000000   1.4404123506004121E+03
     470.0000000000000000   1.5110590729400224E+03
     480.0000000000000000   1.5842749650170285E+03
     490.0000000000000000   1.6599970878553283E+03
     500.0000000000000000   1.7381687327747015E+03
     510.0000000000000000   1.8187386957007311E+03
     520.0000000000000000   1.9016606482083018E+03
     530.0000000000000000   1.9868925908379390E+03
     540.0000000000000000   2.0743963766115467E+03
     550.0000000000000000   2.1641372946313627E+03
     560.0000000000000000   2.2560837052569236E+03
     570.0000000000000000   2.3502067196857365E+03
     580.0000000000000000   2.4464799178667649E+03
     590.0000000000000000   2.5448790995939185E+03
     600.0000000000000000   2.6453820643930785E+03
     610.0000000000000000   2.7479684164579439E+03
     620.0000000000000000   2.8526193914291030E+03
     630.0000000000000000   2.9593177022649934E+03
     640.0000000000000000   3.0680474018372033E+03
     650.0000000000000000   3.1787937602078296E+03
     660.0000000000000000   3.2915431548229553E+03
     670.0000000000000000   3.4062829720917134E+03
     680.0000000000000000   3.5230015190214544E+03
     690.0000000000000000   3.6416879437516695E+03
     700.0000000000000000   3.7623321639770711E+03
     710.0000000000000000   3.8849248023772029E+03
     720.0000000000000000   4.0094571282796478E+03
     730.0000000000000000   4.1359210048783589E+03
     740.0000000000000000   4.2643088414107488E+03
     750.0000000000000000   4.3946135497681189E+03
     760.0000000000000000   4.5268285050759296E+03
     770.0000000000000000   4.6609475098341309E+03
     780.0000000000000000   4.7969647612548060E+03
     790.0000000000000000   4.9348748214754387E+03
     800.0000000000000000   5.0746725903620536E+03
     810.0000000000000000   5.2163532806480262E+03
     820.0000000000000000   5.3599123951821184E+03
     830.0000000000000000   5.5053457060836736E+03
     840.0000000000000000   5.6526492356244407E+03
     850.0000000000000000   5.8018192386754572E+03
     860.0000000000000000   5.9528521865743069E+03
     870.0000000000000000   6.1057447522828670E+03
     880.0000000000000000   6.2604937967189217E+03
     890.0000000000000000   6.4170963561567187E+03
     900.0000000000000000   6.5755496306019713E+03
     910.0000000000000000   6.7358509730561518E+03
     920.0000000000000000   6.8979978795931447E+03
     930.0000000000000000   7.0619879801787483E+03
     940.0000000000000000   7.2278190301701943E+03
     950.0000000000000000   7.3954889024386484E+03
     960.0000000000000000   7.5649955800631424E+03
     970.0000000000000000   7.7363371495489610E+03
     980.0000000000000000   7.9095117945279680E+03
     990.0000000000000000   8.0845177899020737E+03
    1000.0000000000000000   8.2613534963946113E+03
    1100.0000000000000000   1.0130036193266054E+04
    1200.0000000000000000   1.2180365614152550E+04
    1300.0000000000000000   1.4411564438591095E+04
    1400.0000000000000000   1.6823122612057050E+04
    1500.0000000000000000   1.9414694203067247E+04
    1600.0000000000000000   2.2186037879816948E+04
    1700.0000000000000000   2.5136981130535307E+04
    1800.0000000000000000   2.8267397989195735E+04
    1900.0000000000000000   3.1577194739872484E+04
    2000.0000000000000000   3.5066300493117851E+04
    2100.0000000000000000   3.8734660825169653E+04
    2200.0000000000000000   4.2582233392964823E+04
    2300.0000000000000000   4.6608984853454989E+04
    2400.0000000000000000   5.0814888661970712E+04
    2500.0000000000000000   5.5199923474234514E+04
    2600.0000000000000000   5.9764071970019773E+04
    2700.0000000000000000   6.4507319975938248E+04
    2800.0000000000000000   6.9429655803480855E+04
    2900.0000000000000000   7.4531069743996442E+04
    3000.0000000000000000   7.9811553679483128E+04
    3100.0000000000000000   8.5271100779804605E+04
    3200.0000000000000000   9.0909705265075434E+04
    3300.0000000000000000   9.6727362217663758E+04
    3400.0000000000000000   1.0272406743231506E+05
    3500.0000000000000000   1.0889981729581102E+05
    3600.0000000000000000   1.1525460868969533E+05
    3700.0000000000000000   1.2178843891114721E+05
    3800.0000000000000000   1.2850130560823486E+05
    3900.0000000000000000   1.3539320672663749E+05
    4000.0000000000000000   1.4246414046557172E+05
    4100.0000000000000000   1.4971410524114882E+05
    4200.0000000000000000   1.5714309965576531E+05
    4300.0000000000000000   1.6475112247241646E+05
    4400.0000000000000000   1.7253817259304991E+05
    4500.0000000000000000   1.8050424904024732E+05
    4600.0000000000000000   1.8864935094166338E+05
    4700.0000000000000000   1.9697347751675738E+05
    4800.0000000000000000   2.0547662806543845E+05
    4900.0000000000000000   2.1415880195831676E+05
    5000.0000000000000000   2.2301999862830568E+05
    5100.0000000000000000   2.3206021756336428E+05
    5200.0000000000000000   2.4127945830020838E+05
    5300.0000000000000000   2.5067772041884341E+05
    5400.0000000000000000   2.6025500353779961E+05
    5500.0000000000000000   2.7001130730996787E+05
    5600.0000000000000000   2.7994663141895202E+05
    5700.0000000000000000   2.9006097557586373E+05
    5800.0000000000000000   3.0035433951650275E+05
    5900.0000000000000000   3.1082672299886693E+05
    6000.0000000000000000   3.2147812580095150E+05
    6100.0000000000000000   3.3230854771879828E+05
    6200.0000000000000000   3.4331798856476397E+05
    6300.0000000000000000   3.5450644816597801E+05
    6400.0000000000000000   3.6587392636296904E+05
    6500.0000000000000000   3.7742042300843773E+05
    6600.0000000000000000   3.8914593796615867E+05
    6700.0000000000000000   4.0105047110999573E+05
    6800.0000000000000000   4.1313402232301910E+05
    6900.0000000000000000   4.2539659149671008E+05
    7000.0000000000000000   4.3783817853024584E+05
    7100.0000000000000000   4.5045878332985303E+05
    7200.0000000000000000   4.6325840580822492E+05
    7300.0000000000000000   4.7623704588399344E+05
    7400.0000000000000000   4.8939470348125097E+05
    7500.0000000000000000   5.0273137852911645E+05
    7600.0000000000000000   5.1624707096134115E+05
    7700.0000000000000000   5.2994178071594995E+05
    7800.0000000000000000   5.4381550773491524E+05
    7900.0000000000000000   5.5786825196385814E+05
    8000.0000000000000000   5.7210001335177745E+05
    8100.0000000000000000   5.8651079185080039E+05
    8200.0000000000000000   6.0110058741595526E+05
    8300.0000000000000000   6.1586940000496386E+05
    8400.0000000000000000   6.3081722957804834E+05
    8500.0000000000000000   6.4594407609775767E+05
    8600.0000000000000000   6.6124993952880509E+05
    8700.0000000000000000   6.7673481983792060E+05
    8800.0000000000000000   6.9239871699371282E+05
    8900.0000000000000000   7.0824163096654462E+05
    9000.0000000000000000   7.2426356172841624E+05
    9100.0000000000000000   7.4046450925285777E+05
    9200.0000000000000000   7.5684447351483000E+05
    9300.0000000000000000   7.7340345449063228E+05
    9400.0000000000000000   7.9014145215781813E+05
    9500.0000000000000000   8.0705846649511659E+05
    9600.0000000000000000   8.2415449748235790E+05
    9700.0000000000000000   8.4142954510040814E+05
    9800.0000000000000000   8.5888360933110246E+05
    9900.0000000000000000   8.7651669015719090E+05
   10000.0000000000000000   8.9432878756227996E+05
   11000.0000000000000000   1.0822956703734235E+06
   12000.0000000000000000   1.2881641978407761E+06
   13000.0000000000000000   1.5119343621911332E+06
   14000.0000000000000000   1.7536061583239492E+06
   15000.0000000000000000   2.0131795827799102E+06
   16000.0000000000000000   2.2906546331456974E+06
   17000.0000000000000000   2.5860313076961935E+06
   18000.0000000000000000   2.8993096051717377E+06
   19000.0000000000000000   3.2304895246351715E+06
   20000.0000000000000000   3.5795710653775996E+06
   21000.0000000000000000   3.9465542268547839E+06
   22000.0000000000000000   4.3314390086432965E+06
   23000.0000000000000000   4.7342254104097039E+06
   24000.0000000000000000   5.1549134318885617E+06
   25000.0000000000000000   5.5935030728664258E+06
   26000.0000000000000000   6.0499943331700927E+06
   27000.0000000000000000   6.5243872126578307E+06
   28000.0000000000000000   7.0166817112127533E+06
   29000.0000000000000000   7.5268778287377758E+06
   30000.0000000000000000   8.0549755651517166E+06
