       0.1000000000000000   2.9040844935687460E+01   1.0029499922329702E-03
       0.2000000000000000   2.5512659885543723E+01   1.9636734573356468E-03
       0.3000000000000000   2.4315481724322293E+01   2.9203591614325314E-03
       0.4000000000000000   2.3836491590615459E+01   3.8360617448057717E-03
       0.5000000000000000   2.3578523010711809E+01   4.7429061006093844E-03
       0.6000000000000000   2.3427630633533013E+01   5.6423691569542451E-03
       0.7000000000000000   2.3339539063575319E+01   6.5358263807779992E-03
       0.7999999999999999   2.3289718275764912E+01   7.4242165649819154E-03
       0.8999999999999999   2.3266863728498123E+01   8.3057304023627741E-03
       0.9999999999999999   2.3260100435825962E+01   9.1840004023967161E-03
       2.0000000000000000   2.3508602508191487E+01   1.7777525209203660E-02
       3.0000000000000000   2.3813821016929548E+01   2.6209947169340629E-02
       4.0000000000000000   2.4038368939200083E+01   3.4646303587791513E-02
       5.0000000000000000   2.4173558634473967E+01   4.3197873241800695E-02
       6.0000000000000000   2.4229395481926669E+01   5.1946480750904564E-02
       7.0000000000000000   2.4219576006507712E+01   6.0947230070061482E-02
       8.0000000000000000   2.4155137652428625E+01   7.0244246928689275E-02
       9.0000000000000000   2.4045660567425116E+01   7.9872870012179756E-02
      10.0000000000000000   2.3898663447198935E+01   8.9864566291480485E-02
      11.0000000000000000   2.3720680092074716E+01   1.0024571096962932E-01
      12.0000000000000000   2.3517015373895642E+01   1.1103947661548920E-01
      13.0000000000000000   2.3292316273007454E+01   1.2226623962819216E-01
      14.0000000000000000   2.3050083891324096E+01   1.3394720888682649E-01
      15.0000000000000000   2.2793352084867358E+01   1.4610251934561908E-01
      16.0000000000000000   2.2524792347986899E+01   1.5875061715496588E-01
      17.0000000000000000   2.2246477396769592E+01   1.7191149664726171E-01
      18.0000000000000000   2.1960300254812214E+01   1.8560444337174006E-01
      19.0000000000000000   2.1667761452423804E+01   1.9984932457960175E-01
      20.0000000000000000   2.1370157341186722E+01   2.1466714445725943E-01
      21.0000000000000000   2.1068550701339433E+01   2.3007998745780761E-01
      22.0000000000000000   2.0763889479367752E+01   2.4611029069513163E-01
      23.0000000000000000   2.0456958255868969E+01   2.6278188435392091E-01
      24.0000000000000000   2.0148385197478309E+01   2.8012071268691657E-01
      25.0000000000000000   1.9838715230322279E+01   2.9815403277659935E-01
      26.0000000000000000   1.9528402115474130E+01   3.1691099048862825E-01
      27.0000000000000000   1.9217821312755962E+01   3.3642278400315384E-01
      28.0000000000000000   1.8907289056100336E+01   3.5672275879456794E-01
      29.0000000000000000   1.8597054476979327E+01   3.7784683343875464E-01
      30.0000000000000000   1.8287330652345794E+01   3.9983348801101942E-01
      31.0000000000000000   1.7978278964844144E+01   4.2272420871417188E-01
      32.0000000000000000   1.7670041269436187E+01   4.4656337032879934E-01
      33.0000000000000000   1.7362717719552570E+01   4.7139892764185487E-01
      34.0000000000000000   1.7056391731667929E+01   4.9728238566323535E-01
      35.0000000000000000   1.6751125109530939E+01   5.2426916080267538E-01
      36.0000000000000000   1.6446964542240689E+01   5.5241886090954340E-01
      37.0000000000000000   1.6143944342990331E+01   5.8179559237515499E-01
      38.0000000000000000   1.5842090510643112E+01   6.1246827330932219E-01
      39.0000000000000000   1.5541421473113349E+01   6.4451096659358731E-01
      40.0000000000000000   1.5241953563879315E+01   6.7800316518521409E-01
      41.0000000000000000   1.4943700881778565E+01   7.1303017271331226E-01
      42.0000000000000000   1.4646679092280271E+01   7.4968337573864208E-01
      43.0000000000000000   1.4350908163838254E+01   7.8806054366766087E-01
      44.0000000000000000   1.4056414809238129E+01   8.2826600923129035E-01
      45.0000000000000000   1.3763233733797639E+01   8.7041094534398977E-01
      46.0000000000000000   1.3471411821999768E+01   9.1461336834333995E-01
      47.0000000000000000   1.3181010431938983E+01   9.6099810463323598E-01
      48.0000000000000000   1.2892108390196304E+01   1.0096965551568897E+00
      48.9990000000000023   1.2605091716730511E+01   1.0607938072230061E+00
      49.0000000000000000   1.2604805251239247E+01   1.0608462284292977E+00
      49.0009999999999977   1.2604518787468029E+01   1.0608986522293042E+00
      50.0000000000000000   1.2319224539655087E+01   1.1145899654320572E+00
      51.0000000000000000   1.2035517070575537E+01   1.1710747897636169E+00
      52.0000000000000000   1.1753864819003121E+01   1.2304502733894780E+00
      53.0000000000000000   1.1474484110226234E+01   1.2928663405757237E+00
      53.9990000000000023   1.1197904508513822E+01   1.3584031602455984E+00
      54.0000000000000000   1.1197629009506141E+01   1.3584704044563660E+00
      54.0009999999999977   1.1197353513315063E+01   1.3585376519972836E+00
      55.0000000000000000   1.0923593928232139E+01   1.4274037660385992E+00
      55.9990000000000023   1.0652985075921384E+01   1.4997230510569861E+00
      56.0000000000000000   1.0652715898433636E+01   1.4997972125501084E+00
      56.0009999999999977   1.0652446724480127E+01   1.4998713776199843E+00
      57.0000000000000000   1.0385376125644653E+01   1.5757655083601600E+00
      58.0000000000000000   1.0121997474429737E+01   1.6554018215123378E+00
      59.0000000000000000   9.8630429485177835E+00   1.7387708375738347E+00
      60.0000000000000000   9.6090116266958425E+00   1.8259014774289262E+00
      60.9990000000000023   9.3606741112731271E+00   1.9166877843359160E+00
      61.0000000000000000   9.3604284289453616E+00   1.9167805193834273E+00
      61.0009999999999977   9.3601827526070664E+00   1.9168732581217451E+00
      62.0000000000000000   9.1178349050974745E+00   2.0113458665232571E+00
      63.0000000000000000   8.8817753983861021E+00   2.1094814869419776E+00
      64.0000000000000000   8.6527812470687060E+00   2.2110141004261417E+00
      65.0000000000000000   8.4313538631023555E+00   2.3157122712802769E+00
      66.0000000000000000   8.2179476061492096E+00   2.4232883018272324E+00
      67.0000000000000000   8.0129539250226482E+00   2.5334030531272176E+00
      68.0000000000000000   7.8166880985178393E+00   2.6456735039934496E+00
      69.0000000000000000   7.6293796529123066E+00   2.7596825502979643E+00
      70.0000000000000000   7.4511671607574188E+00   2.8749903024855410E+00
      71.0000000000000000   7.2820976093931451E+00   2.9911460127510616E+00
      72.0000000000000000   7.1221300487508348E+00   3.1076997581324122E+00
      73.0000000000000000   6.9711427911444286E+00   3.2242131264185101E+00
      74.0000000000000000   6.8289432297337980E+00   3.3402683447288766E+00
      75.0000000000000000   6.6952791956371849E+00   3.4554755458233393E+00
      76.0000000000000000   6.5698511698220825E+00   3.5694779121997837E+00
      77.0000000000000000   6.4523238085670158E+00   3.6819551479511592E+00
      78.0000000000000000   6.3423371583527421E+00   3.7926249747476590E+00
      79.0000000000000000   6.2395164164829087E+00   3.9012433081509039E+00
      80.0000000000000000   6.1434803337476760E+00   4.0076032656748497E+00
      81.0000000000000000   6.0538481498179193E+00   4.1115333293756473E+00
      82.0000000000000000   5.9702451216560188E+00   4.2128949311036834E+00
      83.0000000000000000   5.8923067533185431E+00   4.3115796874401280E+00
      84.0000000000000000   5.8196818932267362E+00   4.4075064676290339E+00
      85.0000000000000000   5.7520348818732998E+00   4.5006184336385608E+00
      86.0000000000000000   5.6890469032627919E+00   4.5908801547520870E+00
      87.0000000000000000   5.6304167043479767E+00   4.6782748701541728E+00
      88.0000000000000000   5.5758608432173649E+00   4.7628019202247458E+00
      89.0000000000000000   5.5251135161355425E+00   4.8444744297024247E+00
      90.0000000000000000   5.4779261554118461E+00   4.9233171737341079E+00
      91.0000000000000000   5.4340668131205856E+00   4.9993646850012725E+00
      91.9989999999999952   5.3933586755033378E+00   5.0725876345188832E+00
      92.0000000000000000   5.3933194144011889E+00   5.0726595703612229E+00
      92.0010000000000048   5.3932801562087853E+00   5.0727315034996980E+00
      93.0000000000000000   5.3554829306139844E+00   5.1432510283712096E+00
      94.0000000000000000   5.3203705096095923E+00   5.2111935525626905E+00
      95.0000000000000000   5.2878085917788811E+00   5.2765458040885704E+00
      96.0000000000000000   5.2576360332180094E+00   5.3393696371150643E+00
      97.0000000000000000   5.2297032509951764E+00   5.3997292607388241E+00
      98.0000000000000000   5.2038714001867641E+00   5.4576905220983525E+00
      99.0000000000000000   5.1800115942402334E+00   5.5133202960235304E+00
     100.0000000000000000   5.1580041601329079E+00   5.5666859689872483E+00
     110.0000000000000000   5.0188162601339590E+00   5.9903223394305964E+00
     120.0000000000000000   4.9802978352271490E+00   6.2553645100975546E+00
     130.0000000000000000   5.0019137044724538E+00   6.4092583491253921E+00
     140.0000000000000000   5.0616374583264978E+00   6.4856405422170544E+00
     150.0000000000000000   5.1466789293426913E+00   6.5078581237541080E+00
     160.0000000000000000   5.2491810165828490E+00   6.4921250151864554E+00
     170.0000000000000000   5.3640861750648181E+00   6.4497905598637919E+00
     180.0000000000000000   5.4880102717735841E+00   6.3888787062801988E+00
     190.0000000000000000   5.6186144504240101E+00   6.3151190348494293E+00
     200.0000000000000000   5.7512052346482898E+00   6.2437876060394917E+00
     210.0000000000000000   5.8898855416784910E+00   6.1615530670459648E+00
     220.0000000000000000   6.0298204716780548E+00   6.0805772948937067E+00
     230.0000000000000000   6.1779156243225355E+00   5.9795505459589018E+00
     240.0000000000000000   6.3260783121356203E+00   5.8826545493694784E+00
     250.0000000000000000   6.4677106005168747E+00   5.8091732537799681E+00
     260.0000000000000000   6.6160902352895823E+00   5.7190471476848446E+00
     270.0000000000000000   6.7703231682567591E+00   5.6149356785132740E+00
     279.9990000000000236   6.9181632522763250E+00   5.5327446636783089E+00
     280.0000000000000000   6.9181803357995824E+00   5.5327298608955413E+00
     280.0009999999999764   6.9181974193152236E+00   5.5327150581977884E+00
     290.0000000000000000   7.0714413629701447E+00   5.4375927614055968E+00
     294.9990000000000236   7.1450907859169730E+00   5.3996146090095829E+00
     295.0009999999999764   7.1451246330515641E+00   5.3995869042525504E+00
     300.0000000000000000   7.2187308437499738E+00   5.3623355049035277E+00
     310.0000000000000000   7.3710295248442135E+00   5.2750505766053433E+00
     320.0000000000000000   7.5227868174780594E+00   5.1916031046862949E+00
     330.0000000000000000   7.6740163363653835E+00   5.1117370200154575E+00
     340.0000000000000000   7.8247321627699415E+00   5.0352182073767437E+00
     350.0000000000000000   7.9749485843641441E+00   4.9618323184965911E+00
     360.0000000000000000   8.1246798776195064E+00   4.8913828435302671E+00
     370.0000000000000000   8.2739401288958465E+00   4.8236894399279144E+00
     380.0000000000000000   8.4227431557704318E+00   4.7585862952920222E+00
     390.0000000000000000   8.5753423374166786E+00   4.6846461662724082E+00
     400.0000000000000000   8.7231595109884630E+00   4.6246213335047557E+00
     410.0000000000000000   8.8746356636524784E+00   4.5561148291926488E+00
     420.0000000000000000   9.0215283339534924E+00   4.5005779289015040E+00
     430.0000000000000000   9.1719468250401697E+00   4.4368956093354681E+00
     440.0000000000000000   9.3218330509175793E+00   4.3755548561484554E+00
     450.0000000000000000   9.4673930783367783E+00   4.3259671369189467E+00
     460.0000000000000000   9.6163115459311932E+00   4.2686870001999440E+00
     470.0000000000000000   9.7647410722073928E+00   4.2133910541661823E+00
     472.9990000000000236   9.8076981146896074E+00   4.2007817436045363E+00
     473.0009999999999764   9.8077291875360295E+00   4.2007673700161936E+00
     480.0000000000000000   9.9126951589722374E+00   4.1599734808567739E+00
     490.0000000000000000   1.0060186813781270E+01   4.1083359140958802E+00
     500.0000000000000000   1.0207228503786270E+01   4.0583869409232669E+00
     510.0000000000000000   1.0353832193424685E+01   4.0100414563907067E+00
     520.0000000000000000   1.0500009392199340E+01   3.9632200689369586E+00
     530.0000000000000000   1.0645771177837824E+01   3.9178486106800161E+00
     540.0000000000000000   1.0791128207947416E+01   3.8738577272336707E+00
     550.0000000000000000   1.0936090721821694E+01   3.8311825197118883E+00
     550.9990000000000236   1.0951208345729929E+01   3.8254779615601464E+00
     551.0009999999999764   1.0951238607116561E+01   3.8254665593788015E+00
     560.0000000000000000   1.1080668573544942E+01   3.7897621647574260E+00
     570.0000000000000000   1.1228087470432426E+01   3.7422600750636801E+00
     580.0000000000000000   1.1371877788754377E+01   3.7033262577843056E+00
     590.0000000000000000   1.1515311328858965E+01   3.6654811063161357E+00
     600.0000000000000000   1.1658396599045256E+01   3.6286773690314074E+00
     610.0000000000000000   1.1804213519294775E+01   3.5861265800705202E+00
     620.0000000000000000   1.1946581123097646E+01   3.5514014502296916E+00
     630.0000000000000000   1.2091643533391649E+01   3.5110795486374466E+00
     640.0000000000000000   1.2233325816052806E+01   3.4782572014264272E+00
     650.0000000000000000   1.2374698095941296E+01   3.4462715793409293E+00
     659.9990000000000236   1.2518675267999438E+01   3.4089159789647057E+00
     660.0000000000000000   1.2518689943326423E+01   3.4089116748937491E+00
     660.0009999999999764   1.2518704618649954E+01   3.4089073708346134E+00
     670.0000000000000000   1.2659420406835920E+01   3.3786056886871041E+00
     680.0000000000000000   1.2802730139493812E+01   3.3430650753680373E+00
     690.0000000000000000   1.2942845485254233E+01   3.3143074078209573E+00
     700.0000000000000000   1.3085499503759371E+01   3.2804487435370175E+00
     710.0000000000000000   1.3227831726637477E+01   3.2474242536392626E+00
     720.0000000000000000   1.3367047565902315E+01   3.2208217999823905E+00
     730.0000000000000000   1.3508760538314766E+01   3.1892961842934078E+00
     740.0000000000000000   1.3647420886105323E+01   3.1639670298240890E+00
     750.0000000000000000   1.3788536439094745E+01   3.1338359915405807E+00
     760.0000000000000000   1.3929358185763311E+01   3.1043995603697030E+00
     770.0000000000000000   1.4067202132467205E+01   3.0808567496351476E+00
     780.0000000000000000   1.4207457659991102E+01   3.0526727674902774E+00
     790.0000000000000000   1.4347432779623308E+01   3.0251171468092544E+00
     800.0000000000000000   1.4487129579645686E+01   2.9981731738532833E+00
     810.0000000000000000   1.4623943596407575E+01   2.9767491256029959E+00
     820.0000000000000000   1.4763114538676577E+01   2.9508907448225092E+00
     830.0000000000000000   1.4902020652921038E+01   2.9255861932419083E+00
     840.0000000000000000   1.5040666395626227E+01   2.9008168345671290E+00
     850.0000000000000000   1.5176521994744940E+01   2.8812369389045904E+00
     860.0000000000000000   1.5314676351462463E+01   2.8574173117358068E+00
     870.0000000000000000   1.5452582089559337E+01   2.8340852039646434E+00
     880.0000000000000000   1.5590243207292010E+01   2.8112249519659649E+00
     890.0000000000000000   1.5727664671441309E+01   2.7888196428250076E+00
     900.0000000000000000   1.5864851191088517E+01   2.7668533417679821E+00
     910.0000000000000000   1.6001806473433057E+01   2.7453123626421885E+00
     920.0000000000000000   1.6136104999655625E+01   2.7284735855432589E+00
     930.0000000000000000   1.6272615426669315E+01   2.7077028704747983E+00
     940.0000000000000000   1.6408902547090918E+01   2.6873253476115306E+00
     950.0000000000000000   1.6544970007280138E+01   2.6673287747827774E+00
     960.0000000000000000   1.6680821306104043E+01   2.6477015040401084E+00
     970.0000000000000000   1.6816459676622966E+01   2.6284326621418947E+00
     980.0000000000000000   1.6951888086533422E+01   2.6095121191560655E+00
     990.0000000000000000   1.7087109314898331E+01   2.5909303326899620E+00
    1000.0000000000000000   1.7222126031485423E+01   2.5726781936463801E+00
    1100.0000000000000000   1.8563831479984795E+01   2.4029289220201338E+00
    1200.0000000000000000   1.9887506464559063E+01   2.2586943894145466E+00
    1300.0000000000000000   2.1197181286436376E+01   2.1315283297630319E+00
    1400.0000000000000000   2.2492303877529103E+01   2.0208045698676633E+00
    1500.0000000000000000   2.3776104967791788E+01   1.9209605415457260E+00
    1600.0000000000000000   2.5049618924183399E+01   1.8300741903794682E+00
    1700.0000000000000000   2.6311837577238840E+01   1.7489834414982908E+00
    1800.0000000000000000   2.7563603150192371E+01   1.6761735275931251E+00
    1900.0000000000000000   2.8807408791772311E+01   1.6084202345662342E+00
    1963.9990000000000236   2.9597278402209042E+01   1.5698907987412938E+00
    1964.0009999999999764   2.9597303250370590E+01   1.5698893827613416E+00
    2000.0000000000000000   3.0040434591224855E+01   1.5487684604948662E+00
    2034.9990000000000236   3.0471793960993448E+01   1.5271463463238295E+00
    2035.0009999999999764   3.0471818644085229E+01   1.5271450609964952E+00
    2100.0000000000000000   3.1268314333466332E+01   1.4907852969960622E+00
    2200.0000000000000000   3.2486541988829195E+01   1.4393433782761642E+00
    2300.0000000000000000   3.3697277274731682E+01   1.3919944660358314E+00
    2400.0000000000000000   3.4902467398920663E+01   1.3467461645948935E+00
    2460.9989999999997963   3.5634888224879980E+01   1.3202147755825187E+00
    2461.0010000000002037   3.5634912282943105E+01   1.3202138421379344E+00
    2500.0000000000000000   3.6100741026270342E+01   1.3049778645493202E+00
    2600.0000000000000000   3.7292687594971071E+01   1.2660938447869503E+00
    2700.0000000000000000   3.8478624550497479E+01   1.2297836897088446E+00
    2796.9989999999997963   3.9624553224701188E+01   1.1958289667274680E+00
    2797.0010000000002037   3.9624576901150178E+01   1.1958281979261667E+00
    2800.0000000000000000   3.9660128246194205E+01   1.1946346736221463E+00
    2900.0000000000000000   4.0834535921662180E+01   1.1630443973246156E+00
    3000.0000000000000000   4.2005166150259420E+01   1.1320910524900825E+00
    3053.9989999999997963   4.2634417251988189E+01   1.1167643380921717E+00
    3054.0010000000002037   4.2634440627745015E+01   1.1167636978390594E+00
    3100.0000000000000000   4.3168969985842132E+01   1.1043995259882442E+00
    3200.0000000000000000   4.4329670634323271E+01   1.0768884223495452E+00
    3300.0000000000000000   4.5485414229522775E+01   1.0510877417800033E+00
    3400.0000000000000000   4.6636607844009966E+01   1.0267132871864855E+00
    3500.0000000000000000   4.7783561370166545E+01   1.0035462850486465E+00
    3600.0000000000000000   4.8926308279389417E+01   9.8157917986482546E-01
    3700.0000000000000000   5.0066050050630395E+01   9.5989151738124112E-01
    3800.0000000000000000   5.1201068901183838E+01   9.3988246041972523E-01
    3900.0000000000000000   5.2331616879833909E+01   9.2125795240529140E-01
    4000.0000000000000000   5.3459907948197610E+01   9.0251876463895919E-01
    4100.0000000000000000   5.4583481466169886E+01   8.8542716387601372E-01
    4200.0000000000000000   5.5704981903668454E+01   8.6816385324728651E-01
    4300.0000000000000000   5.6823678229452398E+01   8.5131263448158812E-01
    4400.0000000000000000   5.7936845393437622E+01   8.3660165594774782E-01
    4500.0000000000000000   5.9048082663400670E+01   8.2169829933091998E-01
    4600.0000000000000000   6.0157239995740134E+01   8.0682502480669027E-01
    4700.0000000000000000   6.1262757064540644E+01   7.9288891526695870E-01
    4800.0000000000000000   6.2363302193377223E+01   7.8073019685537903E-01
    4900.0000000000000000   6.3463300631835089E+01   7.6771551452138109E-01
    5000.0000000000000000   6.4560511782059024E+01   7.5518837016282003E-01
    5100.0000000000000000   6.5654814112102073E+01   7.4322163937202523E-01
    5200.0000000000000000   6.6746275817312622E+01   7.3178749840464230E-01
    5300.0000000000000000   6.7834934952329547E+01   7.2087289751631078E-01
    5400.0000000000000000   6.8922718922249288E+01   7.0943426561287082E-01
    5500.0000000000000000   7.0008060829905361E+01   6.9843696349968354E-01
    5600.0000000000000000   7.1088855469692859E+01   6.8889496436223863E-01
    5700.0000000000000000   7.2167760020545558E+01   6.7941410663469892E-01
    5800.0000000000000000   7.3245366592418250E+01   6.6976636490335917E-01
    5900.0000000000000000   7.4320796843761144E+01   6.6029495014720763E-01
    6000.0000000000000000   7.5393438747536919E+01   6.5150944392162224E-01
    6100.0000000000000000   7.6464726995133148E+01   6.4261529122009342E-01
    6200.0000000000000000   7.7532771924340423E+01   6.3440201451352429E-01
    6300.0000000000000000   7.8598724590805887E+01   6.2652429527733267E-01
    6400.0000000000000000   7.9664719829184165E+01   6.1793528933398489E-01
    6500.0000000000000000   8.0727721205286713E+01   6.1000932039733025E-01
    6600.0000000000000000   8.1787900380323990E+01   6.0273220154001272E-01
    6700.0000000000000000   8.2847862525810882E+01   5.9486986206932824E-01
    6800.0000000000000000   8.3903792996270795E+01   5.8816902352627598E-01
    6900.0000000000000000   8.4959864996144603E+01   5.8080091320028693E-01
    7000.0000000000000000   8.6012661910994922E+01   5.7420378576082964E-01
    7100.0000000000000000   8.7063693386339040E+01   5.6786796839296982E-01
    7200.0000000000000000   8.8112800537238755E+01   5.6162920265481620E-01
    7300.0000000000000000   8.9159797123065360E+01   5.5587970070134052E-01
    7400.0000000000000000   9.0209194893949828E+01   5.4843319275222635E-01
    7500.0000000000000000   9.1253394295253443E+01   5.4274648645614010E-01
    7600.0000000000000000   9.2294417550459585E+01   5.3774987419014386E-01
    7700.0000000000000000   9.3338563315227546E+01   5.3092478279359767E-01
    7800.0000000000000000   9.4378104517264646E+01   5.2561271469392101E-01
    7900.0000000000000000   9.5414108677198115E+01   5.2105401043378485E-01
    8000.0000000000000000   9.6453588128388660E+01   5.1468404882441621E-01
    8100.0000000000000000   9.7486782160754714E+01   5.1035485145564174E-01
    8200.0000000000000000   9.8523089738268013E+01   5.0436648531939299E-01
    8300.0000000000000000   9.9552824112813411E+01   5.0033134437469784E-01
    8400.0000000000000000   1.0058595454729543E+02   4.9469912942904176E-01
    8500.0000000000000000   1.0161735840783432E+02   4.8930568975705668E-01
    8600.0000000000000000   1.0264264703780509E+02   4.8566042588932640E-01
    8700.0000000000000000   1.0367111467072002E+02   4.8044255363944349E-01
    8800.0000000000000000   1.0469762451174094E+02   4.7554773086058605E-01
    8900.0000000000000000   1.0571802234078257E+02   4.7259103117584972E-01
    9000.0000000000000000   1.0674345768157823E+02   4.6739854532430430E-01
    9100.0000000000000000   1.0776625681552559E+02   4.6272194630764701E-01
    9200.0000000000000000   1.0878721674442809E+02   4.5826739933288207E-01
    9300.0000000000000000   1.0980247439909456E+02   4.5540481081153761E-01
    9400.0000000000000000   1.1082004096498819E+02   4.5146805854523092E-01
    9500.0000000000000000   1.1183845775761291E+02   4.4693879432006428E-01
    9600.0000000000000000   1.1285441377105712E+02   4.4291268171676196E-01
    9700.0000000000000000   1.1386858139984038E+02   4.3915942884744286E-01
    9800.0000000000000000   1.1488180839488422E+02   4.3539253041744241E-01
    9900.0000000000000000   1.1589407171991770E+02   4.3161351196702541E-01
   10000.0000000000000000   1.1690507142205043E+02   4.2792364196960586E-01
   10875.9989999999997963   1.2571015713945276E+02   3.9917190044416417E-01
   10876.0010000000002037   1.2571017770490990E+02   3.9917167991986158E-01
   11000.0000000000000000   1.2694993935795526E+02   3.9551190187500507E-01
   12000.0000000000000000   1.3689338130340113E+02   3.6797998610790911E-01
   12389.9989999999997963   1.4074497931610273E+02   3.5826660357166684E-01
   12390.0010000000002037   1.4074499779664964E+02   3.5826688549354158E-01
   12971.9989999999997963   1.4646774939020565E+02   3.4538051330655739E-01
   12972.0010000000002037   1.4646776978505522E+02   3.4538025717640347E-01
   13000.0000000000000000   1.4674461830948354E+02   3.4404075750646218E-01
   14000.0000000000000000   1.5651329578937489E+02   3.2348830108731591E-01
   15000.0000000000000000   1.6620484577109428E+02   3.0531692903952212E-01
   16000.0000000000000000   1.7582684596235526E+02   2.8925799575347144E-01
   17000.0000000000000000   1.8538786311851595E+02   2.7410902368402701E-01
   18000.0000000000000000   1.9488312777948894E+02   2.6172337415179275E-01
   19000.0000000000000000   2.0431548156517627E+02   2.5104803380092122E-01
   20000.0000000000000000   2.1371213487307230E+02   2.3939708381173927E-01
   21000.0000000000000000   2.2305012445270924E+02   2.2980087872925634E-01
   22000.0000000000000000   2.3234154649264039E+02   2.2063247914493331E-01
   23000.0000000000000000   2.4158617206878296E+02   2.1261149180432334E-01
   24000.0000000000000000   2.5079127637851889E+02   2.0542418700531714E-01
   25000.0000000000000000   2.5996850441185234E+02   1.9741906773347012E-01
   26000.0000000000000000   2.6909540869852958E+02   1.9118737022931698E-01
   27000.0000000000000000   2.7818686015523355E+02   1.8496683218044513E-01
   28000.0000000000000000   2.8722532165667315E+02   1.8066571264156209E-01
   29000.0000000000000000   2.9626798473903995E+02   1.7412382657935052E-01
   30000.0000000000000000   3.0524782143230067E+02   1.7032299626399713E-01
   31000.0000000000000000   3.1422922449004460E+02   1.6445841785599258E-01
   32000.0000000000000000   3.2314034659769158E+02   1.6146375283506542E-01
   33000.0000000000000000   3.3204964542484572E+02   1.5588662452674049E-01
   34000.0000000000000000   3.4092781304845931E+02   1.5191114742035330E-01
   35000.0000000000000000   3.4976505071835112E+02   1.4957890711326188E-01
   36000.0000000000000000   3.5860826503050265E+02   1.4433102969806963E-01
   37000.0000000000000000   3.6742755939100545E+02   1.4084862598022843E-01
   38000.0000000000000000   3.7621410803299710E+02   1.3735814367302257E-01
   39000.0000000000000000   3.8494455489038262E+02   1.3472266256557186E-01
   40000.0000000000000000   3.9368234684716231E+02   1.3335942933024034E-01
   41000.0000000000000000   4.0238471734010659E+02   1.3056831963989998E-01
   42000.0000000000000000   4.1109526900370952E+02   1.2656299115022246E-01
   43000.0000000000000000   4.1973467925921062E+02   1.2501539758484359E-01
   44000.0000000000000000   4.2842192256740816E+02   1.2185280551099499E-01
   45000.0000000000000000   4.3705396449074163E+02   1.1837790298345931E-01
   46000.0000000000000000   4.4561614595470877E+02   1.1844059213751951E-01
   47000.0000000000000000   4.5423979311574391E+02   1.1531407713044833E-01
   48000.0000000000000000   4.6284099390089904E+02   1.1239463871362709E-01
   49000.0000000000000000   4.7140794461275567E+02   1.1030924573244087E-01
   50000.0000000000000000   4.7995678643443568E+02   1.0807755586327092E-01
   73875.9989999999961583   6.7969464430545520E+02   7.8035805558370142E-02
   73876.0010000000038417   6.7969465957916418E+02   7.8035870513262981E-02
