       0.1000000000000000   2.0438477117852153E+03
       0.2000000000000000   1.2827987053514755E+03
       0.3000000000000000   9.2930096118766721E+02
       0.4000000000000000   7.3276127207714364E+02
       0.5000000000000000   6.0521176137000077E+02
       0.6000000000000000   5.1615451229388964E+02
       0.7000000000000000   4.5058260654730572E+02
       0.7999999999999999   4.0033709249953847E+02
       0.8999999999999999   3.6072996004812791E+02
       0.9999999999999999   3.2861097092460261E+02
       2.0000000000000000   1.7989517425058341E+02
       3.0000000000000000   1.2839880805107964E+02
       4.0000000000000000   1.0200225820427409E+02
       5.0000000000000000   8.5793329665304981E+01
       6.0000000000000000   7.4733439743140920E+01
       7.0000000000000000   6.6652570772166541E+01
       8.0000000000000000   6.0454312286675993E+01
       9.0000000000000000   5.5525105162718155E+01
      10.0000000000000000   5.1492891347483202E+01
      11.0000000000000000   4.8120031329467622E+01
      12.0000000000000000   4.5246741210194124E+01
      13.0000000000000000   4.2762083584938296E+01
      14.0000000000000000   4.0585327732575479E+01
      15.0000000000000000   3.8657061560746946E+01
      16.0000000000000000   3.6932662260329522E+01
      17.0000000000000000   3.5377386932130719E+01
      18.0000000000000000   3.3964227827475533E+01
      19.0000000000000000   3.2671647127449759E+01
      20.0000000000000000   3.1482248033643796E+01
      21.0000000000000000   3.0381823838535428E+01
      22.0000000000000000   2.9358761258201238E+01
      23.0000000000000000   2.8403367415194278E+01
      24.0000000000000000   2.7507467306219997E+01
      25.0000000000000000   2.6664176675382866E+01
      26.0000000000000000   2.5867628599337742E+01
      27.0000000000000000   2.5112794125598189E+01
      28.0000000000000000   2.4395344256981453E+01
      29.0000000000000000   2.3711513253334719E+01
      30.0000000000000000   2.3058028576332696E+01
      31.0000000000000000   2.2432015742869432E+01
      32.0000000000000000   2.1830960492257301E+01
      33.0000000000000000   2.1252631933908035E+01
      34.0000000000000000   2.0695058786923084E+01
      35.0000000000000000   2.0156488699198860E+01
      36.0000000000000000   1.9635360975153571E+01
      37.0000000000000000   1.9130282015255062E+01
      38.0000000000000000   1.8640005375213473E+01
      39.0000000000000000   1.8163414171080490E+01
      40.0000000000000000   1.7699508995493407E+01
      41.0000000000000000   1.7247393067995169E+01
      42.0000000000000000   1.6806264093685837E+01
      43.0000000000000000   1.6375405756499241E+01
      44.0000000000000000   1.5954181917093390E+01
      45.0000000000000000   1.5542028675612322E+01
      46.0000000000000000   1.5138452110602922E+01
      47.0000000000000000   1.4743024328848181E+01
      48.0000000000000000   1.4355381249546827E+01
      48.9990000000000023   1.3975597456083140E+01
      49.0000000000000000   1.3975220716693297E+01
      49.0009999999999977   1.3974844216214658E+01
      50.0000000000000000   1.3598317697978207E+01
      51.0000000000000000   1.3225769090365031E+01
      52.0000000000000000   1.2858929083315070E+01
      53.0000000000000000   1.2498363539825181E+01
      53.9990000000000023   1.2144806225958135E+01
      54.0000000000000000   1.2144455123782372E+01
      54.0009999999999977   1.2144104953752359E+01
      55.0000000000000000   1.1793122151078911E+01
      55.9990000000000023   1.1446480131382989E+01
      56.0000000000000000   1.1446137312002955E+01
      56.0009999999999977   1.1445792684809375E+01
      57.0000000000000000   1.1102862872549935E+01
      58.0000000000000000   1.0765209098039113E+01
      59.0000000000000000   1.0434938015182523E+01
      60.0000000000000000   1.0113123343524762E+01
      60.9990000000000023   9.8008989472336143E+00
      61.0000000000000000   9.8005907229651399E+00
      61.0009999999999977   9.8002812874870404E+00
      62.0000000000000000   9.4975386736652769E+00
      63.0000000000000000   9.2047231315765448E+00
      64.0000000000000000   8.9227954186561256E+00
      65.0000000000000000   8.6522243147097981E+00
      66.0000000000000000   8.3933421843590832E+00
      67.0000000000000000   8.1463752921353230E+00
      68.0000000000000000   7.9114277028991742E+00
      69.0000000000000000   7.6885077902545884E+00
      70.0000000000000000   7.4775082140298128E+00
      71.0000000000000000   7.2782363942666404E+00
      72.0000000000000000   7.0904103183410081E+00
      73.0000000000000000   6.9136702132466379E+00
      74.0000000000000000   6.7476076837062777E+00
      75.0000000000000000   6.5917589990143268E+00
      76.0000000000000000   6.4456351042280842E+00
      77.0000000000000000   6.3087258627771750E+00
      78.0000000000000000   6.1805152631811326E+00
      79.0000000000000000   6.0604841914799774E+00
      80.0000000000000000   5.9481232765045462E+00
      81.0000000000000000   5.8429419177423023E+00
      82.0000000000000000   5.7444637862532488E+00
      83.0000000000000000   5.6522372775335441E+00
      84.0000000000000000   5.5658365703187718E+00
      85.0000000000000000   5.4848523884547413E+00
      86.0000000000000000   5.4089123164331712E+00
      87.0000000000000000   5.3376582585677195E+00
      88.0000000000000000   5.2707657058101578E+00
      89.0000000000000000   5.2079269192243132E+00
      90.0000000000000000   5.1488589056572325E+00
      91.0000000000000000   5.0932994507322702E+00
      91.9989999999999952   5.0410562478778278E+00
      92.0000000000000000   5.0410055413651778E+00
      92.0010000000000048   5.0409548261507595E+00
      93.0000000000000000   4.9917178496832895E+00
      94.0000000000000000   4.9452375730016493E+00
      95.0000000000000000   4.9013840939840856E+00
      96.0000000000000000   4.8599862802669556E+00
      97.0000000000000000   4.8208814907669764E+00
      98.0000000000000000   4.7839228475845967E+00
      99.0000000000000000   4.7489719386090803E+00
     100.0000000000000000   4.7159015302603429E+00
     110.0000000000000000   4.4665353089846684E+00
     120.0000000000000000   4.3172487071707897E+00
     130.0000000000000000   4.2275469571902438E+00
     140.0000000000000000   4.1763775766170506E+00
     150.0000000000000000   4.1519406424826615E+00
     160.0000000000000000   4.1470999972424787E+00
     170.0000000000000000   4.1572158012016072E+00
     180.0000000000000000   4.1790758686734266E+00
     190.0000000000000000   4.2103447099314062E+00
     200.0000000000000000   4.2476535079253024E+00
     210.0000000000000000   4.2925851723919424E+00
     220.0000000000000000   4.3418840568048234E+00
     230.0000000000000000   4.3985931713913686E+00
     240.0000000000000000   4.4580681728236593E+00
     250.0000000000000000   4.5167815840688137E+00
     260.0000000000000000   4.5809837618949381E+00
     270.0000000000000000   4.6498419254303176E+00
     279.9990000000000236   4.7173284866033285E+00
     280.0000000000000000   4.7173363824510446E+00
     280.0009999999999764   4.7173442786049300E+00
     290.0000000000000000   4.7887363255358162E+00
     294.9990000000000236   4.8235353199883146E+00
     295.0009999999999764   4.8235513022833194E+00
     300.0000000000000000   4.8586168341140112E+00
     310.0000000000000000   4.9318266588635549E+00
     320.0000000000000000   5.0057249248489324E+00
     330.0000000000000000   5.0802218497871268E+00
     340.0000000000000000   5.1552361815978323E+00
     350.0000000000000000   5.2306957230412845E+00
     360.0000000000000000   5.3065366355681922E+00
     370.0000000000000000   5.3827023721271994E+00
     380.0000000000000000   5.4591431389509566E+00
     390.0000000000000000   5.5375832690989508E+00
     400.0000000000000000   5.6143892266051436E+00
     410.0000000000000000   5.6930320245967705E+00
     420.0000000000000000   5.7700739205322833E+00
     430.0000000000000000   5.8488122807790965E+00
     440.0000000000000000   5.9275508257281704E+00
     450.0000000000000000   6.0047403077199188E+00
     460.0000000000000000   6.0834585659648610E+00
     470.0000000000000000   6.1621310233999615E+00
     472.9990000000000236   6.1851321738328124E+00
     473.0009999999999764   6.1851484791700519E+00
     480.0000000000000000   6.2407382202878274E+00
     490.0000000000000000   6.3192627513804416E+00
     500.0000000000000000   6.3977012996128924E+00
     510.0000000000000000   6.4760477327399650E+00
     520.0000000000000000   6.5542964129187968E+00
     530.0000000000000000   6.6324424574572243E+00
     540.0000000000000000   6.7104817461040165E+00
     550.0000000000000000   6.7884109203920229E+00
     550.9990000000000236   6.7964430351190801E+00
     551.0009999999999764   6.7964591148881084E+00
     560.0000000000000000   6.8662230074470028E+00
     570.0000000000000000   6.9451457859391308E+00
     580.0000000000000000   7.0226960793566278E+00
     590.0000000000000000   7.1001258228518287E+00
     600.0000000000000000   7.1774345257471879E+00
     610.0000000000000000   7.2557824368920381E+00
     620.0000000000000000   7.3328278404622100E+00
     630.0000000000000000   7.4108864951266744E+00
     640.0000000000000000   7.4876709059795719E+00
     650.0000000000000000   7.5643355450015735E+00
     659.9990000000000236   7.6413809850009722E+00
     660.0000000000000000   7.6413889471986947E+00
     660.0009999999999764   7.6413969094155982E+00
     670.0000000000000000   7.7180735002795187E+00
     680.0000000000000000   7.7956842008924045E+00
     690.0000000000000000   7.8714208587750374E+00
     700.0000000000000000   7.9487252585368386E+00
     710.0000000000000000   8.0258758027975041E+00
     720.0000000000000000   8.1009272389079978E+00
     730.0000000000000000   8.1768847078772922E+00
     740.0000000000000000   8.2524758379542025E+00
     750.0000000000000000   8.3290052986185259E+00
     760.0000000000000000   8.4059702029680388E+00
     770.0000000000000000   8.4796213061642760E+00
     780.0000000000000000   8.5562450025224592E+00
     790.0000000000000000   8.6321008569970683E+00
     800.0000000000000000   8.7080955876032160E+00
     810.0000000000000000   8.7833187467412639E+00
     820.0000000000000000   8.8584351206255167E+00
     830.0000000000000000   8.9331122785850816E+00
     840.0000000000000000   9.0087999951429385E+00
     850.0000000000000000   9.0828573999364401E+00
     860.0000000000000000   9.1582412840012779E+00
     870.0000000000000000   9.2334721392805719E+00
     880.0000000000000000   9.3085530310090423E+00
     890.0000000000000000   9.3832046099909494E+00
     900.0000000000000000   9.4579973090359868E+00
     910.0000000000000000   9.5326493173381177E+00
     920.0000000000000000   9.6063024671931494E+00
     930.0000000000000000   9.6798723897747543E+00
     940.0000000000000000   9.7541265166462026E+00
     950.0000000000000000   9.8282494292452824E+00
     960.0000000000000000   9.9022436120093609E+00
     970.0000000000000000   9.9761114758695069E+00
     980.0000000000000000   1.0050639823787741E+01
     990.0000000000000000   1.0124255998188181E+01
    1000.0000000000000000   1.0197752248548548E+01
    1100.0000000000000000   1.0928991923756685E+01
    1200.0000000000000000   1.1651319950964115E+01
    1300.0000000000000000   1.2368056051038733E+01
    1400.0000000000000000   1.3076332439201421E+01
    1500.0000000000000000   1.3780149097904937E+01
    1600.0000000000000000   1.4476662981473844E+01
    1700.0000000000000000   1.5169347053567645E+01
    1800.0000000000000000   1.5855961489466678E+01
    1900.0000000000000000   1.6538984707012617E+01
    1963.9990000000000236   1.6971424443146187E+01
    1964.0009999999999764   1.6971438240313013E+01
    2000.0000000000000000   1.7216353185969066E+01
    2034.9990000000000236   1.7452408614231565E+01
    2035.0009999999999764   1.7452422325759695E+01
    2100.0000000000000000   1.7890029948779283E+01
    2200.0000000000000000   1.8558666545306966E+01
    2300.0000000000000000   1.9224888535410582E+01
    2400.0000000000000000   1.9887569274616258E+01
    2460.9989999999997963   2.0289290026467224E+01
    2461.0010000000002037   2.0289303367882869E+01
    2500.0000000000000000   2.0546353596817259E+01
    2600.0000000000000000   2.1201502720989716E+01
    2700.0000000000000000   2.1853362640782134E+01
    2796.9989999999997963   2.2483983918622553E+01
    2797.0010000000002037   2.2483997028250975E+01
    2800.0000000000000000   2.2503669697271665E+01
    2900.0000000000000000   2.3148950590336547E+01
    3000.0000000000000000   2.3792966078588023E+01
    3053.9989999999997963   2.4138884915824327E+01
    3054.0010000000002037   2.4138897854863920E+01
    3100.0000000000000000   2.4433619640131941E+01
    3200.0000000000000000   2.5070735924325255E+01
    3300.0000000000000000   2.5706228360225840E+01
    3400.0000000000000000   2.6339024192426240E+01
    3500.0000000000000000   2.6970140501346581E+01
    3600.0000000000000000   2.7598683912775897E+01
    3700.0000000000000000   2.8224569215112293E+01
    3800.0000000000000000   2.8848153483874597E+01
    3900.0000000000000000   2.9470272905720439E+01
    4000.0000000000000000   3.0089629340816010E+01
    4100.0000000000000000   3.0707496534340915E+01
    4200.0000000000000000   3.1323426722390455E+01
    4300.0000000000000000   3.1937904158731794E+01
    4400.0000000000000000   3.2549918173146779E+01
    4500.0000000000000000   3.3160726521189304E+01
    4600.0000000000000000   3.3768795317275966E+01
    4700.0000000000000000   3.4375668546997929E+01
    4800.0000000000000000   3.4980470985652723E+01
    4900.0000000000000000   3.5584851781981648E+01
    5000.0000000000000000   3.6187159790093716E+01
    5100.0000000000000000   3.6788083069852263E+01
    5200.0000000000000000   3.7387222679280278E+01
    5300.0000000000000000   3.7984657345302011E+01
    5400.0000000000000000   3.8581401690869058E+01
    5500.0000000000000000   3.9177430886906066E+01
    5600.0000000000000000   3.9770827430512412E+01
    5700.0000000000000000   4.0362437684201133E+01
    5800.0000000000000000   4.0953523392621470E+01
    5900.0000000000000000   4.1544462574675499E+01
    6000.0000000000000000   4.2132262481308899E+01
    6100.0000000000000000   4.2719939176277613E+01
    6200.0000000000000000   4.3306295037330877E+01
    6300.0000000000000000   4.3890616714576744E+01
    6400.0000000000000000   4.4475618589145327E+01
    6500.0000000000000000   4.5058139583739802E+01
    6600.0000000000000000   4.5640236621011930E+01
    6700.0000000000000000   4.6221133687419560E+01
    6800.0000000000000000   4.6800882836987171E+01
    6900.0000000000000000   4.7379414738932617E+01
    7000.0000000000000000   4.7957149534671835E+01
    7100.0000000000000000   4.8533537863523726E+01
    7200.0000000000000000   4.9108937375149047E+01
    7300.0000000000000000   4.9683073175811963E+01
    7400.0000000000000000   5.0257864081705655E+01
    7500.0000000000000000   5.0830970656722442E+01
    7600.0000000000000000   5.1401279882145424E+01
    7700.0000000000000000   5.1973540839870800E+01
    7800.0000000000000000   5.2544010844505600E+01
    7900.0000000000000000   5.3112662063556876E+01
    8000.0000000000000000   5.3681010100275053E+01
    8100.0000000000000000   5.4248197745516038E+01
    8200.0000000000000000   5.4816139496597678E+01
    8300.0000000000000000   5.5381662271294971E+01
    8400.0000000000000000   5.5947153875552331E+01
    8500.0000000000000000   5.6511566561127097E+01
    8600.0000000000000000   5.7074125844601603E+01
    8700.0000000000000000   5.7637728684762159E+01
    8800.0000000000000000   5.8200251897491398E+01
    8900.0000000000000000   5.8760651757150107E+01
    9000.0000000000000000   5.9322066313433808E+01
    9100.0000000000000000   5.9882126706684481E+01
    9200.0000000000000000   6.0441367597733290E+01
    9300.0000000000000000   6.0998786409519383E+01
    9400.0000000000000000   6.1556579491553933E+01
    9500.0000000000000000   6.2114304623726824E+01
    9600.0000000000000000   6.2670853915700029E+01
    9700.0000000000000000   6.3226627011932827E+01
    9800.0000000000000000   6.3781695414591525E+01
    9900.0000000000000000   6.4336255081271418E+01
   10000.0000000000000000   6.4890117118624943E+01
   10875.9989999999997963   6.9714373168567619E+01
   10876.0010000000002037   6.9714384337541645E+01
   11000.0000000000000000   7.0393474971814200E+01
   12000.0000000000000000   7.5840861219883649E+01
   12389.9989999999997963   7.7950813727911324E+01
   12390.0010000000002037   7.7950824179013907E+01
   12971.9989999999997963   8.1085052387249746E+01
   12972.0010000000002037   8.1085063400411840E+01
   13000.0000000000000000   8.1236482374962080E+01
   14000.0000000000000000   8.6585576334039743E+01
   15000.0000000000000000   9.1892014115266761E+01
   16000.0000000000000000   9.7159360626212916E+01
   17000.0000000000000000   1.0239173187100812E+02
   18000.0000000000000000   1.0758893726486086E+02
   19000.0000000000000000   1.1275239563456299E+02
   20000.0000000000000000   1.1789142770403650E+02
   21000.0000000000000000   1.2300054718150182E+02
   22000.0000000000000000   1.2808220235733981E+02
   23000.0000000000000000   1.3313897807832166E+02
   24000.0000000000000000   1.3817325229328583E+02
   25000.0000000000000000   1.4318860337295334E+02
   26000.0000000000000000   1.4817921767229140E+02
   27000.0000000000000000   1.5315039952348081E+02
   28000.0000000000000000   1.5809571071609139E+02
   29000.0000000000000000   1.6303345568292232E+02
   30000.0000000000000000   1.6794504567578747E+02
   31000.0000000000000000   1.7284892333414149E+02
   32000.0000000000000000   1.7772367314361824E+02
   33000.0000000000000000   1.8259059194602571E+02
   34000.0000000000000000   1.8744174445629341E+02
   35000.0000000000000000   1.9227345903637308E+02
   36000.0000000000000000   1.9710063969753486E+02
   37000.0000000000000000   2.0191361450479752E+02
   38000.0000000000000000   2.0671158810794481E+02
   39000.0000000000000000   2.1148642101444153E+02
   40000.0000000000000000   2.1625704452995390E+02
   41000.0000000000000000   2.2101229520435007E+02
   42000.0000000000000000   2.2576462740385398E+02
   43000.0000000000000000   2.3048952382294391E+02
   44000.0000000000000000   2.3522342984586854E+02
   45000.0000000000000000   2.3993721103662739E+02
   46000.0000000000000000   2.4462331869860142E+02
   47000.0000000000000000   2.4932518744337207E+02
   48000.0000000000000000   2.5401466970358013E+02
   49000.0000000000000000   2.5869001446123690E+02
   50000.0000000000000000   2.6335460220461948E+02
   73875.9989999999961583   3.7233635218401838E+02
   73876.0010000000038417   3.7233636077825554E+02
