       0.1000000000000000   2.8005282606530056E+01   1.0399010356409448E-03
       0.2000000000000000   2.4576031144012159E+01   2.0379129347679573E-03
       0.3000000000000000   2.3399571752781306E+01   3.0332689517802926E-03
       0.4000000000000000   2.2917456307862487E+01   3.9874171766606844E-03
       0.5000000000000000   2.2650278129846789E+01   4.9334429226474399E-03
       0.6000000000000000   2.2487674274524441E+01   5.8726977202827090E-03
       0.7000000000000000   2.2387001839346816E+01   6.8064506278777605E-03
       0.7999999999999999   2.2324475661010659E+01   7.7355479314768355E-03
       0.8999999999999999   2.2289178131983398E+01   8.6577811461585330E-03
       0.9999999999999999   2.2270493825913043E+01   9.5770311032620861E-03
       2.0000000000000000   2.2438447305023701E+01   1.8563740604724821E-02
       3.0000000000000000   2.2729416555675790E+01   2.7315689932632541E-02
       4.0000000000000000   2.2989368106158736E+01   3.5959006626702060E-02
       5.0000000000000000   2.3194705583403078E+01   4.4586064126086941E-02
       6.0000000000000000   2.3344791740785080E+01   5.3269925305466620E-02
       7.0000000000000000   2.3446311645196857E+01   6.2058654461378648E-02
       8.0000000000000000   2.3504877429172073E+01   7.0991724941005058E-02
       9.0000000000000000   2.3526257591228433E+01   8.0100330290833632E-02
      10.0000000000000000   2.3514928404392919E+01   8.9413098665724791E-02
      11.0000000000000000   2.3475317121553566E+01   9.8952663626984141E-02
      12.0000000000000000   2.3411054269886272E+01   1.0873828448117578E-01
      13.0000000000000000   2.3325727496955352E+01   1.1878488517828732E-01
      14.0000000000000000   2.3221781810557545E+01   1.2910938503451744E-01
      15.0000000000000000   2.3101524933358462E+01   1.3972669653410866E-01
      16.0000000000000000   2.2967188419928164E+01   1.5064847655929092E-01
      17.0000000000000000   2.2820391621233906E+01   1.6188838346030535E-01
      18.0000000000000000   2.2662851084471367E+01   1.7345779683004528E-01
      19.0000000000000000   2.2495847368777053E+01   1.8536793193488105E-01
      20.0000000000000000   2.2320593756465726E+01   1.9763045102768598E-01
      21.0000000000000000   2.2138083981428647E+01   2.1025721486630083E-01
      22.0000000000000000   2.1949301504225385E+01   2.2325868844145871E-01
      23.0000000000000000   2.1755087146644204E+01   2.3664561837631432E-01
      24.0000000000000000   2.1556117349139765E+01   2.5042995556744568E-01
      25.0000000000000000   2.1353031651353422E+01   2.6462326092731975E-01
      26.0000000000000000   2.1146394555684548E+01   2.7923745462760791E-01
      27.0000000000000000   2.0936701352332225E+01   2.9428482433006364E-01
      28.0000000000000000   2.0724405416943700E+01   3.0977789044746129E-01
      29.0000000000000000   2.0509880405850495E+01   3.2572991176053973E-01
      30.0000000000000000   2.0293485585326078E+01   3.4215448307078028E-01
      31.0000000000000000   2.0075508576527529E+01   3.5906604499651779E-01
      32.0000000000000000   1.9856240300891137E+01   3.7647924383532894E-01
      33.0000000000000000   1.9635903875422255E+01   3.9440985064016315E-01
      34.0000000000000000   1.9414713993830507E+01   4.1287425023688101E-01
      35.0000000000000000   1.9192853241423119E+01   4.3188967192613076E-01
      36.0000000000000000   1.8970483275716813E+01   4.5147422504792650E-01
      37.0000000000000000   1.8747745261560279E+01   4.7164697168595776E-01
      38.0000000000000000   1.8524765518538608E+01   4.9242798872535204E-01
      39.0000000000000000   1.8301650242922495E+01   5.1383845927936000E-01
      40.0000000000000000   1.8078496273997061E+01   5.3590065484004734E-01
      41.0000000000000000   1.7855384529703446E+01   5.5863813506729021E-01
      42.0000000000000000   1.7632385117644009E+01   5.8207574486700686E-01
      43.0000000000000000   1.7409560039220921E+01   6.0623972522145775E-01
      44.0000000000000000   1.7186963218840120E+01   6.3115767913813448E-01
      45.0000000000000000   1.6964638271391049E+01   6.5685886609893662E-01
      46.0000000000000000   1.6742623867634336E+01   6.8337413644071288E-01
      47.0000000000000000   1.6520953002622900E+01   7.1073606663577882E-01
      48.0000000000000000   1.6299653743774158E+01   7.3897904741261422E-01
      49.0000000000000000   1.6078750471945938E+01   7.6813938566477480E-01
      50.0000000000000000   1.5858264152325743E+01   7.9825539808719381E-01
      51.0000000000000000   1.5638212489419569E+01   8.2936752716942297E-01
      52.0000000000000000   1.5418612000158667E+01   8.6151843074551815E-01
      53.0000000000000000   1.5199477383158017E+01   8.9475308923884889E-01
      54.0000000000000000   1.4980822760632833E+01   9.2911890746613268E-01
      55.0000000000000000   1.4762661494074305E+01   9.6466584351449214E-01
      56.0000000000000000   1.4545007811841142E+01   1.0014465494297864E+00
      57.0000000000000000   1.4327879615269612E+01   1.0395159653912336E+00
      58.0000000000000000   1.4111292429979896E+01   1.0789322891813757E+00
      59.0000000000000000   1.3895264144680704E+01   1.1197565694454952E+00
      60.0000000000000000   1.3679820176665801E+01   1.1620521735351541E+00
      61.0000000000000000   1.3464984751575166E+01   1.2058859218274436E+00
      62.0000000000000000   1.3250787849835827E+01   1.2513273167164574E+00
      63.0000000000000000   1.3037264706000128E+01   1.2984486688171506E+00
      64.0000000000000000   1.2824455924788571E+01   1.3473249865541004E+00
      65.0000000000000000   1.2612408681938064E+01   1.3980337996421417E+00
      66.0000000000000000   1.2401177414758875E+01   1.4506549091764465E+00
      67.0000000000000000   1.2190824627752871E+01   1.5052700479210741E+00
      68.0000000000000000   1.1981421788056208E+01   1.5619624351194852E+00
      69.0000000000000000   1.1773050154163762E+01   1.6208162103597175E+00
      70.0000000000000000   1.1565801579662915E+01   1.6819157258236130E+00
      71.0000000000000000   1.1359779295754469E+01   1.7453446856416590E+00
      72.0000000000000000   1.1155098696591836E+01   1.8111851091408624E+00
      73.0000000000000000   1.0951887949280129E+01   1.8795161096587789E+00
      74.0000000000000000   1.0750288476413578E+01   1.9504124778201848E+00
      75.0000000000000000   1.0550454997730764E+01   2.0239431193519413E+00
      76.0000000000000000   1.0352556585159325E+01   2.1001690402332165E+00
      77.0000000000000000   1.0156774830413974E+01   2.1791416852209462E+00
      78.0000000000000000   9.9633042533530514E+00   2.2609006093900219E+00
      79.0000000000000000   9.7723509510966835E+00   2.3454713250812649E+00
      80.0000000000000000   9.5841310406988054E+00   2.4328630736322587E+00
      81.0000000000000000   9.3988685818914828E+00   2.5230666602740248E+00
      82.0000000000000000   9.2167930293781719E+00   2.6160524529301368E+00
      83.0000000000000000   9.0381361383366929E+00   2.7117686558684420E+00
      84.0000000000000000   8.8631284374343906E+00   2.8101399754068623E+00
      85.0000000000000000   8.6919954259331309E+00   2.9110667859662684E+00
      86.0000000000000000   8.5249535170214532E+00   3.0144248930478570E+00
      87.0000000000000000   8.3622059492971150E+00   3.1200659695025008E+00
      88.0000000000000000   8.2039389256829978E+00   3.2278186484135296E+00
      89.0000000000000000   8.0503178777563917E+00   3.3374903898049419E+00
      90.0000000000000000   7.9014844274120053E+00   3.4488699011058164E+00
      91.0000000000000000   7.7575539227507653E+00   3.5617301438524027E+00
      92.0000000000000000   7.6186137218326966E+00   3.6758317491852135E+00
      93.0000000000000000   7.4847222920834406E+00   3.7909267003600156E+00
      94.0000000000000000   7.3559091225336539E+00   3.9067621225819114E+00
      95.0000000000000000   7.2321754029129544E+00   4.0230840240077264E+00
      96.0000000000000000   7.1134953842088491E+00   4.1396408470985389E+00
      97.0000000000000000   6.9998183035574897E+00   4.2561867137547811E+00
      98.0000000000000000   6.8910707363607164E+00   4.3724842774496580E+00
      99.0000000000000000   6.7871592601260708E+00   4.4883071258846181E+00
     100.0000000000000000   6.6879732363257673E+00   4.6034417111099932E+00
     110.0000000000000000   5.9246874666907363E+00   5.6808633962759600E+00
     120.0000000000000000   5.4723319902134229E+00   6.5637923318991112E+00
     130.0000000000000000   5.2109407479189054E+00   7.2399893811352545E+00
     140.0000000000000000   5.0664430623054972E+00   7.7388873314510187E+00
     150.0000000000000000   4.9959798072662700E+00   8.0968915334137552E+00
     160.0000000000000000   4.9743562849141858E+00   8.3460905990697789E+00
     170.0000000000000000   4.9861961277607074E+00   8.5120876935735375E+00
     180.0000000000000000   5.0217287237001731E+00   8.6145936887598555E+00
     190.0000000000000000   5.0745082932022365E+00   8.6686040263099837E+00
     200.0000000000000000   5.1401387157718412E+00   8.6855079056308337E+00
     210.0000000000000000   5.2155335306682673E+00   8.6739809119090907E+00
     220.0000000000000000   5.2984704378898106E+00   8.6406642496254875E+00
     230.0000000000000000   5.3873138553858579E+00   8.5906706333034002E+00
     240.0000000000000000   5.4808367203747306E+00   8.5279586742565332E+00
     250.0000000000000000   5.5781028534859800E+00   8.4556100860910757E+00
     260.0000000000000000   5.6697601713964305E+00   8.4108990344671959E+00
     270.0000000000000000   5.7794974301042474E+00   8.3015101229006252E+00
     280.0000000000000000   5.8813905630629710E+00   8.2278763666476493E+00
     290.0000000000000000   5.9841946418860097E+00   8.1543991705455046E+00
     300.0000000000000000   6.0950846243650529E+00   8.0516635246212207E+00
     310.0000000000000000   6.2060371152677281E+00   7.9520894725165157E+00
     320.0000000000000000   6.3170153661377464E+00   7.8555831212829919E+00
     330.0000000000000000   6.4279897230596559E+00   7.7620433183034043E+00
     340.0000000000000000   6.5389361134345370E+00   7.6713654114029923E+00
     350.0000000000000000   6.6498349873855762E+00   7.5834434664050310E+00
     360.0000000000000000   6.7606704746040496E+00   7.4981719692503708E+00
     370.0000000000000000   6.8714296149125786E+00   7.4154472871983090E+00
     380.0000000000000000   6.9821019043395731E+00   7.3351682042618016E+00
     390.0000000000000000   7.0981717828637683E+00   7.2359132456747615E+00
     400.0000000000000000   7.2084750940364035E+00   7.1609206128305356E+00
     410.0000000000000000   7.3239095887912509E+00   7.0680016462997592E+00
     420.0000000000000000   7.4338447416434352E+00   6.9977900492592182E+00
     430.0000000000000000   7.5486628728773359E+00   6.9105999000433345E+00
     440.0000000000000000   7.6631390421694254E+00   6.8263219653702381E+00
     450.0000000000000000   7.7724587739885669E+00   6.7627270774718351E+00
     460.0000000000000000   7.8863534932177881E+00   6.6833772386233115E+00
     470.0000000000000000   7.9999270734745487E+00   6.6065418896719992E+00
     480.0000000000000000   8.1131868381550412E+00   6.5320982693219536E+00
     490.0000000000000000   8.2261400031120839E+00   6.4599315075301256E+00
     500.0000000000000000   8.3387936569564314E+00   6.3899340076414797E+00
     510.0000000000000000   8.4511547342209283E+00   6.3220049095063144E+00
     520.0000000000000000   8.5632300100661976E+00   6.2560495761364781E+00
     530.0000000000000000   8.6750260967333812E+00   6.1919791055861060E+00
     540.0000000000000000   8.7865494291197752E+00   6.1297099320723651E+00
     550.0000000000000000   8.8978062499250150E+00   6.0691634757612540E+00
     560.0000000000000000   9.0088026420872307E+00   6.0102656812227613E+00
     570.0000000000000000   9.1234894003686069E+00   5.9394223394813404E+00
     580.0000000000000000   9.2339172144525286E+00   5.8838955153685122E+00
     590.0000000000000000   9.3441028480208672E+00   5.8298094122453641E+00
     600.0000000000000000   9.4540516445121572E+00   5.7771058495297565E+00
     610.0000000000000000   9.5675070894151055E+00   5.7132354348773235E+00
     620.0000000000000000   9.6769356833286828E+00   5.6633767023075414E+00
     630.0000000000000000   9.7898053819778639E+00   5.6026923558551207E+00
     640.0000000000000000   9.8987363534855355E+00   5.5554491402091015E+00
     650.0000000000000000   1.0007456830425911E+01   5.5093255739817781E+00
     660.0000000000000000   1.0119497879788113E+01   5.4528714334097321E+00
     670.0000000000000000   1.0227751547803289E+01   5.4090706764698488E+00
     680.0000000000000000   1.0339261883212657E+01   5.3552385043909565E+00
     690.0000000000000000   1.0447068109531259E+01   5.3135856061235280E+00
     700.0000000000000000   1.0558067535998568E+01   5.2621860347088170E+00
     710.0000000000000000   1.0668810918209619E+01   5.2120193690834720E+00
     720.0000000000000000   1.0775951801529787E+01   5.1733851682929179E+00
     730.0000000000000000   1.0886211896936006E+01   5.1253960148929201E+00
     740.0000000000000000   1.0992949542131731E+01   5.0885383393427510E+00
     750.0000000000000000   1.1102743621183748E+01   5.0425791198729550E+00
     760.0000000000000000   1.1212303336039822E+01   4.9976540962565208E+00
     770.0000000000000000   1.1318438050841921E+01   4.9633120879350896E+00
     780.0000000000000000   1.1427555789325938E+01   4.9202168334384533E+00
     790.0000000000000000   1.1536450986062439E+01   4.8780559610222918E+00
     800.0000000000000000   1.1645127087408772E+01   4.8367988061586944E+00
     810.0000000000000000   1.1750491511510591E+01   4.8054740460336447E+00
     820.0000000000000000   1.1858755023131902E+01   4.7658167577930097E+00
     830.0000000000000000   1.1966809827546937E+01   4.7269806449190002E+00
     840.0000000000000000   1.2074658820345363E+01   4.6889406173226655E+00
     850.0000000000000000   1.2179307831144143E+01   4.6602510458280415E+00
     860.0000000000000000   1.2286771036040465E+01   4.6236175323203668E+00
     870.0000000000000000   1.2394038038808295E+01   4.5877100131259816E+00
     880.0000000000000000   1.2501111590452927E+01   4.5525069529015765E+00
     890.0000000000000000   1.2607994651786287E+01   4.5179869211979478E+00
     900.0000000000000000   1.2714690290336602E+01   4.4841288699614701E+00
     910.0000000000000000   1.2821201479750412E+01   4.4509126640195769E+00
     920.0000000000000000   1.2924677367864739E+01   4.4261735845167802E+00
     930.0000000000000000   1.3030842872428842E+01   4.3940938285638271E+00
     940.0000000000000000   1.3136831453290707E+01   4.3626049157700022E+00
     950.0000000000000000   1.3242645718531346E+01   4.3316898428312420E+00
     960.0000000000000000   1.3348288235953081E+01   4.3013322071033127E+00
     970.0000000000000000   1.3453761490670994E+01   4.2715162958673600E+00
     980.0000000000000000   1.3559067872121188E+01   4.2422270927448764E+00
     990.0000000000000000   1.3664209678555036E+01   4.2134502385577104E+00
    1000.0000000000000000   1.3769189137379920E+01   4.1851719542768873E+00
    1100.0000000000000000   1.4813086357898149E+01   3.9206532822571942E+00
    1200.0000000000000000   1.5842607367743859E+01   3.6950960993667472E+00
    1300.0000000000000000   1.6861715109994112E+01   3.4948533173158065E+00
    1400.0000000000000000   1.7869153674399254E+01   3.3201243078242322E+00
    1500.0000000000000000   1.8868227134840190E+01   3.1615532957506653E+00
    1600.0000000000000000   1.9859646134476574E+01   3.0164743118486319E+00
    1700.0000000000000000   2.0841947548912458E+01   2.8868653585977251E+00
    1800.0000000000000000   2.1815866385679449E+01   2.7702643434394503E+00
    1900.0000000000000000   2.2783978325521787E+01   2.6611627256489365E+00
    2000.0000000000000000   2.3742810903416650E+01   2.5654378494227053E+00
    2100.0000000000000000   2.4698656751239955E+01   2.4714510279966122E+00
    2200.0000000000000000   2.5646112647209225E+01   2.3884348963410229E+00
    2300.0000000000000000   2.6587493787598920E+01   2.3120430615533913E+00
    2400.0000000000000000   2.7524992414408661E+01   2.2385573703354096E+00
    2500.0000000000000000   2.8457006092183232E+01   2.1704966414563249E+00
    2600.0000000000000000   2.9383824099938511E+01   2.1072619581463581E+00
    2700.0000000000000000   3.0305712810724227E+01   2.0483369943006897E+00
    2800.0000000000000000   3.1224508243719534E+01   1.9909830961468997E+00
    2900.0000000000000000   3.2137309195220645E+01   1.9393545033209436E+00
    3000.0000000000000000   3.3047252760943628E+01   1.8889377576640740E+00
    3100.0000000000000000   3.3951611159426356E+01   1.8434761729434226E+00
    3200.0000000000000000   3.4853631153636371E+01   1.7985434167831438E+00
    3300.0000000000000000   3.5751680647581331E+01   1.7563311703739877E+00
    3400.0000000000000000   3.6646124143915578E+01   1.7163552096774235E+00
    3500.0000000000000000   3.7537116227613417E+01   1.6784106490983361E+00
    3600.0000000000000000   3.8424826383098441E+01   1.6422892009911600E+00
    3700.0000000000000000   3.9310525823953448E+01   1.6064516405244849E+00
    3800.0000000000000000   4.0191650959796895E+01   1.5740054762889799E+00
    3900.0000000000000000   4.1069601996026492E+01   1.5432284720663545E+00
    4000.0000000000000000   4.1946235233637118E+01   1.5120308999967600E+00
    4100.0000000000000000   4.2818394367102158E+01   1.4840247364601655E+00
    4200.0000000000000000   4.3689326358397153E+01   1.4555437766729702E+00
    4300.0000000000000000   4.4557517707665603E+01   1.4283351736291572E+00
    4400.0000000000000000   4.5421775540391209E+01   1.4036836906482613E+00
    4500.0000000000000000   4.6284662254143456E+01   1.3787932508073726E+00
    4600.0000000000000000   4.7145341720021598E+01   1.3546507649146666E+00
    4700.0000000000000000   4.8003203249771005E+01   1.3318379840500971E+00
    4800.0000000000000000   4.8857643422100125E+01   1.3110412937603440E+00
    4900.0000000000000000   4.9711246459612823E+01   1.2895918472148686E+00
    5000.0000000000000000   5.0562468944602294E+01   1.2690708232572689E+00
    5100.0000000000000000   5.1411504378130097E+01   1.2493151473455972E+00
    5200.0000000000000000   5.2258466896010425E+01   1.2302325267786878E+00
    5300.0000000000000000   5.3103315905432481E+01   1.2118641566313606E+00
    5400.0000000000000000   5.3947563745926679E+01   1.1927900171322019E+00
    5500.0000000000000000   5.4787921723735693E+01   1.1760863558931913E+00
    5600.0000000000000000   5.5627301646923279E+01   1.1591591271827184E+00
    5700.0000000000000000   5.6464227566694291E+01   1.1432531817438427E+00
    5800.0000000000000000   5.7299227383505936E+01   1.1279134229902668E+00
    5900.0000000000000000   5.8134241791740472E+01   1.1115171559841104E+00
    6000.0000000000000000   5.8965803667177269E+01   1.0970435336788600E+00
    6100.0000000000000000   5.9795162770919084E+01   1.0833768866634492E+00
    6200.0000000000000000   6.0625379894163203E+01   1.0680863241196621E+00
    6300.0000000000000000   6.1451895058821435E+01   1.0548843342201317E+00
    6400.0000000000000000   6.2277538262541491E+01   1.0413751543728338E+00
    6500.0000000000000000   6.3100369863273578E+01   1.0292828062410264E+00
    6600.0000000000000000   6.3922210883115547E+01   1.0171019041842508E+00
    6700.0000000000000000   6.4743620586203207E+01   1.0043594752458720E+00
    6800.0000000000000000   6.5562399911361268E+01   9.9288343616947172E-01
    6900.0000000000000000   6.6380579030041503E+01   9.8097045063256705E-01
    7000.0000000000000000   6.7197437676797762E+01   9.6931855004690193E-01
    7100.0000000000000000   6.8011918524882319E+01   9.5867158871454328E-01
    7200.0000000000000000   6.8827037306402502E+01   9.4684920671229078E-01
    7300.0000000000000000   6.9638589263852836E+01   9.3688491216514680E-01
    7400.0000000000000000   7.0449529543471712E+01   9.2661051800003236E-01
    7500.0000000000000000   7.1258614137326163E+01   9.1688340695498260E-01
    7600.0000000000000000   7.2067508650132467E+01   9.0679455764578998E-01
    7700.0000000000000000   7.2874689301790212E+01   8.9712594711011373E-01
    7800.0000000000000000   7.3679702132420203E+01   8.8822863628686255E-01
    7900.0000000000000000   7.4484903819084991E+01   8.7879035669024796E-01
    8000.0000000000000000   7.5287014169001225E+01   8.7059957287483047E-01
    8100.0000000000000000   7.6091318774050308E+01   8.6043427317485910E-01
    8200.0000000000000000   7.6890637118837432E+01   8.5295209430494479E-01
    8300.0000000000000000   7.7691192211441390E+01   8.4420519248478076E-01
    8400.0000000000000000   7.8488204285184111E+01   8.3695665517082207E-01
    8500.0000000000000000   7.9287427211386202E+01   8.2789833189652040E-01
    8600.0000000000000000   8.0084507961009777E+01   8.1965373303430156E-01
    8700.0000000000000000   8.0878199440693706E+01   8.1295284037597637E-01
    8800.0000000000000000   8.1673687562142490E+01   8.0467420245964028E-01
    8900.0000000000000000   8.2466616380428519E+01   7.9744743525303963E-01
    9000.0000000000000000   8.3256919706754530E+01   7.9126347816985598E-01
    9100.0000000000000000   8.4048782174409553E+01   7.8375678790473902E-01
    9200.0000000000000000   8.4840032920708794E+01   7.7612006206155182E-01
    9300.0000000000000000   8.5630014553181425E+01   7.6874455667545116E-01
    9400.0000000000000000   8.6417763919347792E+01   7.6219846608072550E-01
    9500.0000000000000000   8.7203309801258982E+01   7.5646053458278706E-01
    9600.0000000000000000   8.7988619731768523E+01   7.5042985371806725E-01
    9700.0000000000000000   8.8774039617832386E+01   7.4394460736232615E-01
    9800.0000000000000000   8.9558778195349632E+01   7.3745042086750956E-01
    9900.0000000000000000   9.0342446143660723E+01   7.3115201403412367E-01
   10000.0000000000000000   9.1125019548782973E+01   7.2505600522203961E-01
   11000.0000000000000000   9.8901194743823652E+01   6.6992921236552394E-01
   12000.0000000000000000   1.0659216075116369E+02   6.2497780466817809E-01
   13000.0000000000000000   1.1421446097885378E+02   5.8417543328955523E-01
   14000.0000000000000000   1.2176966294007413E+02   5.4911414631665012E-01
   15000.0000000000000000   1.2926271134653200E+02   5.1871580589528077E-01
   16000.0000000000000000   1.3670023665217860E+02   4.9178517262496851E-01
   17000.0000000000000000   1.4408720874558034E+02   4.6728232321027180E-01
   18000.0000000000000000   1.5142200273948188E+02   4.4674912855095078E-01
   19000.0000000000000000   1.5871733885913142E+02   4.2629522524405261E-01
   20000.0000000000000000   1.6597334138485203E+02   4.0742823897736985E-01
   21000.0000000000000000   1.7318173203237768E+02   3.9233472412946091E-01
   22000.0000000000000000   1.8036005512999083E+02   3.7656625998506771E-01
   23000.0000000000000000   1.8749734122014632E+02   3.6262850088960330E-01
   24000.0000000000000000   1.9460206950413090E+02   3.5148466734784611E-01
   25000.0000000000000000   2.0168595330398196E+02   3.3727959112699218E-01
   26000.0000000000000000   2.0872812155059771E+02   3.2703393936580472E-01
   27000.0000000000000000   2.1575302141001751E+02   3.1515081629337999E-01
   28000.0000000000000000   2.2273396926671663E+02   3.0785047072292487E-01
   29000.0000000000000000   2.2969345738743414E+02   2.9822561070353321E-01
   30000.0000000000000000   2.3663450827910341E+02   2.9081997859950010E-01
   31000.0000000000000000   2.4354850203672041E+02   2.8132849422029238E-01
   32000.0000000000000000   2.5042991075094565E+02   2.7593767838461308E-01
   33000.0000000000000000   2.5731180476735085E+02   2.6683020556746101E-01
   34000.0000000000000000   2.6416121644592079E+02   2.5998940602478526E-01
   35000.0000000000000000   2.7097940801458475E+02   2.5549346442099313E-01
   36000.0000000000000000   2.7779315228810538E+02   2.4729399923587689E-01
   37000.0000000000000000   2.8456549394745224E+02   2.4282562574930353E-01
   38000.0000000000000000   2.9134011643965857E+02   2.3673164614509448E-01
   39000.0000000000000000   2.9810785410306136E+02   2.3013991956219049E-01
   40000.0000000000000000   3.0482083476940375E+02   2.2646853863954175E-01
   41000.0000000000000000   3.1155144663867253E+02   2.2103522327911904E-01
   42000.0000000000000000   3.1824179685580111E+02   2.1594556903891687E-01
   43000.0000000000000000   3.2493356743356634E+02   2.1269787712139376E-01
   44000.0000000000000000   3.3157418238564543E+02   2.1000433612275951E-01
   45000.0000000000000000   3.3824032831082053E+02   2.0429003096516429E-01
   46000.0000000000000000   3.4488262898819266E+02   2.0185939149262591E-01
   47000.0000000000000000   3.5151526111843572E+02   1.9630609352432363E-01
   48000.0000000000000000   3.5810633780426275E+02   1.9343386982132829E-01
   49000.0000000000000000   3.6469737476622959E+02   1.8940832518020662E-01
   50000.0000000000000000   3.7127476242267574E+02   1.8633746843574370E-01
