       0.1000000000000000   8.4159705615755797E+01   3.4848935705380531E-04
       0.2000000000000000   7.2248263843654570E+01   7.0576802410189036E-04
       0.3000000000000000   6.7271604088444704E+01   1.0865691658003026E-03
       0.4000000000000000   6.4464042303764586E+01   1.4761640739290234E-03
       0.5000000000000000   6.2338310791153340E+01   1.8869970745654877E-03
       0.6000000000000000   6.0560167888748964E+01   2.3199481566367492E-03
       0.7000000000000000   5.8995412371617078E+01   2.7759457605416225E-03
       0.7999999999999999   5.7572151749469114E+01   3.2556907878093684E-03
       0.8999999999999999   5.6258001990189719E+01   3.7587127348672239E-03
       0.9999999999999999   5.5020085669089880E+01   4.2867792658702331E-03
       2.0000000000000000   4.5215623057250269E+01   1.0964416314289235E-02
       3.0000000000000000   3.8298195631617737E+01   2.0212855600887918E-02
       4.0000000000000000   3.3253669950250369E+01   3.1879768332818414E-02
       5.0000000000000000   2.9479597485334704E+01   4.5728897390572974E-02
       6.0000000000000000   2.6573407807665998E+01   6.1546135466453641E-02
       7.0000000000000000   2.4273440132949020E+01   7.9156592339145848E-02
       8.0000000000000000   2.2407483769227152E+01   9.8428580617736156E-02
       9.0000000000000000   2.0860785386425245E+01   1.1926321147726558E-01
      10.0000000000000000   1.9554730485079521E+01   1.4158827999576443E-01
      11.0000000000000000   1.8434364885181644E+01   1.6535039300877619E-01
      12.0000000000000000   1.7460174665932154E+01   1.9051014444066039E-01
      13.0000000000000000   1.6603173807315237E+01   2.1704022704241765E-01
      14.0000000000000000   1.5841456338382010E+01   2.4492458803576922E-01
      15.0000000000000000   1.5158316160404882E+01   2.7415542302137252E-01
      16.0000000000000000   1.4540822605426756E+01   3.0473047189677166E-01
      17.0000000000000000   1.3978720393668008E+01   3.3665460199046882E-01
      18.0000000000000000   1.3463859943508911E+01   3.6993665158465755E-01
      19.0000000000000000   1.2989648990408270E+01   4.0458933535241359E-01
      20.0000000000000000   1.2550704684776251E+01   4.4062891631782353E-01
      21.0000000000000000   1.2142593620530942E+01   4.7807406815211978E-01
      22.0000000000000000   1.1761653130971114E+01   5.1694431259626972E-01
      23.0000000000000000   1.1404819070940370E+01   5.5725994505479803E-01
      24.0000000000000000   1.1069509418320742E+01   5.9904179906949129E-01
      25.0000000000000000   1.0753548015354459E+01   6.4230938736873833E-01
      26.0000000000000000   1.0455087982658407E+01   6.8708034328973733E-01
      27.0000000000000000   1.0172556549270356E+01   7.3336940756933278E-01
      28.0000000000000000   9.9046115044476881E+00   7.8118728123512049E-01
      29.0000000000000000   9.6501016560048836E+00   8.3053968404794321E-01
      30.0000000000000000   9.4080407239946648E+00   8.8142601975089274E-01
      31.0000000000000000   9.1775795938818732E+00   9.3383834949062572E-01
      32.0000000000000000   8.9579894587101219E+00   9.8775990554678428E-01
      33.0000000000000000   8.7486402251959010E+00   1.0431642962869458E+00
      34.0000000000000000   8.5489883641694107E+00   1.1000141707735851E+00
      35.0000000000000000   8.3585629564316459E+00   1.1582603127476678E+00
      36.0000000000000000   8.1769545191986879E+00   1.2178408437095871E+00
      37.0000000000000000   8.0038048555293191E+00   1.2786806611546147E+00
      38.0000000000000000   7.8387981084202840E+00   1.3406911605469991E+00
      39.0000000000000000   7.6816525990257176E+00   1.4037702958081306E+00
      40.0000000000000000   7.5321139990172430E+00   1.4678029695980592E+00
      41.0000000000000000   7.3899485204192938E+00   1.5326618815784034E+00
      42.0000000000000000   7.2549376232559988E+00   1.5982086888550822E+00
      43.0000000000000000   7.1268731882743515E+00   1.6642955721139976E+00
      44.0000000000000000   7.0055536646468406E+00   1.7307670480205062E+00
      45.0000000000000000   6.8907804384829738E+00   1.7974621728915054E+00
      46.0000000000000000   6.7823556663531104E+00   1.8642167681072099E+00
      47.0000000000000000   6.6800803934569766E+00   1.9308658037334572E+00
      48.0000000000000000   6.5837534509424129E+00   1.9972457526361136E+00
      49.0000000000000000   6.4931709110556461E+00   2.0631968447583611E+00
      50.0000000000000000   6.4081260673092322E+00   2.1285651396681864E+00
      51.0000000000000000   6.3284097759529132E+00   2.1932043611029037E+00
      52.0000000000000000   6.2538111887530619E+00   2.2569774357526806E+00
      53.0000000000000000   6.1841186443431271E+00   2.3197577207692972E+00
      54.0000000000000000   6.1191207148648195E+00   2.3814299061793234E+00
      55.0000000000000000   6.0586072690042689E+00   2.4418906121989998E+00
      56.0000000000000000   6.0023705995739780E+00   2.5010487025275432E+00
      57.0000000000000000   5.9502066654863466E+00   2.5588250952939946E+00
      58.0000000000000000   5.9019155355223241E+00   2.6151529367330202E+00
      59.0000000000000000   5.8573025070522009E+00   2.6699770053384708E+00
      60.0000000000000000   5.8161791080961676E+00   2.7232529286237943E+00
      61.0000000000000000   5.7783630176387222E+00   2.7749469853058315E+00
      62.0000000000000000   5.7436789226531415E+00   2.8250350534530027E+00
      63.0000000000000000   5.7119587156906979E+00   2.8735019000492477E+00
      64.0000000000000000   5.6830416736734541E+00   2.9203403703339412E+00
      65.0000000000000000   5.6567745501148066E+00   2.9655505761354091E+00
      66.0000000000000000   5.6330115722082610E+00   3.0091391008018284E+00
      67.0000000000000000   5.6116143651222643E+00   3.0511182336221263E+00
      68.0000000000000000   5.5924518164946102E+00   3.0915052432860093E+00
      69.0000000000000000   5.5753998898531512E+00   3.1303216970081191E+00
      70.0000000000000000   5.5603414040938866E+00   3.1675928288636594E+00
      71.0000000000000000   5.5471657782879298E+00   3.2033469601685405E+00
      72.0000000000000000   5.5357687633947652E+00   3.2376149710537785E+00
      73.0000000000000000   5.5260521575041111E+00   3.2704298231647955E+00
      74.0000000000000000   5.5179235149872161E+00   3.3018261313098036E+00
      75.0000000000000000   5.5112958290614706E+00   3.3318398013646826E+00
      76.0000000000000000   5.5060873403245392E+00   3.3605076127838105E+00
      76.9989999999999952   5.5022243204330072E+00   3.3878403221501601E+00
      77.0000000000000000   5.5022211002070875E+00   3.3878670406120821E+00
      77.0010000000000048   5.5022178812507248E+00   3.3878937578034418E+00
      78.0000000000000000   5.4996247938265359E+00   3.4139559148929299E+00
      79.0000000000000000   5.4982304449369277E+00   3.4388122145360529E+00
      80.0000000000000000   5.4979741569227105E+00   3.4624738718993844E+00
      81.0000000000000000   5.4987958649019255E+00   3.4849786052281573E+00
      82.0000000000000000   5.5006391000358406E+00   3.5063637760912716E+00
      83.0000000000000000   5.5034507660670950E+00   3.5266662690777459E+00
      84.0000000000000000   5.5071809260361109E+00   3.5459223914085984E+00
      85.0000000000000000   5.5117826036256936E+00   3.5641677899954876E+00
      86.0000000000000000   5.5172115945287965E+00   3.5814373840057181E+00
      87.0000000000000000   5.5234262855772913E+00   3.5977653140111188E+00
      88.0000000000000000   5.5303875056777985E+00   3.6131848878208661E+00
      89.0000000000000000   5.5380583448186878E+00   3.6277285671308683E+00
      90.0000000000000000   5.5464040251805278E+00   3.6414279325423653E+00
      91.0000000000000000   5.5553917612884591E+00   3.6543136716699882E+00
      92.0000000000000000   5.5649906326378940E+00   3.6664155708321426E+00
      93.0000000000000000   5.5751714649197224E+00   3.6777625124331306E+00
      94.0000000000000000   5.5859067191560348E+00   3.6883824771896605E+00
      95.0000000000000000   5.5971703882411887E+00   3.6983025504528069E+00
      96.0000000000000000   5.6089379004390478E+00   3.7075489319674899E+00
      97.0000000000000000   5.6211860293690981E+00   3.7161469484924203E+00
      98.0000000000000000   5.6338928096849594E+00   3.7241210687993589E+00
      99.0000000000000000   5.6470374602910622E+00   3.7314949204720707E+00
     100.0000000000000000   5.6606003089826755E+00   3.7382913084728373E+00
     110.0000000000000000   5.8155720024271949E+00   3.7789648384194039E+00
     120.0000000000000000   5.9968394917936223E+00   3.7816790399924258E+00
     120.9989999999999952   6.0160215105271986E+00   3.7803846959290901E+00
     121.0010000000000048   6.0160600812766498E+00   3.7803818597103276E+00
     130.0000000000000000   6.1956201899097429E+00   3.7589326112524111E+00
     140.0000000000000000   6.4063594776051165E+00   3.7192522443429632E+00
     150.0000000000000000   6.6254143174355953E+00   3.6684737456021854E+00
     160.0000000000000000   6.8503201241828933E+00   3.6106149441539501E+00
     167.9989999999999952   7.0332659785527367E+00   3.5611372655362787E+00
     168.0010000000000048   7.0333119939925091E+00   3.5611246438305533E+00
     169.9989999999999952   7.0793420583669411E+00   3.5484649854815276E+00
     170.0000000000000000   7.0793651260724699E+00   3.5484586251159538E+00
     170.0010000000000048   7.0793881938069632E+00   3.5484522647272474E+00
     180.0000000000000000   7.3113336487444212E+00   3.4839411702250995E+00
     190.0000000000000000   7.5453459241487550E+00   3.4184132758518020E+00
     200.0000000000000000   7.7807550574184381E+00   3.3528165157355434E+00
     210.0000000000000000   8.0170789942361917E+00   3.2878041724356684E+00
     220.0000000000000000   8.2539544956196238E+00   3.2238248511996495E+00
     230.0000000000000000   8.4911053542893171E+00   3.1611809366783419E+00
     231.9989999999999952   8.5385252889604413E+00   3.1488374208636207E+00
     232.0010000000000048   8.5385727333322805E+00   3.1488251023645062E+00
     240.0000000000000000   8.7276969105052338E+00   3.1022197828710647E+00
     250.0000000000000000   8.9593970849788356E+00   3.0536568381724454E+00
     260.0000000000000000   9.2016293811619843E+00   2.9899156307238859E+00
     270.0000000000000000   9.4368694318672759E+00   2.9381076256598946E+00
     280.0000000000000000   9.6710381809564456E+00   2.8888829751994112E+00
     290.0000000000000000   9.9093687524564906E+00   2.8343817783818812E+00
     300.0000000000000000   1.0141377155345335E+01   2.7900458440651219E+00
     310.0000000000000000   1.0377368599883150E+01   2.7406468165559925E+00
     320.0000000000000000   1.0612217218148677E+01   2.6936412531301355E+00
     330.0000000000000000   1.0845972697140935E+01   2.6488492373960852E+00
     340.0000000000000000   1.1078681707464961E+01   2.6061087812561743E+00
     350.0000000000000000   1.1310388075837873E+01   2.5652736445246020E+00
     360.0000000000000000   1.1541132972343970E+01   2.5262114631840289E+00
     370.0000000000000000   1.1770955050930102E+01   2.4888021704874346E+00
     380.0000000000000000   1.1999890647102307E+01   2.4529365594358365E+00
     390.0000000000000000   1.2232130592854944E+01   2.4130797648769051E+00
     400.0000000000000000   1.2459299704050963E+01   2.3801712531274739E+00
     410.0000000000000000   1.2689702012637680E+01   2.3433892856984313E+00
     420.0000000000000000   1.2915230970410592E+01   2.3130732208200149E+00
     430.0000000000000000   1.3143916766903720E+01   2.2790028320468401E+00
     440.0000000000000000   1.3371764913777024E+01   2.2462308470941426E+00
     450.0000000000000000   1.3594996979683273E+01   2.2193073633603495E+00
     460.0000000000000000   1.3821288297177771E+01   2.1887988783833485E+00
     470.0000000000000000   1.4046815944701290E+01   2.1593825569384597E+00
     480.0000000000000000   1.4271602236784755E+01   2.1309981963118583E+00
     490.0000000000000000   1.4495668500071204E+01   2.1035900009969377E+00
     500.0000000000000000   1.4719035098799742E+01   2.0771062108222371E+00
     510.0000000000000000   1.4941721498897858E+01   2.0514987315834152E+00
     520.0000000000000000   1.5163746322964279E+01   2.0267228085876763E+00
     530.0000000000000000   1.5385127396155676E+01   2.0027367403033463E+00
     540.0000000000000000   1.5605881778563417E+01   1.9795016289655105E+00
     550.0000000000000000   1.5826025818772075E+01   1.9569811371757575E+00
     560.0000000000000000   1.6045575171414299E+01   1.9351412965836869E+00
     570.0000000000000000   1.6267838491955448E+01   1.9103968336344932E+00
     580.0000000000000000   1.6486201019195885E+01   1.8898937445467692E+00
     590.0000000000000000   1.6704012352169595E+01   1.8699792665047590E+00
     600.0000000000000000   1.6924492185829916E+01   1.8472681390995980E+00
     610.0000000000000000   1.7141198678408188E+01   1.8285161416269113E+00
     620.0000000000000000   1.7357392627647016E+01   1.8102767389682508E+00
     630.0000000000000000   1.7576204156370359E+01   1.7893447082149989E+00
     640.0000000000000000   1.7791366459210042E+01   1.7721229670771714E+00
     650.0000000000000000   1.8006050703669789E+01   1.7553504738076826E+00
     660.0000000000000000   1.8223297292397710E+01   1.7359848722921236E+00
     670.0000000000000000   1.8437015510978071E+01   1.7201086448422145E+00
     680.0000000000000000   1.8653269078910647E+01   1.7017010803322572E+00
     690.0000000000000000   1.8866061327949311E+01   1.6866499299735997E+00
     700.0000000000000000   1.9081360222858851E+01   1.6691272937391706E+00
     710.0000000000000000   1.9296192004275859E+01   1.6520428326794550E+00
     720.0000000000000000   1.9507644078113117E+01   1.6381340578989554E+00
     730.0000000000000000   1.9721574049277670E+01   1.6218372872505571E+00
     740.0000000000000000   1.9932189411010075E+01   1.6086048544077658E+00
     750.0000000000000000   2.0145250245742822E+01   1.5930396279771006E+00
     760.0000000000000000   2.0357884151363209E+01   1.5778389451163222E+00
     770.0000000000000000   2.0567283147315980E+01   1.5655500636448429E+00
     780.0000000000000000   2.0779093312940372E+01   1.5510054223556333E+00
     790.0000000000000000   2.0990497859977800E+01   1.5367889576862355E+00
     800.0000000000000000   2.1201503308759239E+01   1.5228894760660603E+00
     810.0000000000000000   2.1409368391174411E+01   1.5117200517300013E+00
     820.0000000000000000   2.1619604816339880E+01   1.4983908369779109E+00
     830.0000000000000000   2.1829461253479593E+01   1.4853484077382575E+00
     840.0000000000000000   2.2038943737394177E+01   1.4725832731919590E+00
     850.0000000000000000   2.2248058295751711E+01   1.4600862321844525E+00
     860.0000000000000000   2.2454140968318875E+01   1.4501213017690915E+00
     870.0000000000000000   2.2662546403083219E+01   1.4381073230867765E+00
     880.0000000000000000   2.2870600366893285E+01   1.4263375045004776E+00
     890.0000000000000000   2.3078308200015531E+01   1.4148041657547710E+00
     900.0000000000000000   2.3285675144902743E+01   1.4034999198269826E+00
     910.0000000000000000   2.3492706254266320E+01   1.3924177345360942E+00
     920.0000000000000000   2.3699406398754615E+01   1.3815509135514914E+00
     930.0000000000000000   2.3903211378082414E+01   1.3729827712143865E+00
     940.0000000000000000   2.4109273861822235E+01   1.3625044522331955E+00
     950.0000000000000000   2.4315019137764992E+01   1.3522236810709141E+00
     960.0000000000000000   2.4520451648626917E+01   1.3421347227824572E+00
     970.0000000000000000   2.4725575730170814E+01   1.3322320670504681E+00
     980.0000000000000000   2.4930395613341567E+01   1.3225104193794168E+00
     990.0000000000000000   2.5134915415232577E+01   1.3129646989059405E+00
    1000.0000000000000000   2.5339139154565707E+01   1.3035900198679142E+00
    1100.0000000000000000   2.7368295136077386E+01   1.2165467275619239E+00
    1200.0000000000000000   2.9371448927461284E+01   1.1426751910107686E+00
    1300.0000000000000000   3.1353644084990346E+01   1.0776618990564064E+00
    1400.0000000000000000   3.3314827045505027E+01   1.0211226722055293E+00
    1500.0000000000000000   3.5259028906688350E+01   9.7020065712964743E-01
    1563.9990000000000236   3.6494982802178377E+01   9.4015779162603463E-01
    1564.0009999999999764   3.6495021573419734E+01   9.4015673744758343E-01
    1600.0000000000000000   3.7187709902944967E+01   9.2393680668642453E-01
    1700.0000000000000000   3.9100151078396323E+01   8.8268243119719036E-01
    1800.0000000000000000   4.0997588089299107E+01   8.4564196940807712E-01
    1900.0000000000000000   4.2882982491429182E+01   8.1120755367202968E-01
    2000.0000000000000000   4.4755302965716837E+01   7.7995045688222275E-01
    2100.0000000000000000   4.6615355164576556E+01   7.5145259954998522E-01
    2200.0000000000000000   4.8463877608960054E+01   7.2535943534145997E-01
    2300.0000000000000000   5.0301574043506861E+01   7.0135726186555281E-01
    2400.0000000000000000   5.2130754154834158E+01   6.7843813983629075E-01
    2475.9989999999997963   5.3514442567422414E+01   6.6213262038165832E-01
    2476.0010000000002037   5.3514479052485036E+01   6.6213214127864350E-01
    2500.0000000000000000   5.3950189062181472E+01   6.5721545571830853E-01
    2600.0000000000000000   5.5760344313890762E+01   6.3751437432445268E-01
    2700.0000000000000000   5.7561671813671801E+01   6.1917360538510779E-01
    2800.0000000000000000   5.9356315352129712E+01   6.0136431305946236E-01
    2900.0000000000000000   6.1141152214006141E+01   5.8537478048808123E-01
    3000.0000000000000000   6.2920001791228103E+01   5.6973403402551126E-01
    3100.0000000000000000   6.4689744820193567E+01   5.5566907512649311E-01
    3200.0000000000000000   6.6454099652342990E+01   5.4181353180968350E-01
    3300.0000000000000000   6.8211642369387789E+01   5.2874030732510080E-01
    3400.0000000000000000   6.9962592803722615E+01   5.1639517238123522E-01
    3500.0000000000000000   7.1707208577140548E+01   5.0471385677248126E-01
    3600.0000000000000000   7.3445670002998327E+01   4.9365690621027819E-01
    3700.0000000000000000   7.5179950771887249E+01   4.8260386079511036E-01
    3800.0000000000000000   7.6906789887498803E+01   4.7264853721913086E-01
    3900.0000000000000000   7.8628265505478723E+01   4.6313306883180549E-01
    4000.0000000000000000   8.0345984066890310E+01   4.5357448283739943E-01
    4100.0000000000000000   8.2056835772545980E+01   4.4496596091426505E-01
    4200.0000000000000000   8.3764294938528991E+01   4.3625828626850116E-01
    4300.0000000000000000   8.5466559293077808E+01   4.2802175322674146E-01
    4400.0000000000000000   8.7162996122040738E+01   4.2045751678283416E-01
    4500.0000000000000000   8.8856338442951824E+01   4.1278676893464999E-01
    4600.0000000000000000   9.0544964443266394E+01   4.0548989871025276E-01
    4700.0000000000000000   9.2229121406326911E+01   3.9851950573141592E-01
    4800.0000000000000000   9.3909375537760823E+01   3.9173770653958573E-01
    4900.0000000000000000   9.5584104829056514E+01   3.8558382566218141E-01
    5000.0000000000000000   9.7256022343664753E+01   3.7934143668703424E-01
    5100.0000000000000000   9.8924058512593263E+01   3.7331928914564938E-01
    5200.0000000000000000   1.0058832766632456E+02   3.6750074028495822E-01
    5300.0000000000000000   1.0225004348969237E+02   3.6158677079525370E-01
    5400.0000000000000000   1.0390666213124071E+02   3.5622998132597072E-01
    5500.0000000000000000   1.0555982522030779E+02   3.5102655014505568E-01
    5600.0000000000000000   1.0721014623435589E+02   3.4586091225758281E-01
    5700.0000000000000000   1.0885596391554905E+02   3.4110507331478024E-01
    5800.0000000000000000   1.1050043781508523E+02   3.3604498290785206E-01
    5900.0000000000000000   1.1213984882734532E+02   3.3155141876082372E-01
    6000.0000000000000000   1.1377707598346763E+02   3.2698371530268072E-01
    6100.0000000000000000   1.1540970223065219E+02   3.2286282154450097E-01
    6200.0000000000000000   1.1704132715293983E+02   3.1841960266199387E-01
    6300.0000000000000000   1.1866920762679619E+02   3.1427849018731641E-01
    6400.0000000000000000   1.2029465365624736E+02   3.1013373692624269E-01
    6500.0000000000000000   1.2191622172341792E+02   3.0631492723312770E-01
    6600.0000000000000000   1.2353558864613244E+02   3.0246624543310247E-01
    6700.0000000000000000   1.2515144612084944E+02   2.9888152086923869E-01
    6800.0000000000000000   1.2676560145394694E+02   2.9518180053462018E-01
    6900.0000000000000000   1.2837634919609366E+02   2.9173457732844760E-01
    7000.0000000000000000   1.2998533781916956E+02   2.8820278479074746E-01
    7100.0000000000000000   1.3159100389131945E+02   2.8491058354492271E-01
    7200.0000000000000000   1.3319421929438909E+02   2.8167367150566180E-01
    7300.0000000000000000   1.3479388309694338E+02   2.7871859635200330E-01
    7400.0000000000000000   1.3639258376740591E+02   2.7554598123047952E-01
    7500.0000000000000000   1.3798973514466101E+02   2.7231518651056769E-01
    7600.0000000000000000   1.3958233768264787E+02   2.6955133954662841E-01
    7700.0000000000000000   1.4117328959365264E+02   2.6670717306829328E-01
    7800.0000000000000000   1.4276354410517825E+02   2.6367504219610577E-01
    7900.0000000000000000   1.4434847049799521E+02   2.6123560746242425E-01
    8000.0000000000000000   1.4593466513360289E+02   2.5824555050915565E-01
    8100.0000000000000000   1.4751609438674353E+02   2.5575890213034930E-01
    8200.0000000000000000   1.4909729958249281E+02   2.5300669598229042E-01
    8300.0000000000000000   1.5067323178338123E+02   2.5084130490476120E-01
    8400.0000000000000000   1.5225098541550221E+02   2.4807461096074612E-01
    8500.0000000000000000   1.5382370507092622E+02   2.4583228295377998E-01
    8600.0000000000000000   1.5539618336131559E+02   2.4336997117404599E-01
    8700.0000000000000000   1.5696679777135654E+02   2.4093007877251094E-01
    8800.0000000000000000   1.5853354656832957E+02   2.3882067700065293E-01
    8900.0000000000000000   1.6009876357869840E+02   2.3672577133213613E-01
    9000.0000000000000000   1.6166394182936000E+02   2.3435912319057939E-01
    9100.0000000000000000   1.6322657286830042E+02   2.3212769375098088E-01
    9200.0000000000000000   1.6478538319455342E+02   2.3023788360416711E-01
    9300.0000000000000000   1.6634329632202551E+02   2.2825155193096558E-01
    9400.0000000000000000   1.6790061189291910E+02   2.2612105016081971E-01
    9500.0000000000000000   1.6945578776228587E+02   2.2407934698323603E-01
    9600.0000000000000000   1.7100899694598922E+02   2.2210353964604518E-01
    9700.0000000000000000   1.7256045394542042E+02   2.2016215685557561E-01
    9800.0000000000000000   1.7411008157105923E+02   2.1826758162916815E-01
    9900.0000000000000000   1.7565785053882368E+02   2.1642736608138965E-01
   10000.0000000000000000   1.7720386007296958E+02   2.1463021013682987E-01
   11000.0000000000000000   1.9257320138484747E+02   1.9854554446520817E-01
   12000.0000000000000000   2.0779704471411188E+02   1.8444886336228189E-01
   13000.0000000000000000   2.2288589247741035E+02   1.7236114958794135E-01
   14000.0000000000000000   2.3785126581465846E+02   1.6201672285349328E-01
   15000.0000000000000000   2.5270498994706048E+02   1.5291773451401644E-01
   16000.0000000000000000   2.6745653186559309E+02   1.4478329195834955E-01
   17000.0000000000000000   2.8211456679046620E+02   1.3740714692700104E-01
   18000.0000000000000000   2.9667998916290611E+02   1.3113128100079763E-01
   19000.0000000000000000   3.1116152612932018E+02   1.2557944432468710E-01
   20000.0000000000000000   3.2557408041328858E+02   1.1986683122700482E-01
   21000.0000000000000000   3.3990773587969767E+02   1.1509006322801402E-01
   22000.0000000000000000   3.5417649065004429E+02   1.1044552061604199E-01
   23000.0000000000000000   3.6837785693463201E+02   1.0644647645708906E-01
   24000.0000000000000000   3.8251320013692992E+02   1.0291694351477369E-01
   25000.0000000000000000   3.9660148754178812E+02   9.8960342489692169E-02
   26000.0000000000000000   4.1062612584043154E+02   9.5775090613878844E-02
   27000.0000000000000000   4.2460021540263222E+02   9.2618186105414987E-02
   28000.0000000000000000   4.3851446903772074E+02   9.0302628648424241E-02
   29000.0000000000000000   4.5239496219977059E+02   8.7235746736496408E-02
   30000.0000000000000000   4.6621200434887464E+02   8.5262254034954923E-02
   31000.0000000000000000   4.8000251582282522E+02   8.2353078424336396E-02
   32000.0000000000000000   4.9373122000489104E+02   8.0791774369720598E-02
   33000.0000000000000000   5.0744166379809747E+02   7.8019379534916403E-02
   34000.0000000000000000   5.2109940906785232E+02   7.6010341141171694E-02
   35000.0000000000000000   5.3470524143730597E+02   7.4771510156621618E-02
   36000.0000000000000000   5.4829985679093977E+02   7.2349973238139034E-02
   37000.0000000000000000   5.6183957304002877E+02   7.0793061049580441E-02
   38000.0000000000000000   5.7534818401955090E+02   6.9142422573148135E-02
   39000.0000000000000000   5.8883334213529031E+02   6.7401771855384401E-02
   40000.0000000000000000   6.0226965184903463E+02   6.6146346254959049E-02
   41000.0000000000000000   6.1568480259598437E+02   6.4630281535572862E-02
   42000.0000000000000000   6.2906526192431988E+02   6.3220396028402986E-02
   43000.0000000000000000   6.4241167520051408E+02   6.2317267580361282E-02
   44000.0000000000000000   6.5572124120105252E+02   6.1319672873618364E-02
   45000.0000000000000000   6.6903077507340720E+02   5.9618103654535737E-02
   46000.0000000000000000   6.8228429444947176E+02   5.9143042396827931E-02
   47000.0000000000000000   6.9553769084661496E+02   5.7374897216433442E-02
   48000.0000000000000000   7.0874116382456225E+02   5.6498805821702136E-02
   49000.0000000000000000   7.2192492116055814E+02   5.5488567032439998E-02
   50000.0000000000000000   7.3508747579442093E+02   5.4378908246415350E-02
