       0.1000000000000000   1.0000000000000000E+30   0.0000000000000000E+00
       0.2000000000000000   1.0000000000000000E+30   0.0000000000000000E+00
       0.3000000000000000   1.0000000000000000E+30   0.0000000000000000E+00
       0.4000000000000000   1.0000000000000000E+30   0.0000000000000000E+00
       0.5000000000000000   1.0000000000000000E+30   0.0000000000000000E+00
       0.6000000000000000   1.0000000000000000E+30   0.0000000000000000E+00
       0.7000000000000000   1.0000000000000000E+30   0.0000000000000000E+00
       0.7999999999999999   1.0000000000000000E+30   0.0000000000000000E+00
       0.8999999999999999   1.0000000000000000E+30   0.0000000000000000E+00
       0.9999999999999999   1.0000000000000000E+30   0.0000000000000000E+00
       2.0000000000000000   1.0000000000000000E+30   0.0000000000000000E+00
       3.0000000000000000   1.0000000000000000E+30   0.0000000000000000E+00
       4.0000000000000000   1.0000000000000000E+30   0.0000000000000000E+00
       5.0000000000000000   1.0000000000000000E+30   0.0000000000000000E+00
       6.0000000000000000   1.0000000000000000E+30   0.0000000000000000E+00
       7.0000000000000000   1.0000000000000000E+30   0.0000000000000000E+00
       8.0000000000000000   1.0000000000000000E+30   0.0000000000000000E+00
       8.8990000000000009   1.0000000000000000E+30   0.0000000000000000E+00
       8.9009999999999998   9.7855633338716289E+03   9.0950308084907579E-04
       9.0000000000000000   9.0029271726327861E+03   9.8856736585122397E-04
      10.0000000000000000   4.0890822125021799E+02   2.2288228049330790E-02
      11.0000000000000000   1.6040447453178635E+02   5.8487322308331542E-02
      12.0000000000000000   1.0385634097274908E+02   9.2193609134192722E-02
      13.0000000000000000   7.2810411847321021E+01   1.3487500244775144E-01
      14.0000000000000000   5.5499705799185577E+01   1.8155899103177378E-01
      15.0000000000000000   4.5882465746939616E+01   2.2437670846862895E-01
      16.0000000000000000   3.9045809350948311E+01   2.6946648781941951E-01
      17.0000000000000000   3.3932071881965285E+01   3.1701653282597952E-01
      18.0000000000000000   2.9969045993664263E+01   3.6709044389491485E-01
      19.0000000000000000   2.7361925454188960E+01   4.0926882874821463E-01
      20.0000000000000000   2.4682682511239491E+01   4.6428855524741308E-01
      21.0000000000000000   2.2872409467451742E+01   5.1025283702768565E-01
      22.0000000000000000   2.0928487266271933E+01   5.7101901898996787E-01
      23.0000000000000000   1.9590087541110687E+01   6.2155289224652388E-01
      24.0000000000000000   1.8403875668373068E+01   6.7424835242915737E-01
      25.0000000000000000   1.7343446724998095E+01   7.2928116424298028E-01
      26.0000000000000000   1.6388462810782830E+01   7.8682519757196012E-01
      27.0000000000000000   1.5522769792310283E+01   8.4706455164434336E-01
      28.0000000000000000   1.4951533037909670E+01   8.9189472465871034E-01
      29.0000000000000000   1.4212344108137842E+01   9.5706114875463677E-01
      30.0000000000000000   1.3532840858885807E+01   1.0254070425171262E+00
      31.0000000000000000   1.3084864305450710E+01   1.0758823785630860E+00
      32.0000000000000000   1.2491927166689177E+01   1.1500130331359422E+00
      33.0000000000000000   1.2101752244714948E+01   1.2044897134607688E+00
      34.0000000000000000   1.1733059859835972E+01   1.2606041396914622E+00
      35.0000000000000000   1.1236096251548949E+01   1.3437313104893724E+00
      36.0000000000000000   1.0910561745906707E+01   1.4043374973932585E+00
      37.0000000000000000   1.0601357141114010E+01   1.4667590901490868E+00
      38.0000000000000000   1.0307304657638799E+01   1.5310333669130438E+00
      39.0000000000000000   1.0027407000777599E+01   1.5971843298067723E+00
      40.0000000000000000   9.6424863537086516E+00   1.6959424459419314E+00
      41.0000000000000000   9.3929029213307409E+00   1.7669282018488763E+00
      42.0000000000000000   9.1550418974348720E+00   1.8397821813613018E+00
      43.0000000000000000   8.9283357897542039E+00   1.9144705800763793E+00
      44.0000000000000000   8.8135161130102322E+00   1.9560526666702205E+00
      45.0000000000000000   8.6037054068105885E+00   2.0332520468382826E+00
      46.0000000000000000   8.4037866534100107E+00   2.1121265192288075E+00
      47.0000000000000000   8.2133775111021539E+00   2.1925885309423809E+00
      48.0000000000000000   8.0321226777208068E+00   2.2745368746635370E+00
      49.0000000000000000   7.8596895181402031E+00   2.3578563509559687E+00
      50.0000000000000000   7.7773035542259352E+00   2.4021900288329632E+00
      51.0000000000000000   7.6182236365980520E+00   2.4870898987754719E+00
      52.0000000000000000   7.4671697921442668E+00   2.5730024080710168E+00
      53.0000000000000000   7.3976135688369471E+00   2.6175228004880839E+00
      54.0000000000000000   7.2586413146101476E+00   2.7043888155179494E+00
      55.0000000000000000   7.1964404624333680E+00   2.7485420562189762E+00
      56.0000000000000000   7.0688147625846218E+00   2.8359477309732171E+00
      57.0000000000000000   6.9480669879560759E+00   2.9236911213953816E+00
      58.0000000000000000   6.8964190736470723E+00   2.9670443197647476E+00
      59.0000000000000000   6.7859003623040737E+00   3.0546511248370734E+00
      60.0000000000000000   6.7402556711870076E+00   3.0970596276454661E+00
      61.0000000000000000   6.6968903656878709E+00   3.1388275924045126E+00
      62.0000000000000000   6.5991815068588044E+00   3.2254111759408817E+00
      63.0000000000000000   6.5611428234476774E+00   3.2659999332756122E+00
      64.0000000000000000   6.4721074917444774E+00   3.3515640520953576E+00
      65.0000000000000000   6.4389682152817587E+00   3.3908166315607828E+00
      66.0000000000000000   6.4076380248901756E+00   3.4293437508425888E+00
      67.0000000000000000   6.3293541311377570E+00   3.5128276910935541E+00
      68.0000000000000000   6.3023603741767635E+00   3.5498609367668790E+00
      69.0000000000000000   6.2769422516891158E+00   3.5861474710438843E+00
      70.0000000000000000   6.2083214195913961E+00   3.6670907231160443E+00
      71.0000000000000000   6.1867360582848017E+00   3.7017724379083554E+00
      72.0000000000000000   6.1665230285463606E+00   3.7357013741522263E+00
      73.0000000000000000   6.1476260603783990E+00   3.7688847083612216E+00
      74.0000000000000000   6.0897335962693910E+00   3.8460086684740356E+00
      75.0000000000000000   6.0741009787368387E+00   3.8775184677312979E+00
      76.0000000000000000   6.0596156913862140E+00   3.9082921321684085E+00
      77.0000000000000000   6.0462322416241765E+00   3.9383393254451575E+00
      78.0000000000000000   6.0339067167746103E+00   3.9676705420199516E+00
      79.0000000000000000   6.0225975058768482E+00   3.9962963728352023E+00
      80.0000000000000000   5.9773936936853627E+00   4.0673289269525910E+00
      81.0000000000000000   5.9686785371756947E+00   4.0942904297311671E+00
      82.0000000000000000   5.9608522457600772E+00   4.1205702226789036E+00
      83.0000000000000000   5.9538810258965045E+00   4.1461800993730238E+00
      84.0000000000000000   5.9477329400836796E+00   4.1711316064091193E+00
      85.0000000000000000   5.9423769443280321E+00   4.1954370106714736E+00
      86.0000000000000000   5.9377840854709074E+00   4.2191078070314587E+00
      87.0000000000000000   5.9339258260104248E+00   4.2421565264779826E+00
      88.0000000000000000   5.9307761291891259E+00   4.2645942333774887E+00
      89.0000000000000000   5.9283093850952220E+00   4.2864329140486364E+00
      90.0000000000000000   5.9265011346278555E+00   4.3076843984818520E+00
      91.0000000000000000   5.9253283559645080E+00   4.3283600181236546E+00
      92.0000000000000000   5.9247686278640765E+00   4.3484715551186026E+00
      93.0000000000000000   5.9248008848987732E+00   4.3680301595868709E+00
      94.0000000000000000   5.9254050085301806E+00   4.3870468553048854E+00
      95.0000000000000000   5.9265612785311887E+00   4.4055331474220187E+00
      96.0000000000000000   5.9282510239407316E+00   4.4235001200458566E+00
      97.0000000000000000   5.9304566674549779E+00   4.4409582990473302E+00
      98.0000000000000000   5.9331611110023212E+00   4.4579184333795707E+00
      99.0000000000000000   5.9363479675649176E+00   4.4743911189811163E+00
     100.0000000000000000   5.9400014932821739E+00   4.4903868245036627E+00
     103.9989999999999952   5.9589625751472743E+00   4.5498235847033195E+00
     104.0010000000000048   5.9590176510365351E+00   4.5497814143428812E+00
     110.0000000000000000   6.0191541520032796E+00   4.5931483174294492E+00
     120.0000000000000000   6.1433739197824151E+00   4.6342458221718363E+00
     130.0000000000000000   6.2997481726160505E+00   4.6282625985320838E+00
     140.0000000000000000   6.4653774916490336E+00   4.6121108107484172E+00
     150.0000000000000000   6.6382342447288361E+00   4.5884892013893239E+00
     153.9989999999999952   6.7192173924326104E+00   4.5590287048930422E+00
     154.0010000000000048   6.7192707836735890E+00   4.5589909931796528E+00
     160.0000000000000000   6.8289035950180343E+00   4.5374151370971640E+00
     170.0000000000000000   7.0223001977508455E+00   4.4854460560486134E+00
     180.0000000000000000   7.2284375927600895E+00   4.4140708079608419E+00
     190.0000000000000000   7.4350255712662223E+00   4.3453021593107026E+00
     200.0000000000000000   7.6418955396466446E+00   4.2791193191135433E+00
     210.0000000000000000   7.8489268177649949E+00   4.2154580062548828E+00
     220.0000000000000000   8.0560314163263769E+00   4.1542298313580588E+00
     230.0000000000000000   8.2712859498992444E+00   4.0810185438867386E+00
     240.0000000000000000   8.4857674869202526E+00   4.0114732430319124E+00
     250.0000000000000000   8.6994944894637616E+00   3.9453159334947290E+00
     260.0000000000000000   8.9124894092939417E+00   3.8822936937081489E+00
     270.0000000000000000   9.1318684688644236E+00   3.8103029480259534E+00
     280.0000000000000000   9.3432081810153029E+00   3.7533960786824818E+00
     290.0000000000000000   9.5605688392940991E+00   3.6880429174266096E+00
     300.0000000000000000   9.7703917160014839E+00   3.6363573046550473E+00
     310.0000000000000000   9.9858934301291828E+00   3.5767064499375438E+00
     320.0000000000000000   1.0200447347674707E+01   3.5197919220414944E+00
     330.0000000000000000   1.0414092011796805E+01   3.4654181847763574E+00
     340.0000000000000000   1.0626864157870010E+01   3.4134081131023422E+00
     350.0000000000000000   1.0838798696464577E+01   3.3636009260517286E+00
     360.0000000000000000   1.1049928723366005E+01   3.3158503878580698E+00
     370.0000000000000000   1.1265779021439924E+01   3.2617983248322679E+00
     380.0000000000000000   1.1475258742812088E+01   3.2180288571434881E+00
     390.0000000000000000   1.1689325522107705E+01   3.1681901392725802E+00
     400.0000000000000000   1.1897276482678969E+01   3.1279035997686950E+00
     410.0000000000000000   1.2109679032993451E+01   3.0817740331539660E+00
     420.0000000000000000   1.2316210757833611E+01   3.0445531359298141E+00
     430.0000000000000000   1.2527057353825791E+01   3.0017074712728435E+00
     440.0000000000000000   1.2737133579549939E+01   2.9604520162132459E+00
     450.0000000000000000   1.2946463024037072E+01   2.9206956642352395E+00
     460.0000000000000000   1.3150321880799344E+01   2.8887763461987621E+00
     470.0000000000000000   1.3358283760750599E+01   2.8516193951267099E+00
     480.0000000000000000   1.3565563505483279E+01   2.8157337126292226E+00
     490.0000000000000000   1.3772180796873595E+01   2.7810519774595073E+00
     500.0000000000000000   1.3978154495000776E+01   2.7475116047891626E+00
     510.0000000000000000   1.4183502641842678E+01   2.7150543730410601E+00
     520.0000000000000000   1.4388242525852693E+01   2.6836260241130705E+00
     530.0000000000000000   1.4592390713555902E+01   2.6531759356316029E+00
     537.9990000000000236   1.4757839429510238E+01   2.6262636158107133E+00
     538.0009999999999764   1.4757881820626832E+01   2.6262556262760706E+00
     540.0000000000000000   1.4800240107349515E+01   2.6182961499711679E+00
     550.0000000000000000   1.5003194494972590E+01   2.5897744120241182E+00
     560.0000000000000000   1.5205603247584548E+01   2.5620939837392593E+00
     570.0000000000000000   1.5407480379001315E+01   2.5352162784988135E+00
     580.0000000000000000   1.5608839347754522E+01   2.5091050814284839E+00
     590.0000000000000000   1.5813736829882805E+01   2.4788711567162420E+00
     600.0000000000000000   1.6014041673317678E+01   2.4542854609293157E+00
     610.0000000000000000   1.6213866082883243E+01   2.4303670155535624E+00
     620.0000000000000000   1.6417146114995390E+01   2.4024925511808948E+00
     630.0000000000000000   1.6615988281251870E+01   2.3799092968172335E+00
     640.0000000000000000   1.6818244533428256E+01   2.3534727265796858E+00
     650.0000000000000000   1.7016148280831597E+01   2.3321136191022900E+00
     660.0000000000000000   1.7217422602463518E+01   2.3070003659044445E+00
     670.0000000000000000   1.7414428760889393E+01   2.2867664904705238E+00
     680.0000000000000000   1.7614760314216646E+01   2.2628740823203328E+00
     690.0000000000000000   1.7810906989888501E+01   2.2436770217647353E+00
     700.0000000000000000   1.8010332463765476E+01   2.2209135267812989E+00
     710.0000000000000000   1.8205655254033065E+01   2.2026740084220404E+00
     720.0000000000000000   1.8404209070724164E+01   2.1809566967969976E+00
     730.0000000000000000   1.8602333826612050E+01   2.1597620854159874E+00
     740.0000000000000000   1.8796455766403408E+01   2.1428576439503635E+00
     750.0000000000000000   1.8993756415756529E+01   2.1225984438230521E+00
     760.0000000000000000   1.9190650424896820E+01   2.1028083037319476E+00
     770.0000000000000000   1.9383640205513437E+01   2.0870965242923609E+00
     780.0000000000000000   1.9579753576025620E+01   2.0681463867952901E+00
     790.0000000000000000   1.9775480819076094E+01   2.0496189538828267E+00
     800.0000000000000000   1.9970828231350360E+01   2.0314998640781301E+00
     810.0000000000000000   2.0162387536757034E+01   2.0172070587207394E+00
     820.0000000000000000   2.0357006707884203E+01   1.9998193762391967E+00
     830.0000000000000000   2.0551264422371485E+01   1.9828015296512451E+00
     840.0000000000000000   2.0745166356147095E+01   1.9661415066980916E+00
     850.0000000000000000   2.0938718119588685E+01   1.9498277383268372E+00
     860.0000000000000000   2.1128615274845334E+01   1.9370648840671350E+00
     870.0000000000000000   2.1321496578928922E+01   1.9213714373347082E+00
     880.0000000000000000   2.1514043748325509E+01   1.9059934315786586E+00
     890.0000000000000000   2.1706261811759241E+01   1.8909211383924363E+00
     900.0000000000000000   2.1898155713752363E+01   1.8761451941328007E+00
     910.0000000000000000   2.2089730286066978E+01   1.8616566107786912E+00
     920.0000000000000000   2.2280990225111001E+01   1.8474467809543988E+00
     930.0000000000000000   2.2471940098668330E+01   1.8335074578202906E+00
     940.0000000000000000   2.2659422641544808E+01   1.8227517233725115E+00
     950.0000000000000000   2.2849779798199773E+01   1.8092972481436673E+00
     960.0000000000000000   2.3039839940083802E+01   1.7960912248265037E+00
     970.0000000000000000   2.3229607215702639E+01   1.7831265960426326E+00
     980.0000000000000000   2.3419085681978469E+01   1.7703965699547231E+00
     990.0000000000000000   2.3608279296723033E+01   1.7578946158353295E+00
    1000.0000000000000000   2.3797191931451767E+01   1.7456144451424453E+00
    1100.0000000000000000   2.5674580142645411E+01   1.6313135419650715E+00
    1200.0000000000000000   2.7527269649831450E+01   1.5341630686229926E+00
    1300.0000000000000000   2.9360690899897815E+01   1.4484116989196698E+00
    1400.0000000000000000   3.1176786223455689E+01   1.3718437776506549E+00
    1500.0000000000000000   3.2974629311686094E+01   1.3045615261581538E+00
    1600.0000000000000000   3.4755806202827927E+01   1.2449346252142051E+00
    1700.0000000000000000   3.6524089552799275E+01   1.1901403716330734E+00
    1800.0000000000000000   3.8280499620236064E+01   1.1394381866253616E+00
    1843.9990000000000236   3.9047114813255341E+01   1.1198839411044823E+00
    1844.0009999999999764   3.9047149928492736E+01   1.1198828737087578E+00
    1900.0000000000000000   4.0021209048248245E+01   1.0950433145409002E+00
    2000.0000000000000000   4.1751870872201586E+01   1.0533884184583315E+00
    2100.0000000000000000   4.3470881411333337E+01   1.0153884947853900E+00
    2200.0000000000000000   4.5181140702435755E+01   9.7938857792914302E-01
    2300.0000000000000000   4.6878910679962672E+01   9.4739511989004721E-01
    2400.0000000000000000   4.8569033733532457E+01   9.1679670065554297E-01
    2500.0000000000000000   5.0249904408178260E+01   8.8845361613533647E-01
    2600.0000000000000000   5.1921979627984769E+01   8.6212596657282470E-01
    2700.0000000000000000   5.3585691470502866E+01   8.3760076437410158E-01
    2800.0000000000000000   5.5241471730372545E+01   8.1467812470190315E-01
    2900.0000000000000000   5.6891523137310017E+01   7.9236968618284154E-01
    3000.0000000000000000   5.8534344108284671E+01   7.7140356792065790E-01
    3100.0000000000000000   6.0168102582438337E+01   7.5257101354621936E-01
    3200.0000000000000000   6.1797144126756763E+01   7.3399988030912255E-01
    3300.0000000000000000   6.3419721300449524E+01   7.1647479362530131E-01
    3400.0000000000000000   6.5036073178197924E+01   6.9991148162890837E-01
    3500.0000000000000000   6.6646419981461065E+01   6.8423502677738701E-01
    3600.0000000000000000   6.8250995689176122E+01   6.6936920564170665E-01
    3700.0000000000000000   6.9850001548901147E+01   6.5525009569489112E-01
    3800.0000000000000000   7.1445502526358339E+01   6.4112038050178044E-01
    3900.0000000000000000   7.3033822497764291E+01   6.2838005977509248E-01
    4000.0000000000000000   7.4619032878359647E+01   6.1554029822019218E-01
    4100.0000000000000000   7.6197429251821376E+01   6.0395961936021536E-01
    4200.0000000000000000   7.7772944263762909E+01   5.9224868899757321E-01
    4300.0000000000000000   7.9342011064368322E+01   5.8167626173389320E-01
    4400.0000000000000000   8.0908505581435108E+01   5.7091632945359727E-01
    4500.0000000000000000   8.2470458156700474E+01   5.6065994563024601E-01
    4600.0000000000000000   8.4028447682170253E+01   5.5074138126491934E-01
    4700.0000000000000000   8.5582008048414934E+01   5.4130890325169545E-01
    4800.0000000000000000   8.7129839041233311E+01   5.3278991589427549E-01
    4900.0000000000000000   8.8675676833647984E+01   5.2400911312052800E-01
    5000.0000000000000000   9.0217680847693558E+01   5.1556445076421453E-01
    5100.0000000000000000   9.1755926777800795E+01   5.0744217073243525E-01
    5200.0000000000000000   9.3290499362123938E+01   4.9962615753238721E-01
    5300.0000000000000000   9.4821470364452239E+01   4.9210371258088015E-01
    5400.0000000000000000   9.6350726870912851E+01   4.8433763203407254E-01
    5500.0000000000000000   9.7875291911519284E+01   4.7722024931742807E-01
    5600.0000000000000000   9.9396065673374238E+01   4.7047124441401944E-01
    5700.0000000000000000   1.0091357275723578E+02   4.6395267683377678E-01
    5800.0000000000000000   1.0242835275490738E+02   4.5754138875226374E-01
    5900.0000000000000000   1.0394127621451524E+02   4.5097956837979619E-01
    6000.0000000000000000   1.0544974170338664E+02   4.4501975353621476E-01
    6100.0000000000000000   1.0695537212665633E+02   4.3921177073067902E-01
    6200.0000000000000000   1.0845923274350163E+02   4.3326343476264767E-01
    6300.0000000000000000   1.0995883398447299E+02   4.2787106519572460E-01
    6400.0000000000000000   1.1145741249356975E+02   4.2219041506318300E-01
    6500.0000000000000000   1.1295205117764363E+02   4.1697463867962525E-01
    6600.0000000000000000   1.1444346321091056E+02   4.1204109811477951E-01
    6700.0000000000000000   1.1593407557257318E+02   4.0678728675566433E-01
    6800.0000000000000000   1.1742016697723433E+02   4.0215500205586552E-01
    6900.0000000000000000   1.1890563447018813E+02   3.9718205729277373E-01
    7000.0000000000000000   1.2038795811648959E+02   3.9249629879971165E-01
    7100.0000000000000000   1.2186677752368803E+02   3.8818027406093270E-01
    7200.0000000000000000   1.2334421816821859E+02   3.8372964600202564E-01
    7300.0000000000000000   1.2481823547060854E+02   3.7964841461095244E-01
    7400.0000000000000000   1.2629230357788060E+02   3.7514022389549984E-01
    7500.0000000000000000   1.2776266562224308E+02   3.7105008289240976E-01
    7600.0000000000000000   1.2922929147861424E+02   3.6737888967423649E-01
    7700.0000000000000000   1.3069672680791811E+02   3.6315606360353597E-01
    7800.0000000000000000   1.3216032290459165E+02   3.5938096837294414E-01
    7900.0000000000000000   1.3362070018647739E+02   3.5592348160384613E-01
    8000.0000000000000000   1.3508142239167185E+02   3.5204201901783766E-01
    8100.0000000000000000   1.3653846802817759E+02   3.4855094259588859E-01
    8200.0000000000000000   1.3799474804493536E+02   3.4491352486314486E-01
    8300.0000000000000000   1.3944672179112715E+02   3.4180317059817616E-01
    8400.0000000000000000   1.4089878224084029E+02   3.3835127692462419E-01
    8500.0000000000000000   1.4234938872496238E+02   3.3487049050177198E-01
    8600.0000000000000000   1.4379587367868237E+02   3.3187967389983175E-01
    8700.0000000000000000   1.4524254827567128E+02   3.2857872683475536E-01
    8800.0000000000000000   1.4668694158710272E+02   3.2540756883858196E-01
    8900.0000000000000000   1.4812672143874221E+02   3.2282826470757042E-01
    9000.0000000000000000   1.4956754765212403E+02   3.1976897664031173E-01
    9100.0000000000000000   1.5100706730862055E+02   3.1668135694164556E-01
    9200.0000000000000000   1.5244426954272217E+02   3.1374531270049749E-01
    9300.0000000000000000   1.5387845570911156E+02   3.1109125440043794E-01
    9400.0000000000000000   1.5531094927999541E+02   3.0849053288692796E-01
    9500.0000000000000000   1.5674271792879836E+02   3.0577438745045160E-01
    9600.0000000000000000   1.5817306159672398E+02   3.0306541901935452E-01
    9700.0000000000000000   1.5960159214139694E+02   3.0043237205830553E-01
    9800.0000000000000000   1.6102836322570701E+02   2.9786813489118763E-01
    9900.0000000000000000   1.6245345873770984E+02   2.9536042531157713E-01
   10000.0000000000000000   1.6387691206933047E+02   2.9290560615404310E-01
   11000.0000000000000000   1.7802744507528067E+02   2.7063151226036780E-01
   12000.0000000000000000   1.9203568423029301E+02   2.5200392851654818E-01
   13000.0000000000000000   2.0591982824057453E+02   2.3564956168985263E-01
   14000.0000000000000000   2.1968869056971440E+02   2.2146683372379294E-01
   15000.0000000000000000   2.3335209342620456E+02   2.0907673181009936E-01
   16000.0000000000000000   2.4692055055818994E+02   1.9791966428424393E-01
   17000.0000000000000000   2.6039745661294018E+02   1.8820797143098345E-01
   18000.0000000000000000   2.7378872600339992E+02   1.7972459764312809E-01
   19000.0000000000000000   2.8710855862119928E+02   1.7149651927342568E-01
   20000.0000000000000000   3.0035405590153567E+02   1.6413646283497790E-01
   21000.0000000000000000   3.1352711841022023E+02   1.5784718869070430E-01
   22000.0000000000000000   3.2664441015551802E+02   1.5129280669889658E-01
   23000.0000000000000000   3.3969527233317240E+02   1.4570041615629062E-01
   24000.0000000000000000   3.5268366384707895E+02   1.4098204966838293E-01
   25000.0000000000000000   3.6562611528415442E+02   1.3584195437134858E-01
   26000.0000000000000000   3.7850765922983766E+02   1.3175895853700476E-01
   27000.0000000000000000   3.9135240333520431E+02   1.2701000487836170E-01
   28000.0000000000000000   4.0413316024521447E+02   1.2372672651779996E-01
   29000.0000000000000000   4.1687383019951562E+02   1.2016084239005489E-01
   30000.0000000000000000   4.2958318662761633E+02   1.1614559094602431E-01
   31000.0000000000000000   4.4223796505811805E+02   1.1306212992640209E-01
   32000.0000000000000000   4.5485624235660373E+02   1.0987733284633124E-01
   33000.0000000000000000   4.6742489586039437E+02   1.0764960929262249E-01
   34000.0000000000000000   4.7996602317004016E+02   1.0491975856168485E-01
   35000.0000000000000000   4.9247739126654113E+02   1.0191705821524970E-01
   36000.0000000000000000   5.0494652319098225E+02   9.9434552258911402E-02
   37000.0000000000000000   5.1737347160089018E+02   9.7617397717055493E-02
   38000.0000000000000000   5.2978535105548315E+02   9.5018959274585327E-02
   39000.0000000000000000   5.4216223719260427E+02   9.2622636921536328E-02
   40000.0000000000000000   5.5450196026626304E+02   9.0524246395787780E-02
   41000.0000000000000000   5.6681522290411090E+02   8.8694513847602893E-02
   42000.0000000000000000   5.7909033878893013E+02   8.7016546667751535E-02
   43000.0000000000000000   5.9135056201642112E+02   8.5050798802529110E-02
   44000.0000000000000000   6.0356354344521867E+02   8.4096612897856804E-02
   45000.0000000000000000   6.1576083273228164E+02   8.2290729604907034E-02
   46000.0000000000000000   6.2794570423161781E+02   8.0328018078657720E-02
   47000.0000000000000000   6.4009469545635841E+02   7.9009372523963617E-02
   48000.0000000000000000   6.5221598190369139E+02   7.7727308855913030E-02
   49000.0000000000000000   6.6432119417622619E+02   7.6109922243335598E-02
   50000.0000000000000000   6.7640004780334914E+02   7.4652010475380406E-02
