       0.0010000000000000   1.0000000000000000E+30   0.0000000000000000E+00
       0.1000000000000000   1.5160540082089431E+01   1.9214680870659339E-03
       0.2000000000000000   1.3328940210361022E+01   3.7598205484799018E-03
       0.3000000000000000   1.2712047406980014E+01   5.5888477429895233E-03
       0.4000000000000000   1.2469221669168704E+01   7.3381251785350115E-03
       0.5000000000000000   1.2340888292368245E+01   9.0695861053300773E-03
       0.6000000000000000   1.2267778184461914E+01   1.0786354205514491E-02
       0.7000000000000000   1.2226765261452220E+01   1.2491318624961086E-02
       0.7999999999999999   1.2205110522810225E+01   1.4186482818194356E-02
       0.8999999999999999   1.2196928967823709E+01   1.5868857596876573E-02
       0.9999999999999999   1.2196609900156714E+01   1.7545263122518924E-02
       2.0000000000000000   1.2334897990308328E+01   3.4002609917914754E-02
       3.0000000000000000   1.2473228352303778E+01   5.0314463145932506E-02
       4.0000000000000000   1.2552100758557996E+01   6.6842215812645545E-02
       5.0000000000000000   1.2574730179948792E+01   8.3813365555408401E-02
       6.0000000000000000   1.2551187232714732E+01   1.0138511479053715E-01
       7.0000000000000000   1.2491566825407745E+01   1.1965978927264503E-01
       8.0000000000000000   1.2403688118882723E+01   1.3871499312761842E-01
       9.0000000000000000   1.2293882552174683E+01   1.5860971660348994E-01
      10.0000000000000000   1.2167022616347259E+01   1.7939318237408475E-01
      11.0000000000000000   1.2027098321533133E+01   2.0110432466369935E-01
      12.0000000000000000   1.1877265041161442E+01   2.2377487495854148E-01
      13.0000000000000000   1.1720129128852903E+01   2.4743102532315120E-01
      14.0000000000000000   1.1557660776237810E+01   2.7209835968042945E-01
      15.0000000000000000   1.1391481302925580E+01   2.9779970514324650E-01
      16.0000000000000000   1.1222941123947928E+01   3.2455435777231822E-01
      17.0000000000000000   1.1053072860464207E+01   3.5238262290899719E-01
      18.0000000000000000   1.0882754273449986E+01   3.8130281997706755E-01
      19.0000000000000000   1.0712665717848244E+01   4.1133294869946674E-01
      20.0000000000000000   1.0543360397039633E+01   4.4249142068682934E-01
      21.0000000000000000   1.0375273152156035E+01   4.7479680077741859E-01
      22.0000000000000000   1.0208767773115124E+01   5.0826666178837965E-01
      23.0000000000000000   1.0044130100556137E+01   5.4291870888242266E-01
      24.0000000000000000   9.8815775363246967E+00   5.7877149806099959E-01
      25.0000000000000000   9.7212877179567538E+00   6.1584295865394700E-01
      26.0000000000000000   9.5634004912473483E+00   6.5415075766855779E-01
      27.0000000000000000   9.4080257407107482E+00   6.9371204692173716E-01
      28.0000000000000000   9.2552520281826620E+00   7.3454305975508238E-01
      29.0000000000000000   9.1051467851321970E+00   7.7665906406283980E-01
      30.0000000000000000   8.9577670460513055E+00   8.2007370956926184E-01
      31.0000000000000000   8.8131566652887781E+00   8.6479887777623898E-01
      32.0000000000000000   8.6713564663134317E+00   9.1084376594911953E-01
      33.0000000000000000   8.5323987171110787E+00   9.5821494263602502E-01
      34.0000000000000000   8.3963146102998927E+00   1.0069154280300427E+00
      35.0000000000000000   8.2631332137791329E+00   1.0569442240203311E+00
      36.0000000000000000   8.1328832211789042E+00   1.1082957072905451E+00
      37.0000000000000000   8.0055934983067729E+00   1.1609590286963301E+00
      38.0000000000000000   7.8812937646218533E+00   1.2149175124444427E+00
      39.0000000000000000   7.7600142278129534E+00   1.2701480902987778E+00
      40.0000000000000000   7.6417863190737334E+00   1.3266207146258080E+00
      41.0000000000000000   7.5266416565869019E+00   1.3842979496344940E+00
      42.0000000000000000   7.4146120264291664E+00   1.4431345290707698E+00
      43.0000000000000000   7.3057288640952143E+00   1.5030770831463964E+00
      44.0000000000000000   7.2000226233721598E+00   1.5640638914657747E+00
      45.0000000000000000   7.0975215217075869E+00   1.6260249828643429E+00
      46.0000000000000000   6.9982511960683640E+00   1.6888821702299479E+00
      47.0000000000000000   6.9022336766372892E+00   1.7525493721533967E+00
      48.0000000000000000   6.8094865422210944E+00   1.8169330792449438E+00
      49.0000000000000000   6.7200221344744593E+00   1.8819329956868298E+00
      50.0000000000000000   6.6338468042357448E+00   1.9474428375773756E+00
      51.0000000000000000   6.5509602282249482E+00   2.0133512859395655E+00
      52.0000000000000000   6.4713550102297477E+00   2.0795430486184441E+00
      53.0000000000000000   6.3950162351122923E+00   2.1459000234539589E+00
      54.0000000000000000   6.3219213012680813E+00   2.2123025198000792E+00
      55.0000000000000000   6.2520398017790466E+00   2.2786305229465285E+00
      56.0000000000000000   6.1853337145374994E+00   2.3447649654361320E+00
      57.0000000000000000   6.1217579628238044E+00   2.4105886001689836E+00
      58.0000000000000000   6.0612600194872464E+00   2.4759876909432377E+00
      59.0000000000000000   6.0037808836120066E+00   2.5408527308322650E+00
      60.0000000000000000   5.9492561841606770E+00   2.6050789826235112E+00
      61.0000000000000000   5.8976157969722482E+00   2.6685679432393874E+00
      62.0000000000000000   5.8487852584115902E+00   2.7312274913050651E+00
      63.0000000000000000   5.8026863474635233E+00   2.7929724789770654E+00
      64.0000000000000000   5.7592377788264582E+00   2.8537250641077545E+00
      65.0000000000000000   5.7183559542881568E+00   2.9134149059452961E+00
      66.0000000000000000   5.6799556467151469E+00   2.9719792369616331E+00
      67.0000000000000000   5.6439506484956645E+00   3.0293628229835488E+00
      68.0000000000000000   5.6102543751820901E+00   3.0855178260657166E+00
      69.0000000000000000   5.5787804072227418E+00   3.1404035856704802E+00
      70.0000000000000000   5.5494429734686506E+00   3.1939863319473720E+00
      71.0000000000000000   5.5221573718324555E+00   3.2462388479308064E+00
      72.0000000000000000   5.4968403388966030E+00   3.2971400912797399E+00
      73.0000000000000000   5.4734103551676982E+00   3.3466747898223299E+00
      74.0000000000000000   5.4517878979258612E+00   3.3948330208548465E+00
      75.0000000000000000   5.4318956068152202E+00   3.4416098140707745E+00
      76.0000000000000000   5.4136585935978667E+00   3.4870046025303947E+00
      77.0000000000000000   5.3970043277189115E+00   3.5310209882359440E+00
      78.0000000000000000   5.3818628724586333E+00   3.5736662115792694E+00
      79.0000000000000000   5.3681668940675022E+00   3.6149507921716917E+00
      80.0000000000000000   5.3558516831138139E+00   3.6548881578011465E+00
      81.0000000000000000   5.3448551512963958E+00   3.6934942946449021E+00
      82.0000000000000000   5.3351178132219754E+00   3.7307874200047229E+00
      83.0000000000000000   5.3265827468233100E+00   3.7667876779448326E+00
      84.0000000000000000   5.3191955391103303E+00   3.8015168584990389E+00
      85.0000000000000000   5.3129042288976578E+00   3.8349981393682566E+00
      86.0000000000000000   5.3076592352048815E+00   3.8672558500734651E+00
      87.0000000000000000   5.3034132775567633E+00   3.8983152621634436E+00
      88.0000000000000000   5.3001213164560106E+00   3.9282023762249771E+00
      89.0000000000000000   5.2977404381773399E+00   3.9569437754642567E+00
      90.0000000000000000   5.2962297894030606E+00   3.9845664498797291E+00
      91.0000000000000000   5.2955504890223128E+00   4.0110976609980602E+00
      92.0000000000000000   5.2956655418979075E+00   4.0365648174611479E+00
      93.0000000000000000   5.2965397544841251E+00   4.0609953649583872E+00
      94.0000000000000000   5.2981396519501525E+00   4.0844166893388660E+00
      95.0000000000000000   5.3004333971294937E+00   4.1068560317712643E+00
      96.0000000000000000   5.3033907117977472E+00   4.1283404148754830E+00
      97.0000000000000000   5.3069828004108492E+00   4.1488965788113417E+00
      98.0000000000000000   5.3111822756871385E+00   4.1685509264335652E+00
      99.0000000000000000   5.3159630912670099E+00   4.1873294762717572E+00
     100.0000000000000000   5.3213004681379568E+00   4.2052578234116078E+00
     103.9989999999999952   5.3477533844167615E+00   4.2689501682098223E+00
     104.0010000000000048   5.3477685183541688E+00   4.2689789790207282E+00
     110.0000000000000000   5.4006209586510190E+00   4.3430577926261069E+00
     120.0000000000000000   5.5156280150065982E+00   4.4201521445529277E+00
     130.0000000000000000   5.6547815703521289E+00   4.4535095891903280E+00
     140.0000000000000000   5.8106944599111694E+00   4.4555943922070158E+00
     150.0000000000000000   5.9784914730854526E+00   4.4354308407374718E+00
     153.9989999999999952   6.0481405072564636E+00   4.4226653787035808E+00
     154.0010000000000048   6.0481756528972497E+00   4.4226584263235944E+00
     160.0000000000000000   6.1548619506738262E+00   4.3995329937971386E+00
     170.0000000000000000   6.3374993417070353E+00   4.3526125617052074E+00
     180.0000000000000000   6.5247599764285020E+00   4.2980914285278518E+00
     190.0000000000000000   6.7154492244368464E+00   4.2384659097034110E+00
     200.0000000000000000   6.9086837586865233E+00   4.1755644421245135E+00
     210.0000000000000000   7.1038006185026692E+00   4.1107302411347435E+00
     220.0000000000000000   7.3002957457267961E+00   4.0449515233908384E+00
     230.0000000000000000   7.4977815899311615E+00   3.9789549923443874E+00
     240.0000000000000000   7.6959572891051389E+00   3.9132734905622324E+00
     250.0000000000000000   7.8945873571340970E+00   3.8482953268232629E+00
     260.0000000000000000   8.0934861987572759E+00   3.7843005316568901E+00
     270.0000000000000000   8.2925067047077121E+00   3.7214876964674013E+00
     280.0000000000000000   8.4867159431699619E+00   3.6699997266406128E+00
     290.0000000000000000   8.6882679323537566E+00   3.6066619333271950E+00
     300.0000000000000000   8.8833074257042224E+00   3.5568356293971308E+00
     310.0000000000000000   9.0830289380108660E+00   3.4989899087938285E+00
     320.0000000000000000   9.2818336058581430E+00   3.4437871385233572E+00
     330.0000000000000000   9.4797608135003877E+00   3.3910385586436353E+00
     340.0000000000000000   9.6768477121010488E+00   3.3405732687428777E+00
     350.0000000000000000   9.8731293746756545E+00   3.2922361118443786E+00
     360.0000000000000000   1.0068638834900240E+01   3.2458859766905173E+00
     370.0000000000000000   1.0263407185137828E+01   3.2013942796732922E+00
     380.0000000000000000   1.0462020143328612E+01   3.1507220439086145E+00
     390.0000000000000000   1.0655282949599536E+01   3.1098473090442549E+00
     400.0000000000000000   1.0847889669553549E+01   3.0704949610135586E+00
     410.0000000000000000   1.1044156144564871E+01   3.0253259732914626E+00
     420.0000000000000000   1.1239660783601300E+01   2.9819058970525520E+00
     430.0000000000000000   1.1430234429546807E+01   2.9470070631953362E+00
     440.0000000000000000   1.1624336510580463E+01   2.9066059858043154E+00
     450.0000000000000000   1.1817746508161090E+01   2.8676722014231797E+00
     460.0000000000000000   1.2006492289152812E+01   2.8364865195660323E+00
     470.0000000000000000   1.2198629132068413E+01   2.8000946190701033E+00
     480.0000000000000000   1.2390134307420158E+01   2.7649470519080799E+00
     490.0000000000000000   1.2581026157882645E+01   2.7309778837402807E+00
     500.0000000000000000   1.2771322209480267E+01   2.6981258574662905E+00
     510.0000000000000000   1.2961039226655599E+01   2.6663339735298552E+00
     520.0000000000000000   1.3150193254284806E+01   2.6355491221502740E+00
     530.0000000000000000   1.3338799655111350E+01   2.6057217519790967E+00
     537.9990000000000236   1.3491444826903587E+01   2.5793244777410518E+00
     538.0009999999999764   1.3491483852438442E+01   2.5793166283624656E+00
     540.0000000000000000   1.3526873139160195E+01   2.5768055856847938E+00
     550.0000000000000000   1.3714427789422874E+01   2.5487573595582869E+00
     560.0000000000000000   1.3904988381689680E+01   2.5164433563185304E+00
     570.0000000000000000   1.4091498384418324E+01   2.4901139341231882E+00
     580.0000000000000000   1.4277528766557010E+01   2.4645346805939998E+00
     590.0000000000000000   1.4463091464981719E+01   2.4396723198179138E+00
     600.0000000000000000   1.4651564234574863E+01   2.4107804516676858E+00
     610.0000000000000000   1.4836179247969186E+01   2.3873485134673378E+00
     620.0000000000000000   1.5020360029983108E+01   2.3645419710415614E+00
     630.0000000000000000   1.5207384767082756E+01   2.3378691830352070E+00
     640.0000000000000000   1.5390681513649028E+01   2.3163171917636443E+00
     650.0000000000000000   1.5576789343917442E+01   2.2909994125387456E+00
     660.0000000000000000   1.5759240846304497E+01   2.2705990940241985E+00
     670.0000000000000000   1.5944468806477456E+01   2.2465298822119966E+00
     680.0000000000000000   1.6126111221451907E+01   2.2271894400167556E+00
     690.0000000000000000   1.6310493972788073E+01   2.2042734468198937E+00
     700.0000000000000000   1.6491361044022558E+01   2.1859107099707473E+00
     710.0000000000000000   1.6674931064927765E+01   2.1640622619320951E+00
     720.0000000000000000   1.6855054330495889E+01   2.1466034477000009E+00
     730.0000000000000000   1.7037842092235980E+01   2.1257453427267481E+00
     740.0000000000000000   1.7220245048167918E+01   2.1053828740188183E+00
     750.0000000000000000   1.7399285197328986E+01   2.0891864778190130E+00
     760.0000000000000000   1.7580948004105341E+01   2.0697107867501296E+00
     770.0000000000000000   1.7762245898142101E+01   2.0506804651464745E+00
     780.0000000000000000   1.7940263782731051E+01   2.0356134146291480E+00
     790.0000000000000000   1.8120860018424672E+01   2.0173805215115204E+00
     800.0000000000000000   1.8301109546033764E+01   1.9995494828021596E+00
     810.0000000000000000   1.8481018011245375E+01   1.9821067428638410E+00
     820.0000000000000000   1.8657743890327012E+01   1.9683857467109211E+00
     830.0000000000000000   1.8836997050610016E+01   1.9516385922954016E+00
     840.0000000000000000   1.9015925449966545E+01   1.9352435212885548E+00
     850.0000000000000000   1.9194534124492879E+01   1.9191892316072514E+00
     860.0000000000000000   1.9372827977552188E+01   1.9034649115753806E+00
     870.0000000000000000   1.9548051145633519E+01   1.8911981223067444E+00
     880.0000000000000000   1.9725740946138629E+01   1.8760648427448898E+00
     890.0000000000000000   1.9903130254130868E+01   1.8612323772940085E+00
     900.0000000000000000   2.0080223499269003E+01   1.8466915864251106E+00
     910.0000000000000000   2.0257025012472582E+01   1.8324336939488262E+00
     920.0000000000000000   2.0433539033643470E+01   1.8184502608604456E+00
     930.0000000000000000   2.0609769721256864E+01   1.8047331647771179E+00
     940.0000000000000000   2.0785721143418431E+01   1.7912745946140232E+00
     950.0000000000000000   2.0961397272526423E+01   1.7780670461325152E+00
     960.0000000000000000   2.1134175820006508E+01   1.7679243545153855E+00
     970.0000000000000000   2.1309324890993228E+01   1.7551662696061459E+00
     980.0000000000000000   2.1484210066301412E+01   1.7426390840963113E+00
     990.0000000000000000   2.1658834937256252E+01   1.7303363795839457E+00
    1000.0000000000000000   2.1833203015176000E+01   1.7182519759275636E+00
    1100.0000000000000000   2.3565932900917421E+01   1.6057681983907546E+00
    1200.0000000000000000   2.5276101089780038E+01   1.5101644838022090E+00
    1300.0000000000000000   2.6968459431858534E+01   1.4257727478986104E+00
    1400.0000000000000000   2.8644804587524476E+01   1.3504094126319868E+00
    1500.0000000000000000   3.0304478284917632E+01   1.2841911375576267E+00
    1600.0000000000000000   3.1948929958253363E+01   1.2255069190931938E+00
    1700.0000000000000000   3.3581428900417535E+01   1.1715728293664081E+00
    1800.0000000000000000   3.5200897875051119E+01   1.1231237193318928E+00
    1843.9990000000000236   3.5910820159302844E+01   1.1024293959905049E+00
    1844.0009999999999764   3.5910852553804567E+01   1.1024283494378810E+00
    1900.0000000000000000   3.6810208360869055E+01   1.0779821877631206E+00
    2000.0000000000000000   3.8408165015867155E+01   1.0369892131461189E+00
    2100.0000000000000000   3.9995489826048995E+01   9.9958779725234970E-01
    2200.0000000000000000   4.1572833841385396E+01   9.6531366436585941E-01
    2300.0000000000000000   4.3142591196779343E+01   9.3265983213220094E-01
    2400.0000000000000000   4.4701613621531372E+01   9.0359870464683723E-01
    2500.0000000000000000   4.6253963312312912E+01   8.7566021985913667E-01
    2600.0000000000000000   4.7798286620077967E+01   8.4970408594105107E-01
    2700.0000000000000000   4.9336711072223480E+01   8.2455828320654900E-01
    2800.0000000000000000   5.0866054535318121E+01   8.0202725597892532E-01
    2900.0000000000000000   5.2388435469398502E+01   7.8093873916668599E-01
    3000.0000000000000000   5.3905859095963372E+01   7.6027385825144156E-01
    3100.0000000000000000   5.5416863786518654E+01   7.4085258895179118E-01
    3200.0000000000000000   5.6920023919082219E+01   7.2339693199514310E-01
    3300.0000000000000000   5.8418956214913464E+01   7.0612247294950525E-01
    3400.0000000000000000   5.9912198905033513E+01   6.8979602418058295E-01
    3500.0000000000000000   6.1399963983293610E+01   6.7433977736040962E-01
    3600.0000000000000000   6.2884099175503401E+01   6.5893161559742242E-01
    3700.0000000000000000   6.4361417386652235E+01   6.4505619738254361E-01
    3800.0000000000000000   6.5833868965418446E+01   6.3183981273993239E-01
    3900.0000000000000000   6.7303118886400554E+01   6.1858214637807829E-01
    4000.0000000000000000   6.8766124111914252E+01   6.0662417406868396E-01
    4100.0000000000000000   7.0226225115286823E+01   5.9456338689185662E-01
    4200.0000000000000000   7.1680478416904080E+01   5.8365134000957042E-01
    4300.0000000000000000   7.3132092671730746E+01   5.7258592353982585E-01
    4400.0000000000000000   7.4577899255639636E+01   5.6266245713589413E-01
    4500.0000000000000000   7.6021407580967562E+01   5.5250580686592810E-01
    4600.0000000000000000   7.7460951704404579E+01   5.4279428180494871E-01
    4700.0000000000000000   7.8896897484757730E+01   5.3341129582802338E-01
    4800.0000000000000000   8.0328927814589548E+01   5.2447869603166064E-01
    4900.0000000000000000   8.1757358872515056E+01   5.1589785970811686E-01
    5000.0000000000000000   8.3182383126633411E+01   5.0761350457555920E-01
    5100.0000000000000000   8.4604040162634774E+01   4.9962295998670142E-01
    5200.0000000000000000   8.6022404330731476E+01   4.9191230968657607E-01
    5300.0000000000000000   8.7437618436347620E+01   4.8444666887840115E-01
    5400.0000000000000000   8.8849770658973014E+01   4.7721081136706262E-01
    5500.0000000000000000   9.0258572033756423E+01   4.7030445656950309E-01
    5600.0000000000000000   9.1664143385765996E+01   4.6369202237353385E-01
    5700.0000000000000000   9.3067297710567118E+01   4.5714036077549841E-01
    5800.0000000000000000   9.4468339365722684E+01   4.5052849130973577E-01
    5900.0000000000000000   9.5865971541089394E+01   4.4433116980400084E-01
    6000.0000000000000000   9.7259904831269310E+01   4.3859980119481295E-01
    6100.0000000000000000   9.8653014805072374E+01   4.3247565587119036E-01
    6200.0000000000000000   1.0004244308523445E+02   4.2684634835837904E-01
    6300.0000000000000000   1.0142845502813235E+02   4.2161971893745953E-01
    6400.0000000000000000   1.0281349492915425E+02   4.1607413018960365E-01
    6500.0000000000000000   1.0419493396445716E+02   4.1102339924034609E-01
    6600.0000000000000000   1.0557513308251048E+02   4.0575706779845644E-01
    6700.0000000000000000   1.0695182560039785E+02   4.0095480670058092E-01
    6800.0000000000000000   1.0832706374586986E+02   3.9601938004283199E-01
    6900.0000000000000000   1.0969891926196355E+02   3.9151694202179677E-01
    7000.0000000000000000   1.1106949081650744E+02   3.8685026075790213E-01
    7100.0000000000000000   1.1243667356289963E+02   3.8262791197846313E-01
    7200.0000000000000000   1.1380335477535732E+02   3.7805335480470842E-01
    7300.0000000000000000   1.1516765214340623E+02   3.7366315653781512E-01
    7400.0000000000000000   1.1652850891007463E+02   3.6972388777111170E-01
    7500.0000000000000000   1.1788781795510488E+02   3.6571990761254375E-01
    7600.0000000000000000   1.1924600445439002E+02   3.6159285359840021E-01
    7700.0000000000000000   1.2060092588024604E+02   3.5788988144101969E-01
    7800.0000000000000000   1.2195400149740445E+02   3.5420443224786258E-01
    7900.0000000000000000   1.2330647063583838E+02   3.5030441032873538E-01
    8000.0000000000000000   1.2465454728678520E+02   3.4707826606515474E-01
    8100.0000000000000000   1.2600352916406335E+02   3.4325524969938548E-01
    8200.0000000000000000   1.2734862514831170E+02   3.3998133782955159E-01
    8300.0000000000000000   1.2869355104081652E+02   3.3641014891143073E-01
    8400.0000000000000000   1.3003395465801904E+02   3.3353235014153626E-01
    8500.0000000000000000   1.3137544953871716E+02   3.3006464447238298E-01
    8600.0000000000000000   1.3271447270869416E+02   3.2681388991194821E-01
    8700.0000000000000000   1.3405060370531601E+02   3.2389378082997927E-01
    8800.0000000000000000   1.3538660116953045E+02   3.2070212827774791E-01
    8900.0000000000000000   1.3672052458263985E+02   3.1764506135111931E-01
    9000.0000000000000000   1.3805170468968146E+02   3.1487123799109717E-01
    9100.0000000000000000   1.3938093723939011E+02   3.1225749034351441E-01
    9200.0000000000000000   1.4071040596129717E+02   3.0928147070468415E-01
    9300.0000000000000000   1.4203804106714315E+02   3.0640675239117854E-01
    9400.0000000000000000   1.4336353870244503E+02   3.0369905164047811E-01
    9500.0000000000000000   1.4468679582561765E+02   3.0118438301585032E-01
    9600.0000000000000000   1.4600859900522437E+02   2.9870484514295487E-01
    9700.0000000000000000   1.4732935053881678E+02   2.9618070820660530E-01
    9800.0000000000000000   1.4864885489951592E+02   2.9365336749031662E-01
    9900.0000000000000000   1.4996689806422683E+02   2.9116779075168830E-01
   10000.0000000000000000   1.5128341331283221E+02   2.8873934558050773E-01
   11000.0000000000000000   1.6437132359781140E+02   2.6676644986510001E-01
   12000.0000000000000000   1.7732898085333952E+02   2.4831477345332098E-01
   13000.0000000000000000   1.9017212988878509E+02   2.3223808830360551E-01
   14000.0000000000000000   2.0290859168616362E+02   2.1848405300996135E-01
   15000.0000000000000000   2.1554962023645641E+02   2.0626218936461663E-01
   16000.0000000000000000   2.2810224938891608E+02   1.9541030280395738E-01
   17000.0000000000000000   2.4057551549071394E+02   1.8539417189196489E-01
   18000.0000000000000000   2.5297203883556861E+02   1.7648041976943865E-01
   19000.0000000000000000   2.6529510444077027E+02   1.6867096467965817E-01
   20000.0000000000000000   2.7754845741471803E+02   1.6194111687575113E-01
   21000.0000000000000000   2.8974762063932070E+02   1.5485318632226303E-01
   22000.0000000000000000   3.0187905823616569E+02   1.4926778774923347E-01
   23000.0000000000000000   3.1395584136080709E+02   1.4397674081836528E-01
   24000.0000000000000000   3.2598799027223822E+02   1.3834315693427948E-01
   25000.0000000000000000   3.3796174882859640E+02   1.3382553041287962E-01
   26000.0000000000000000   3.4989338362465315E+02   1.2910745991099654E-01
   27000.0000000000000000   3.6177405403859814E+02   1.2518965769332965E-01
   28000.0000000000000000   3.7361411404195150E+02   1.2115636391354645E-01
   29000.0000000000000000   3.8541063383185582E+02   1.1759550249944024E-01
   30000.0000000000000000   3.9716453478374922E+02   1.1442723930627535E-01
   31000.0000000000000000   4.0887918652176978E+02   1.1154687834418332E-01
   32000.0000000000000000   4.2056199662931533E+02   1.0832946252255836E-01
   33000.0000000000000000   4.3221009296656246E+02   1.0526346107805637E-01
   34000.0000000000000000   4.4382079680599156E+02   1.0259318815004223E-01
   35000.0000000000000000   4.5539547564648029E+02   1.0024616393354745E-01
   36000.0000000000000000   4.6694209091945424E+02   9.7766692451403875E-02
   37000.0000000000000000   4.7845877727954780E+02   9.5370921783316978E-02
   38000.0000000000000000   4.8993950838992021E+02   9.3549486060041376E-02
   39000.0000000000000000   5.0139434774440372E+02   9.1339267300454857E-02
   40000.0000000000000000   5.1281636947132290E+02   8.9682728523053465E-02
   41000.0000000000000000   5.2421816821708842E+02   8.7673567272421801E-02
   42000.0000000000000000   5.3559775336528469E+02   8.5532574483998314E-02
   43000.0000000000000000   5.4692812188168489E+02   8.4630910052115829E-02
   44000.0000000000000000   5.5826771739309538E+02   8.2185391782679695E-02
   45000.0000000000000000   5.6955985522251058E+02   8.0750849186845025E-02
   46000.0000000000000000   5.8083214419797480E+02   7.9151299321544424E-02
   47000.0000000000000000   5.9207977162266559E+02   7.7950097286551404E-02
   48000.0000000000000000   6.0330587452207101E+02   7.6748071210415839E-02
   49000.0000000000000000   6.1452487123755350E+02   7.4790374325164846E-02
   50000.0000000000000000   6.2570574788643273E+02   7.3636096819727770E-02
