       0.1000000000000000   1.0000000000000000E+30   0.0000000000000000E+00
       0.2000000000000000   1.0000000000000000E+30   0.0000000000000000E+00
       0.3000000000000000   1.0000000000000000E+30   0.0000000000000000E+00
       0.4000000000000000   1.0000000000000000E+30   0.0000000000000000E+00
       0.5000000000000000   1.0000000000000000E+30   0.0000000000000000E+00
       0.6000000000000000   1.0000000000000000E+30   0.0000000000000000E+00
       0.7000000000000000   1.0000000000000000E+30   0.0000000000000000E+00
       0.7999999999999999   1.0000000000000000E+30   0.0000000000000000E+00
       0.8999999999999999   1.0000000000000000E+30   0.0000000000000000E+00
       0.9999999999999999   1.0000000000000000E+30   0.0000000000000000E+00
       2.0000000000000000   1.0000000000000000E+30   0.0000000000000000E+00
       3.0000000000000000   1.0000000000000000E+30   0.0000000000000000E+00
       4.0000000000000000   1.0000000000000000E+30   0.0000000000000000E+00
       5.0000000000000000   1.0000000000000000E+30   0.0000000000000000E+00
       6.0000000000000000   1.0000000000000000E+30   0.0000000000000000E+00
       7.0000000000000000   1.0000000000000000E+30   0.0000000000000000E+00
       8.0000000000000000   1.0000000000000000E+30   0.0000000000000000E+00
       8.8990000000000009   1.0000000000000000E+30   0.0000000000000000E+00
       8.9009999999999998   8.9008778733880426E+03   9.9990137226905812E-04
       9.0000000000000000   8.1889976624275123E+03   1.0868240982452207E-03
      10.0000000000000000   3.7364540599281298E+02   2.4390311017222433E-02
      11.0000000000000000   1.4735310380427501E+02   6.3653566404724041E-02
      12.0000000000000000   9.5748031128433070E+01   9.9962239079997434E-02
      13.0000000000000000   6.7411439038007387E+01   1.4558298352275101E-01
      14.0000000000000000   5.1595611316271153E+01   1.9511006992821903E-01
      15.0000000000000000   4.2794335735683759E+01   2.4027014547363762E-01
      16.0000000000000000   3.6533361480601357E+01   2.8755353975528053E-01
      17.0000000000000000   3.1846464099899567E+01   3.3714732029705774E-01
      18.0000000000000000   2.8210817225587615E+01   3.8911013919463910E-01
      19.0000000000000000   2.5815052737873938E+01   4.3272476973402052E-01
      20.0000000000000000   2.3352551975795681E+01   4.8935432983769761E-01
      21.0000000000000000   2.1685907792054568E+01   5.3651611490692552E-01
      22.0000000000000000   1.9894843945140043E+01   5.9863097789978126E-01
      23.0000000000000000   1.8659594325969699E+01   6.5014730359753226E-01
      24.0000000000000000   1.7563515523720884E+01   7.0373280906125346E-01
      25.0000000000000000   1.6582385910031650E+01   7.5956874781721950E-01
      26.0000000000000000   1.5697567809709078E+01   8.1783386170285910E-01
      27.0000000000000000   1.4894266147183753E+01   8.7871706308717878E-01
      28.0000000000000000   1.4363866141251336E+01   9.2395130119106461E-01
      29.0000000000000000   1.3676078261117791E+01   9.8963416630607093E-01
      30.0000000000000000   1.3042729479536565E+01   1.0584313819587485E+00
      31.0000000000000000   1.2625037650826522E+01   1.1091652715915032E+00
      32.0000000000000000   1.2070681049699383E+01   1.1836415627529746E+00
      33.0000000000000000   1.1705828738214334E+01   1.2382978495289174E+00
      34.0000000000000000   1.1360644263341564E+01   1.2945599457061314E+00
      35.0000000000000000   1.0893912867964143E+01   1.3779027657027676E+00
      36.0000000000000000   1.0588194533924300E+01   1.4385925911540418E+00
      37.0000000000000000   1.0297441176400124E+01   1.5010722889702721E+00
      38.0000000000000000   1.0020580845577690E+01   1.5653809642083663E+00
      39.0000000000000000   9.7567099193527511E+00   1.6315442785678012E+00
      40.0000000000000000   9.3925924784336505E+00   1.7303566927298011E+00
      41.0000000000000000   9.1565832730228518E+00   1.8013099434459285E+00
      42.0000000000000000   8.9313819974984128E+00   1.8741141097859351E+00
      43.0000000000000000   8.7164826959738413E+00   1.9487367342643165E+00
      44.0000000000000000   8.6081526970358766E+00   1.9901959194673648E+00
      45.0000000000000000   8.4088950108648408E+00   2.0673056827207703E+00
      46.0000000000000000   8.2188170241732887E+00   2.1460779617742105E+00
      47.0000000000000000   8.0375824226092885E+00   2.2264263193346641E+00
      48.0000000000000000   7.8648789864375841E+00   2.3082506090207988E+00
      49.0000000000000000   7.7004143436528789E+00   2.3914366596146790E+00
      50.0000000000000000   7.6222936842468458E+00   2.4356059772382621E+00
      51.0000000000000000   7.4703308500173193E+00   2.5203592989120880E+00
      52.0000000000000000   7.3259050878677812E+00   2.6061183823222160E+00
      53.0000000000000000   7.2598385467735556E+00   2.6504631626038915E+00
      54.0000000000000000   7.1267840952496764E+00   2.7371666163245769E+00
      55.0000000000000000   7.0676593624119093E+00   2.7811395011168414E+00
      56.0000000000000000   6.9453173970365949E+00   2.8683756368129645E+00
      57.0000000000000000   6.8294872453993980E+00   2.9559458711493765E+00
      58.0000000000000000   6.7803514373325928E+00   2.9991140414198818E+00
      59.0000000000000000   6.6742238715250348E+00   3.0865435967011265E+00
      60.0000000000000000   6.6307924450294511E+00   3.1287658253663064E+00
      61.0000000000000000   6.5895335123439338E+00   3.1703475654560722E+00
      62.0000000000000000   6.4955909901830235E+00   3.2567510176560868E+00
      63.0000000000000000   6.4594088730024435E+00   3.2971536988109644E+00
      64.0000000000000000   6.3737413868407504E+00   3.3825368120704051E+00
      65.0000000000000000   6.3422386321404636E+00   3.4216042293093434E+00
      66.0000000000000000   6.3124676426162685E+00   3.4599470548884308E+00
      67.0000000000000000   6.2370810996695569E+00   3.5432507614389008E+00
      68.0000000000000000   6.2114623181116304E+00   3.5801014749899469E+00
      69.0000000000000000   6.1873550905637975E+00   3.6162066556318924E+00
      70.0000000000000000   6.1212324919465892E+00   3.6969718808207128E+00
      71.0000000000000000   6.1008035353295771E+00   3.7314746084285999E+00
      72.0000000000000000   6.0816936599497273E+00   3.7652259484226658E+00
      73.0000000000000000   6.0638493409945067E+00   3.7982331253095039E+00
      74.0000000000000000   6.0080369073822091E+00   3.8751836347812589E+00
      75.0000000000000000   5.9933331975049624E+00   3.9065201453054565E+00
      76.0000000000000000   5.9797346574150794E+00   3.9371220785868601E+00
      77.0000000000000000   5.9671978807180004E+00   3.9669991214577647E+00
      78.0000000000000000   5.9556809316558725E+00   3.9961617876758915E+00
      79.0000000000000000   5.9451440535545608E+00   4.0246206834276856E+00
      80.0000000000000000   5.9015593547215781E+00   4.0954884833765757E+00
      81.0000000000000000   5.8935255641160893E+00   4.1222862494186048E+00
      82.0000000000000000   5.8863501368377316E+00   4.1484039516908240E+00
      83.0000000000000000   5.8800007026855132E+00   4.1738533850057715E+00
      84.0000000000000000   5.8744466589987105E+00   4.1986460949417550E+00
      85.0000000000000000   5.8696582352567175E+00   4.2227943455130772E+00
      86.0000000000000000   5.8656076649150117E+00   4.2463096265106071E+00
      87.0000000000000000   5.8622675528680741E+00   4.2692044623629748E+00
      88.0000000000000000   5.8596129136496860E+00   4.2914899090026335E+00
      89.0000000000000000   5.8576191490764726E+00   4.3131779430610182E+00
      90.0000000000000000   5.8562627566860863E+00   4.3342803837044022E+00
      91.0000000000000000   5.8555216122770331E+00   4.3548085504034058E+00
      92.0000000000000000   5.8553741541403905E+00   4.3747742124113707E+00
      93.0000000000000000   5.8558001226400460E+00   4.3941885060534158E+00
      94.0000000000000000   5.8567801622282518E+00   4.4130624406628325E+00
      95.0000000000000000   5.8582952870807254E+00   4.4314075063360416E+00
      96.0000000000000000   5.8603275185212871E+00   4.4492347714638676E+00
      97.0000000000000000   5.8628599290886685E+00   4.4665547460012220E+00
      98.0000000000000000   5.8658760445396814E+00   4.4833781622754998E+00
      99.0000000000000000   5.8693600700543191E+00   4.4997155995602567E+00
     100.0000000000000000   5.8732968259525151E+00   4.5155775094525099E+00
     103.9989999999999952   5.8932620277512431E+00   4.5744933948624631E+00
     104.0010000000000048   5.8933165939707246E+00   4.5744509695121778E+00
     110.0000000000000000   5.9541929581293882E+00   4.6170771005912608E+00
     120.0000000000000000   6.0790017177086222E+00   4.6570388839213051E+00
     130.0000000000000000   6.2351787713776510E+00   4.6500297991076565E+00
     140.0000000000000000   6.4003401225302099E+00   4.6329476086338905E+00
     150.0000000000000000   6.5725180462012629E+00   4.6084786799586093E+00
     153.9989999999999952   6.6529812132112367E+00   4.5787001828157559E+00
     154.0010000000000048   6.6530340899379956E+00   4.5786623148589856E+00
     160.0000000000000000   6.7621061183137110E+00   4.5566298530451004E+00
     170.0000000000000000   6.9543274708504921E+00   4.5039496350610744E+00
     180.0000000000000000   7.1590101001991187E+00   4.4319192911614556E+00
     190.0000000000000000   7.3641059128029305E+00   4.3625451285256789E+00
     200.0000000000000000   7.5694521577887128E+00   4.2958008341867835E+00
     210.0000000000000000   7.7749326785769837E+00   4.2316173860813588E+00
     220.0000000000000000   7.9804630660547948E+00   4.1699023061809157E+00
     230.0000000000000000   8.1939713989584977E+00   4.0962358019291480E+00
     240.0000000000000000   8.4067032003580575E+00   4.0262638904065247E+00
     250.0000000000000000   8.6186775845597250E+00   3.9597058828268126E+00
     260.0000000000000000   8.8299174896009482E+00   3.8963064939641505E+00
     270.0000000000000000   9.0474089816645069E+00   3.8239600656894224E+00
     280.0000000000000000   9.2569950762974731E+00   3.7667171385001259E+00
     290.0000000000000000   9.4724780947483769E+00   3.7010459094124042E+00
     300.0000000000000000   9.6805487996061466E+00   3.6490587628191999E+00
     310.0000000000000000   9.8941821426646683E+00   3.5891216072133858E+00
     320.0000000000000000   1.0106873471339666E+01   3.5319348450943608E+00
     330.0000000000000000   1.0318661062809955E+01   3.4773018917363729E+00
     340.0000000000000000   1.0529581392221386E+01   3.4250446767455678E+00
     350.0000000000000000   1.0739669118214817E+01   3.3750015645315998E+00
     360.0000000000000000   1.0948957094766394E+01   3.3270255447465642E+00
     370.0000000000000000   1.1162869994768259E+01   3.2727577399469445E+00
     380.0000000000000000   1.1370519013667312E+01   3.2287816294063236E+00
     390.0000000000000000   1.1582662879161859E+01   3.1787447826538826E+00
     400.0000000000000000   1.1788793453654977E+01   3.1382680932110425E+00
     410.0000000000000000   1.1999286501393692E+01   3.0919558652396848E+00
     420.0000000000000000   1.2204007222219392E+01   3.0545593449437045E+00
     430.0000000000000000   1.2412956744124202E+01   3.0115446812210007E+00
     440.0000000000000000   1.2621142318143896E+01   2.9701264692791867E+00
     450.0000000000000000   1.2828587314352831E+01   2.9302132500903193E+00
     460.0000000000000000   1.3030653722473557E+01   2.8981426285271361E+00
     470.0000000000000000   1.3236741851420840E+01   2.8608396356779480E+00
     480.0000000000000000   1.3442153447581649E+01   2.8248128930717029E+00
     490.0000000000000000   1.3646908009063459E+01   2.7899948192724113E+00
     500.0000000000000000   1.3851024219515047E+01   2.7563225874020008E+00
     510.0000000000000000   1.4054519952207551E+01   2.7237377504036271E+00
     520.0000000000000000   1.4257412333859824E+01   2.6921858398570344E+00
     530.0000000000000000   1.4459717776049434E+01   2.6616160369657424E+00
     537.9990000000000236   1.4623649359134655E+01   2.6346106032783361E+00
     538.0009999999999764   1.4623691351927791E+01   2.6346025907479280E+00
     540.0000000000000000   1.4665651609795772E+01   2.6266202004359025E+00
     550.0000000000000000   1.4866773372396199E+01   2.5979859032165051E+00
     560.0000000000000000   1.5067353822907521E+01   2.5701962461072725E+00
     570.0000000000000000   1.5267406844668706E+01   2.5432124912926470E+00
     580.0000000000000000   1.5466945771060264E+01   2.5169982818872820E+00
     590.0000000000000000   1.5669953967878799E+01   2.4866642485599875E+00
     600.0000000000000000   1.5868447568073815E+01   2.4619812222185358E+00
     610.0000000000000000   1.6066464447671947E+01   2.4379681059728222E+00
     620.0000000000000000   1.6267869519896504E+01   2.4100015187963888E+00
     630.0000000000000000   1.6464912275592322E+01   2.3873285843536425E+00
     640.0000000000000000   1.6665302623189724E+01   2.3608046772571569E+00
     650.0000000000000000   1.6861414664569327E+01   2.3393604820701648E+00
     660.0000000000000000   1.7060831744971750E+01   2.3141643013049920E+00
     670.0000000000000000   1.7256053515810724E+01   2.2938495741627252E+00
     680.0000000000000000   1.7454536123716146E+01   2.2698783102908768E+00
     690.0000000000000000   1.7648905370357777E+01   2.2506043142510146E+00
     700.0000000000000000   1.7846489849840300E+01   2.2277657321287534E+00
     710.0000000000000000   1.8040041834168001E+01   2.2094529066963311E+00
     720.0000000000000000   1.8236762283690584E+01   2.1876640031695893E+00
     730.0000000000000000   1.8433057464829812E+01   2.1663994533400981E+00
     740.0000000000000000   1.8625418439282246E+01   2.1494266681428140E+00
     750.0000000000000000   1.8820896695676527E+01   2.1291006630661307E+00
     760.0000000000000000   1.9015971897034714E+01   2.1092452035083111E+00
     770.0000000000000000   1.9207209903726699E+01   2.0934695392648344E+00
     780.0000000000000000   1.9401511240552466E+01   2.0744569031424827E+00
     790.0000000000000000   1.9595429845412248E+01   2.0558683115005754E+00
     800.0000000000000000   1.9788971958210102E+01   2.0376893586559910E+00
     810.0000000000000000   1.9978791151928583E+01   2.0233379437019976E+00
     820.0000000000000000   2.0171611305952894E+01   2.0058928646722123E+00
     830.0000000000000000   2.0364073171494461E+01   1.9888187959393349E+00
     840.0000000000000000   2.0556182372909650E+01   1.9721036882545986E+00
     850.0000000000000000   2.0747944468822716E+01   1.9557359371415342E+00
     860.0000000000000000   2.0936115013085725E+01   1.9429201681896333E+00
     870.0000000000000000   2.1127212390172176E+01   1.9271748422801547E+00
     880.0000000000000000   2.1317978548673381E+01   1.9117459616605732E+00
     890.0000000000000000   2.1508418471120493E+01   1.8966237679872049E+00
     900.0000000000000000   2.1698537056232968E+01   1.8817988688800458E+00
     910.0000000000000000   2.1888339090918720E+01   1.8672622487213746E+00
     920.0000000000000000   2.2077829228128781E+01   1.8530052736223186E+00
     930.0000000000000000   2.2267011993502646E+01   1.8390196712602971E+00
     940.0000000000000000   2.2452787486321270E+01   1.8282184991286181E+00
     950.0000000000000000   2.2641382549907725E+01   1.8147194041899379E+00
     960.0000000000000000   2.2829683171855450E+01   1.8014695564554692E+00
     970.0000000000000000   2.3017693462389225E+01   1.7884618767117606E+00
     980.0000000000000000   2.3205417440952207E+01   1.7756895520933258E+00
     990.0000000000000000   2.3392859028843972E+01   1.7631460316141048E+00
    1000.0000000000000000   2.3580022061829197E+01   1.7508250072077460E+00
    1100.0000000000000000   2.5439987146292548E+01   1.6361509304123056E+00
    1200.0000000000000000   2.7275467114386252E+01   1.5386814391234658E+00
    1300.0000000000000000   2.9091818141861118E+01   1.4526539015757975E+00
    1400.0000000000000000   3.0890967449194434E+01   1.3758443402428668E+00
    1500.0000000000000000   3.2672022754114650E+01   1.3083487068086928E+00
    1600.0000000000000000   3.4436555788321932E+01   1.2485318640519962E+00
    1700.0000000000000000   3.6188282799987832E+01   1.1935673419949242E+00
    1800.0000000000000000   3.7928216223279200E+01   1.1427115721074204E+00
    1843.9990000000000236   3.8687654065847497E+01   1.1230943989460762E+00
    1844.0009999999999764   3.8687688849364655E+01   1.1230933287499196E+00
    1900.0000000000000000   3.9652608399336692E+01   1.0981773938893835E+00
    2000.0000000000000000   4.1367017239259688E+01   1.0563955129366855E+00
    2100.0000000000000000   4.3069875963440602E+01   1.0182793152844059E+00
    2200.0000000000000000   4.4764038063680019E+01   9.8217249777011140E-01
    2300.0000000000000000   4.6445840201584687E+01   9.5008039172931769E-01
    2400.0000000000000000   4.8120041210470220E+01   9.1939063076911420E-01
    2500.0000000000000000   4.9785070090695839E+01   8.9096270580807646E-01
    2600.0000000000000000   5.1441379871603864E+01   8.6455602781305219E-01
    2700.0000000000000000   5.3089398800095260E+01   8.3995701538316625E-01
    2800.0000000000000000   5.4729554497984815E+01   8.1696526922911150E-01
    2900.0000000000000000   5.6364012525317818E+01   7.9459197994143138E-01
    3000.0000000000000000   5.7991302195542545E+01   7.7356487453070977E-01
    3100.0000000000000000   5.9609628282102193E+01   7.5467485193682271E-01
    3200.0000000000000000   6.1223258840485954E+01   7.3604946510691593E-01
    3300.0000000000000000   6.2830481270106425E+01   7.1847306974590097E-01
    3400.0000000000000000   6.4431532622456089E+01   7.0186115404748439E-01
    3500.0000000000000000   6.6026631285105211E+01   6.8613858626731061E-01
    3600.0000000000000000   6.7616009003448937E+01   6.7122895112295489E-01
    3700.0000000000000000   6.9199865265276131E+01   6.5706815371735694E-01
    3800.0000000000000000   7.0780228609585777E+01   6.4289872229572842E-01
    3900.0000000000000000   7.2353492781508834E+01   6.3012051622648924E-01
    4000.0000000000000000   7.3923655352739033E+01   6.1724457306848213E-01
    4100.0000000000000000   7.5487082163199290E+01   6.0562930086730349E-01
    4200.0000000000000000   7.7047634355251276E+01   5.9388526029690814E-01
    4300.0000000000000000   7.8601812671588206E+01   5.8328111003586181E-01
    4400.0000000000000000   8.0153422385431185E+01   5.7249075425647067E-01
    4500.0000000000000000   8.1700531656045172E+01   5.6220516606360516E-01
    4600.0000000000000000   8.3243709804963757E+01   5.5225854267387842E-01
    4700.0000000000000000   8.4782500516176995E+01   5.4279908311475367E-01
    4800.0000000000000000   8.6315628844704889E+01   5.3425412915456272E-01
    4900.0000000000000000   8.7846762496235726E+01   5.2544831699926897E-01
    5000.0000000000000000   8.9374096099663802E+01   5.1697954911594246E-01
    5100.0000000000000000   9.0897704876486230E+01   5.0883401799362460E-01
    5200.0000000000000000   9.2417672882399884E+01   5.0099556230847497E-01
    5300.0000000000000000   9.3934071401640921E+01   4.9345144091092386E-01
    5400.0000000000000000   9.5448753176168353E+01   4.8566441036739061E-01
    5500.0000000000000000   9.6958797486977403E+01   4.7852676723235738E-01
    5600.0000000000000000   9.8465088512033020E+01   4.7175815710529434E-01
    5700.0000000000000000   9.9968141800227343E+01   4.6522060739189552E-01
    5800.0000000000000000   1.0146848757445944E+02   4.5879093025549250E-01
    5900.0000000000000000   1.0296698080277433E+02   4.5221128581709163E-01
    6000.0000000000000000   1.0446106923218483E+02   4.4623418557730293E-01
    6100.0000000000000000   1.0595234611109652E+02   4.4040943135771227E-01
    6200.0000000000000000   1.0744185740369232E+02   4.3444481477631280E-01
    6300.0000000000000000   1.0892716059919019E+02   4.2903663360727246E-01
    6400.0000000000000000   1.1041143245188282E+02   4.2334062038266296E-01
    6500.0000000000000000   1.1189181088933597E+02   4.1810991010951692E-01
    6600.0000000000000000   1.1336899629014512E+02   4.1316184665728861E-01
    6700.0000000000000000   1.1484537077272932E+02   4.0789390624111388E-01
    6800.0000000000000000   1.1631728309122565E+02   4.0324787009886709E-01
    6900.0000000000000000   1.1778855790321207E+02   3.9826153618221560E-01
    7000.0000000000000000   1.1925672283959852E+02   3.9356273632802047E-01
    7100.0000000000000000   1.2072142469654055E+02   3.8923400429753485E-01
    7200.0000000000000000   1.2218474961469356E+02   3.8477099001548443E-01
    7300.0000000000000000   1.2364469168093628E+02   3.8067768114383549E-01
    7400.0000000000000000   1.2510466041926058E+02   3.7615770999565934E-01
    7500.0000000000000000   1.2656096966305533E+02   3.7205607450403494E-01
    7600.0000000000000000   1.2801359024198447E+02   3.6837366219172829E-01
    7700.0000000000000000   1.2946698305821837E+02   3.6413988239099082E-01
    7800.0000000000000000   1.3091658681397635E+02   3.6035408925179463E-01
    7900.0000000000000000   1.3236301066344075E+02   3.5688615131098317E-01
    8000.0000000000000000   1.3380975190684990E+02   3.5299447563634578E-01
    8100.0000000000000000   1.3525286472720845E+02   3.4949341596034456E-01
    8200.0000000000000000   1.3669520583657217E+02   3.4584623694127425E-01
    8300.0000000000000000   1.3813330126339008E+02   3.4272633585050971E-01
    8400.0000000000000000   1.3957146192499127E+02   3.3926510264366777E-01
    8500.0000000000000000   1.4100817631993874E+02   3.3577517713208282E-01
    8600.0000000000000000   1.4244082720125226E+02   3.3277541534028382E-01
    8700.0000000000000000   1.4387364515651012E+02   3.2946571072417496E-01
    8800.0000000000000000   1.4530420587219038E+02   3.2628597682584676E-01
    8900.0000000000000000   1.4673022120763605E+02   3.2369827270718066E-01
    9000.0000000000000000   1.4815724503150324E+02   3.2063075507436523E-01
    9100.0000000000000000   1.4958296882031809E+02   3.1753507096908251E-01
    9200.0000000000000000   1.5100640092728548E+02   3.1459112243441056E-01
    9300.0000000000000000   1.5242685606852922E+02   3.1192931511419431E-01
    9400.0000000000000000   1.5384563310288104E+02   3.0932099520978845E-01
    9500.0000000000000000   1.5526368175410161E+02   3.0659739755332671E-01
    9600.0000000000000000   1.5668031532798716E+02   3.0388111879129076E-01
    9700.0000000000000000   1.5809515318885835E+02   3.0124089927425607E-01
    9800.0000000000000000   1.5950824820362894E+02   2.9866962337158010E-01
    9900.0000000000000000   1.6091968289113166E+02   2.9615500507415871E-01
   10000.0000000000000000   1.6232949021785046E+02   2.9369340355845031E-01
   11000.0000000000000000   1.7634430081033702E+02   2.7135772179765622E-01
   12000.0000000000000000   1.9021807982154363E+02   2.5267801410310625E-01
   13000.0000000000000000   2.0396882717512543E+02   2.3627892175323886E-01
   14000.0000000000000000   2.1760530962180326E+02   2.2205736683638039E-01
   15000.0000000000000000   2.3113726471188019E+02   2.0963322010355659E-01
   16000.0000000000000000   2.4457509345806699E+02   1.9844604105898248E-01
   17000.0000000000000000   2.5792220036872652E+02   1.8870751268600738E-01
   18000.0000000000000000   2.7118445249414316E+02   1.8020006217525208E-01
   19000.0000000000000000   2.8437583741408429E+02   1.7195025313253831E-01
   20000.0000000000000000   2.9749356134858988E+02   1.6457047852982684E-01
   21000.0000000000000000   3.1053953340629971E+02   1.5826322615826557E-01
   22000.0000000000000000   3.2353014134307944E+02   1.5169238087261003E-01
   23000.0000000000000000   3.3645496434629428E+02   1.4608485453216163E-01
   24000.0000000000000000   3.4931791870498392E+02   1.4135252230032572E-01
   25000.0000000000000000   3.6213525043334192E+02   1.3619949806264281E-01
   26000.0000000000000000   3.7489230331662753E+02   1.3210449653038969E-01
   27000.0000000000000000   3.8761275127336910E+02   1.2734436301763863E-01
   28000.0000000000000000   4.0026994653851750E+02   1.2405064661637651E-01
   29000.0000000000000000   4.1288735558719236E+02   1.2047499336854831E-01
   30000.0000000000000000   4.2547360390333739E+02   1.1645057817298232E-01
   31000.0000000000000000   4.3800588772351227E+02   1.1335850310049773E-01
   32000.0000000000000000   4.5050195627607405E+02   1.1016559268611396E-01
   33000.0000000000000000   4.6294895236222879E+02   1.0793021324478849E-01
   34000.0000000000000000   4.7536856685278110E+02   1.0519312569641419E-01
   35000.0000000000000000   4.8775862260172920E+02   1.0218357344423536E-01
   36000.0000000000000000   5.0010689318266606E+02   9.9694569985946391E-02
   37000.0000000000000000   5.1241344221225745E+02   9.7871245010743721E-02
   38000.0000000000000000   5.2470487797801343E+02   9.5266938636623319E-02
   39000.0000000000000000   5.3696166674804397E+02   9.2865028711136333E-02
   40000.0000000000000000   5.4918169017367416E+02   9.0761310960456268E-02
   41000.0000000000000000   5.6137545589727085E+02   8.8926493402113851E-02
   42000.0000000000000000   5.7353150970219031E+02   8.7243666956339741E-02
   43000.0000000000000000   5.8567266979953786E+02   8.5273270573757734E-02
   44000.0000000000000000   5.9776721320200977E+02   8.4314633217034765E-02
   45000.0000000000000000   6.0984609418508342E+02   8.2504483025150871E-02
   46000.0000000000000000   6.2191253155506399E+02   8.0537677688554424E-02
   47000.0000000000000000   6.3394351829212007E+02   7.9215100887178425E-02
   48000.0000000000000000   6.4594708015492006E+02   7.7929258855898367E-02
   49000.0000000000000000   6.5793463147235798E+02   7.6308237844461418E-02
   50000.0000000000000000   6.6989609047644649E+02   7.4846827410254987E-02
