       0.1000000000000000   5.7711576748730522E+00   5.0429372334651621E-03
       0.2000000000000000   5.1196122986565786E+00   9.7636458274025055E-03
       0.3000000000000000   4.9237274658610222E+00   1.4366281148733756E-02
       0.4000000000000000   4.8674307047343168E+00   1.8682412637032523E-02
       0.5000000000000000   4.8526619015319898E+00   2.2880283622198488E-02
       0.6000000000000000   4.8573602651756493E+00   2.6974822139574500E-02
       0.7000000000000000   4.8728527757030413E+00   3.0978973378318252E-02
       0.7999999999999999   4.8944654149132392E+00   3.4902523351984037E-02
       0.8999999999999999   4.9200072225841458E+00   3.8745084084838982E-02
       0.9999999999999999   4.9475264297550305E+00   4.2524156720881764E-02
       2.0000000000000000   5.2331202622772572E+00   7.7568252342731639E-02
       3.0000000000000000   5.4661685137149698E+00   1.0968559624025213E-01
       4.0000000000000000   5.6442203255036816E+00   1.4048743900810248E-01
       5.0000000000000000   5.7786061837965308E+00   1.7082249539979316E-01
       6.0000000000000000   5.8785659984232774E+00   2.0121214616029606E-01
       7.0000000000000000   5.9509272661332373E+00   2.3200692573500653E-01
       8.0000000000000000   6.0006119832965590E+00   2.6347239794482863E-01
       9.0000000000000000   6.0313258451675091E+00   2.9582277218934494E-01
      10.0000000000000000   6.0459100491716296E+00   3.2924199359684059E-01
      11.0000000000000000   6.0466341035019830E+00   3.6389239110277338E-01
      12.0000000000000000   6.0353431296249953E+00   3.9992150128483911E-01
      13.0000000000000000   6.0135866920706542E+00   4.3746548023173920E-01
      14.0000000000000000   5.9826767393901426E+00   4.7665205181025999E-01
      15.0000000000000000   5.9437672614554344E+00   5.1759906303717951E-01
      16.0000000000000000   5.8978968662532942E+00   5.6041282077579657E-01
      17.0000000000000000   5.8460104495271477E+00   6.0518728518350040E-01
      18.0000000000000000   5.7889957278250836E+00   6.5199952842161768E-01
      19.0000000000000000   5.7276932998279513E+00   7.0090609055130804E-01
      20.0000000000000000   5.6629149455413215E+00   7.5193820344785656E-01
      21.0000000000000000   5.5954509598505107E+00   8.0509623069979031E-01
      22.0000000000000000   5.5260778709341407E+00   8.6034371733123638E-01
      23.0000000000000000   5.4555574238357956E+00   9.1760251187203790E-01
      24.0000000000000000   5.3846335041164934E+00   9.7674868959609429E-01
      24.9989999999999988   5.3140977141376666E+00   1.0375478493555204E+00
      25.0000000000000000   5.3140274995773984E+00   1.0376094968165619E+00
      25.0010000000000012   5.3139572860276791E+00   1.0376711457743724E+00
      26.0000000000000000   5.2444284493359499E+00   1.0999631610237373E+00
      26.9989999999999988   5.1765487377983259E+00   1.1634772572310279E+00
      27.0000000000000000   5.1764818182486803E+00   1.1635413471140110E+00
      27.0010000000000012   5.1764149009469955E+00   1.1636054379148666E+00
      28.0000000000000000   5.1107776500100437E+00   1.2280346457327143E+00
      29.0000000000000000   5.0478386260497228E+00   1.2931010939069012E+00
      30.0000000000000000   4.9881110802053383E+00   1.3583769168186968E+00
      31.0000000000000000   4.9319578946205302E+00   1.4234889129710790E+00
      32.0000000000000000   4.8796563893341043E+00   1.4880670448480151E+00
      33.0000000000000000   4.8313987750986600E+00   1.5517565874830326E+00
      34.0000000000000000   4.7872974149291432E+00   1.6142283839592715E+00
      35.0000000000000000   4.7473922179975041E+00   1.6751869319067425E+00
      36.0000000000000000   4.7116602908643932E+00   1.7343758411070098E+00
      37.0000000000000000   4.6800264916778733E+00   1.7915807193475408E+00
      38.0000000000000000   4.6523741592484207E+00   1.8466297491965411E+00
      39.0000000000000000   4.6285552170352329E+00   1.8993923833130433E+00
      40.0000000000000000   4.6083994127052819E+00   1.9497766230487825E+00
      41.0000000000000000   4.5917221621375406E+00   1.9977253987073798E+00
      42.0000000000000000   4.5783311614286628E+00   2.0432124091031971E+00
      43.0000000000000000   4.5680316730241444E+00   2.0862378007477305E+00
      44.0000000000000000   4.5606306079843568E+00   2.1268238997525977E+00
      45.0000000000000000   4.5559395348381893E+00   2.1650112356851450E+00
      46.0000000000000000   4.5537768942106371E+00   2.2008548657375067E+00
      47.0000000000000000   4.5539694437037861E+00   2.2344211315096594E+00
      48.0000000000000000   4.5563531534529806E+00   2.2657848299553862E+00
      49.0000000000000000   4.5607736703075181E+00   2.2950267965308035E+00
      50.0000000000000000   4.5670864472946473E+00   2.3222318716119368E+00
      51.0000000000000000   4.5751566314098939E+00   2.3474872183224345E+00
      52.0000000000000000   4.5848588014127358E+00   2.3708809464650420E+00
      53.0000000000000000   4.5960765663354781E+00   2.3925010078201630E+00
      54.0000000000000000   4.6087021090406326E+00   2.4124343217826443E+00
      55.0000000000000000   4.6226356744495813E+00   2.4307661001843797E+00
      56.0000000000000000   4.6377850591439342E+00   2.4475793394397738E+00
      57.0000000000000000   4.6540651278560894E+00   2.4629543714913873E+00
      58.0000000000000000   4.6713972089737501E+00   2.4769687190588958E+00
      59.0000000000000000   4.6897086589479473E+00   2.4896968524178202E+00
      60.0000000000000000   4.7089324658376963E+00   2.5012100076893513E+00
      61.0000000000000000   4.7290066726162294E+00   2.5115762906862353E+00
      62.0000000000000000   4.7498740585752381E+00   2.5208605740548298E+00
      63.0000000000000000   4.7714817399566112E+00   2.5291245569189043E+00
      64.0000000000000000   4.7937808090370204E+00   2.5364268266125727E+00
      65.0000000000000000   4.8167260142330406E+00   2.5428229404830369E+00
      66.0000000000000000   4.8402754594119592E+00   2.5483655227773063E+00
      67.0000000000000000   4.8643903288738199E+00   2.5531043719099364E+00
      68.0000000000000000   4.8890346364364783E+00   2.5570865745181819E+00
      69.0000000000000000   4.9141749947838633E+00   2.5603566235757440E+00
      70.0000000000000000   4.9397804043504054E+00   2.5629565379753063E+00
      71.0000000000000000   4.9658220602723624E+00   2.5649259824306485E+00
      72.0000000000000000   4.9922731773647637E+00   2.5663023856089491E+00
      73.0000000000000000   5.0191088289794692E+00   2.5671210559923967E+00
      74.0000000000000000   5.0463058000489243E+00   2.5674152944932951E+00
      75.0000000000000000   5.0738424461344165E+00   2.5672165094876918E+00
      76.0000000000000000   5.1016985979863376E+00   2.5665542966536421E+00
      77.0000000000000000   5.1298554081806929E+00   2.5654565768260071E+00
      78.0000000000000000   5.1582952761957008E+00   2.5639496666216890E+00
      79.0000000000000000   5.1870017475198207E+00   2.5620583759989901E+00
      80.0000000000000000   5.2159594276903070E+00   2.5598060949240984E+00
      81.0000000000000000   5.2451539031987844E+00   2.5572148755428152E+00
      82.0000000000000000   5.2745716702079628E+00   2.5543055099696179E+00
      83.0000000000000000   5.3042000677612453E+00   2.5510976037642643E+00
      84.0000000000000000   5.3340272161477600E+00   2.5476096454004091E+00
      85.0000000000000000   5.3640419621196385E+00   2.5438590716820171E+00
      86.0000000000000000   5.3942338270040864E+00   2.5398623294382725E+00
      87.0000000000000000   5.4245929588421173E+00   2.5356349345332512E+00
      88.0000000000000000   5.4551100927559490E+00   2.5311915228080641E+00
      89.0000000000000000   5.4857765048022493E+00   2.5265459071075855E+00
      89.9989999999999952   5.5165531031497075E+00   2.5217160470068114E+00
      90.0000000000000000   5.5165839784686215E+00   2.5217111218848669E+00
      90.0010000000000048   5.5166148539208040E+00   2.5217061965861198E+00
      91.0000000000000000   5.5475247703286197E+00   2.5166994695814253E+00
      92.0000000000000000   5.5785915782697906E+00   2.5115225633429388E+00
      93.0000000000000000   5.6097775123821689E+00   2.5061913671513372E+00
      94.0000000000000000   5.6410760680473038E+00   2.5007162335284852E+00
      95.0000000000000000   5.6724811010071754E+00   2.4951069389556264E+00
      96.0000000000000000   5.7039868042972595E+00   2.4893727171459608E+00
      97.0000000000000000   5.7355876868540054E+00   2.4835222903005425E+00
      98.0000000000000000   5.7672785534263840E+00   2.4775638984854300E+00
      99.0000000000000000   5.7990544871598875E+00   2.4715053271580913E+00
     100.0000000000000000   5.8309108308083752E+00   2.4653539331752921E+00
     110.0000000000000000   6.1530298329233188E+00   2.4000914248061509E+00
     110.9989999999999952   6.1854914066517983E+00   2.3933104446162585E+00
     111.0010000000000048   6.1855564356635426E+00   2.3932968374227710E+00
     120.0000000000000000   6.4795076395355746E+00   2.3312329412778467E+00
     130.0000000000000000   6.8082632255344233E+00   2.2618092855220784E+00
     140.0000000000000000   7.1379939440849638E+00   2.1935410133523852E+00
     143.9989999999999952   7.2699281468652037E+00   2.1667950264194227E+00
     144.0010000000000048   7.2699941285662977E+00   2.1667817423564122E+00
     147.9989999999999952   7.4018759402407355E+00   2.1404222039981788E+00
     148.0010000000000048   7.4019419036091421E+00   2.1404091176979900E+00
     150.0000000000000000   7.4678651150120920E+00   2.1273809793942977E+00
     152.9989999999999952   7.5667341160070150E+00   2.1080330861566994E+00
     153.0010000000000048   7.5668000356530127E+00   2.1080202638802681E+00
     160.0000000000000000   7.7946705183625840E+00   2.0677900417367785E+00
     170.0000000000000000   8.1220046309495029E+00   2.0093641925329973E+00
     180.0000000000000000   8.4467379374904095E+00   1.9555391337783763E+00
     190.0000000000000000   8.7731370422122126E+00   1.9007379905805175E+00
     200.0000000000000000   9.0930667935565612E+00   1.8548281363484675E+00
     210.0000000000000000   9.4184477448767883E+00   1.8031414671513732E+00
     220.0000000000000000   9.7377015613376159E+00   1.7594501873390298E+00
     230.0000000000000000   1.0054887596711238E+01   1.7186759627516022E+00
     240.0000000000000000   1.0373543993969269E+01   1.6766946842196364E+00
     250.0000000000000000   1.0690164835824360E+01   1.6374250604781899E+00
     260.0000000000000000   1.1004864237786395E+01   1.6005992694393190E+00
     270.0000000000000000   1.1317746723433375E+01   1.5659843063233074E+00
     280.0000000000000000   1.1632007896613842E+01   1.5301646410316503E+00
     290.0000000000000000   1.1941451207178964E+01   1.4995128604369707E+00
     300.0000000000000000   1.2252311470417954E+01   1.4675515974201385E+00
     310.0000000000000000   1.2558644885578968E+01   1.4401957646840855E+00
     320.0000000000000000   1.2866409818630082E+01   1.4114708941049341E+00
     330.0000000000000000   1.3172704350683455E+01   1.3842191985418006E+00
     340.0000000000000000   1.3477589728575293E+01   1.3583253648226605E+00
     350.0000000000000000   1.3781123188059764E+01   1.3336860277488487E+00
     360.0000000000000000   1.4083358290269812E+01   1.3102082491383265E+00
     370.0000000000000000   1.4386974357913227E+01   1.2854554682486155E+00
     380.0000000000000000   1.4686711921527758E+01   1.2641268040920146E+00
     390.0000000000000000   1.4985292881660758E+01   1.2437277512690339E+00
     400.0000000000000000   1.5285273487325588E+01   1.2220374782062327E+00
     410.0000000000000000   1.5581615705987687E+01   1.2033760236684623E+00
     418.9990000000000236   1.5849118193377048E+01   1.1857952617694372E+00
     419.0009999999999764   1.5849178640848001E+01   1.1857905153640753E+00
     420.0000000000000000   1.5879366967025790E+01   1.1834247619115976E+00
     430.0000000000000000   1.6173619512475600E+01   1.1662823836709320E+00
     440.0000000000000000   1.6469281801545105E+01   1.1478595963170204E+00
     440.9990000000000236   1.6499241079650261E+01   1.1456716352845855E+00
     441.0009999999999764   1.6499301048494818E+01   1.1456672638878376E+00
     450.0000000000000000   1.6763937628275016E+01   1.1301558996860968E+00
     460.0000000000000000   1.7057616637796752E+01   1.1131285511210387E+00
     470.0000000000000000   1.7350346972583761E+01   1.0967382397418495E+00
     480.0000000000000000   1.7639858603700180E+01   1.0827190614734321E+00
     490.0000000000000000   1.7930792473948543E+01   1.0674577086845465E+00
     500.0000000000000000   1.8220854896418082E+01   1.0527339867698433E+00
     510.0000000000000000   1.8510069179861549E+01   1.0385190123210777E+00
     520.0000000000000000   1.8798457610658733E+01   1.0247859633072800E+00
     530.0000000000000000   1.9086041507439671E+01   1.0115099009647164E+00
     540.0000000000000000   1.9375005764213011E+01   9.9710893055376837E-01
     550.0000000000000000   1.9661018510529857E+01   9.8470936674833420E-01
     560.0000000000000000   1.9946285422912108E+01   9.7270052974832710E-01
     570.0000000000000000   2.0230824473638624E+01   9.6106360994950524E-01
     580.0000000000000000   2.0514652819551504E+01   9.4978106995458389E-01
     590.0000000000000000   2.0799860569205396E+01   9.3741944062596749E-01
     600.0000000000000000   2.1082293865176830E+01   9.2682260514773984E-01
     610.0000000000000000   2.1364064604991054E+01   9.1653257025407842E-01
     620.0000000000000000   2.1647213314699993E+01   9.0519246215408711E-01
     630.0000000000000000   2.1927678645722661E+01   8.9549967127787722E-01
     640.0000000000000000   2.2209526489980647E+01   8.8477485749125484E-01
     650.0000000000000000   2.2488740499896224E+01   8.7562847185543802E-01
     650.9990000000000236   2.2516998852754572E+01   8.7447323700939528E-01
     651.0009999999999764   2.2517055420291062E+01   8.7447092731519538E-01
     660.0000000000000000   2.2767361818094315E+01   8.6672617896762316E-01
     670.0000000000000000   2.3047353156189565E+01   8.5682245754238862E-01
     680.0000000000000000   2.3324798806932943E+01   8.4840056249006635E-01
     690.0000000000000000   2.3603612237148070E+01   8.3899593917064152E-01
     700.0000000000000000   2.3881854066303390E+01   8.2983376904802719E-01
     710.0000000000000000   2.4157607247086819E+01   8.2207224103001930E-01
     720.0000000000000000   2.4434735629983951E+01   8.1335253220909776E-01
     730.0000000000000000   2.4709422331073899E+01   8.0598240273181754E-01
     740.0000000000000000   2.4985476491517982E+01   7.9767277398692249E-01
     750.0000000000000000   2.5261006291580458E+01   7.8956441478999195E-01
     760.0000000000000000   2.5534153056648023E+01   7.8273573185603262E-01
     768.9990000000000236   2.5781023015514084E+01   7.7586748898603097E-01
     769.0009999999999764   2.5781078248716089E+01   7.7586574010372411E-01
     770.0000000000000000   2.5808664796643985E+01   7.7499322289182393E-01
     780.0000000000000000   2.6082677234483036E+01   7.6743177266938567E-01
     790.0000000000000000   2.6354364025146243E+01   7.6108685212608973E-01
     800.0000000000000000   2.6627409106393984E+01   7.5385352962495389E-01
     810.0000000000000000   2.6899979547337182E+01   7.4678284309266996E-01
     820.0000000000000000   2.7172080733057033E+01   7.3987038414528683E-01
     830.0000000000000000   2.7441926444884839E+01   7.3409821710043932E-01
     840.0000000000000000   2.7713122758538525E+01   7.2747033407026040E-01
     850.0000000000000000   2.7983873200664963E+01   7.2098465125091593E-01
     860.0000000000000000   2.8254183140908154E+01   7.1463724435604836E-01
     870.0000000000000000   2.8524058990030181E+01   7.0842371781900315E-01
     880.0000000000000000   2.8793508190589073E+01   7.0233923423156774E-01
     890.0000000000000000   2.9060797379593588E+01   6.9729532562968266E-01
     898.9990000000000236   2.9302377418968316E+01   6.9211547631830062E-01
     899.0009999999999764   2.9302431459471958E+01   6.9211413228838103E-01
     900.0000000000000000   2.9329422617587113E+01   6.9144351848163110E-01
     910.0000000000000000   2.9597639595508063E+01   6.8570926830845857E-01
     920.0000000000000000   2.9865453743155989E+01   6.8008914981092128E-01
     930.0000000000000000   3.0132870638547356E+01   6.7457973153610573E-01
     940.0000000000000000   3.0399895949843852E+01   6.6917760640506563E-01
     950.0000000000000000   3.0666535330928859E+01   6.6387944463895798E-01
     960.0000000000000000   3.0932794302225936E+01   6.5868205087078735E-01
     970.0000000000000000   3.1198678168156640E+01   6.5358240044706706E-01
     980.0000000000000000   3.1464191999560899E+01   6.4857764168456944E-01
     990.0000000000000000   3.1729340665199572E+01   6.4366507478155444E-01
    1000.0000000000000000   3.1994128876852113E+01   6.3884212485958314E-01
    1100.0000000000000000   3.4623158938890853E+01   5.9503506795008843E-01
    1200.0000000000000000   3.7222186577021994E+01   5.5727664259103715E-01
    1300.0000000000000000   3.9794389876967173E+01   5.2426692387190488E-01
    1400.0000000000000000   4.2342416984756355E+01   4.9504840427395319E-01
    1500.0000000000000000   4.4867048106979539E+01   4.6944229486388334E-01
    1600.0000000000000000   4.7370233723233056E+01   4.4681063078171973E-01
    1700.0000000000000000   4.9855038633682618E+01   4.2618072067928303E-01
    1800.0000000000000000   5.2322891438151181E+01   4.0722486982379430E-01
    1900.0000000000000000   5.4772211670925032E+01   3.9057726615791755E-01
    2000.0000000000000000   5.7206941259454887E+01   3.7506551036838898E-01
    2100.0000000000000000   5.9626652649260414E+01   3.6093961767579463E-01
    2200.0000000000000000   6.2032198805534499E+01   3.4802911717650914E-01
    2300.0000000000000000   6.4425760833670026E+01   3.3580097246603097E-01
    2400.0000000000000000   6.6806755282611405E+01   3.2451464547841091E-01
    2489.9989999999997963   6.8938725089783702E+01   3.1525032000112629E-01
    2490.0010000000002037   6.8938772512873911E+01   3.1525008270289062E-01
    2500.0000000000000000   6.9175590158483914E+01   3.1412071906189537E-01
    2591.9989999999997963   7.1344606448289269E+01   3.0528305771664405E-01
    2592.0010000000002037   7.1344653672796923E+01   3.0528282931325190E-01
    2600.0000000000000000   7.1533171117112104E+01   3.0444734780929150E-01
    2700.0000000000000000   7.3880040776320385E+01   2.9541811109001542E-01
    2800.0000000000000000   7.6216250335266338E+01   2.8706555817031321E-01
    2900.0000000000000000   7.8543877590768105E+01   2.7895133667653932E-01
    3000.0000000000000000   8.0860947803171413E+01   2.7159357331087070E-01
    3071.9989999999997963   8.2524770775074117E+01   2.6630797571941622E-01
    3072.0010000000002037   8.2524816907034861E+01   2.6630783507322348E-01
    3100.0000000000000000   8.3170299024068285E+01   2.6438234503905728E-01
    3200.0000000000000000   8.5470398363374358E+01   2.5769882954832146E-01
    3300.0000000000000000   8.7762301192368199E+01   2.5136128039381883E-01
    3400.0000000000000000   9.0046201491296827E+01   2.4535823685445213E-01
    3500.0000000000000000   9.2322261180793504E+01   2.3968549035038331E-01
    3559.9989999999997963   9.3684521383683602E+01   2.3638095777313814E-01
    3560.0010000000002037   9.3684566869933562E+01   2.3638082492088461E-01
    3600.0000000000000000   9.4591178044196965E+01   2.3424174488980193E-01
    3700.0000000000000000   9.6852429853489085E+01   2.2915164504039179E-01
    3800.0000000000000000   9.9107803297647536E+01   2.2409430641678912E-01
    3856.9989999999997963   1.0038958946914131E+02   2.2145445731044799E-01
    3857.0010000000002037   1.0038963432062084E+02   2.2145437896803669E-01
    3900.0000000000000000   1.0135508867171025E+02   2.1951568794993670E-01
    4000.0000000000000000   1.0359591344199190E+02   2.1513929621491990E-01
    4100.0000000000000000   1.0583152003518978E+02   2.1075201173323965E-01
    4200.0000000000000000   1.0805990578773445E+02   2.0674717601978254E-01
    4300.0000000000000000   1.1028398548816894E+02   2.0262794954804736E-01
    4400.0000000000000000   1.1250108600593857E+02   1.9886913547712889E-01
    4500.0000000000000000   1.1471277652959844E+02   1.9521710288840421E-01
    4600.0000000000000000   1.1691838118743365E+02   1.9182225250894719E-01
    4700.0000000000000000   1.1911983202820338E+02   1.8836081448425201E-01
    4800.0000000000000000   1.2131477643943660E+02   1.8522131221679394E-01
    4900.0000000000000000   1.2350513906659145E+02   1.8213215248132714E-01
    5000.0000000000000000   1.2569086234604777E+02   1.7911110802249103E-01
    5100.0000000000000000   1.2787161099206098E+02   1.7621632263275694E-01
    5200.0000000000000000   1.3004747691349911E+02   1.7344427879309976E-01
    5300.0000000000000000   1.3221907788206209E+02   1.7072065537432973E-01
    5400.0000000000000000   1.3438697260165381E+02   1.6798692515783056E-01
    5500.0000000000000000   1.3654900830190661E+02   1.6553850197722494E-01
    5600.0000000000000000   1.3870704894249559E+02   1.6310605755200966E-01
    5700.0000000000000000   1.4086204420677009E+02   1.6062933737065843E-01
    5800.0000000000000000   1.4301077467180045E+02   1.5848731346343842E-01
    5900.0000000000000000   1.4515785352652938E+02   1.5612278627945494E-01
    6000.0000000000000000   1.4729893993192266E+02   1.5406266468511520E-01
    6100.0000000000000000   1.4943746443109225E+02   1.5192506656760552E-01
    6200.0000000000000000   1.5157237317156967E+02   1.4982341640193841E-01
    6300.0000000000000000   1.5370283940142320E+02   1.4785819563808908E-01
    6400.0000000000000000   1.5582844871925215E+02   1.4609494362212502E-01
    6500.0000000000000000   1.5795237353919987E+02   1.4415688604988711E-01
    6600.0000000000000000   1.6007223202876096E+02   1.4235086474228337E-01
    6700.0000000000000000   1.6218935222132961E+02   1.4049513788891599E-01
    6800.0000000000000000   1.6430182897123532E+02   1.3884613735042500E-01
    6900.0000000000000000   1.6641165278021410E+02   1.3714662837536004E-01
    7000.0000000000000000   1.6851717215476108E+02   1.3562407157554901E-01
    7100.0000000000000000   1.7062108496600752E+02   1.3395061976573980E-01
    7200.0000000000000000   1.7272262770440892E+02   1.3224811173573986E-01
    7300.0000000000000000   1.7481920654764784E+02   1.3078252469517168E-01
    7400.0000000000000000   1.7691312696823539E+02   1.2929692940587903E-01
    7500.0000000000000000   1.7900233560556956E+02   1.2803840274737874E-01
    7600.0000000000000000   1.8109247316501120E+02   1.2641281175863073E-01
    7700.0000000000000000   1.8317721876798811E+02   1.2506332952488344E-01
    7800.0000000000000000   1.8525853679420194E+02   1.2381130500963239E-01
    7900.0000000000000000   1.8733852974934777E+02   1.2244119145390346E-01
    8000.0000000000000000   1.8941348894931309E+02   1.2131238527557815E-01
    8100.0000000000000000   1.9148893362657429E+02   1.1992168474678225E-01
    8200.0000000000000000   1.9355851070122415E+02   1.1883841810401294E-01
    8300.0000000000000000   1.9562866893543722E+02   1.1748279393338283E-01
    8400.0000000000000000   1.9769502235112353E+02   1.1626861986260113E-01
    8500.0000000000000000   1.9975775871745893E+02   1.1517422864128359E-01
    8600.0000000000000000   2.0181906239033162E+02   1.1400959609266280E-01
    8700.0000000000000000   2.0387625246401680E+02   1.1299801830541377E-01
    8800.0000000000000000   2.0593189508233507E+02   1.1193834146210875E-01
    8900.0000000000000000   2.0798636745294499E+02   1.1078858759935875E-01
    9000.0000000000000000   2.1003837173602452E+02   1.0966454157129911E-01
    9100.0000000000000000   2.1208405471954478E+02   1.0889710956561588E-01
    9200.0000000000000000   2.1413114746159209E+02   1.0782745958528690E-01
    9300.0000000000000000   2.1617670681099048E+02   1.0671013329173873E-01
    9400.0000000000000000   2.1821742758939624E+02   1.0584356537980714E-01
    9500.0000000000000000   2.2025784965138649E+02   1.0481304251405453E-01
    9600.0000000000000000   2.2229566345051563E+02   1.0383562542632237E-01
    9700.0000000000000000   2.2432995564038418E+02   1.0299110921498383E-01
    9800.0000000000000000   2.2636152936844385E+02   1.0221175071748244E-01
    9900.0000000000000000   2.2839126070008030E+02   1.0142336570299920E-01
   10000.0000000000000000   2.3041937208434649E+02   1.0060780221933487E-01
   11000.0000000000000000   2.5059466309274796E+02   9.2759308525852818E-02
   12000.0000000000000000   2.7058470723850843E+02   8.6008148529186812E-02
   13000.0000000000000000   2.9040478785724571E+02   8.0311409625098848E-02
   13040.9989999999997963   2.9121261022038146E+02   8.0191614468326858E-02
   13041.0010000000002037   2.9121264919884857E+02   8.0191634465234557E-02
   14000.0000000000000000   3.1007143322975219E+02   7.5361863532218243E-02
   15000.0000000000000000   3.2959633194680180E+02   7.1131069439489505E-02
   15205.9989999999997963   3.3360324828397398E+02   7.0321279190679847E-02
   15206.0010000000002037   3.3360328702955911E+02   7.0321282634553742E-02
   15866.9989999999997963   3.4641789760589501E+02   6.7996927692400164E-02
   15867.0010000000002037   3.4641793472655843E+02   6.7997010579570458E-02
   16000.0000000000000000   3.4899383977302597E+02   6.7359137604552602E-02
   17000.0000000000000000   3.6827339342774383E+02   6.3843540314829264E-02
   18000.0000000000000000   3.8744043638272598E+02   6.0835808975575431E-02
   19000.0000000000000000   4.0650225367883979E+02   5.8166694451738082E-02
   20000.0000000000000000   4.2546607314112867E+02   5.5785630371388964E-02
   21000.0000000000000000   4.4434750819952137E+02   5.3245107635037536E-02
   22000.0000000000000000   4.6313460281085179E+02   5.1187271021798264E-02
   23000.0000000000000000   4.8184116241478085E+02   4.9210035951089130E-02
   24000.0000000000000000   5.0046433554289626E+02   4.7689309317944080E-02
   25000.0000000000000000   5.1902531265599339E+02   4.5921930006979438E-02
   26000.0000000000000000   5.3751549442458781E+02   4.4250373556156422E-02
   27000.0000000000000000   5.5593065395353483E+02   4.2867217817699470E-02
   28000.0000000000000000   5.7428274981307345E+02   4.1543541821277973E-02
   29000.0000000000000000   5.9258380226791485E+02   4.0253671132019726E-02
   30000.0000000000000000   6.1079892410962259E+02   3.9466475502042755E-02
   31000.0000000000000000   6.2899623907364810E+02   3.7930106681424304E-02
   32000.0000000000000000   6.4710549678364794E+02   3.7381467438136987E-02
   33000.0000000000000000   6.6518936965122282E+02   3.5967973052395602E-02
   34000.0000000000000000   6.8320897814677869E+02   3.5036171320738906E-02
   35000.0000000000000000   7.0116626673883570E+02   3.4576120681620609E-02
   36000.0000000000000000   7.1910713977988019E+02   3.3389116182191932E-02
   37000.0000000000000000   7.3699042422771561E+02   3.2521498146968544E-02
   38000.0000000000000000   7.5481155906560423E+02   3.1843005509552200E-02
   39000.0000000000000000   7.7261355803251547E+02   3.1036702911936030E-02
   40000.0000000000000000   7.9035161373285962E+02   3.0743945319936978E-02
   41000.0000000000000000   8.0806487405932990E+02   2.9830015158919615E-02
   42000.0000000000000000   8.2573942881234734E+02   2.9283692146352753E-02
   43000.0000000000000000   8.4336977909611426E+02   2.8823643567163468E-02
   44000.0000000000000000   8.6094539796707375E+02   2.8352688369815460E-02
   45000.0000000000000000   8.7853793461487373E+02   2.7442592070600572E-02
   46000.0000000000000000   8.9605512859497219E+02   2.7259892090277290E-02
   47000.0000000000000000   9.1353923098474502E+02   2.6605119682409084E-02
   48000.0000000000000000   9.3100069660021097E+02   2.5916698939654825E-02
   49000.0000000000000000   9.4841353808444762E+02   2.5568823088771526E-02
   50000.0000000000000000   9.6581441158255029E+02   2.4953324321918113E-02
   88010.9989999999961583   1.6088295844842628E+03   1.5318354045199668E-02
   88011.0010000000038417   1.6088296190533904E+03   1.5318336524255863E-02
